8.46723240908502
7.80816708702473
7.93171414437746
8.28054441682683
6.57191969642384
7.12723995809001
7.66737323501778
6.76070862684606
7.43163250919511
7.39903457905985
8.2630307058559
8.12671998136273
8.41242030335756
7.69617866843629
5.28257228826976
6.07361574040109
6.47194485038572
9.26886203624409
8.51755147920843
9.27846535985287
8.33609521595301
7.34340205334202
8.1219982242273
6.94586412259035
6.5874647033922
7.48840945019388
9.30990443670573
6.84215975663511
5.53345612376551
7.20112767354262
5.41539894827542
4.58723752262748
5.91373691615661
7.69456142350835
5.2300342200059
4.17310982777551
4.41530676867441
3.57245368684632
6.41722260972944
7.76939442395432
3.8126383042691
3.68609112649596
4.73374866523072
3.19599226208288
5.59548383261194
7.79690348094114
5.47271470673241
3.46162659821975
6.50504746468591
9.04258545072383
8.05375227919989
6.81058461738102
6.53403808325193
7.43862195529736
7.55807089046718
6.80246332421554
6.62358318481999
5.95881525648239
7.60060437995057
6.39157578557737
5.5109901631171
5.30894148826366
6.27138889129875
6.28046717906365
6.496609251617
6.94105086005112
5.18403525241075
5.85663518973348
5.70525107248746
9.06590497136451
6.27272290032077
7.2049503206506
8.05665952329622
7.29423866561292
9.06811011843038
8.16044842335616
7.77111783022078
8.26368133257423
6.97486081353451
7.29309754096131
8.27966294540661
7.41359848858317
6.1311401601047
7.9877897446199
7.44484858788996
8.77068972235897
8.37561457288537
7.80458824448712
8.20548704425323
7.92333466895952
7.87248784061691
7.80021022205965
6.8749389371957
8.33470568785333
7.57685070165285
7.19427675856955
8.43153253529386
8.32427832897318
8.23299695540146
4.5187155958479
7.5973569309574
7.83465908544623
7.54645306808836
7.39158541523014
8.12616938761779
7.99358461482235
6.82245864604795
7.69326620352986
8.38276459311783
7.708281239854
8.76849503858261
7.49966202075832
7.13703623281747
7.45730587977861
7.38994904398426
7.29752945440882
7.52217273420579
7.3166112802317
7.23485117024818
6.64946187884958
7.05825918459889
7.10806389230736
7.63036843737639
7.0494924363288
7.48038991820295
6.50571787504556
7.30196060104861
6.96783324152353
7.99088265848775
6.8947158985142
7.9721842194493
6.82893309068862
6.84875645869989
6.62864133513666
6.76739598372267
6.13076870559162
8.42545931182349
6.72199016117552
7.60518409427139
6.64578083493905
6.85172636933075
8.87888860654593
6.62149853238895
7.05743893951062
7.01937379755578
6.9893472093681
6.54877484435874
6.9304384689826
6.53399582472067
8.35346583358873
6.4607581041088
8.10898499163792
6.45185760328786
7.00836582035638
6.37429562534198
7.53731009662935
6.38232006851307
6.88498452399061
6.30595832823792
7.33726234054459
7.53714878184283
7.9213870460063
7.09874801325897
6.23819057681024
6.24236315646471
8.05913730728006
4.85869108349634
6.16706789197502
6.65318468305036
6.30533776317525
7.74532547395406
6.10376052103034
5.55243869686703
6.22545493390109
5.86607457201799
7.7326393934683
5.83598833634599
6.0359039523552
6.3533655409392
7.46455455235116
8.39995355017855
5.98090181945849
7.24807407874272
7.2684598678405
6.15071637430599
6.89283614218796
5.92875274612321
7.71248663636971
7.23279522083176
8.64054362814279
5.88410904664799
6.77559788394837
8.72095236920513
7.86839160611748
7.61837709916651
8.03373808287111
7.33758430574667
7.87327470857675
7.97056115630621
7.07015000156193
7.16320288949073
7.4969388897562
7.15284634846108
7.44112687087793
7.08789294302834
6.66343848100651
7.83710042652286
6.30886478385753
7.56138532611804
9.48013822278038
7.52543162667623
5.72637001376616
6.6195920501803
7.33252923564319
7.1911626650749
5.87510439103708
7.41924363494052
7.24196812985494
6.39172302873684
8.03028746987322
6.49189749961148
7.7962174297705
7.17346907919989
5.94706118311394
7.98096808822589
6.6501157635709
8.13984684518789
8.44085801207664
8.20100158500744
7.25236042274582
8.25588125962374
8.46846987608604
8.40462170568428
7.78125213820217
7.26940302316849
7.87572620307359
6.33059035136026
7.9565560120455
7.46512019684504
8.76623755225865
6.97369100622163
6.30446213183746
7.16514808597702
7.69474122817726
7.86550812019486
6.68490526635799
7.01960855500003
7.94230747395191
8.11510067119789
6.59158057443082
5.96460763155704
7.21613662848118
7.65626176538177
7.71011706029272
7.79384028001283
6.98273070702873
6.6096187305604
8.96422494969231
6.85954528738491
6.86081691045254
7.21591215726667
7.43432779222603
8.44011352278094
8.06057839525789
7.11185730303776
7.85767149588631
5.64921032774674
7.28738603990632
8.13369476606297
6.82317330980368
8.18032578016444
7.75749067919278
8.53747853486882
8.51783280692739
8.17496756481629
8.27487966806298
7.06872431737573
8.70556327404524
8.35523652588266
7.66385840125058
8.14356513963411
8.22828339133243
7.81639685928735
7.67517429555463
8.25876626244551
8.26050682951849
7.93154620957312
8.03585532526198
7.13011198010714
8.13760669983395
8.53434366668893
8.26286110164546
8.55463576213917
8.10684027877022
8.30324097006075
8.18498543702792
6.75263819312431
7.53715757357212
7.63803232202858
8.38220551939943
6.61356455913472
7.40146596518794
7.56084981292953
7.48249087623972
7.08832793061841
7.14559775699674
7.34671976707231
8.84755321782205
8.10367261450223
8.06476845737548
8.46414708783846
8.08885250252481
8.22166045191257
7.53276162885375
6.50561031766558
7.73974616094796
7.94912336187767
7.49970191695745
7.89775731591062
6.89103876741477
5.52459857582449
6.40288586806344
8.07493759804147
7.41929518825187
7.64367294841172
6.31085141765316
8.63876542267652
7.29191700117046
7.67927007011649
8.5096900985415
6.23818073609868
7.31989087587878
7.46326200793294
7.63354071288147
6.16582512818564
7.68586519628657
7.35296368111979
8.14599753652572
6.09916150704804
7.79532274055307
7.24882284360722
7.61949770474699
6.03984799717842
8.12720171883936
8.17614812231618
7.15850391775185
7.18255815104946
8.28784013097398
7.32180492905419
7.31396866516677
6.91233579902591
7.78569591945823
7.70507571547065
8.58357441461929
9.39038697071261
9.01895954211055
7.97903471658213
6.48524526737865
8.8692592165392
6.00428778073726
8.5243043326578
7.08740227897939
7.77732118486584
5.95807393771434
7.53241519702306
7.0043992147249
7.88658858079283
8.07703536001772
7.56191658914169
7.66407187102459
7.31049802133806
7.36605311019902
7.2084227746934
6.75377427120093
8.40508675948922
8.53104602505194
8.40511550337507
8.84357893718054
5.92395355739412
7.65759353979464
7.44931542352465
6.93957615872437
7.34263936320328
6.97407681654302
5.88111137312348
7.08152509136341
6.84576649316487
7.18890983200612
5.84118779715239
6.67169181398496
6.78272482181039
7.52043675932147
7.32210148528083
6.79068680357271
5.80453993081524
7.51039100864034
6.72549477514062
7.64997211941489
5.77375648131406
7.80066600560028
6.67277693986566
6.2164494248351
7.75767611431082
7.87410901405939
7.10143048517221
7.87422440021485
8.20271186085497
8.68586361347035
7.43325732661668
7.42358635307719
5.76273429965226
7.08653402448166
6.64291289503199
7.47802404793601
7.52272188719211
8.24638139526994
7.59048450175736
8.90495043437635
6.5857830037028
7.33622874163665
5.7441057251141
7.62236190056944
6.6033611976794
7.14293095230448
5.71782608056108
8.37507874226114
9.10985178600757
6.56268074349403
7.47636877035516
8.25136580777546
8.20165584489549
7.94290526836502
8.59447430125362
8.74983209508993
8.01110416200978
7.4803862918444
6.92159049556645
6.50475328888242
5.70882213835014
7.33274883514174
7.75812924162055
4.94670014615221
6.98129396557419
7.36349741850137
7.11450498607296
7.11736405692463
7.01019244003814
8.35893686812969
8.43273437804921
7.87858863439448
7.98165543589037
7.30670746371141
7.701684445933
7.94643793315608
8.17046652379932
8.18149616946394
7.82720629406182
8.05752540716784
8.21879962373694
7.26122802177053
7.33108724608041
8.50597268017917
6.6199901996773
7.73251651386116
8.28882116090778
8.48147955018016
8.73605198996462
7.43363282334907
8.14240121572877
6.66797212131113
7.81342975180644
7.8308792167019
8.7050486387446
8.09468710956689
7.45789513189704
9.11678846291043
7.88126824340225
7.46351095839853
7.92686993380918
6.74064787663567
7.98535212495643
7.48737823306634
7.928935112668
8.31016390535757
7.08390559916069
7.05440457172814
8.26339888565057
6.9220532045564
8.2737946260614
7.88093063605028
6.92291945254408
7.75560076013875
8.04178788251308
6.12692705431879
6.01615557082895
8.03454276026773
6.93056932679713
8.7699039308523
7.32671565970039
7.91010341668314
8.12289075431078
6.54078497690667
8.87621634688005
5.99876247960854
7.7317035605164
6.50381743313629
9.05605855983872
5.974083402228
6.3522904669455
6.4709970152624
7.70182120907595
8.77425955486958
8.44059892519802
7.81620500825537
7.34820254476928
6.44216524661273
7.21890127526287
7.45930242540085
8.31157627516125
6.41983502711192
6.41122858344176
6.88713093327724
7.18195222820913
8.79651408604614
6.38255124036863
7.28037452506939
9.29130166432637
8.5719400068071
9.18340449408536
8.47829262293309
9.22688047191416
8.49404454251598
6.53930901466434
9.19158844002632
7.29539802720487
8.87450689167875
7.45314772751853
6.98258874064756
8.55754988206975
6.3682838464367
8.56997681452835
6.8032151451742
8.12823671893869
6.33969583475757
7.56888139870775
6.65354082700977
6.62243156760264
6.31168130901913
7.52856052069085
6.52906575127461
6.94742430987169
6.3262675415679
7.88384667362821
6.90791862797314
5.96813061606759
6.2328939761302
7.38140010143667
7.46278949446432
8.03077297371732
8.23602758908057
8.17177588004227
6.28823027579331
8.10986562502232
7.93114208072568
7.54569346138071
9.29027201348566
8.44277052217321
8.11404652890742
5.95484553724107
6.78519961937534
7.29620760087266
8.02675894400498
7.12625729177716
7.24695024710941
7.88049873340249
6.27524022795836
7.15241014993528
7.74093750531945
7.24456193474856
3.46477829872267
6.29452188242179
6.1633326386377
7.09286752109703
8.15885351999382
8.03057173342407
7.74301107590539
6.98853200393019
8.04935805437784
8.19025537334757
7.50459061414382
7.89197869983976
9.34542137179206
8.06064035521256
6.5534796279027
6.0614677895443
7.12066003220884
6.43632709151115
6.78118861146789
7.54432750504412
7.53124044827991
7.20541103543866
5.96302479461774
6.6935669115737
7.36631340215781
6.8289453514006
7.72133391135657
6.55620268125293
9.40714649445446
5.87019857940187
9.5410541002853
7.22333061373395
7.13090745324687
8.04184842651618
8.06390854600987
7.10795392072915
6.83410822722407
5.74447949698849
6.57183202495536
7.82070216410592
6.67235756949516
7.01051152912384
8.42898169504318
7.72424872494948
7.24708981460555
6.26225218346919
7.4596808098912
8.38923097115461
8.05068332720076
8.43616360520206
7.49938527565642
7.18167063548833
6.42031944132262
7.60193035938854
7.83046117350799
7.91150377280336
7.62463143300752
6.94181205013667
7.14765529811565
7.34601539874416
7.97419713986025
7.79272406487773
7.67511829480239
5.7245362076082
7.02996105094864
5.79176375754917
7.03408752654706
7.10276755060767
6.8049634268441
6.54591478255881
6.97090585702353
8.10830207930412
9.23416244547055
5.92247981983154
6.50232429510828
4.76774313736946
7.94046874419327
7.01307788290154
6.94471139423537
6.95732632602945
8.47066895246301
7.12587474976689
5.71782157476027
7.82651770974844
6.69384571993463
8.25350844829014
7.74695411999936
7.8680503881084
6.86329647487102
7.1196720872943
7.96469031668426
5.64427369842433
7.30478738768158
7.41313195654061
7.74893463830804
7.49257318244699
7.46175049825424
7.69556316871388
6.74914739688257
7.07638243990894
7.09183944592824
5.83406356636258
7.10091220164927
6.68046137740222
6.09806313588685
5.76804349912336
6.49278029656583
7.29636351609145
7.11141677119194
7.74607420060396
8.58932913974766
8.08653576830993
7.50021596869929
7.41746984322675
7.59143837321592
8.62331063052931
6.66011854179688
7.53436092991005
7.95890372766132
7.97649465757085
7.80617349609034
7.93164401504982
6.61978751202058
7.18084103416725
5.70679017502485
6.70504618410774
7.64872803998262
7.02722873673435
8.00400415955499
8.5414437216311
7.30853058882935
6.35799749305264
7.48451064699012
8.33114272244563
8.35496444519182
5.65388416442659
7.88030723253421
6.16945147937632
7.33515164160504
6.85533175905899
7.54959017023473
6.77423717315207
4.7756586796376
6.66521646236324
9.72340238332526
6.27853691045768
8.17529211373085
7.86905725452796
5.98148635158001
7.6056572338029
7.4564144613531
8.73009529677955
8.82273296233085
8.5426967739048
8.62331303482741
7.86282189957766
7.25841235711952
6.26417505031189
7.14656143955215
7.75481499551082
7.89793380153818
6.0727551257154
6.24813605363809
7.72567417235746
8.08390942475465
7.73601217812184
8.2014187343994
7.63758588500251
8.46922955266175
6.23140132626095
8.42443077772843
7.45155236921473
8.39433995999539
7.01833151853655
7.97780386215655
7.08432853621549
7.93595970397268
6.2164557636912
6.7044766156371
8.06042616501797
7.76746346721562
6.73299957317678
7.72053714599608
7.56059538564156
8.03277888332318
8.67666872977143
8.31121863785243
5.97795552587901
7.70720871608164
8.13458381545988
6.20264798830615
7.57149171856894
9.03769184203535
7.81050174284903
7.12060532776485
7.09869500623983
7.59025779646081
7.8627896897499
5.90674617260263
8.5749608812039
6.9056689615327
6.19107103742046
6.86450694979424
7.42851052604351
7.06408039074429
7.89436641378789
7.76140114793738
7.86460271913504
6.17609172411627
8.09720380292726
7.31425207850664
7.2861596293399
7.35940187560444
6.15710103566249
8.88671450078669
7.15820458346488
7.37418486525841
6.14087511225618
7.72463185524855
7.04291990808552
8.32519891357442
6.12494965407834
7.93638069562653
6.94214977793625
7.31608838701624
7.28545380302441
8.16321335256434
8.2126816709945
7.20996599807416
7.67778580387401
7.96802109744052
7.72528659588792
8.39549238871735
8.47170361548908
8.65849330992432
9.30544441419421
7.60358050849672
7.53554735218459
8.82061096869018
8.95098688214691
6.82927462646127
8.08722556520074
7.16748553747283
7.61207266198618
7.39346200107577
7.04300233362909
8.83957477912684
9.29462736941776
7.82236781099026
8.27783465654717
8.035203734905
7.97627242253494
7.08518032943692
7.04494318880811
7.45500976628546
9.55746005924147
7.91709214189
8.49603801611168
8.41368515437713
7.15776147728891
8.96795863360186
9.69204698076519
8.47955238349826
7.57801650514192
8.26069582937861
8.07906601288018
7.38835228907623
6.15788919933106
5.43963975615386
7.06364748838251
6.90707217599511
6.8158986458687
7.44796037134001
8.38692075843765
7.74998809103587
8.38113078410995
8.56795671064967
7.69057547681138
8.4692536040757
6.01891749857569
8.05223851452216
7.42349998892853
6.14774649485298
7.64405631590697
8.19267727695301
7.72126228027044
7.86135760965543
7.73186938909485
8.02400432743254
7.97343884859186
8.20965748462432
6.00503125773338
9.06065728224156
6.46991245992051
3.61491976759359
7.98951006134188
6.63351624960814
7.54848721933476
8.87280354494409
7.55471253535407
7.47137302735663
7.42273408326866
6.50956927666042
8.00420915281486
7.7937379749452
8.68728326887681
6.15268846950306
8.73429686019826
6.31303268486207
7.20815218548174
8.10939250053562
5.4895384084076
8.47714564290633
9.09888789194532
6.1993153622705
7.80751858656468
7.47553599671676
7.48273601470558
7.74788396113606
8.63568820199975
8.39055611483975
7.2420340578935
6.43907254898252
8.1773502983669
7.49177099974791
5.97259267104058
6.95621756861959
7.20504593155893
8.73915179802735
8.32837188709835
7.63223570984421
7.68881213595521
6.46133574344988
7.77669496549776
7.29327657669129
7.23569025640029
5.39236064957663
7.58561576679374
7.37123647420094
5.78418242007754
7.89399092983254
8.24843211956039
6.94446671448063
5.30615627880596
6.7725792571176
7.10786416182178
7.30690313389391
7.88899449389622
7.84884374230679
6.15076801184724
7.74498258794707
9.75890707882597
6.20001215504668
6.72667004521107
6.13716921184581
7.33752605819649
8.97467928579589
7.92166843594871
7.87588433454325
9.12896993114152
7.06196615058943
7.21018936693782
8.43330800881576
7.59795758917848
6.34732660132492
7.71986410079091
7.24463799653958
8.03392112919733
7.74378699251642
8.45201651643487
8.36707243216599
7.82892927181019
7.28286202374583
6.28309004047948
9.54401895251387
7.56944907549293
6.24936826755306
7.66534861811589
6.81838250492471
7.24929779896399
6.28036951692123
7.42835839454441
6.68359440670982
7.21582537988401
6.7304927376331
8.38615402139282
8.12616598707102
8.24331897773181
7.20751044734829
7.37958672796244
7.98448639635874
7.15672778273126
8.22015750506055
8.45187338130765
7.30830201950164
7.50771136620819
7.10358779940954
7.18934825140587
7.88499102595851
7.31983997759022
7.54143773933304
7.34353934882092
7.33157693952152
7.48585387105771
7.19233896244264
6.6275238440457
7.15496285007153
6.7137325449312
7.13097858508756
8.26120470452676
6.97237607240026
7.7994262135803
6.93403841139572
6.39830441657489
7.09085408032035
9.16211322931325
8.179647955432
8.67136846787118
8.41492090894272
6.62089395515107
6.12960648701759
7.97997552787221
8.17674741937079
8.29287985906219
8.09032699148533
7.57186787849953
7.49010366506215
8.45185312870839
7.82059073881135
8.21340646794132
6.12163692500715
7.34223802928007
7.49789138324184
6.86354337531758
6.10793595800422
6.89742211057379
7.96433483371652
7.42791971554668
7.79585806443403
6.09793350483906
8.08211085321505
6.54899675320581
9.23253702006907
7.36069971577943
7.20501035057783
6.08489137233058
6.80782877047698
5.96842965055724
7.29689873283812
7.75808143290102
6.93605215049445
7.21469713312073
6.07383167247404
7.89082856782513
6.88051825439717
8.29868347964604
6.52142635601337
7.10589742367282
6.86862272394818
6.99856764939806
9.30013321049838
6.05963100152992
7.31873065426526
7.63464809227011
6.01231048329628
7.4189806303728
6.04699493954863
7.54423694395794
7.28094034693778
7.01490134322623
8.74921189801885
7.54656588274872
7.58307136687864
6.77913759861249
7.23158586130812
6.78768776681761
6.99344476295009
7.43542753284091
6.22847973387971
6.77810799464693
9.1337060307432
7.37919026228475
7.52142361514338
6.73229564337915
7.15454138345058
7.32459933717542
6.67371909587025
6.68972388398141
6.95161758057176
7.27271540700128
7.52648643342492
8.13982257339737
6.64818043572456
6.29175862013595
8.30250101997214
7.22230700673214
7.58717369724554
7.48564131234583
7.84365498698472
7.62638280012312
6.61110052581172
5.08516381474573
7.17697070645453
8.20340499235721
7.92214073419703
6.91732370370925
6.57438782847508
8.93364019980381
7.18718177450895
6.13389257211182
8.76245330653395
7.00504902098659
6.6183854735791
8.45033038224989
8.61979657749329
7.56370954905478
6.92578688145667
7.12253648496894
8.89597297938838
7.23176246900245
7.86338653253415
8.05499214833934
8.18010767028598
7.59290255620844
8.82701315459312
8.21270476286769
9.35567162732229
6.12281596233446
4.36874719002209
6.67654577955354
6.18841069591759
7.9201537931646
7.86863823515097
8.10834211280254
5.84003436433279
6.00435207833573
5.29623528521149
6.80583408712669
8.31824422934388
7.57037437264091
5.98624089172391
8.71215797588977
7.03890547926218
6.6721291547562
6.27062143381585
7.0304437538424
8.87573200371141
7.29230454044105
7.93120490204963
8.48900951901602
8.18463626381925
7.9659221056211
7.65733988568514
8.07950963575495
7.50256028495249
7.60342932590931
9.54393709081104
8.73829998439336
8.8563582525899
7.76541863292627
5.98302672251753
6.99673780603095
6.62714641497969
7.50449927253736
8.61709378478173
9.07902799235807
7.7701714573798
7.78641869528442
7.20549580252586
7.48316946964543
5.96865766571303
7.62372392915116
8.5090920160426
7.48161030573426
6.57708098792172
7.41595775347113
8.57394936919867
8.30876164752572
8.09673869360559
6.79547194927811
9.46076911641461
6.04885771128044
7.45643497745079
7.24646045998254
5.95696658703961
7.71237916455102
7.29166521205004
5.97159727135314
3.92034152248855
6.68100503916218
6.38442287348663
8.90657248913463
7.92733218710633
7.7934592240698
7.32267466628988
9.08218394965756
7.9407183599561
7.54439338460932
7.30719657194342
8.54019356666135
8.07969127302347
6.45834822200764
7.12146886729445
7.90033864013057
8.34272581773167
6.57458249743983
8.11252634581879
8.55701355933184
8.80184389815935
7.77015211513379
7.99079514435808
8.12221035381854
8.77188213251578
8.17994730739618
7.68592678033422
7.581779439684
7.59948648678364
7.6094460166966
6.80564620293499
6.37982427215509
8.4011691321668
7.77651292643802
7.34167440533639
8.48695394076421
9.47889307451072
8.82493209544965
9.43596867539383
7.1374368043392
7.57179199534796
5.35652275673012
8.30477738598553
7.24804308590508
6.66707273646076
6.48643580958759
6.94784682985843
7.52996968277584
7.22087682508349
7.44550073521551
6.37486513169926
7.60524345956349
7.3258527508263
7.14260913323143
7.30027846342019
7.02638734768407
8.51093259230472
7.51445236694881
7.34750145472827
7.49393678700004
6.67754435001377
7.12315260715322
6.31491888599781
7.291989323815
7.48907146091233
7.53597050255886
8.29710665598197
6.65230797394664
9.25478423724986
6.92909971218093
7.43796703677362
7.22010993324982
8.10310305153204
7.44935463317316
8.67634359118776
7.69843033119197
5.46964366623629
6.64031127594033
7.74326574897873
7.41502171943577
7.21749384847245
8.63530194983425
7.78008832970075
7.54997806100728
6.62826517011838
6.73771769782697
8.56104679677233
7.75170837320901
8.20049590152054
7.3815486434371
6.86584613610465
6.61774537815754
8.64059036994547
7.15906456809517
7.88536038192209
7.34793810205742
6.49185847052565
6.60580026120432
7.39907310147512
7.36317351531784
7.96575061682109
8.31129940884724
7.31390494750244
7.65187987461451
6.59406850575829
7.90361469152362
7.74340392324639
8.15503342733312
8.22869047088625
8.56814914777489
7.28475887999732
7.81104207633758
8.85341483828546
6.94646693407042
8.52049805705805
6.92481418504697
6.15774381474753
6.75440201282354
8.22186325239104
7.70367976285625
7.3332125851242
7.59539953415667
7.042268439099
6.84881741906018
7.04250390338264
7.99381541103745
7.14337849884816
8.01118875969974
7.59698044731624
7.44327063922825
8.63400530536168
8.99903557241615
8.2453042265952
6.59093922846328
7.36681237598922
9.30589660496571
7.26169668309741
7.17830567471887
9.26979432686632
8.31607837632986
6.5839522450829
7.97529280937653
7.23348817565212
7.99052011113648
6.81162326788337
8.17164172708783
6.54458633387888
6.57203818940502
6.91436824022613
7.20312872925058
7.78347051590645
7.44573255431308
7.83513560996687
8.43758520682343
7.94165460854406
7.37906669191062
8.09932688948402
6.6951762074517
7.49294155573522
6.56447868323743
7.01314930274772
7.17928496527888
8.26139982588244
6.55408045000622
6.72303711311094
7.1521033530645
8.67887719709518
6.95084561459425
6.54483738776396
7.52858851771019
7.12552186779746
7.706869353043
7.37625980118048
8.13086315793801
7.17343647877973
7.96797458278516
7.31856770098344
7.55811229229995
6.66668638018141
7.31259020136547
5.83853193521571
6.53376748484622
7.48732880162525
6.87882614742382
8.88715970900673
7.01019659567361
7.21404457421673
6.72167776952315
7.58289098589949
8.31064674539831
7.09232171532987
8.53871159628504
7.26722232656363
8.35762128758673
6.82302403725418
6.6030589026686
7.1895954422179
7.41954546605643
7.62244857460465
6.78643160829283
5.28481865548625
7.16342388437369
8.32304791242388
7.376683955559
7.42316085359398
6.52544459862249
8.68592049798175
7.13718343688935
7.61387857845296
5.56805847769748
6.51523007731984
8.51679860612833
8.12615287859893
7.60031191862064
9.70140133512746
7.71401013213246
7.11531175306997
7.35968220405164
8.44122230756395
8.93038802641642
7.699372828282
8.02519269000782
7.08888348514834
6.53086218329836
6.87339324880776
7.91923489471481
9.30209217903687
7.10036529227932
6.52346813871617
6.51371308694727
9.88052466805222
7.07753192250167
7.88458205176387
7.14963012951065
6.50457037394539
8.00192934752899
7.05507629510757
7.26829697499517
7.80511099396006
6.49475076633332
7.37464103079876
7.03282502343983
7.20528024987051
8.27069630656251
6.48554217629641
6.18494829699032
7.70591035292602
7.01248314365486
7.07605573466298
8.06456612975986
8.37406302810309
8.56743399763943
8.28865131544396
8.44472023135145
6.48126218778699
7.27236912362171
6.9963327429141
7.30722502365866
7.80083991527225
6.41985462783475
7.42491079679224
5.36953851911862
6.47208233518955
6.54998729940826
6.97263606151971
7.84880708809307
8.90817355873209
5.19744491612192
3.75647668089744
8.03423341018911
7.61216372512105
8.83202416270661
8.84558119585206
9.24404569443705
7.87171218173871
7.83267921528983
8.17065334879611
9.09083958252171
9.86591244799613
7.51498863448726
7.63106034457665
7.86121814478732
8.52661379963374
8.34060064504319
7.27640612818398
8.4819574073216
9.19810640442885
8.17143155194809
7.99252580574712
8.18447732686717
8.84189764553309
10.0168220362555
8.55284778834811
6.71333655588052
8.76338629913898
8.68784857591095
8.48902313084229
8.88145664182765
9.32003258575531
7.04585219135014
9.52179554587196
8.65257592159145
6.49668185703164
7.20172419076605
7.52888085531629
10.348092221951
8.04345114768696
8.52312035411194
7.01912036370905
7.77160520624924
8.15094481748162
8.52575700055146
8.69816285084187
8.29313246743263
7.8576816605195
7.13949164530448
6.9284510180357
6.57412420129495
8.08448610773219
7.22125722481203
7.86275059592591
6.56500686540302
7.31943090874047
7.51579772858886
6.94476571317902
7.14119764362125
6.55450574516888
6.63760661076575
7.90681504569618
8.18751877014454
6.99299579492319
8.03458528516275
8.13691975320898
8.7211148467138
6.70890543048618
8.17837662253396
9.04872667450418
6.55105679168108
6.60109244204794
7.30787285818688
7.12542403049221
7.85915423613978
8.08836057397909
7.25409851932341
6.36866655053838
7.75914372317073
6.50456758174523
7.81707631854991
7.39698188808379
7.16191382875871
7.50718557144467
8.87101013806459
7.96103701477921
8.90655967577672
8.21284008906716
8.16576340102838
8.60592808151218
8.12294409559327
6.54795623008619
7.19492096242044
7.85390189321047
8.05152379738403
7.76816121651232
6.5471974756836
7.90419680885593
6.32970123692596
7.98166081434975
6.53926220211847
7.83298380540751
6.1697008664528
8.56200199201651
8.12631944785933
6.52970548386816
7.12255845833979
7.95457693874078
8.37849590792741
6.02495514763114
6.9638111387862
8.51611003133568
7.56086142936321
7.48188899372784
8.10314470094012
8.58273892188569
6.52290629087621
7.69145265986976
5.89893449659308
8.55288170537708
5.93984589193924
4.71697632732543
5.77758386552872
6.63345963108965
7.59728335685805
6.02932463223268
7.611994345451
6.58416828037039
8.1887840458991
8.38789446928331
6.01588999258629
6.49783992112375
8.95654517563243
6.54074493086706
7.6543620661226
6.00147295343769
6.77878315930028
6.49817628097392
7.55071987459327
5.987844289751
7.2298721002756
6.4584747886051
6.9668968703025
7.76259465128302
8.68962049175801
7.11681258960453
5.97633063679286
6.79738701754769
6.42362613666656
7.26809378424529
8.69929835140641
8.19214697490149
8.12337595771328
7.48522519880076
9.60692974527544
5.97091961175665
9.47665026155111
6.39701626398502
8.81993705287019
7.51036144837474
8.24710354259397
9.01788126553096
7.93256211232805
8.23245432986899
6.72006836352619
5.963886487098
6.22547122551532
6.37016904377399
8.09598189957948
8.79286090093496
7.01937309384438
9.60916898129409
8.43708176065661
7.98899369304309
8.78382635708211
6.70332526580174
6.96986444165444
6.35134351811808
8.30191179227239
6.69497919618536
6.87883532386805
8.41749560950162
6.34310360466437
7.13223691157849
9.29879318024106
6.68662048640158
8.09447945350072
6.31661262724741
8.07977034991646
6.67922317039776
9.7792649613581
6.29204016362264
7.36530243676618
6.67214932442233
8.06148490866468
6.26749723070388
9.00298908387292
6.66364490614929
7.91702371856575
6.24453370368361
7.423061572843
8.07806090871469
10.141599613753
6.65906660349187
8.452351349243
6.22541148304589
7.30691377223182
6.65190574630762
7.81624715327464
6.20430162803201
7.08452001582578
7.30915620334644
8.36414917576644
6.64469330538467
7.0973053635151
8.54991405933545
6.18340358792574
7.03017039634751
6.63561215796231
7.16377515561525
6.16272427082603
8.01389961638372
6.62893169624851
7.579616747896
6.14462087529248
8.38708498407489
10.4136115367711
6.6235721474263
7.8660625311272
8.56360883371786
6.13078893158418
7.12490562892865
6.8941279027576
7.36682424518839
8.96962166860165
6.16911441226905
7.22778983209888
6.1152581423753
8.27930490620781
6.15554796075919
8.87040281823745
6.10001462935605
6.96601064259873
8.83404124776641
8.79231897427019
7.48574374089921
6.69325582496154
8.09546352060673
8.89614059122055
6.08646046286403
8.49847551521954
7.07584127374589
8.79754117724115
8.93021854538063
8.60359837954725
7.03996800223361
9.19057228929326
6.07173382882159
6.9520336042975
7.00520740639674
7.05782689493677
6.05593471680149
8.54728323747707
6.97280771334252
8.09203140446357
6.04210229633687
7.45435229430366
9.18511334480554
6.94182607768303
7.34509807811095
6.68811301427371
8.36271292442447
6.91060681798769
7.35253264480632
6.60680319217837
6.69142325055344
7.04225609705902
7.11135525580641
8.7160626212404
6.88129000875769
8.70560448795396
6.02836883845949
7.32192060150269
6.85233498508137
7.05942510952352
6.14610763712816
8.05132858120682
6.01534057401877
7.7981095384394
6.69665763084813
7.96670717425612
6.00220359947907
7.38114939873133
9.14381328961292
9.71831358102722
7.30043696230691
7.26923930481887
8.37646174788221
7.78244905844398
7.81566918763274
7.41492179256272
6.69952431344796
6.69527909870015
8.2679382275734
5.99400523400846
6.09393177214552
5.67441267268708
6.82984485981043
7.72004173178241
10.4283653971146
6.68738180285249
7.13563407675313
8.34531164775213
6.80383575712263
7.48089304702845
7.0620662269516
7.77597406943824
8.26839945647483
8.30696432864244
8.1507664726715
7.2908781890332
7.43747757425843
6.9238857633649
6.77951695544479
8.45718297648574
6.60888333232579
7.37775879340796
7.63191730209873
7.12012457907379
7.30988616084793
7.83048218928022
9.12401452265993
7.25053203954168
8.56445146241497
6.75898833543599
6.59881874613394
8.76540323475607
6.67784702562345
6.98876860903934
6.89509369499949
6.31311816763799
10.4333961475849
6.6709279566309
8.74381089142309
7.30055807134887
6.16835408847533
8.03412102326991
6.87222714796793
7.9558747555045
6.66464184135039
7.09113847071972
6.84839725897805
7.00500140413982
6.65725562164398
7.99636585633363
7.95717501095287
9.19745296284823
8.57454263613089
8.31675654423346
7.421570695972
6.45754701121243
6.83338816301279
8.28347073166177
6.65578950505931
6.38399234504615
6.82916248778054
7.10980266291677
8.1174157447
6.64870999011929
7.00919617424917
6.80762683740794
6.93128414633713
7.64163387996506
7.87660651110782
7.27329254840153
6.98132195678096
8.47135698723208
7.11064572095677
6.70556610916328
6.48772118822136
6.9317028299155
6.93037254585084
7.48559759699965
7.86575220612435
6.69861778037777
5.32616582350436
6.91109413222481
6.99041374033927
5.57362397347061
7.86619113178571
8.38950930966049
6.8902996444596
9.41529071254087
6.01407766401002
3.99172072603762
7.12756127424323
7.10616960290029
7.14096146272188
8.21793629425496
7.01288333692233
7.66464675081869
8.33963162353215
9.50640228262205
8.56899295489478
8.22893282868025
7.77886119975857
7.61894108461377
7.25204523462753
8.88808269663519
8.65689837258578
8.6284511305705
8.36841815234017
8.57182955403346
8.11150207054807
6.14265835280334
7.42044824946756
7.94898596251061
6.88730779042331
7.67612874615308
7.01959725123874
7.1011863839716
6.72570264605121
7.74589083066678
8.20818911047764
8.48316020428938
6.86930984616967
7.43428632219629
8.25217995659854
7.08402757178245
7.33620120343861
6.30014969822184
6.85232539343306
7.48871713650217
8.02775306456469
7.06275320925543
6.45222399768848
7.05985044869843
7.92091895200956
7.79822491644037
8.25227490563476
7.39760109002254
7.05606777768309
6.83252112173026
7.41878614390004
6.86493482802321
7.46037486431495
7.5060262193101
6.78579835942765
7.97935820608042
7.04271690541962
7.09502075571071
6.93040434220451
6.81601339246513
7.03544145729009
8.32719306265795
7.19275042621579
9.07254522985418
8.52029711584079
7.02690516739836
6.49554932491839
6.11315584618369
6.80256456874031
7.94979879240211
8.07093100346033
7.3554564509542
7.00830435261084
7.13534035373301
8.40889173581318
6.56171458217808
6.69938799504671
6.78621418706068
7.59719011264179
7.06443876558218
8.60378337285403
9.23831865656079
6.99259468732364
6.47549575922421
6.7719510981542
7.4207154660034
6.9758319059682
8.80083864439666
6.75662045672576
7.06924728239234
7.92549847100771
7.92945942414267
7.56565598397351
7.28375652029688
8.58986927732419
8.07720519578973
8.04855803302136
7.58289579908353
6.33805943479671
6.95899769700099
6.9592403105545
5.91356463065567
3.98079517405817
5.86819339762337
5.93404429777443
8.88642343812483
9.08419441494419
6.71924429230469
7.81226927681354
8.41546409192086
7.62603826009873
8.03185217172811
8.30147568809962
7.77505029716973
5.84779856255234
9.43012403908023
8.45350983637289
8.43844519073352
8.68960486687352
9.13248738563922
8.63986892567831
8.88411948598611
6.94052270475165
6.85191219507202
7.56787782552538
8.95437975116274
8.42349863541017
7.78328366620736
6.95192975635926
8.28764956975758
5.77507004519264
7.33442142050729
6.93527155170637
7.80604369543888
6.77822755991552
6.89743759117299
8.11717973662353
8.82311041093355
8.11277807345922
9.44969634483761
8.36008234542804
6.92672483797807
7.99906037104064
7.62572818013399
8.86108427759515
8.53886759970494
8.24765019434034
5.70564343757363
7.29417505312329
7.62419284274415
8.31400963903564
5.82703731971085
8.93968175516189
4.63011679066841
5.91738771386202
6.1676194676088
6.16664376069082
8.06802800980963
7.71030464913352
8.11918813458813
6.07638932970106
7.83094382736537
8.41397614194632
7.62285837885241
7.56235014514785
6.15948039472578
7.80639372136282
6.06741498032854
7.93387156457326
7.83176809987494
6.14868147558044
8.92359324114486
6.05696205560988
7.39288790995008
6.80772728999565
8.00976117976821
8.44390851847248
8.06683267661007
7.91850283079983
8.2887545594994
8.23151713245434
8.13569742910392
8.27759279384842
8.13615091307074
8.29110153862667
6.14434176404859
8.0433738573588
8.27804651917883
6.05471286779731
8.55969112873741
7.56267094204008
6.13367306324452
6.54010000729973
6.04317139267665
8.63107733359913
7.80529224101451
7.15190075353958
7.44118801487199
6.03187417647977
7.73231584296132
8.38044512977152
7.73018742557514
6.98715650779113
8.67114544935604
6.02119574985465
8.04449814448791
7.65883324827546
6.74291343610047
6.02865425437695
7.64246702039958
6.64198250312182
7.59668706035759
6.12341057285209
8.04051208454256
8.0408174948064
9.05087948502553
7.07984758507226
6.02199060281911
6.70114862993571
7.45856190667505
6.73523045083791
7.59663661663026
6.19030534551148
6.01190089435378
6.86182450962966
7.6685340261374
8.48800025300961
7.53502865790906
7.4221967065091
8.22143165094817
6.79034193641156
6.7172261612456
9.27217822367806
7.77530345258641
6.91012298877676
7.44462377249686
7.38455497320105
7.83694678962835
6.78392350941377
7.78202199142822
7.21703998185304
7.41625045941101
7.22268426653381
7.82658206124574
6.00365069037249
9.41323482145163
8.30228825590769
7.16129006173672
7.3689460485748
7.69726383858732
5.99824591923041
7.49812901804767
7.70387366297802
8.27979309518017
7.38622491940339
7.32285021054424
7.07156527571432
6.78346596955045
6.89878843213136
6.00611950308962
7.00336801212898
6.20437142727731
6.77645910973549
6.56516942274883
8.28573842513996
6.48488375664278
8.26018118088118
6.97151577356795
7.87766825709233
6.15960181735373
8.24915600565321
8.12949892637382
7.59612806753361
6.14838483206863
6.89483326444562
6.14975238340494
6.79555328247777
7.63543892620721
7.91363566603699
6.77221273749229
7.41485307776263
6.14069112974549
6.90644424509972
7.28469894676677
6.88445433063745
7.70024544241258
8.01804518609357
7.43192788162378
8.91889861962303
6.76874570839253
7.98881051291237
6.13391395286618
7.11755369403011
6.0641475416
7.79020814237119
7.53099337287673
5.01363586778707
6.76340479752523
7.87526722208179
8.51081103424374
8.2116958787004
7.77729941737873
7.1801537239441
8.38149027274811
8.58316466653663
6.39108773420711
6.13409277339717
5.99982036466643
8.39351872185659
7.99133029862591
6.76216136704854
7.95353489297019
8.52554170530791
7.61787060864262
6.12587249478538
7.02555806168944
6.75774424241641
7.51417976529492
9.32144251702925
9.05042175566966
7.17562824972844
7.1500335427805
6.97821514330625
8.29555986954621
7.4918478389132
7.86162830848733
7.8746261830637
7.85835170623427
6.75515395564225
8.98406092278616
7.26781701414027
6.12010480745549
6.42972601277407
7.95941504355108
8.46623293398605
7.44418233392548
6.75163986857317
7.63179683564258
6.11040279305051
7.54461021279487
5.69986039260338
8.56748479097443
8.38774458030652
7.11926402603271
6.98350660266156
6.10033614187493
7.66560930475428
7.72711560893985
5.98965201351188
7.75365517918482
7.06490987682877
9.06648809474516
8.12527581370539
6.09280922701251
7.50688564823677
8.47955245540649
7.37709520180596
8.01006282206504
6.33882109426141
7.1282461850554
7.90657888531815
7.25481248542312
8.34780797955333
7.48647100178938
8.91777483104275
6.99391292545897
6.10241121238806
6.87668330406176
7.33828524532103
7.70618004412705
8.74049392313714
7.59188625083498
8.39249037128848
7.52837244762882
7.05340765907491
7.99326583243706
7.9640626534851
7.72852997927853
6.83395042636779
8.05506092899846
7.88237526586107
8.53083642293487
8.01491045892296
7.36196650016544
7.19981717265186
7.01516122911862
9.18218981238899
7.57844909664797
7.3887077788253
7.57383707310924
6.69212031308866
6.31044786095176
7.21974265616024
8.02715966255391
7.9114183870611
8.22341595046265
7.82963890629081
6.7829878375704
8.80183351671767
6.35979444811537
8.75427899331275
8.06655572739092
5.9185416443207
8.73094032731063
8.25708343036853
8.73839786487926
8.35365379493109
8.85049350612367
8.57902446109499
8.40325061004336
7.3116393638267
8.66205179236424
8.31061723961929
8.83688431279944
7.75415177150033
7.39123786077368
8.14674109747557
8.83786497210487
5.90141533711835
3.54078780663667
6.92557331230262
6.98974383957013
9.3456759689311
8.67286022006084
8.29568882570746
8.59768794327416
8.87639504943694
8.78535070626256
9.14777140194644
8.39816104084353
7.26535641385047
7.3577514218161
8.73596802407211
8.72111558480299
8.00634702856011
8.90265508413329
7.95180985374527
8.54277916282036
6.87218717756473
7.2841153437075
9.02050124094701
7.67769328034267
6.5552159893057
7.86550270886499
8.48564104863477
7.48161519517041
8.84984438524014
8.19022256583354
7.7382153159017
8.04633904351512
7.3740744156093
8.84841316761799
6.60968335368197
8.84953573327954
7.24699156813384
6.90878308451795
6.4243948342237
7.91385818299371
6.85376243410541
5.98890806332957
8.69649248968349
7.0006226162161
6.37182284536113
6.84038111889399
5.92724813685835
7.50492712913345
6.41443084754065
6.98657605736093
8.42132354379858
6.82642148227973
7.62088779274592
6.47846858639684
7.40379655503602
6.97088577032479
8.21170513672338
8.30809492848509
7.33724080745328
8.85136329637572
9.12374114611056
7.49544385481
7.34748982055485
6.59325769486011
8.61393929734757
6.81640246333614
7.38793639242791
8.22351127647656
8.57211725526096
8.19605622114958
8.45125203300154
6.96391969309961
7.96996416677068
6.58493174668538
8.47728603429647
8.23115293550264
6.80745445819219
6.57666080504439
6.94546484427997
6.98384436330098
6.95071815391499
7.97619410232429
7.09288427523572
8.44206788979088
9.46869553124665
8.11023555386748
6.79704821277813
7.29220813672615
6.01790795902554
6.94083597733832
6.38920412000137
6.78350750653081
7.24255406846066
6.92593382472252
8.42629469328039
8.53604362414329
9.76915810314834
8.76780334024639
8.79477663347978
8.69647939089241
8.39297649607589
8.04274030895235
8.37539137309202
7.53351924553083
8.64875620089209
8.15546369159039
8.47038070059734
6.78099401882015
6.89829362733856
7.56505078445866
8.46480836683361
6.77467982229674
8.04379452406761
7.42607035982421
6.92608580145951
8.56392638894868
7.95537287297625
8.21854929930154
8.10955112185138
9.23358323278352
7.79680139283382
6.77494502476071
7.26660236342464
6.91700760221979
7.00084537888646
7.27663325592313
8.41114055623823
7.98637680376655
6.94768203830607
8.23209666952362
9.55203672845466
8.37605841590761
7.87242713848219
6.36658812500458
7.82999995569822
7.38413959939177
7.2812782341164
8.19312591994179
9.2899468613952
5.77250428686797
7.16161599950934
7.62619195178685
7.61982512698547
7.97252615935019
8.34024412798149
6.63895970816227
7.39305207587017
9.1526982322531
7.6582173792711
7.55834634870283
6.53609393815438
7.04010639722159
7.5932525153227
7.4034740031907
6.35734890513991
6.7715039680548
7.80572348326784
7.80291141522267
6.91521826951565
7.91499285745228
7.63329488785615
8.15899389669509
7.36929659812516
8.2757180428907
7.80048846050673
6.45697754172957
7.25228324386283
6.76444173666611
6.28616508035792
7.84196706343119
6.61076928376394
6.11547785418291
6.9060822257829
7.73078613782619
7.60977560173856
5.88320009188506
3.4638771993994
5.89575811660925
5.74115942529746
7.27471437156793
8.50472781314248
9.19772440037273
6.8957574638023
7.44576416853319
6.45944694306752
8.19351620514164
8.31475458704588
5.67755321650353
9.74136558095335
7.78575916360187
7.37893247943262
7.44030679964106
7.18994220431823
5.61695074220358
8.67107784178594
6.70473703773365
7.4352868495043
8.88500712932295
8.64457884842888
7.25545087134885
5.56117075071396
7.99648630291605
7.39793170239196
7.42973558127331
7.55492191502705
8.51028381215235
7.70722609758483
8.31742605719372
8.05360310820262
8.39529448449748
9.08567417282257
5.51027762240897
8.39699761547974
7.90990043425066
8.33722841306809
7.81107918946678
7.98118098209097
7.42870715687375
7.88426752305741
7.51659099244831
8.37405500434547
7.11360530999521
8.33717422440468
8.54988588893539
8.20093790318579
7.36034719032153
8.45784908346283
7.97979783497397
8.16583958677039
6.22302069573622
7.61404722544209
7.84466438005082
7.23882958301726
8.20255284270822
6.55769903128261
7.89090681127421
7.7667590612391
8.28517716488002
9.04394366422227
8.69342518156505
8.00490960594226
5.71652487001932
8.12053384947315
7.46188177586771
7.05567778504494
5.66143494558867
7.80381112313503
9.133728305599
7.76314412984351
7.45719768171756
8.54784237704594
7.52052227859797
8.13986329307024
7.93188309661762
5.61467405917397
7.47363346752526
7.45285129499921
7.58737387097692
5.56478121552129
8.4659180397454
7.44704432149025
7.12683939194218
7.23310211934253
8.2861494283222
7.26211926840202
8.1244267614681
7.65572443182159
8.10354557477482
8.92795616246901
5.52109989218686
7.78178825268746
7.44100720669372
8.36378632373527
8.96801127055988
8.83964462709888
5.47956352560232
7.91967806374848
7.8142013060928
8.0167941576164
8.18004017820408
7.50505791028098
7.19727150487317
7.36695420408905
6.77970090172131
6.51676296312115
7.25104960108373
5.43817711264165
8.22943158960411
6.88553297204474
6.75634341335492
5.85317900009324
5.72642868949537
5.41871686914269
7.77286662915369
6.74417575764595
6.76440161398363
8.65793820531593
8.75567513256981
8.62161992487865
7.65609420619587
7.57541986976737
7.89707419118045
7.44102199672784
6.73503702942918
6.72391932593869
7.04623674358248
7.43415248008068
7.79426749643081
8.1709407457343
7.88880205332615
8.0531260587464
7.47491641136082
8.18135749697385
6.71460139232498
7.48419945186359
7.8684885353639
7.48803205601129
8.06856852562815
7.46536907824034
7.70461230372762
8.8768570931637
7.16029834310018
5.30044628561135
7.91970030493186
7.76082639977838
8.80277025983061
8.2952021263715
5.40112193548587
7.93965114473203
7.74962809423827
9.77740371139793
8.97882192298194
8.34991564896855
8.52573252463913
6.7167453947509
7.88601084606935
7.63247930975661
7.73490572810301
8.62683737901938
7.81851335724367
7.67003202404011
7.39231897671832
6.88385417342192
7.96362469328835
8.89276775756147
6.77897355527015
7.91299068510007
8.53394437727981
9.03305789338302
7.97164991419246
8.0710262593498
8.14941619237556
8.19782330197445
8.64101310619597
8.45509613924823
7.93371456676213
8.52034623935343
7.42551959537973
7.23855602600327
8.91805647789611
6.98536855155228
8.6899699292397
8.52185526144954
9.14578582909118
8.33488361209309
8.13707076991156
7.86174229498103
8.9009847400128
7.96216599365553
7.89079891141742
8.60118557756622
9.16252865639486
7.2556540644806
8.13400738238895
7.83571560731184
5.43918946846385
7.720943020308
8.10378625027943
7.99053107693496
6.72860426670224
7.21511086302734
7.82121809170563
6.3558082229055
7.48945707787009
7.92287670247308
6.71755965847275
7.05593529590489
7.41302121625757
6.10269396152577
7.4832534691575
8.33729581604363
5.38798805494487
7.29572121232743
7.28395510325228
8.39778354908633
6.93431706018652
8.78023647768179
8.08216554070638
6.80990787245564
7.47946217116196
8.47722845287236
7.81241407831493
8.23640201238964
5.86803688279709
3.28713804078316
5.29109043355441
7.64651487382265
8.18488896948693
8.02254546263893
6.64207845627816
6.8118495616234
6.72859402842826
7.89399008478576
7.87261884289731
8.76651357584914
9.25262652240104
5.66684657854012
6.54689765118665
8.47675737517787
7.80455091274409
7.62069751497421
6.9009852921742
7.33238862006102
8.06866850566542
6.97155109446921
8.01664614934979
7.93303597423626
7.45565332824036
8.51618730446433
8.58952595255728
7.59420962281866
7.51889999259013
7.96764677975629
7.90795252587735
7.50345040446575
8.08749982169269
7.57972680360447
8.62288222329244
8.05942272960283
7.98108064160489
7.22446182444723
8.43810883326835
7.24510659434417
7.5683388550214
7.9060175262501
5.74446029137831
7.88191036097333
7.28087047823505
7.73795902368264
7.35419847678538
5.80011603725807
5.07816207746685
5.43660886934491
7.31540551049056
7.37761919893281
9.01287330637181
7.96467529025678
9.23757052397998
6.99096823746206
7.48750173469421
8.22089188324451
7.44506641490737
9.20903277235426
8.00856777237766
9.26921797696126
8.11210284509233
7.31260186414632
7.07255203737123
9.15540492786712
8.59047231063646
8.15388593507344
7.64617138929979
7.48848041091578
7.6505966437221
7.96237456301439
7.30719407727495
8.28760053514118
7.94908577834411
8.1970474505618
8.07773661391242
7.37959310274993
7.10124949353574
7.37993560115083
6.57520214794647
7.91906167832667
10.1181126951154
9.10103926679692
8.27213271917396
7.46107233543695
7.65082067148758
8.92980326968172
8.91841286870573
7.61704894583361
7.49313688409154
7.46304662876242
6.96546289049909
6.7355656389691
7.59039950002422
7.37386671256593
6.7250894114442
6.73733297854607
7.36136270031933
8.03671688295016
6.00771519452558
7.36112575922817
7.48886780299292
7.48635572019475
6.84970367204153
10.0678820535404
7.34948206029953
7.24559995663356
8.11579188766557
8.36041536844957
7.45871284303343
7.2978529077379
7.47440672483457
7.90036539939812
9.33055914716996
8.64438051618077
7.33876144131114
8.08063775792759
7.47105405093377
7.32828091789221
7.72784009081128
7.32553362258565
7.5403074156774
8.24141585011554
8.78952130119302
8.05069605360736
7.46777125368261
7.309881397495
8.3080325479997
8.91212531267325
7.3177538749469
8.01904161005726
7.52639032106282
7.62086262280867
7.80123773315788
8.7931148525223
6.57261513265807
6.2077172812502
7.30707495434173
7.2797894665496
8.15061219414302
8.8920258946448
6.19138998296046
6.51692271929445
6.43092513347624
7.30514898210507
6.09696850696696
6.48299589323661
7.51064075849282
7.91082011232136
8.49856944505129
8.04436226218831
8.21154927376871
7.29382370618795
7.96615757530744
6.45117699161997
7.49026317987867
7.83055901993996
7.28236379759263
8.75244913451823
7.94708142640567
6.41838615516898
6.880959823988
7.39867170837288
7.27004674140391
7.55250014703031
6.3868620125515
7.42532470463228
7.25836290719586
8.98322357640619
6.97077316175388
7.98432835671466
6.35849734432871
8.72404726710871
7.24994297514119
7.86017181469183
7.20989943076512
6.33082105281793
8.14301775170158
6.79839305185118
7.94744821827582
7.45197434386439
7.82936434947363
7.14561226658061
7.24187951480435
7.44955812521951
7.71147777361096
7.41546620042877
7.40276796046889
7.83624764417074
8.69145398412827
7.32074773965706
8.00421763556274
9.13673088605044
6.66399428729132
6.30681951003896
7.12528094717138
6.29115643722882
7.23401236687703
7.66554782162136
8.48336111336546
6.27972686934352
8.24204058557077
7.89948896567958
8.41596694734544
7.77826046486357
7.22610121992008
7.00551966235791
6.25378775809932
7.83491696296615
8.47632459332265
7.42176076228598
8.44761558824492
7.21530459533362
6.98300108234154
6.9457299759748
7.28266857215648
7.8570817786233
6.35627206225411
7.05336533845789
7.41315095869126
8.07099602955942
6.22679997689199
7.59419964672209
7.45365784222551
5.86121752361846
7.58093373073368
8.7237537060874
7.60629711698085
10.2559458599097
7.25514773582572
8.83128470861676
9.07047397902172
7.94041718541079
8.84767417940086
8.50659569768903
8.19743278135593
8.69951722546022
7.67188502732838
8.69030969256643
6.21363965342511
7.00368833133026
8.42553617291667
7.56746192044388
6.41624674723969
7.94808586790585
7.83270070658605
7.39180577089264
9.37176660271082
7.21987092286116
8.40031823450541
7.73913200776373
8.49354839474049
7.54447550266647
7.14113861146537
6.62956117744354
8.24936759032919
8.82696745521197
9.2865366676562
6.23049003115106
8.30250523229393
8.28381202902398
10.2344063054202
6.19667733583466
6.74063066578757
7.21993215909522
7.59833761798961
7.46536860785995
7.5293194545733
8.74865517348811
7.39262633757544
7.72681511468324
8.38948875668211
8.73859754770851
8.50808280054818
7.86465120207454
8.10924179659713
8.29212485126572
6.76995742425683
7.78490434565681
8.40530412970077
7.50945404637734
8.20850318825324
9.36513264244583
6.76306880481934
9.15826351537447
7.48769991499991
8.39258852505403
6.75437406201566
8.95520916014516
7.46414188829703
8.51117343800093
8.5620122300583
8.64064742883255
6.21605534121555
8.23232256037178
7.44367895511732
8.15010090996775
7.67744529532735
8.43413566153658
7.39232351202584
8.63664380170207
9.27866977299172
7.46831928556049
8.15915341610128
8.69127941987042
8.52208198868745
7.77698678520487
7.28207197815587
7.03247829808847
7.42739034287006
6.87408963488616
8.66281285955251
6.68965448006966
7.98660828125695
6.61486274811556
8.51787797861464
6.70865068987283
6.10350717855031
7.22947729720245
7.6822649141167
8.1097071407684
7.3586828819626
9.18966577511484
7.24944404715255
8.64993884224614
6.20068574451711
6.3888823906697
7.1657160467308
6.00852224425753
7.22161175527351
7.58124917159933
7.89707282244928
7.83794110450127
8.25679814315508
8.8587839252125
8.29598460818453
9.15750621483842
6.66075940676938
8.11329075373385
6.76090319273275
7.69692284561208
7.24031678891651
6.69117696878387
8.35275195692013
8.39070481901343
7.74892065203163
6.3008164036055
6.82524189091228
8.39493150140996
8.23520734449517
7.91134357850613
7.48618521152886
7.6605809856678
7.88936073713631
7.21639345903191
8.57090723149893
6.75377967986086
7.82523844789042
7.97206471341742
7.2068465190599
8.19070053873934
6.74395398092098
9.92061860689271
7.19663480024322
8.30872621511569
7.06250205821171
7.49049992579228
8.20847914169486
6.7373243167197
7.5609536254456
5.92863207748968
7.18984541516747
9.08473906613118
8.41937170770838
8.51726018595057
8.38710365783537
8.04264669914355
8.56302346771322
7.06556929113254
8.3426956104864
5.85086109383252
9.22902520720928
3.2768820059171
5.80307759157917
5.62699302729473
7.47301833856897
8.66108502624471
7.17965540624438
8.64200791122125
5.5900328777577
6.98417714592186
8.66998629977865
8.59890869155726
7.25039351764547
7.23934314353398
7.83517075829298
7.94727713078896
8.76639830782426
8.73284513010885
8.94283869342496
8.31254366155805
8.50153623694042
6.75375517641439
5.56063766516636
6.93248923031407
6.22240984830616
6.93774491084047
8.5442937633095
7.30222862359922
7.19029998352188
7.09589057713102
8.48407703724104
6.92768184059483
7.18020569722538
8.85930486503067
5.52481349772377
8.42006862353256
8.42775937950085
7.60909917446071
7.17193741959945
7.98247835815376
8.37128929084009
7.13095310864462
7.16212345156786
7.34237091070269
8.31687991732033
7.13565667123503
7.15247374687055
7.28486322204731
8.52995222734138
8.26388507565362
7.97362359338316
7.14359322790882
9.29611864294813
8.11010655468952
8.21501525317028
7.99830227697212
7.13566328058122
6.99860206451615
8.0914577814429
8.16772445211809
6.90384016304409
7.1271588815352
6.87691662597125
7.99689437003461
7.86801875585306
5.49670617581519
8.80565758423907
7.23542396302514
8.12537165617015
8.65899474079577
7.18705249722286
7.74040845968489
5.7875005220903
7.12506104964492
7.63036389927747
7.71338197235253
5.46596069075737
7.88934376873513
9.17519854412264
8.73900461489474
7.24746922356408
7.11934452318793
6.37319944369781
7.6474299502546
7.82543939239924
8.15856168851359
7.99847168286315
7.32584001339544
7.55321655491595
9.21905563166495
8.93207562908455
7.55070785480823
8.00317063152291
7.94829085739942
8.38068038764265
9.93875426017084
8.89718498207217
9.15432691427368
7.51724496810108
7.66058191661448
5.44859044261376
7.47685869383396
8.87942431496942
7.90142694342741
7.55050411672839
8.38964561450122
8.63397349248285
8.29183349725898
8.5190096014398
6.78164461832901
7.12594556231155
6.92946155057883
9.3826459067244
8.2734978579925
9.27973848388295
8.70685400513363
8.02664885402743
10.4959811239073
7.95382112488247
8.26303479851624
7.96479420305715
8.20700921969452
7.98373962121424
5.43772298274025
8.34617670648716
7.21115898924842
8.03042290192085
7.70090443212977
8.53034273464394
9.76865801017092
8.69012475079593
8.92464530401302
9.40022129660764
9.55726567371715
9.09602249237905
8.43558583987605
7.35187022128066
8.70425559157943
9.25474394999026
8.08352056823048
9.46452846509433
9.67175342461794
8.22789070455189
6.5664157201928
8.99015209415909
8.55485866809797
8.55848483340186
8.94566044181512
8.73844279606522
7.90610413081388
8.87311877399483
8.71214308289131
7.01429205608511
7.92835247045552
9.15794633917793
9.62340241692148
7.16212418041285
7.67882673206506
5.4358734969026
7.93634904222816
7.32387990707551
7.89307327762234
7.15557984628562
8.52203994378595
7.36596529555519
5.90108370849659
3.53757024016167
4.99460319690016
7.65906045473073
8.59709313297464
6.47098967367362
8.45338402820298
6.7326100396242
7.43086945191848
9.42466552032325
7.64025408450849
8.67197012602043
6.53915615036208
7.58815546710718
7.90920153526524
7.61747132820078
9.31746398213152
5.87045306893611
7.75913910682257
7.10221540791804
6.91993746264315
8.81554606789837
7.59736338728289
7.73424583408198
9.47771784677662
6.89865025849714
6.91351131088027
8.39445893544535
7.57750401701517
8.60172705532136
7.15799240520718
8.40792123291671
9.24288250685404
8.88588038243646
8.91952074219043
8.17541139018694
7.59173302895539
7.56204900693308
8.05220322601561
8.27060038073884
7.15531591303812
7.56537403613236
8.79116820074924
8.59535440936128
7.54479506594608
7.22981253414874
8.0665351603706
7.1561732595371
7.42640366254324
8.41606373129673
7.14947839777555
6.60973370981832
9.34568911784779
9.08931293474834
6.35490205781777
7.8391611097618
7.52844147718722
6.36502338541298
5.58498628242218
6.33068908919775
8.36659683818792
8.40112655835776
7.50831374382981
8.72706819665844
7.74345717799101
8.21062187317176
6.41990793380362
7.73564155668951
8.04254901903624
7.83293514140315
8.33872652270221
8.67064161724451
5.97824900489589
4.53067084621784
5.51819696357237
7.16892168595975
7.88583539775048
7.12662320334685
7.71182866220719
8.51303678326988
7.37980179001491
5.87217902852212
6.31481323649727
8.16614662051105
7.16387317466608
8.12886339187443
9.00296973133207
7.35250872794769
7.58044267643555
7.51880985273133
9.0235380534443
6.29574511460945
8.330181366464
7.12802180635499
5.48099671339665
7.15752449902227
7.95648165918587
8.49825607731159
9.04769934612665
7.11409364706325
6.71289470796903
6.93130233474572
8.69476336582931
8.38309057049569
8.12391508130549
8.17243410532655
9.97579770444547
7.48675504341835
8.86904953624109
8.4760703691694
7.76743293558204
8.21798115427289
9.16106247278838
7.84491749179127
8.85889333237884
7.75055240207334
9.23302541014416
9.61925861712355
8.44418440015994
6.88032839192889
8.59081708030475
8.84236526837035
9.03348302556332
9.0233535233248
8.75915224020347
8.20537536661472
8.01010250544681
8.96873455976312
6.85841315842218
8.49872236074749
9.31253770377515
8.77314684772717
7.77302565621486
9.42793344627776
8.98554740282957
8.42057636435374
8.11907805860784
9.39604707101455
7.12133352146548
8.92894869234172
7.70377882596469
6.32852802504367
8.1742798225875
3.27745338154745
4.85711934018337
6.3119550220055
8.50228370602166
7.07362266272963
9.92398659657321
7.1034999348788
7.52307884277615
8.03657962273777
8.48503973341037
8.99414730794999
9.19221001078766
7.07434241179883
8.79532263978464
6.68767788707943
7.53893045995869
7.51385450859946
8.08203224298803
7.87862942942141
6.30325532021057
8.25788990890798
8.4101408673069
4.65221354928514
7.49682750553128
9.70543574632558
9.26160552091369
7.0139986329641
6.99494588763334
6.92459725972828
7.48180921123303
6.24553461795779
5.62388888993313
8.12894931867045
7.82086996002548
6.47054660912737
7.31574960150996
8.88072169606468
6.09079378867352
7.46493369216882
7.92877619027762
8.03457845484246
8.37039420883483
8.66820824137423
9.87939019917885
5.88208525116693
7.4990713428201
8.74629221594197
7.09567855042892
7.74920426877633
8.07391682298631
6.06953365068845
4.60149529904781
7.10026844467489
7.07650114412839
7.56959098018945
7.33251605018266
7.13194341018748
8.5520384016687
7.94290186327037
7.6299207624359
8.3787619454171
8.2427502954392
6.8336445337843
7.73199018936692
7.1718492999243
8.27257834784295
6.83966816780232
7.38297721445507
7.78021863474284
7.32318790842016
5.59825893453465
6.28769542939424
7.72338053803705
7.07150178552613
8.77002051598143
6.26812923503154
7.58269068339963
7.06184785939874
7.69005295902172
6.2488326879235
7.33033911459148
7.80829629601593
7.5561538822306
7.27677232359068
7.45522945581328
7.49808652644591
7.05283367952425
6.99628029600389
6.23049758669688
4.77496276014674
7.43798940498922
7.6687879563266
8.9166994168053
9.03280019284786
8.09400083177905
7.69382849893778
7.04695049288847
7.66314912571009
6.21328064100153
9.75847331794511
7.42392101661931
7.83807657562614
8.58832907028213
6.37310579522174
5.76860772500336
7.6697594681709
7.40827438971061
7.82160823405209
8.15381674434346
8.1918440365839
8.57211782092549
8.39658734024098
8.13815882677693
7.87303102388271
8.32013312972755
7.48784070749386
8.91374288057092
6.19641145799253
8.96903080822506
7.82834503069438
10.0318555690312
8.46427739338988
8.95554040580323
8.61737156447661
7.04764020838215
8.13020467760429
7.83471562497122
8.11293371734362
6.32165703835758
8.96571989079651
7.03267312390221
8.28767168693113
8.69847381790576
7.3542635303169
9.21065870577649
7.96056399133292
7.40355737424072
8.59162099037412
7.38345494688287
9.16612313832318
7.52330776029556
7.13506230487827
8.77101742615396
5.75836421824589
7.83190487674033
8.91843206462158
8.1678279866195
8.61136157391748
8.12729197766368
8.76797620522708
9.56833868056552
8.5057894049282
8.33691669524188
8.5823589558697
8.11738220747545
7.66083362738732
7.78384815990396
7.92382408788345
8.73224955200794
8.26529892548882
8.2129916810415
9.49280754746353
8.2543127858703
7.40308916171907
8.15925140710194
9.51620259184701
10.6082231763708
8.9662746734335
9.9957151435118
8.7632751936727
8.6377733775476
5.7518499328355
6.18474377759266
7.64212917902893
8.40126024706971
8.56325179248834
9.29376239818642
5.5089854466453
10.0504037987556
8.15662045711631
7.07312240647478
7.28848984064344
8.60097939361196
9.0398581942468
7.97753150024209
6.80030713424174
8.35103920811127
8.82934240735027
6.69243617756863
6.97066227927484
8.40372012731696
5.87101740300926
8.74379968185933
7.53870294427978
8.55489405799988
7.99478377446854
7.74687735419912
8.66344505630706
7.9784515521364
7.70248573183381
10.323149088829
8.58572728079061
8.63164057654542
7.47935973794287
8.5094932628039
8.51108933952142
8.08817769469083
7.30533201891859
8.16390583057296
8.44623129101902
8.57843865975172
7.6214914337868
7.16405401548816
8.56370024127236
8.53417240917726
7.78978360863619
8.38373934247937
7.81295586834976
7.92365498088515
9.04154468502081
10.5631300803917
8.48892384720252
6.368821374078
11.0394446862893
6.9735586279892
7.5362217656697
8.32919304816769
8.31538093269589
6.78768623216372
7.19581680528723
8.27168544601374
7.88721551463485
8.33668031516535
6.63673060168921
8.21547184152586
7.84403383358483
6.24807255016407
9.46684249447581
6.5353987530153
10.0293949742218
6.2068762456129
6.78864238078164
8.89108234183631
6.61450039567508
7.84975498419657
9.66180108489577
6.08832575154444
9.57450810059858
5.17940075045701
7.24804304570286
7.98846576096886
8.45883596081461
9.42648827493958
8.72936916581871
6.97319494015562
9.26864374750691
8.47947767940531
8.22932757780687
7.88989082435995
8.38990147533658
7.61946048728781
8.11444871405537
8.89610410180287
7.89997107797872
7.79555427765468
7.54434427744699
8.15822403576792
8.73465605661304
9.47785885248505
7.3542991932069
9.12580901590337
8.94104129019783
8.16630657900202
8.63609593046061
8.93140709693922
8.22646629222585
7.99170737047265
8.51174680771574
7.60749888619752
8.76761436594125
9.20767463813764
7.9265439631022
9.37606638729836
10.5902792473423
7.99136713714851
8.20459948317754
7.60375230222423
7.17090710670916
8.96559912316278
8.45216732268113
7.98631198917224
7.10378575059059
7.18976937075103
8.24811462077811
6.78765794642756
8.35205289427523
9.04711577457335
8.92286211239119
9.62278025186067
9.08007364477042
10.2031127045583
8.68446802980336
9.57883213080888
8.04362155424561
9.50800770027865
9.90089156224245
10.2516368894755
10.1971199775745
9.07710967224588
9.24574769731908
8.70198071199733
9.07118799426034
9.74788720674267
9.10874565075783
8.37336799174766
8.2383257835521
9.51275093036457
7.73642422889495
9.11138706893731
9.55354203222835
9.46399573209568
8.03046170513308
6.77789431934622
7.78288289316762
9.28277021097563
9.09928039029279
9.3042341316379
9.06117719458929
9.81325045945005
9.17198472410642
9.29776677264683
8.35258354937079
8.74013686931366
8.04431260598004
8.35603661931815
8.98349139938318
8.84691304434731
8.60365493307226
7.87260540083607
9.10762261410111
9.19609505251037
9.06478708005894
8.99425273438502
8.04878284622752
8.58863010740508
8.85139039613672
9.43387510686244
8.73803050650871
8.8630116047297
8.04483117444817
8.10056199245633
9.03082282882249
9.28594385287026
8.50354987875497
8.3303669763804
8.49959644885684
7.80340412352856
6.12617911840257
3.56447027930863
6.74698734117241
7.79063484415574
8.36755784435037
6.29739176642958
6.24628796584919
8.09283777239021
7.52201849752786
7.85319449731511
7.32340688651617
8.93468427853376
9.27519072870141
8.98456844482886
9.44870613397668
8.57684855564388
9.69793814037252
7.81570415359626
8.38617472727618
6.23127984001179
8.51065997063432
7.11780141253024
7.71220369427009
9.06026772001284
9.60122625319508
6.20098683305262
9.05645138293542
8.62431896577055
9.37398130697768
7.88732661321961
7.77632743881213
8.8140565549582
6.8432599573263
6.54608588835852
6.33772767964761
6.17344479940078
8.37324998458604
8.48039046594611
9.26243442753237
9.57187184265637
7.91098249091161
8.10888138222466
7.08114923451394
6.28502491335046
6.14729269678114
8.59282724962608
8.44495403766505
7.54829302470679
7.74007339210001
9.37219374973382
9.46998669845737
8.85260224570459
10.0878393017722
8.57747195535605
8.30457222868742
7.67814186325506
10.0661966288248
7.03507597871432
7.63326229652942
10.5431085677792
8.42815742404022
8.80862605556435
9.47501926598979
9.09570192234559
8.88184506245525
9.5268560843719
8.86058993064081
10.2901279889433
9.22510623940987
8.95378470589021
8.37250200818363
8.29238176891047
8.61879331230738
7.51135181237054
8.12674416358422
9.01986275856836
8.54071418097223
7.83219132077505
8.01294012485731
8.5312481718442
8.9622925245313
8.56662353836276
7.48089614486383
9.18820511440432
8.8157224256182
8.25902483278085
8.69630864236967
9.2619283705504
9.45165871982273
9.38468855713173
9.92077183220196
10.1365540005417
9.56741309213579
9.08846530556197
7.53629669021337
8.1475945363839
8.89540446282074
8.32991759505156
8.93772916739088
8.23374689695196
8.34323789606423
11.1919900048746
8.1456806680121
9.19991559801844
8.64915035680233
10.2523605776201
9.15062562626698
8.25940299424049
8.46384207945242
7.83191981845627
7.21939095187876
9.8794446069878
8.39978712119008
9.40382516238576
10.6022593025753
8.84082759114041
8.32151086679321
8.72744522332927
7.48346643680102
8.17083010239706
9.01285374367005
9.30004839631018
7.5801792946203
8.08559050218601
8.91934733750808
8.88426714759967
7.61255444507745
7.73330745695674
7.66447500033592
8.59639820632822
8.45131809865974
9.71210087363789
9.45031119906171
8.17187261300717
7.73902327301803
6.70937082052168
10.0679199092712
7.45801956106576
6.32873505707807
8.42185411023944
7.92795955206992
8.19930069283148
10.6089189283933
8.17051019258872
8.07140837595576
6.96614040607204
8.87431804421404
8.82278700788916
8.31939203251171
8.14511603282189
8.26533954534065
7.23278083863526
8.55354375378677
8.42139532188201
9.4204899776775
8.02181981188647
8.45481168036578
7.78665209964991
8.26594277723224
9.27228284899952
9.96785589259441
8.36556578372749
8.19892631242739
8.3579657045177
8.19953644775152
8.67581583641957
8.54272978473303
8.89590763269691
9.28062597186253
8.74931997562005
9.06350421973825
9.72555007801122
7.00387804978699
8.79350112930952
9.1727360438207
9.89537248693995
8.78235020294477
9.22279593934738
9.04128733242287
7.9388897667702
9.33427359117186
8.57368645150067
10.4872344125699
9.00051946693275
8.09428635875612
8.79291871546038
10.6845290004425
9.19451362671507
9.12718587510579
10.4358179351469
7.50554824585016
9.0996253981129
8.78729776683236
7.58120363764611
9.47869383445587
6.31774708347427
8.55022318256271
8.86444378696011
8.6288462521667
8.94099799055081
8.254296246759
6.29667464109599
7.64291596296636
9.61856010247971
10.1734146784745
9.75959757595967
8.82554030316461
7.39326932460686
8.26502531993964
6.28208379048624
8.56478969444314
8.70608696398077
8.24323189703795
6.25656962756969
8.78092058148091
8.59529449204196
7.99251670396557
6.23147623985552
7.37434910379423
8.49244494050281
8.1840594607698
8.56785640387557
10.1832605852514
8.19875025527707
6.21046554825342
7.82692741822719
8.66664483263435
8.4003087298287
8.86491793953016
9.05599351966675
8.67259435001025
6.18556404046765
7.59578096457696
7.46365563249565
9.82177137515973
10.4369734389306
8.14519557971905
8.96786496565686
7.68296990342008
9.21621881789623
9.21810229528591
9.82229069982047
9.95595128883826
7.73382679213659
7.69716151278678
8.03230413034796
8.14817000053544
9.44242431245393
6.18705841704061
7.80360067685278
9.32596694009468
9.42790271523309
8.50125539719372
9.18850802095162
7.19605629248889
10.4044292495578
8.54226295330917
7.77275765849709
7.73272246741737
6.93256030475093
6.95663136551049
6.89275104226859
8.25264536080954
9.74647276086969
8.18737499184254
9.89237741050356
8.63298525493532
9.69998967148677
9.37377922802
9.55898143023738
6.39189949813843
7.73685219205872
7.78901421960663
7.21027120778808
8.63449459822249
8.08127446675651
8.85115363247756
10.1574539898483
8.49554620793819
8.70131183116592
9.46127730348057
9.48067074785659
8.65451587361664
8.58410115300148
9.29238587879206
9.3477230771199
8.16544603393488
8.19432883781027
8.2662010974753
9.41985693644413
9.03720184925665
9.60342055833095
7.49387069220995
9.34045853951164
7.14273230401374
8.12673285018923
8.47180518089462
6.5538247369434
8.43379636203473
9.2802087880498
8.96926621661593
7.79222555953533
8.65429465558785
8.68724808241248
9.80775947306397
