5.81593930453112
4.85147022993005
5.04816018619791
5.31810426177177
5.32590711069263
5.58753332370477
5.28612128296742
5.46829783215339
5.63891228395448
5.34265531184442
5.44294102663633
5.44140645808226
5.20918341211605
5.34162326404264
4.94796243132492
4.42010017248779
5.24999711506067
5.34140860221177
5.02999445400367
5.43427916316216
5.45792749291774
4.57323907631947
4.89313617644963
4.21778793980041
3.75826702116754
4.87471907863594
4.98875698429999
4.44306316437304
3.50541812727855
4.14609016829531
4.40695290764455
3.48097912407034
3.49827963337797
4.57700526710073
4.46433508845112
4.20642253499348
3.76109788921053
3.25605419332547
4.64519336088146
5.22753022720423
4.55306495713314
4.40670225826679
4.17321594203151
3.26468722296815
3.84421604926007
4.87469382978129
4.59674724643792
4.47026678724603
4.72020945143346
5.21160052575748
5.42027226101668
4.76007578706529
4.17941009593422
4.46661761843655
4.99144669630676
4.62716813648433
4.31847023960609
4.04948638474944
4.05026807164402
3.44667164241699
4.73312054487653
4.4696166213874
4.28330186104757
4.17551807856449
4.56725858387412
4.73679838820021
4.26845050183755
3.8573465489921
3.06423731518251
4.63518733423735
4.5476693881384
4.64122256075102
5.07713595615124
5.05017929447456
5.02784451546148
4.6802767980442
5.15559625132379
4.99392220793571
5.13900187764272
5.14725340676002
4.93137682889245
5.33975562187577
4.43434226097966
5.08135093809898
5.00566417446466
5.43773607463278
5.21556759127925
5.52093349587074
5.6277863801257
5.24696887996211
5.32471110949442
5.20234821329518
4.69772828869973
5.04521672969784
5.26583851423522
5.27482717869562
5.32136509658397
5.60072300285322
5.60549200452452
5.40466410271589
5.44685527458713
4.92219860006456
5.25608291940795
4.99664771636823
5.19410259966847
5.15909301606869
4.78475580446374
5.00756822839495
4.97873799950005
5.23972708282213
5.2232037418786
5.0659220411173
4.99735501658186
4.89367408051951
5.12312789337732
5.02187418808071
4.92570283130844
5.27934588856686
5.40113123903873
5.3420683807985
5.42865596110562
5.54780369813824
5.39161696036054
5.44373302491112
5.12571062449659
5.0928417462834
4.81621149718168
5.32811017357729
5.17285263378304
5.40456985157251
5.45427480931847
4.88863486351737
5.43073715251538
4.4886011556275
5.24596832696631
4.24315399143076
5.47052222039485
5.32277473984185
4.71100091015679
5.15321668346109
5.16725845011681
5.64457964528573
5.53040844778224
5.09993221163157
5.40937921798702
5.60812290021826
5.55105383618411
5.62396815161832
5.62385766194591
5.41889741969716
5.32206519595538
5.48367004682042
4.97039735825885
5.14015508680722
4.95609174369558
5.34986272343917
5.18728161869647
5.11949713309301
5.279524613839
4.97809370652553
5.12703936460926
5.43346794502918
5.21464580864822
5.45009671001851
4.59959372201364
4.93449464271981
3.23086229066301
4.78242601352238
5.22528654293534
5.43336667193978
5.40274067890114
4.85579878260664
4.45806181590268
4.88954298223718
4.22994103980579
4.99157746277633
3.38280609295386
4.58902032039574
4.26700054842598
4.87461798688978
4.88644984740675
4.74133153791393
4.44617379752265
4.85067714406119
4.80792464535715
5.05592866350007
5.05297128649722
4.6361423461017
4.94638521918952
4.93549587433371
4.36856966938799
4.73387988613667
4.90989260410264
5.11340909475017
5.08350930793398
5.19709904087955
5.36928471142544
4.39867038712053
5.14823891854916
5.48110399536826
4.88718943024391
5.38229295418887
5.60038559084432
5.56204527344619
5.31494947788215
4.83966862661605
4.98902828162551
5.43322783113039
5.56183791486926
5.59275065558047
5.15504495395583
4.24058628558293
5.11820336028112
4.43710032227977
5.39701850276303
4.71674491576261
4.76455544591855
4.81825531382306
4.9964064024825
5.48391546954669
4.93007192675181
4.39872765539385
5.06015845765342
4.43186410725049
5.14577835640469
5.40597950734726
4.79204854334767
5.12703287814744
5.27107818639102
5.26793803483431
5.44863015272949
5.53170702522117
5.33063812702652
5.5172367483135
5.35021221776729
5.55811346046245
5.2771064240016
5.43075348255361
5.25184936933609
5.62015119422394
5.48187139538627
4.89400193187003
5.51758392524338
5.34241932007446
5.45975819147987
5.3972171339575
5.19867514718737
5.37536318728333
5.09639092210374
5.26915711713543
5.07781809176199
5.14091573190279
5.34107602313238
5.45502623854629
5.40663862259044
5.62379142163735
5.42355093978653
5.61284127504729
5.42518869802908
5.42293083983271
5.18046716396097
5.30564690541115
5.27662126593376
5.5973559091374
4.78708274951852
4.99784960868823
5.36299993173482
5.38830211718141
5.73905080306604
5.78699281886447
5.67531494271252
5.05016504894887
5.69494087568054
5.41188039238775
5.75280379985467
5.81478466434607
5.69600874663885
5.4162975608483
5.46306727043525
5.51866470125089
5.51338902028932
5.42896378810922
5.1274359615144
5.58531603336319
5.60398542602668
5.58829185858876
5.42739090798314
5.7309870128915
5.58166278386779
5.5489397017995
5.63459742610468
5.74618752991706
5.55833532614797
5.47867934268482
5.60509687468964
5.80111054178774
5.80597215512832
5.45607477614138
5.69385376903489
5.55882638214334
5.41977501348732
5.42220430309458
5.42884482270866
5.43327138510668
5.7199199541165
5.80215002706509
5.11310345125109
5.10709518716767
5.56706878463814
5.6922237998016
5.122785036123
5.58134793195933
5.37807660858926
5.6674756516096
5.61073647330484
5.5415621154237
5.67598088655195
5.71308643962199
5.4936842296869
5.58241295101145
5.24811878840919
5.54698153637967
5.35116643412968
5.38668225902583
5.39827865767945
5.0810188058497
5.4580708899549
4.94478387043608
5.33239621606696
5.31887522387991
5.31903433127298
5.3187365794518
4.75192579869865
5.07243513936735
5.11722424865836
5.28963461611432
4.88534146429735
5.19111843577749
4.39079747955859
4.662800593516
4.27907332869799
4.54923285900212
4.47826377505363
4.75956325465593
5.10476955051234
5.13747607778478
4.92238082179101
5.04234340934245
5.62419919311904
5.56311366245247
5.55336467695823
5.0917510399576
5.04002370722643
5.06426555227155
5.24103472182572
4.99678939260612
5.12004033896466
4.86119342973706
5.35651804762777
5.55293786514797
5.17536810712031
5.45040637180236
5.24777643632442
5.05990420544178
4.78273074156622
4.94566689883914
4.93164020629927
5.42891022481565
5.68374453768029
5.64167277117337
5.49287566411118
5.50409756675924
5.62916417277162
4.31505177931148
5.40022616308736
5.11519863099591
5.24424584624314
5.44843239357396
5.45232003607663
5.47609143716499
5.32143930429013
5.52842431075831
5.3061304104869
5.37018565557961
5.54397378166982
5.50237699967679
5.40651644655889
5.48883585056151
5.34472141882457
5.23162392066535
5.21176110221807
5.47741907515024
5.51154118051283
5.24133638336867
5.46862577967178
4.64684947381729
5.17279041587909
5.10667001241281
5.21180357058477
4.6722081483816
5.05726084529784
5.07070337750905
4.94358681765895
5.39153416303671
5.02109030937721
5.3554201597663
5.40787587774225
5.53624077324075
5.62163665923062
5.19758589335022
5.59941300055455
5.26852309651814
5.63509215046279
5.09617403593598
5.6291322707407
5.53000516347254
5.10628680300341
5.52028872352632
5.38669823472018
5.22152153738567
5.55044075569561
5.45242727725638
5.55170602040622
4.96342272908815
5.16117226741373
5.30052345561162
5.57342649676643
5.27992827083338
5.4129590123476
5.36003384314077
5.61052895550931
5.47888856678025
5.6399361741368
5.64559308071327
5.57807683175262
5.70803264712316
5.70692849369502
5.82388980301936
5.85690508918665
5.595070317656
5.6769461831403
5.37351209099382
5.4522732776253
4.78807670081001
5.23150562583164
5.3920632125126
5.51422665660292
5.61763891015665
5.64621705611083
5.34201862559688
5.47965448414891
5.64819882051374
5.44923235352678
5.59872038450436
5.66162252596259
5.79941581312057
5.92106286142264
5.92447346428106
5.84252276306361
5.76562759584585
5.59778147144648
5.69859259679956
5.24366191451211
5.25096389843405
5.11833414315913
5.25390649290915
5.29996142875473
5.73001651472783
5.64093057523058
5.54832871548689
5.17817810705682
5.4153002903251
5.75400112384857
5.85534496693012
5.95240354704172
5.92850708564207
5.9464239248256
5.71294611057286
5.55912045605726
5.38261475798961
5.21864513768356
4.98396733963192
5.46751612691809
5.69590980019059
5.62990254098798
5.55482207488943
5.66141485855458
5.40618714156307
5.42475133574407
4.61798592140694
5.39845418488935
5.18758563476992
5.58402803950922
5.60158773735899
4.81325576298503
5.3893356385049
4.91009940464381
5.43081758523704
5.15447045447408
5.7116984503213
5.59723206742616
5.79827115571183
5.78740693152505
5.73652362077522
5.39751451448772
5.33807920952015
5.15258921959108
4.97564859898873
4.82594180699366
4.50177030060281
5.01954088072232
5.48927586703571
5.43297760184927
5.61679286280016
5.3227355548064
5.489337155169
5.35813192850219
5.29730419101011
5.39556058869604
4.92976602074765
5.31603355290459
5.10474897669273
5.2753366004024
5.26633135523717
5.22667594773925
5.2358739662278
5.35171994000709
5.28285685568669
4.95547515842645
5.42060651877194
5.03686942715882
4.68742512755704
4.85211438914725
5.08096070290464
4.89457223347463
5.03686156799291
5.35250258859295
5.70047964199616
5.65392077154623
5.56432867074615
5.22784686376921
4.85459738068698
4.96354657674188
4.68353094025131
4.5876146459664
4.32436325260291
5.0313504007636
4.36402079916068
5.07895332615986
4.76797577663876
5.09449479429051
5.31415107901777
5.34590693246566
5.07494510644911
5.46304508689254
5.40788454704005
5.57794614984221
5.591865937637
5.57981076732134
5.63203794782746
5.52418563405335
5.78711106137621
5.72570409450372
5.8085504994702
5.6024415743602
5.4728977460508
5.76681000161117
5.76737144795595
5.83733214984543
5.36252269251167
5.4608321096281
5.55668586755805
5.5209254362522
5.76306994730781
5.70161568684651
5.85983604083267
5.72583945819593
5.58523950686505
5.72206959198538
5.41157520318035
5.36187494381395
4.09049334526044
5.07351604996843
4.89211440513163
5.11865821057782
5.17639989508731
5.10385007325686
4.81178578429919
4.30309479343741
5.03151461262935
5.22568506384745
5.26270892222396
4.4098265926853
4.96007286766859
5.26442150801519
5.01049033384121
4.9601586636828
5.29685706113255
5.11756547695685
5.3615501061861
5.34343996506237
5.51749293950756
5.25613840677053
5.10258070850467
4.95086434941863
5.26197215368362
5.17881482876897
5.35155669888867
5.52392050020637
5.56982740344716
5.50344761120846
5.26705563840252
5.61786192864163
5.43688611602563
5.46910655372734
5.5783321174162
5.47428872254296
5.13508249656566
5.65129986239785
5.36146380258833
5.17253054302625
5.5964660634193
5.43217485309317
5.54123998187299
5.64705925982765
5.55001996273148
5.55367735400096
5.20468623507741
5.28502346295277
5.44605113514192
5.61186753166084
5.75663673177099
5.37528383160373
5.567311955059
5.61217811860399
5.36803955853372
5.38814931856816
5.23516289419066
5.18215171122711
5.2776473666381
5.67527439952184
5.28432629518567
5.28916942798196
4.90304549435648
5.37344031346394
5.50163835261699
5.57808128199309
5.25618058428857
5.45063789013243
4.99424989549823
5.26901366472413
5.23041021096084
5.15140814117129
5.36228809998721
5.12839913256867
5.48622074334823
4.9142008984261
4.51195354273844
4.82444869145315
5.32884333236094
5.27017650181686
5.58035226933237
5.1329170608976
5.40113132060097
5.48948565112491
5.07599446672703
5.52852642334047
5.57918552176856
4.87167066612986
5.45190292749661
5.68365819572384
5.64717556998202
5.49236175315816
5.61125478046857
5.75935538606364
5.51482493779559
5.67323400269616
5.73664899522486
5.12234002019049
5.36300339238866
5.29844250615937
5.01630790973291
5.35493923579252
4.44516775373649
4.89398917975786
4.99657415908592
5.34785142177115
5.55417934318075
5.65664839377201
5.79766175212069
5.71036164338314
5.61752543039502
5.60146580883086
5.35658881169101
5.44981025613359
5.49032218545827
5.3693026587036
5.51414565858114
5.1371714625601
5.41557183134626
5.65253447235247
5.72670750500561
4.99395507638464
5.43855025600396
5.40908725351451
5.66853029090997
5.37930412303938
5.66085062743436
5.81597935181063
5.87037534287247
4.81868161821154
5.34082273363622
5.07212834951206
5.33095757238702
5.52452036497502
5.16620032416226
5.34476743700442
5.28490035934526
5.32684250707435
4.91675256696301
5.13393715472127
4.9616614065642
4.99501517185768
5.50455889555575
5.07946255398289
5.36484124249928
5.43688047686783
5.52582618581381
5.65576626187146
5.63043658812117
5.42064997529319
5.53091156632835
5.69856006568111
5.44484279807666
5.7975938161926
5.29461228116469
5.61218169560609
5.44032125468015
5.5695201618009
5.69344858895836
5.37605958512278
4.89160673908041
4.8950388252533
4.97603229665727
5.32682145889609
5.50149647977795
5.40899005886702
5.52952654014089
5.58440929407819
5.46683864989968
5.03096077967418
5.17768870741319
5.53091311242148
5.58886401840194
5.12209507809042
5.59571368161257
5.61468113507041
4.60868557737982
4.94826826737369
5.33635068014974
4.5655413786306
4.78122309961682
5.46223281471445
4.66298183315
5.27338877828364
5.64369127730895
5.68907273599986
5.51319354854087
5.7896557089894
5.7852248115203
5.60802619099496
5.75639654843833
5.62867271534233
5.33341886002861
5.42170621177146
5.60133638427719
4.89280519901375
5.18680585735271
5.46774126285486
5.30972926514276
5.51975450827339
5.24231868433858
5.40429569881216
5.23361704936496
5.1500516713621
5.07655933032925
5.11181097704046
5.36310643679773
5.31941475983127
5.5243654331051
5.60569499647446
5.58284172756689
5.49869189177139
5.62974657634645
5.13275249195543
5.25992833834746
4.81128834424796
5.2466398136194
4.76082691158135
5.29726649870538
4.63162853832766
5.32513138250701
4.93003947496147
5.17063841512858
5.37891194496759
5.65052476621006
5.46043716293656
5.48264046852505
5.76588405332511
5.67705170339108
5.23827659573828
4.75041762708447
4.30311466890566
4.56045155276487
4.85327082822697
5.26710772579452
5.42500392798352
5.63950131517345
5.67662136743024
5.48914664641593
5.73886564482702
5.5671831308693
5.29729454824915
4.58814315467169
4.15483536521938
5.27338539589529
5.33601316873799
5.40388249639781
5.61599416332766
5.22863632701951
4.80682452521751
5.15666968440058
5.1297288357234
4.82835545807306
4.99678924564738
5.04228385507834
5.35855328728585
5.12616827995995
5.36066876469535
5.35516590240207
5.19248128957256
5.37204416046078
5.37737010701249
5.2891503018552
5.23603802864277
5.3300072103002
5.53154208206447
4.06692038092051
5.10688472616099
4.73443422700958
4.76240955904976
5.12223250366205
5.01380552892215
4.99638021131196
5.26276025637927
5.10248293720231
5.14898323934212
5.38518793684606
5.58011385133504
5.53232551625528
5.70676024029176
5.75317668330358
5.52957988463828
5.80982860893908
5.76026103312947
5.8467335713744
5.77094340778983
5.74971687116449
5.63624585084025
5.51050184101569
5.75270618909312
5.36320270314139
5.25892620678655
5.38296771278268
5.30919945942718
5.38856205501491
5.24294117680345
4.90521862973041
5.31435907251403
5.60416169229769
5.26424892758358
5.52718462385107
5.26235998614046
5.3365833413018
5.20744352798072
5.55083681509467
5.26332492712589
4.96877090037925
4.60279765627508
5.19866412537917
4.85107937521814
5.05298368318581
5.30650941121868
5.02286871993761
5.1270498418338
4.94233715896748
5.05044531458606
5.32082400328443
5.36284586719614
5.568514165603
5.46797662979748
5.50525799331667
5.1202352254793
5.35417645677997
3.92278807427514
4.66933091720276
4.40437034095453
4.93023463433401
5.17507575412331
4.90476378896034
5.41375269266377
4.59312196130456
5.45886512032056
5.65515804999556
5.75781565967461
5.5292325266946
5.53865071629571
5.16793854601368
3.96106355451774
4.60793924873972
5.18439176888734
5.37774346873866
5.26334490830855
4.28064743423398
3.97947712789954
5.05262111450347
5.2562345099865
5.11099129378115
5.55489367840016
5.41987723918098
5.6897647177184
5.72054069224517
5.57454295903347
5.32592602187724
5.30374713705684
5.44334478723426
5.79394717890294
5.45163288111559
5.71130360987592
5.71696732866324
5.64419339524116
5.66331146370363
5.59728286971354
5.71964009418545
5.79567522613338
5.50879706003092
5.42588989315797
5.49757000770269
5.70051092299834
5.6357324822491
5.71637357814859
5.8400935435202
5.708149184832
5.78659051667652
5.81846194223501
5.43020430480364
5.38069223475898
5.50820698725803
5.58057199440806
5.38796540210597
5.45886518810785
5.19703133739347
4.99230475939507
5.07389738145957
5.01255020120442
5.23621098761222
5.19005907975265
5.44014745265518
5.73168836009322
5.56992367008674
5.5740039986724
5.74132812443913
5.64540810598569
5.76385886652565
5.37488403292396
5.70783569221862
5.69532527166768
5.53255991482981
5.30904594820814
5.21507596394053
5.28613466244542
4.92791854523656
4.88350304536108
5.41961857761071
4.98598873678125
5.38518166747096
4.38641348542871
5.07862202790488
5.31952216386592
5.27867810982219
5.30809581222238
4.88456159538967
5.14886441954348
5.34790316985683
5.39623216245228
5.51833423453554
5.6927167750147
5.74503657232311
5.6990217784033
5.67117048783177
