5.81593930453112
4.85147022993005
5.04816018619791
5.31810426177177
5.32590711069263
5.58753332370477
5.28612128296742
5.46829783215339
5.63891228395448
5.34265531184442
5.44294102663633
5.44140645808226
5.20918341211605
5.34162326404264
4.94796243132492
4.42010017248779
5.24999711506067
5.34140860221177
5.02999445400367
5.43427916316216
5.45792749291774
4.57323907631947
4.89313617644963
4.21778793980041
3.75826702116754
4.87471907863594
4.98875698429999
4.44306316437304
3.50541812727855
4.14609016829531
4.40695290764455
3.48097912407034
3.49827963337797
4.57700526710073
4.46433508845112
4.20642253499348
3.76109788921053
3.25605419332547
4.64519336088146
5.22753022720423
4.55306495713314
4.40670225826679
4.17321594203151
3.26468722296815
3.84421604926007
4.87469382978129
4.59674724643792
4.47026678724603
4.72020945143346
5.21160052575748
5.42027226101668
4.76007578706529
4.17941009593422
4.46661761843655
4.99144669630676
4.62716813648433
4.31847023960609
4.04948638474944
4.05026807164402
3.44667164241699
4.73312054487653
4.4696166213874
4.28330186104757
4.17551807856449
4.56725858387412
4.73679838820021
4.26845050183755
3.8573465489921
3.06423731518251
4.63518733423735
4.5476693881384
4.64122256075102
5.07713595615124
5.05017929447456
5.02784451546148
4.6802767980442
5.15559625132379
4.99392220793571
5.13900187764272
5.14725340676002
4.93137682889245
5.33975562187577
4.43434226097966
5.08135093809898
5.00566417446466
5.43773607463278
5.21556759127925
5.52093349587074
5.6277863801257
5.24696887996211
5.32471110949442
5.20234821329518
4.69772828869973
5.04521672969784
5.26583851423522
5.27482717869562
5.32136509658397
5.60072300285322
5.60549200452452
5.40466410271589
5.44685527458713
4.92219860006456
5.25608291940795
4.99664771636823
5.19410259966847
5.15909301606869
4.78475580446374
5.00756822839495
4.97873799950005
5.23972708282213
5.2232037418786
5.0659220411173
4.99735501658186
4.89367408051951
5.12312789337732
5.02187418808071
4.92570283130844
5.27934588856686
5.40113123903873
5.3420683807985
5.42865596110562
5.54780369813824
5.39161696036054
5.44373302491112
5.12571062449659
5.0928417462834
4.81621149718168
5.32811017357729
5.17285263378304
5.40456985157251
5.45427480931847
4.88863486351737
5.43073715251538
4.4886011556275
5.24596832696631
4.24315399143076
5.47052222039485
5.32277473984185
4.71100091015679
5.15321668346109
5.16725845011681
5.64457964528573
5.53040844778224
5.09993221163157
5.40937921798702
5.60812290021826
5.55105383618411
5.62396815161832
5.62385766194591
5.41889741969716
5.32206519595538
5.48367004682042
4.97039735825885
5.14015508680722
4.95609174369558
5.34986272343917
5.18728161869647
5.11949713309301
5.279524613839
4.97809370652553
5.12703936460926
5.43346794502918
5.21464580864822
5.45009671001851
4.59959372201364
4.93449464271981
3.23086229066301
4.78242601352238
5.22528654293534
5.43336667193978
5.40274067890114
4.85579878260664
4.45806181590268
4.88954298223718
4.22994103980579
4.99157746277633
3.38280609295386
4.58902032039574
4.26700054842598
4.87461798688978
4.88644984740675
4.74133153791393
4.44617379752265
4.85067714406119
4.80792464535715
5.05592866350007
5.05297128649722
4.6361423461017
4.94638521918952
4.93549587433371
4.36856966938799
4.73387988613667
4.90989260410264
5.11340909475017
5.08350930793398
5.19709904087955
5.36928471142544
4.39867038712053
5.14823891854916
5.48110399536826
4.88718943024391
5.38229295418887
5.60038559084432
5.56204527344619
5.31494947788215
4.83966862661605
4.98902828162551
5.43322783113039
5.56183791486926
5.59275065558047
5.15504495395583
4.24058628558293
5.11820336028112
4.43710032227977
5.39701850276303
4.71674491576261
4.76455544591855
4.81825531382306
4.9964064024825
5.48391546954669
4.93007192675181
4.39872765539385
5.06015845765342
4.43186410725049
5.14577835640469
5.40597950734726
4.79204854334767
5.12703287814744
5.27107818639102
5.26793803483431
5.44863015272949
5.53170702522117
5.33063812702652
5.5172367483135
5.35021221776729
5.55811346046245
5.2771064240016
5.43075348255361
5.25184936933609
5.62015119422394
5.48187139538627
4.89400193187003
5.51758392524338
5.34241932007446
5.45975819147987
5.3972171339575
5.19867514718737
5.37536318728333
5.09639092210374
5.26915711713543
5.07781809176199
5.14091573190279
5.34107602313238
5.45502623854629
5.40663862259044
5.62379142163735
5.42355093978653
5.61284127504729
5.42518869802908
5.42293083983271
5.18046716396097
5.30564690541115
5.27662126593376
5.5973559091374
4.78708274951852
4.99784960868823
5.36299993173482
5.38830211718141
5.73905080306604
5.78699281886447
5.67531494271252
5.05016504894887
5.69494087568054
5.41188039238775
5.75280379985467
5.81478466434607
5.69600874663885
5.4162975608483
5.46306727043525
5.51866470125089
5.51338902028932
5.42896378810922
5.1274359615144
5.58531603336319
5.60398542602668
5.58829185858876
5.42739090798314
5.7309870128915
5.58166278386779
5.5489397017995
5.63459742610468
5.74618752991706
5.55833532614797
5.47867934268482
5.60509687468964
5.80111054178774
5.80597215512832
5.45607477614138
5.69385376903489
5.55882638214334
5.41977501348732
5.42220430309458
5.42884482270866
5.43327138510668
5.7199199541165
5.80215002706509
5.11310345125109
5.10709518716767
5.56706878463814
5.6922237998016
5.122785036123
5.58134793195933
5.37807660858926
5.6674756516096
5.61073647330484
5.5415621154237
5.67598088655195
5.71308643962199
5.4936842296869
5.58241295101145
5.24811878840919
5.54698153637967
5.35116643412968
5.38668225902583
5.39827865767945
5.0810188058497
5.4580708899549
4.94478387043608
5.33239621606696
5.31887522387991
5.31903433127298
5.3187365794518
4.75192579869865
5.07243513936735
5.11722424865836
5.28963461611432
4.88534146429735
5.19111843577749
4.39079747955859
4.662800593516
4.27907332869799
4.54923285900212
4.47826377505363
4.75956325465593
5.10476955051234
5.13747607778478
4.92238082179101
5.04234340934245
5.62419919311904
5.56311366245247
5.55336467695823
5.0917510399576
5.04002370722643
5.06426555227155
5.24103472182572
4.99678939260612
5.12004033896466
4.86119342973706
5.35651804762777
5.55293786514797
5.17536810712031
5.45040637180236
5.24777643632442
5.05990420544178
4.78273074156622
4.94566689883914
4.93164020629927
5.42891022481565
5.68374453768029
5.64167277117337
5.49287566411118
5.50409756675924
5.62916417277162
4.31505177931148
5.40022616308736
5.11519863099591
5.24424584624314
5.44843239357396
5.45232003607663
5.47609143716499
5.32143930429013
5.52842431075831
5.3061304104869
5.37018565557961
5.54397378166982
5.50237699967679
5.40651644655889
5.48883585056151
5.34472141882457
5.23162392066535
5.21176110221807
5.47741907515024
5.51154118051283
5.24133638336867
5.46862577967178
4.64684947381729
5.17279041587909
5.10667001241281
5.21180357058477
4.6722081483816
5.05726084529784
5.07070337750905
4.94358681765895
5.39153416303671
5.02109030937721
5.3554201597663
5.40787587774225
5.53624077324075
5.62163665923062
5.19758589335022
5.59941300055455
5.26852309651814
5.63509215046279
5.09617403593598
5.6291322707407
5.53000516347254
5.10628680300341
5.52028872352632
5.38669823472018
5.22152153738567
5.55044075569561
5.45242727725638
5.55170602040622
4.96342272908815
5.16117226741373
5.30052345561162
5.57342649676643
5.27992827083338
5.4129590123476
5.36003384314077
5.61052895550931
5.47888856678025
5.6399361741368
5.64559308071327
5.57807683175262
5.70803264712316
5.70692849369502
5.82388980301936
5.85690508918665
5.595070317656
5.6769461831403
5.37351209099382
5.4522732776253
4.78807670081001
5.23150562583164
5.3920632125126
5.51422665660292
5.61763891015665
5.64621705611083
5.34201862559688
5.47965448414891
5.64819882051374
5.44923235352678
5.59872038450436
5.66162252596259
5.79941581312057
5.92106286142264
5.92447346428106
5.84252276306361
5.76562759584585
5.59778147144648
5.69859259679956
5.24366191451211
5.25096389843405
5.11833414315913
5.25390649290915
5.29996142875473
5.73001651472783
5.64093057523058
5.54832871548689
5.17817810705682
5.4153002903251
5.75400112384857
5.85534496693012
5.95240354704172
5.92850708564207
5.9464239248256
5.71294611057286
5.55912045605726
5.38261475798961
5.21864513768356
4.98396733963192
5.46751612691809
5.69590980019059
5.62990254098798
5.55482207488943
5.66141485855458
5.40618714156307
5.42475133574407
4.61798592140694
5.39845418488935
5.18758563476992
5.58402803950922
5.60158773735899
4.81325576298503
5.3893356385049
4.91009940464381
5.43081758523704
5.15447045447408
5.7116984503213
5.59723206742616
5.79827115571183
5.78740693152505
5.73652362077522
5.39751451448772
5.33807920952015
5.15258921959108
4.97564859898873
4.82594180699366
4.50177030060281
5.01954088072232
5.48927586703571
5.43297760184927
5.61679286280016
5.3227355548064
5.489337155169
5.35813192850219
5.29730419101011
5.39556058869604
4.92976602074765
5.31603355290459
5.10474897669273
5.2753366004024
5.26633135523717
5.22667594773925
5.2358739662278
5.35171994000709
5.28285685568669
4.95547515842645
5.42060651877194
5.03686942715882
4.68742512755704
4.85211438914725
5.08096070290464
4.89457223347463
5.03686156799291
5.35250258859295
5.70047964199616
5.65392077154623
5.56432867074615
5.22784686376921
4.85459738068698
4.96354657674188
4.68353094025131
4.5876146459664
4.32436325260291
5.0313504007636
4.36402079916068
5.07895332615986
4.76797577663876
5.09449479429051
5.31415107901777
5.34590693246566
5.07494510644911
5.46304508689254
5.40788454704005
5.57794614984221
5.591865937637
5.57981076732134
5.63203794782746
5.52418563405335
5.78711106137621
5.72570409450372
5.8085504994702
5.6024415743602
5.4728977460508
5.76681000161117
5.76737144795595
5.83733214984543
5.36252269251167
5.4608321096281
5.55668586755805
5.5209254362522
5.76306994730781
5.70161568684651
5.85983604083267
5.72583945819593
5.58523950686505
5.72206959198538
5.41157520318035
5.36187494381395
4.09049334526044
5.07351604996843
4.89211440513163
5.11865821057782
5.17639989508731
5.10385007325686
4.81178578429919
4.30309479343741
5.03151461262935
5.22568506384745
5.26270892222396
4.4098265926853
4.96007286766859
5.26442150801519
5.01049033384121
4.9601586636828
5.29685706113255
5.11756547695685
5.3615501061861
5.34343996506237
5.51749293950756
5.25613840677053
5.10258070850467
4.95086434941863
5.26197215368362
5.17881482876897
5.35155669888867
5.52392050020637
5.56982740344716
5.50344761120846
5.26705563840252
5.61786192864163
5.43688611602563
5.46910655372734
5.5783321174162
5.47428872254296
5.13508249656566
5.65129986239785
5.36146380258833
5.17253054302625
5.5964660634193
5.43217485309317
5.54123998187299
5.64705925982765
5.55001996273148
5.55367735400096
5.20468623507741
5.28502346295277
5.44605113514192
5.61186753166084
5.75663673177099
5.37528383160373
5.567311955059
5.61217811860399
5.36803955853372
5.38814931856816
5.23516289419066
5.18215171122711
5.2776473666381
5.67527439952184
5.28432629518567
5.28916942798196
4.90304549435648
5.37344031346394
5.50163835261699
5.57808128199309
5.25618058428857
5.45063789013243
4.99424989549823
5.26901366472413
5.23041021096084
5.15140814117129
5.36228809998721
5.12839913256867
5.48622074334823
4.9142008984261
4.51195354273844
4.82444869145315
5.32884333236094
5.27017650181686
5.58035226933237
5.1329170608976
5.40113132060097
5.48948565112491
5.07599446672703
5.52852642334047
5.57918552176856
4.87167066612986
5.45190292749661
5.68365819572384
5.64717556998202
5.49236175315816
5.61125478046857
5.75935538606364
5.51482493779559
5.67323400269616
5.73664899522486
5.12234002019049
5.36300339238866
5.29844250615937
5.01630790973291
5.35493923579252
4.44516775373649
4.89398917975786
4.99657415908592
5.34785142177115
5.55417934318075
5.65664839377201
5.79766175212069
5.71036164338314
5.61752543039502
5.60146580883086
5.35658881169101
5.44981025613359
5.49032218545827
5.3693026587036
5.51414565858114
5.1371714625601
5.41557183134626
5.65253447235247
5.72670750500561
4.99395507638464
5.43855025600396
5.40908725351451
5.66853029090997
5.37930412303938
5.66085062743436
5.81597935181063
5.87037534287247
4.81868161821154
5.34082273363622
5.07212834951206
5.33095757238702
5.52452036497502
5.16620032416226
5.34476743700442
5.28490035934526
5.32684250707435
4.91675256696301
5.13393715472127
4.9616614065642
4.99501517185768
5.50455889555575
5.07946255398289
5.36484124249928
5.43688047686783
5.52582618581381
5.65576626187146
5.63043658812117
5.42064997529319
5.53091156632835
5.69856006568111
5.44484279807666
5.7975938161926
5.29461228116469
5.61218169560609
5.44032125468015
5.5695201618009
5.69344858895836
5.37605958512278
4.89160673908041
4.8950388252533
4.97603229665727
5.32682145889609
5.50149647977795
5.40899005886702
5.52952654014089
5.58440929407819
5.46683864989968
5.03096077967418
5.17768870741319
5.53091311242148
5.58886401840194
5.12209507809042
5.59571368161257
5.61468113507041
4.60868557737982
4.94826826737369
5.33635068014974
4.5655413786306
4.78122309961682
5.46223281471445
4.66298183315
5.27338877828364
5.64369127730895
5.68907273599986
5.51319354854087
5.7896557089894
5.7852248115203
5.60802619099496
5.75639654843833
5.62867271534233
5.33341886002861
5.42170621177146
5.60133638427719
4.89280519901375
5.18680585735271
5.46774126285486
5.30972926514276
5.51975450827339
5.24231868433858
5.40429569881216
5.23361704936496
5.1500516713621
5.07655933032925
5.11181097704046
5.36310643679773
5.31941475983127
5.5243654331051
5.60569499647446
5.58284172756689
5.49869189177139
5.62974657634645
5.13275249195543
5.25992833834746
4.81128834424796
5.2466398136194
4.76082691158135
5.29726649870538
4.63162853832766
5.32513138250701
4.93003947496147
5.17063841512858
5.37891194496759
5.65052476621006
5.46043716293656
5.48264046852505
5.76588405332511
5.67705170339108
5.23827659573828
4.75041762708447
4.30311466890566
4.56045155276487
4.85327082822697
5.26710772579452
5.42500392798352
5.63950131517345
5.67662136743024
5.48914664641593
5.73886564482702
5.5671831308693
5.29729454824915
4.58814315467169
4.15483536521938
5.27338539589529
5.33601316873799
5.40388249639781
5.61599416332766
5.22863632701951
4.80682452521751
5.15666968440058
5.1297288357234
4.82835545807306
4.99678924564738
5.04228385507834
5.35855328728585
5.12616827995995
5.36066876469535
5.35516590240207
5.19248128957256
5.37204416046078
5.37737010701249
5.2891503018552
5.23603802864277
5.3300072103002
5.53154208206447
4.06692038092051
5.10688472616099
4.73443422700958
4.76240955904976
5.12223250366205
5.01380552892215
4.99638021131196
5.26276025637927
5.10248293720231
5.14898323934212
5.38518793684606
5.58011385133504
5.53232551625528
5.70676024029176
5.75317668330358
5.52957988463828
5.80982860893908
5.76026103312947
5.8467335713744
5.77094340778983
5.74971687116449
5.63624585084025
5.51050184101569
5.75270618909312
5.36320270314139
5.25892620678655
5.38296771278268
5.30919945942718
5.38856205501491
5.24294117680345
4.90521862973041
5.31435907251403
5.60416169229769
5.26424892758358
5.52718462385107
5.26235998614046
5.3365833413018
5.20744352798072
5.55083681509467
5.26332492712589
4.96877090037925
4.60279765627508
5.19866412537917
4.85107937521814
5.05298368318581
5.30650941121868
5.02286871993761
5.1270498418338
4.94233715896748
5.05044531458606
5.32082400328443
5.36284586719614
5.568514165603
5.46797662979748
5.50525799331667
5.1202352254793
5.35417645677997
3.92278807427514
4.66933091720276
4.40437034095453
4.93023463433401
5.17507575412331
4.90476378896034
5.41375269266377
4.59312196130456
5.45886512032056
5.65515804999556
5.75781565967461
5.5292325266946
5.53865071629571
5.16793854601368
3.96106355451774
4.60793924873972
5.18439176888734
5.37774346873866
5.26334490830855
4.28064743423398
3.97947712789954
5.05262111450347
5.2562345099865
5.11099129378115
5.55489367840016
5.41987723918098
5.6897647177184
5.72054069224517
5.57454295903347
5.32592602187724
5.30374713705684
5.44334478723426
5.79394717890294
5.45163288111559
5.71130360987592
5.71696732866324
5.64419339524116
5.66331146370363
5.59728286971354
5.71964009418545
5.79567522613338
5.50879706003092
5.42588989315797
5.49757000770269
5.70051092299834
5.6357324822491
5.71637357814859
5.8400935435202
5.708149184832
5.78659051667652
5.81846194223501
5.43020430480364
5.38069223475898
5.50820698725803
5.58057199440806
5.38796540210597
5.45886518810785
5.19703133739347
4.99230475939507
5.07389738145957
5.01255020120442
5.23621098761222
5.19005907975265
5.44014745265518
5.73168836009322
5.56992367008674
5.5740039986724
5.74132812443913
5.64540810598569
5.76385886652565
5.37488403292396
5.70783569221862
5.69532527166768
5.53255991482981
5.30904594820814
5.21507596394053
5.28613466244542
4.92791854523656
4.88350304536108
5.41961857761071
4.98598873678125
5.38518166747096
4.38641348542871
5.07862202790488
5.31952216386592
5.27867810982219
5.30809581222238
4.88456159538967
5.14886441954348
5.34790316985683
5.39623216245228
5.51833423453554
5.6927167750147
5.74503657232311
5.6990217784033
5.67117048783177
4.25063974273162
5.17426309036565
5.00906744597272
5.54879402831839
5.62732863599692
5.59031107153771
5.69910514653239
5.59686705695015
5.40533990575993
5.66526124748998
5.15866783978552
5.50743967693504
5.14550702718159
5.28376250813632
4.9732790627369
5.18605851653929
5.43172480597316
5.3150320304769
5.41141891505997
5.21952252129247
5.30986522347367
5.5194393542764
5.45837493731374
5.1021936902549
5.32320296557353
4.93775467144062
5.17188960153523
5.2903258090178
5.37934895065129
5.3948014295938
5.40970984633723
5.37743192806906
5.2389902754283
5.11087164379894
5.24559462511211
4.68460645573527
4.55330946375583
5.05096827247996
5.11254538944281
5.5236670694391
5.52446717259259
5.48602839375479
5.45653468661419
5.62954880877034
5.42278981797174
5.39330880737457
5.11395932002021
5.37274933652002
5.08821805638461
5.46904265287811
5.57368932068913
4.64786098989399
5.48339815047252
5.19413733427372
5.13613858363814
5.5094657351364
4.85020967087547
5.00240873792744
4.51372621454059
5.3432201008702
5.06589816886008
5.29473756600336
5.10814243496978
5.38755345955582
5.23552864781905
4.79201430366899
5.20413004935265
5.00669792248397
4.91835918764552
5.22269178174338
5.23578562690873
5.20556881800437
5.06744313650803
5.50654832745549
5.46172644312424
4.86636361216733
5.35287641025265
5.51985997501724
5.50027441143899
5.6243037141836
4.43616949753885
5.35565547095817
5.08807147900607
4.87948368561605
5.25363238515815
5.35427597817615
4.68713141364329
5.18403392724753
5.34256821317767
5.41161151394092
5.5184081337861
4.51842479139338
5.41100064738667
5.53966721596931
5.63518242461671
5.42419487157667
4.70312460972157
5.50228946010777
5.48059400598176
5.54961140111934
5.70594331254241
5.69221571753677
5.4332749261725
5.34056677180095
5.30626407948085
5.51480321423422
5.55974635165547
5.4934931619331
5.64430567610041
4.58526654605195
5.38230551228519
5.58432048422716
5.65066365057
5.45087041625652
4.7647141012989
4.55438162577967
4.706948908361
5.1443320336974
5.33087326496614
5.33870095351015
5.29157746667353
5.33726521054714
4.55607263534438
5.14107724011208
4.82542243620668
5.35121332870919
5.55517620738209
5.38969241790268
5.55941249205153
5.45259131022356
5.65757990716457
5.80858711776183
4.50831397501935
5.21838440012207
5.2488409227294
5.21666301208486
4.86010709283449
5.14279139553908
5.29135028935802
5.62104002795821
5.51671979713817
5.5754156097715
4.80430654300769
5.28592602654495
5.56485103788273
5.33387001978965
5.59249782480957
5.15671862389936
5.57171895509486
5.66234799914426
5.53145444736749
5.67624004447723
5.59030365327045
5.65383383877218
5.0106496217542
5.50281668549319
5.61529437539613
5.83803127908718
4.98552318551294
5.46045702457986
5.44581222836854
5.64803273011487
5.63367494576394
5.7707946508529
5.34797070608192
5.56057300354404
5.65178815052606
5.38335835117674
5.52220364405405
4.48323759982871
5.37561001793333
5.19140571662076
5.408002493846
5.20682228948771
5.13983463384363
5.27171008352568
5.63108940306388
5.17643700999545
5.19463380954413
5.19366784592112
4.561924842209
4.80480898496365
4.84318108414273
5.3631373666995
5.29192270376582
5.45963615126201
5.5920708292747
5.58725231126762
5.28434784197518
5.37065031147
5.43718933629436
5.5011840032392
5.66651465207325
5.61603504399793
5.23108975037079
4.53621726149337
5.32940128112666
5.3178846430134
5.27972816747242
5.18782111217525
5.26132067536894
5.47449909348778
5.51514875926886
5.76875452109381
5.62696861154425
5.74415620707059
5.38564319802885
5.66779904724387
4.86082559981702
5.34776230348677
5.47908225218001
5.5203079541483
5.48063770411485
5.23163153872174
5.56441969115121
5.55340672890477
5.7026802833265
5.33007066922673
4.53882356719414
5.33458807373309
5.16914586312146
5.24307167823996
5.35717152582046
5.43479119688055
5.33394871928208
4.98027504687842
5.45669510182484
5.25048415056282
4.9627675547872
5.28011898499981
5.19325197161514
5.49184258632902
5.49026396661597
5.73261202903687
5.53531147095944
5.72591229354714
5.67824605194223
5.46277537340248
5.24874637175648
5.17832671501315
5.48668643331984
5.52159964600457
5.58779171477315
5.46147180832061
4.94847669576635
5.25727700952185
5.46491615250542
5.26946151331893
5.47590301035364
5.15296266065533
5.5275015431862
5.61750642602395
5.61215287476478
5.6825776815484
5.37065982150007
5.69825267156112
5.77622360312663
5.34418653883608
5.49082771865168
5.38167549999959
5.72490351815404
5.65880835650165
5.62644906612004
5.52572102544044
5.55346524696953
5.52539928780848
5.40535070359585
5.58807706959556
5.64467949286943
5.67671437429409
5.58178721494202
5.77351843219328
5.4838770639739
5.40187634333886
5.49490198463928
5.57885833762972
5.72341967330553
5.8098965918696
5.65327511602739
5.69026172697496
5.75253378309462
5.10588200416484
5.48868074238385
5.45521431809892
5.48086873716515
5.23710588329115
5.41963698551699
5.33905285353267
5.20196748401324
5.28083243718248
5.438176866553
5.22489446116973
5.57552027644359
5.29622493530615
5.57119234760246
5.03283182877767
5.14437110251666
5.43138397035493
5.58843624402618
5.6831858646181
5.78927715631919
5.69446860739921
5.66458472177255
5.73474577124683
5.39196637455957
5.52216010203872
5.46065129588997
5.63529559050778
5.59360494584865
5.59448175297385
5.35749456000595
5.29834042708814
5.59608206270775
5.6375286766724
5.62194642323563
5.33659288828327
5.54234925950834
5.30000759803892
5.16443299491548
5.11306429126259
4.99296591458832
5.5541628687603
5.54993571483406
5.72852486668513
4.93309192760326
5.53944518779898
5.66442264385355
5.66549326173435
5.79134582484117
5.58629787534483
5.35463811383269
5.53896341278751
5.40182843306154
5.41871209752757
5.47248969826364
5.54036813735252
5.32063083932698
5.45949191076186
5.35688409050677
5.0919985749745
5.2987241965752
5.07010285019623
4.54008061633001
5.20989745486175
4.73812723743401
5.37447854872733
5.51485891527416
5.43735870695208
5.47640986169816
4.9525455377143
5.11085683009296
5.460068509004
5.54828163717144
4.70065153503348
5.18352440930827
5.47457408695207
5.31632490333978
5.4029583472155
5.6437090441185
5.40518547438548
5.34059438865805
5.68314604543643
5.58279417160615
5.49435466666062
5.33076604323632
5.25943268019122
5.28472076089701
4.58830161003359
5.00376146569691
4.77024815471955
5.12131021770657
5.28179644797222
5.36073750115382
5.20932968564908
5.23850584852875
5.39622257698067
5.36649424537733
4.97275770889443
4.74255635945562
5.27335571803088
4.97308579386654
5.4359711049257
5.29667715734319
4.59025069556553
4.89542211069541
5.59548046015397
5.71302667725562
5.8385442087319
5.69576935278227
5.87559777635254
5.09849305293793
5.31439857131443
5.56636888620936
5.76988978222908
5.75018902160406
5.41879631090917
4.48587786199915
5.12994701419086
4.70309122749187
5.21496870944378
5.42440580974567
4.86964244462983
5.41861075211177
4.96113202564103
5.27612639542167
5.18834757950903
5.1841216213493
5.38233713433331
5.28675308486685
5.25918842618751
5.40233623590057
5.32653750903001
4.7786818164052
5.40344769966918
5.41609564695528
5.28090714192625
5.5525679798942
5.60433006225648
5.54726832937621
5.50458947724957
5.57152724558054
5.71194699945639
5.38965902048769
5.5530475058705
4.86396409165799
5.24756906095319
4.9244453411779
5.08985178700078
5.29738939876154
5.41926793164318
5.5099487900509
5.29729974100099
5.37557627582785
5.25128976424633
5.47869743267318
5.06895075706015
4.89068758500946
3.84248831820275
5.11364620886485
5.29672290143025
5.67336398274717
5.49535832221627
5.60330528876518
5.19432374355053
5.57739114391133
5.68839954907107
5.26089871293636
4.61420808386371
4.89018671738579
5.33865326439007
5.34608776299832
5.45449658167725
5.4510551875125
5.11746189592125
5.46774966418422
5.1142721658016
5.41934382102172
5.34622349292999
5.68457925811499
5.48184869954303
5.710848729517
5.71232303189677
5.77279080465904
5.28398112835508
5.28988165033052
5.69899502319523
5.61732226410309
5.49261157047009
5.61288848047356
5.79164512425827
5.68757013381586
5.61990087348399
5.53061072377496
5.6882124503819
5.77637472342243
5.52995994405146
5.78819689414738
5.76320671247696
5.65845588836654
5.67600501214192
5.51206333075274
5.60851644793568
5.8152372547975
5.73650914977023
5.2013063631031
5.76462664311665
5.76675815776148
5.66824506243615
5.44641455264895
5.05971223659021
5.12275571785918
5.32169852397371
4.97989167742291
5.43587926404476
5.34618423704586
5.38051796700115
5.67643469997942
5.43786403970454
5.72343305288192
5.76739715380948
5.57335463005394
5.72955530500723
5.45080602873487
5.47857121408776
5.63847986083589
5.64476188986722
5.84922046178912
5.23063162708485
5.51989043136973
5.1597590131737
4.7834412629808
5.25405361156166
5.58232218379093
5.72235778486396
5.75114722907903
5.40542906534677
5.43246568817603
5.34677059908504
5.50177453119554
5.74930722707622
5.83020345012784
5.75863890655087
5.63773424418435
5.44703804290773
5.57392010380885
5.6801600662275
5.82213459146177
4.70098357074913
5.24726143583771
5.5501390455899
5.73631117491029
5.50358498123449
5.63683179404143
4.83990351695766
5.09912491849903
5.08114893117606
4.87355776618414
5.11058142144009
5.14714672184971
5.15279793288232
5.15324850106593
4.83914532809105
5.28409055107676
5.30460219512876
5.32201047109265
5.27187808679126
5.30361078186898
5.57894265052726
5.77932435172001
5.5944584771309
5.74494779604553
5.71709915490066
5.72324734302408
5.61166244607601
5.62160707523414
5.32418913666816
5.38838511594669
4.43435259886704
5.4454687329889
5.37945231439709
5.39526412754803
5.28901037387351
5.11107754398815
5.33984526626168
5.49929967613213
5.30434130953658
5.6442236274737
5.53071472156417
5.2583826653887
5.26711385606934
5.38291889432445
4.88617909898785
5.20452623909947
4.91593573619213
4.94645885478355
5.13794335982768
5.07287050079309
5.35329490900495
5.3809978659907
5.70986404878848
5.75261088782858
5.32631730048846
5.54305148633104
5.43964103463651
5.25177318127822
4.99081797076747
4.79407006004449
4.53052803151171
4.50613040212438
5.06560010354593
4.61611849190357
5.10455281432321
4.98566020368447
4.48879709419712
4.75861974391298
5.23457151526402
5.24870847467873
5.14547977272377
5.59869556761305
5.66517862759162
4.28476853573313
5.28910128009666
4.99598646904541
5.50275546452377
5.29548126681999
5.3194659248171
5.32740035971247
5.43649436716293
5.67033744266693
5.52158879645638
5.30160474905339
5.55717335940025
5.02679470282801
5.31564547246051
5.14881632838617
5.41760106133563
5.31527683416049
4.98133311312739
5.37822374382542
5.40324470277737
5.09511785952755
5.11063814128169
5.31642771602704
4.90771195721185
4.93104409910163
4.68631714216833
5.17906508128481
4.84918555526459
4.87511946801485
4.61924279888828
4.97706182077083
4.15235248268582
4.96841810505253
4.53940648181064
5.16801984494694
5.36671901198924
5.2522564978093
5.43868899371399
4.66141883960146
5.36068580612233
5.37325309123505
5.31070199777919
4.85946693017502
5.3531095609507
5.35930451822615
4.90579663019488
5.29047108720283
5.58981254166567
5.04935526837965
5.17406612324298
5.35832997062767
5.26866136070006
5.27441331749595
4.98205634760625
4.95368555896415
5.05465054109981
5.18226731232653
5.07392555050028
5.390323811899
5.50815102858812
5.6675688161342
5.53609682050987
5.36535894866374
5.38786329886853
5.48944029747351
5.41964609193961
4.13505968159337
5.11076502123131
5.58952156163445
5.72558327157046
4.86066685669053
5.39138780893048
5.18818765923701
5.16329750080969
5.26015242224609
5.17058504361737
5.19290265543434
5.47390370930068
5.66712962386136
5.49863336233832
5.60400101604904
5.5836742474492
4.8729713051764
5.47001717193819
4.70250999373318
5.12368567281274
4.99908467022487
4.34021109283724
5.00531867677573
4.32823296460382
4.53177224648364
4.59160795579166
4.67079704748214
4.8879482596837
5.08746619802352
4.98206908406244
4.57323220293554
4.65674570511461
4.78453877063952
4.66516854163683
5.19214112708174
5.15114838976541
5.26336369688529
5.21270412994866
5.55202804713149
5.43945002343612
5.38569489107079
5.09852879293593
5.62315566181297
4.81828595393599
5.06322320393822
5.3491317547626
5.39284029262629
5.61787447693278
5.41700097116968
5.45050701047692
5.01215329378997
5.13741129101203
4.98939135935427
5.31853856144329
5.27869533931008
5.33198978567438
3.78743330182254
5.14446758564335
5.2223874308828
5.11273228746981
4.54298616844429
5.4618490889374
5.54849943466416
5.26884908501336
3.45528509925058
5.20479706602205
4.99935256774269
4.87632245280215
5.18890384306979
5.5040181692696
5.38278681146063
5.38236977504381
5.46204876847169
3.91353299147595
4.85133690029175
5.0908297418027
4.91219593372251
5.5221300385784
5.54670141367969
5.18880290684867
5.1511585713669
5.30574853641657
5.13350601861207
4.82516431179921
5.0059213235805
5.26730695126429
5.54549625599563
5.67754400132366
5.1622403713856
5.29902996090631
5.32794452578919
5.68474848310778
5.42216097966183
5.22461286744316
5.43209721276644
5.46171776212639
5.24922745785165
5.57110818566268
5.4235406103126
5.63277571008598
5.38183647169851
5.32662882803891
5.19209242545174
4.9400119633668
5.38047575919769
5.35944254888872
5.16837290090292
4.86301820779647
4.74621145515585
5.33378158258738
5.30421966730398
5.12130759742554
5.31342635372491
5.63015635620687
5.54591752403399
5.67467477618632
5.63939303016414
5.55054151351709
5.39173419906478
5.14446487249898
5.05559848923237
5.08636196773723
4.96689333677501
5.27743597207375
5.32495175738042
5.55113442578073
5.35627896385201
5.40218593316606
5.3473138970741
5.58237545988578
5.55819083929546
5.50198099349014
5.35801539468917
4.69859158130746
5.41167543352965
5.57565779072048
5.5500209467176
5.41946497212329
5.4353655877838
5.14304489326359
5.19425403215607
5.43328603862536
4.89637194445863
5.23382687327609
5.42360805821847
5.77396952866929
5.15137906062018
5.51897670950863
5.13350858014982
5.18065672078796
5.45948283144068
4.98776194671264
5.45925211551677
5.2740455145958
5.42371571975327
5.34713266305915
4.94031624493026
4.74066968117883
5.21385773095372
4.73252505000369
5.0595214590433
4.7328650232341
4.84488057008464
5.11037192446175
4.14335311186234
5.02855818020791
5.52727001013755
5.43342818519505
5.18745863863869
5.41150285759232
5.65784903142764
5.63179937289842
5.5689705361669
5.27029824554681
5.63634495238552
5.47573809430551
5.45579621858226
5.37953008072582
5.64689673214817
5.41515178098149
5.68978609315596
5.24572721306255
5.3553052245877
5.14121570471406
5.58661265610813
5.22207404359837
5.35988350719339
5.08597481062021
5.37948572069443
5.13361476496818
5.30666972619278
5.27019789329355
5.71667805177868
5.77494902964189
5.62785653237095
5.62956298532835
5.73332831801488
5.20080218526455
4.98947601012242
4.52285600244904
5.0657541998124
5.57134663009787
5.54979554751904
4.83114020880064
4.53708632618224
4.9413363521612
5.01137056798932
5.37134531169206
5.65452643702313
5.40745757947606
5.64170735130465
5.50431015561932
5.51121380576103
4.66987284532351
5.06825980637456
5.44483125693085
5.2925490323064
5.68339264612921
5.19361791132177
5.26350663269851
5.44222183027333
5.29153104308716
5.39065346037598
4.85369191178044
5.40107514846486
5.4567050219887
5.72426970598287
5.4998705148502
4.46847269158079
4.82293771510503
5.06250531073792
4.27232773124992
4.62521176077489
5.27715539287136
4.64971445454003
4.89201013446807
5.3587769625316
4.7695624318019
5.36242650806167
5.43150660636172
5.36527266604918
5.57297529665186
5.69466439185233
5.69528411828376
5.56988525908438
5.58673397438401
5.44552958646841
5.43264667120009
5.25156722417945
4.97473487594231
5.22139670589252
5.25363026359021
5.59939917389775
5.62452301172641
5.64888162497194
5.53065492465162
5.57949195765514
5.66312707079748
5.67717911431942
5.45606262721525
5.48917063148616
5.17290856973665
5.35983305448051
5.23304402563899
4.79121594207383
3.73625748152083
5.19642574517616
5.56751586488586
5.27537420995452
4.91704767146823
5.48174906392641
5.6926038074142
5.76891689807253
5.69154488839909
5.70249033531236
5.78914632986258
5.49695717706677
5.63717826260471
5.76457132716115
5.75238725172627
5.0572164276642
5.45964950817303
5.35999009202843
5.61874561129067
5.48870112800794
5.65468466082227
5.33411758746929
5.4638606205038
5.7007546048217
5.70570499660206
5.71975531021641
5.69393796144873
5.51877437411999
5.32312268177439
5.31626267264641
5.33704929826628
5.01482076937667
5.37964244054653
5.39848123180287
5.44135498699902
5.49122349577097
5.73148363039946
5.80548706124607
5.38543387879033
5.50537713844748
5.67638838740843
5.69100794373562
5.53608586878258
5.74651895894259
5.37938564805401
5.29123262574022
5.72332454055208
5.74321714276273
5.71809347556635
5.5418224310217
5.42324051111081
4.78054815752013
4.9616127925928
5.2508040268141
5.2226834497832
5.29288455697245
5.42680269023156
5.49129169902234
5.41018954894751
5.40129333685422
5.51445172563713
5.64824550849548
5.66546414351113
5.7549438490544
5.18942327466614
4.8577262853324
5.24755532439024
4.47231849011641
5.18409627588988
4.05694535232441
5.18323306898731
5.17193742209532
5.27947751444684
5.28790216788974
5.24342054545708
5.09628678567062
5.555180714334
5.49696292726374
5.68602480751197
5.27762949399944
5.72187980908901
5.79569535619375
5.74349846086417
5.88059425919674
5.87605162144546
5.2445636906375
5.40901894270272
5.43084271310564
5.39206218691377
5.23225182614906
4.90701890779339
5.18718634741479
5.17523974123846
5.38723275932123
5.39754607282037
4.63484664602966
4.99716117041348
5.27965430669657
5.24710710003948
5.48135378523948
5.39430488184296
5.17514249245293
5.40785480028791
5.24784528978972
4.69690877694101
4.81214680069113
5.0603440931715
5.24255831273246
5.50713045213221
5.44997195680159
5.6577148317171
5.60119302329646
5.71751095458607
5.77018361374599
5.53662630435236
5.46023562496172
5.58189602567916
5.51965961641448
5.14029141550641
5.35393055056991
4.94978321140656
4.89643733850861
5.31848126366488
5.56633371356715
5.49986501661343
5.79511467718151
5.5387308601671
5.3875333114539
5.4950574816814
5.40582135302184
5.53481998833371
5.62887690680532
5.38494120676608
5.41435455843852
5.58928014669889
5.39546825233582
5.38976591993343
5.45291343500867
5.66743768589865
5.4228906573473
5.68140597849087
5.20973102869029
5.62696392405225
5.15102861431369
4.92364378529344
5.53180982990345
5.50284618787727
5.52198958866722
5.50508356905988
5.35155180455429
5.39206116959883
5.58686156969952
5.52320626735638
5.49781788424603
5.47635581750813
4.84455898943799
4.9548412513179
5.19913593253489
4.93124359467391
5.10875967613308
5.05697780465346
4.85339197357721
5.27068967492784
5.0859459743853
5.20014176329225
4.84274023575253
5.36819439462158
5.19858474506129
5.45122272987405
5.61452809919327
5.30568558836961
5.37781668807457
4.24411329679719
5.08125739780755
4.96238614823625
5.2604248935797
5.23312903672056
5.34204265041407
5.02202879303722
5.05936929983507
5.1507649842374
4.3193964410356
4.23430918032517
5.35898326983443
5.71260315097745
5.72237982640585
5.40688561191804
5.55811131724299
5.54305648256335
5.55292036448193
5.48988658704608
5.20360208290555
5.11189477713021
5.44953871177267
5.41234347496979
5.47682386161604
5.31529967540645
5.14605540231736
5.48530553574648
5.45100877397966
5.40025683296274
5.61721154365495
4.63911301432479
4.72958623998558
5.18818826748477
5.39345876760273
5.22915122033954
5.44426562409103
5.55900870896918
5.73125557454863
5.59690451826453
5.26497195108763
5.3433291710508
5.18296960442797
5.63174906364052
5.58733616397197
5.18907603328706
5.34462281452989
5.70425803059868
5.65454837121621
5.38406406132353
5.55827781907961
5.21386744228145
4.90511121866403
5.35458827524841
5.2523687283821
5.33281000410019
5.42506761747029
4.9641750136043
5.28072603204023
5.4543900125581
5.27677717814599
5.43377008121288
5.28841609295041
5.51628124869229
5.48255162734217
5.39488003538426
5.57932224152165
5.51610607388718
5.53994963928866
4.60437957082053
5.31168289873864
5.05124204056855
5.0492481636579
4.99261479904188
5.46246484513094
5.15257621795687
4.91097145212959
5.40663105837118
5.59973527602226
5.3454527861556
5.29785881554306
5.45722215726873
5.5149971422341
5.59001740350332
5.34349942419722
4.58681635421139
5.08032329317578
4.81966277819941
4.84933717324088
4.93808815404027
5.08277303935153
4.8059714913214
5.19467237011487
5.00156069795914
5.44678165513839
5.70435646575389
5.54145686609556
5.6235984880309
5.55124544452309
5.65890849502615
5.30524571497582
4.91161415180177
5.02538873663119
5.26787250500936
5.42062729466719
5.13352548300326
5.32215586346243
5.39752777316495
5.6922238544082
5.602079636511
5.35886856460215
5.557902301528
5.37584256605912
5.62517962311375
5.55551748758988
5.76844667077407
5.79400590133549
5.42376751190834
5.50823400611372
5.68230057684121
5.66636246397977
5.44988051637369
5.13600375283649
5.03555954245302
4.56967855059038
5.41097488021741
5.65168828459777
5.06978868350749
5.56657265192
5.29806400364639
5.34333218867535
5.53392033741768
5.69417657408423
5.75150268002956
5.64688442041087
5.66953113135293
5.70701426409207
5.78053753549578
5.60609707290787
5.79848559743734
5.53826943078238
5.48317837666133
5.46917336987202
5.5375065742831
5.43766950925224
5.5744956701344
4.52021554436426
5.33461270042231
5.31298863404281
5.49847783987428
5.72596181153089
5.58906916283448
5.53003130667907
5.3820623431873
5.57349075903618
5.58036204800722
5.52994811189743
5.39017465268306
5.5618846459067
5.52533685439624
5.33078657218323
5.32894068695643
5.26009542867292
4.68260594178782
5.21533666421294
5.47454090356495
5.08040762597047
5.40300691574937
5.25464589026311
5.43368361218013
5.46510280146529
5.5101308963174
5.53955020004779
5.64676024437898
5.33640776786479
5.45420342603207
5.79005410900842
5.80410023158805
5.34866941650832
5.70289827665359
5.49505791808826
4.85178635687904
5.3688552503
4.95706661184733
4.30273322416181
5.21195288757859
5.28980285340025
4.97031919051027
5.21730039140306
3.06816543846734
4.0460807238898
3.19171384047432
4.71893332452446
4.93353679548905
5.18819043739922
4.87064221541305
4.70853014008001
5.02116072127317
5.17948227753796
5.36321282140897
5.66107249584347
5.62094897386988
5.73585737852271
5.88691134156219
5.38631169595615
5.75877138197981
5.26769283705031
5.47086270587068
5.56200061526404
5.11399276432779
5.52527157789608
4.99595679999152
5.15061619255708
5.20056088753935
5.500671565142
4.87068321531535
5.21495493324199
5.16266743680451
5.36664377495469
5.60352234797503
5.05468234900746
4.67114200355971
5.46032034807005
5.60030617085387
5.54134843684342
5.32564176310513
5.30062036211963
5.6208140575435
5.58891518376289
5.68952589702221
5.11466577930418
5.04709473752347
5.37361042360793
5.05252285338281
5.39920224815578
4.41652761131079
5.04759188140065
5.11019398061485
5.29105541417023
5.50121712607575
5.4479288947087
5.65155732885218
5.69423091259807
5.63924655207722
5.35419258314465
5.48649986639166
5.39339835304871
5.59574640252303
5.78269207338719
5.52208723508711
5.77676052766989
5.75295407893451
5.18410925734291
4.41638464493633
5.05084795305237
4.75877644145898
5.39649149717795
5.41373838207139
5.35666707208276
5.61515682821298
5.32298675814906
5.32769808303068
5.65841897309047
5.70190809425423
5.82238367995064
5.63890057774175
5.80251789964345
5.18098717721226
5.36807864078645
5.42184880957679
5.39321580404456
4.96002684775631
5.13761555782474
5.06620997230043
5.3222620021437
5.40769621523866
4.61507137300082
5.47425908339399
5.54835604456982
5.42971900887289
5.36117517049788
5.47083601162233
5.54978869433503
4.536372334243
5.2526169192352
5.39630892367353
5.31104268475167
5.64478964641042
5.21404290714461
5.11969055854676
5.33185940282221
5.36936088159278
5.47406017292081
4.76646800139012
4.53992757705753
4.50913181140279
4.78307429628006
5.0607897633289
4.56966017592612
5.19390088724718
5.34726184653084
5.50256685596862
5.55351907812228
5.68088643911993
5.47682853719481
5.14415928732575
5.31516438594139
5.12430909300639
4.79449015619655
4.89913883761975
4.9158405653888
4.97955970314362
4.94214097328781
5.37344841213279
4.9662299284546
5.39182830458736
5.20226725326722
5.28766036551727
5.53651153727598
5.31535945174001
4.53469768120108
3.54236396601053
4.67702983819832
5.29227020511894
5.4469048002237
5.42712561963342
4.54909432592921
5.20631362915145
5.32937627565828
5.65493579073871
5.65619968513738
5.65267449878307
5.6079859111803
5.55411352036997
5.62575044035876
4.46843433913391
5.34586336251632
5.39371030295682
4.69025943840457
5.28578597749865
4.86452329805376
5.50999453564117
5.21381865340756
5.40389908368737
5.47110945142877
5.52996107168063
5.5520765971563
5.1827562500845
5.24968207827857
5.28146987222064
5.03650586710066
4.40048007445706
5.21277051852029
5.56763246271771
5.685664476238
5.44844680325301
5.61032822311621
5.34019305803561
5.16781316570582
5.49095201012848
5.63698789767104
4.9313734738511
4.98838738166508
4.76242840638666
5.16866388436073
5.21518546613599
4.81357292352808
5.15468501539073
5.57595286213417
5.70268003787013
5.5150856459105
5.57430692882736
5.61329249857436
5.35420837791433
5.4456719551121
5.64913557628618
5.48625129950832
5.1875526244336
5.33945440186626
5.47878219565059
5.63462643204416
5.3812456320362
5.13494395229076
5.47181577068716
5.57352152629603
5.51052738109653
5.53805658182343
5.1905299282555
5.08890529866679
5.52339793568825
5.49649865010127
5.18854426241437
5.41284079379329
5.13719924159551
5.19141711520419
5.09872542748581
4.82150650894402
5.37332677211972
5.29948777537708
5.48157100190445
4.98445282428768
5.23851250638681
5.56018519149133
5.37527876053819
5.16642156975876
5.1267181381035
5.39119512002432
4.82535199642238
4.56356997882961
5.22089330844504
5.31716664691486
5.59704265544588
5.62365359319958
5.49653105609275
4.76063649512932
5.22469222705918
5.3467829541566
5.38688808444619
5.27964619750627
5.38715312778194
5.09127018020441
4.63073850079683
4.66731862787894
4.6605111073541
4.39082046598242
5.09040407026679
5.38591986433774
5.24872375079217
5.26631915075442
5.47838559853223
5.43491319110336
5.26840425545069
4.27500727417263
4.42586529112659
4.67651252218963
4.73361965179185
5.29931795334346
5.37436250547076
5.30668137418304
5.0965833359867
5.42205563969005
4.9195439699707
4.5048231068803
4.76365640162871
5.30738108979037
5.56941853106271
5.52923787258999
4.52928926984623
4.70016778497216
5.05488395430633
5.27698570412749
5.60322259478486
5.70638123283178
5.42473849194408
4.98921318611911
5.08292884500719
5.45364643528707
5.01419284100075
5.10523727905646
4.46545257751366
4.39601703034109
4.69547119115949
5.21148732572265
5.43766717320795
5.2505449047939
4.64276275717154
5.24117650202744
4.99894792601801
5.57105055217582
5.63924254701005
5.5891421766703
5.61780408122408
5.32752664066343
5.15902693707627
5.55348395170756
5.41489402304316
5.08189212240684
5.63929123986914
5.49541380050866
5.41220009945437
5.25423909199793
5.47095200120498
5.48681901407955
4.32409330829046
5.14274183375544
4.61145605628718
4.67715477296693
5.06234178388741
4.30838603923745
4.92002304562158
5.15650939791932
5.24820569776428
5.4737525938275
5.24563837927553
5.51644329158214
5.47125029811036
5.67410749214794
5.24442328264884
5.43443024392263
5.57372542126472
5.45265192300618
4.72940577758885
5.42922934550968
4.92155038465814
5.59027680377545
5.72480591787263
5.65507449640576
5.46758358831288
4.81085697007685
5.21235328234592
5.24263139312339
5.59567716992344
5.42017522026452
5.51652080327986
5.47948908001843
5.55760838563653
5.76672774471066
5.87060348169369
5.83037013319145
5.68024873686692
5.76815077921075
5.81777822212953
5.5678882604705
5.62405051946336
5.58099487458991
5.27239445967255
5.60779606796368
5.4095898261167
5.50859629968114
5.21315910240884
4.92639747284233
5.40490136766157
5.33780456711699
5.48756829690196
5.56504749526077
5.44117275630037
5.59928026604304
5.53926466783443
5.6143089291155
5.67528319114052
5.55243785286087
5.43752852219171
5.58496142626584
5.35623252403992
5.59259530410003
5.59749533016415
5.56412662457099
5.34092527608457
5.10005027084566
4.50542776192664
5.01221372601287
5.40846046848619
5.57176558797628
5.54189772760111
5.48145213870035
5.54049578532639
5.53220218545767
5.69224648830298
5.71357664842177
5.54107868557767
5.53522958676502
5.45586410368364
5.48982397783726
5.37050782161404
5.40458351228306
5.33980914540501
5.60061797193365
5.18293704783691
5.41127718018179
5.18078434884277
4.96609231294247
5.28552111207871
5.14657026705101
5.36019861486134
4.68041971415321
4.94819423214951
5.2402252209806
5.21272520983489
5.62155066010555
5.28546574347018
5.5373713757984
5.25518392471364
5.43591955438505
5.69962929982012
5.81069533462916
5.63665595851991
5.67797381556153
5.33209268062232
4.83025867682078
5.19246983430525
5.01150166440849
5.14730533944983
5.3285492043895
5.0737961730181
5.45157060013227
5.40144489060473
4.54425438726801
5.46840480043199
5.08071359991986
5.37016036073743
5.73881437879379
5.31604571923297
5.54723475034097
4.22951696258128
4.67901214286723
5.2252832694729
5.50937215004805
5.673005199676
5.49866940585462
5.6228710956259
5.15351796957688
5.09465630457395
5.33866606555914
5.29569776523037
5.48195647830471
5.60592963090617
4.76494095212078
5.20157719182578
5.36616754313538
5.07996504890042
5.26489258827389
5.50007130257764
5.62153231876586
5.51660947435797
5.36023244842549
5.29341535002727
4.39755721620725
4.88141956814903
5.48164800512407
5.37294512913522
5.66061057793196
4.99288507691733
5.66469172001501
5.56048099351141
5.70606358797629
5.5808052017588
5.68241349516519
3.88873744539865
5.20984735714832
4.32209127943173
5.03235099414399
4.97641134765889
3.83257235261449
3.892286855348
4.86028551197807
4.98467715987341
5.24776890757897
5.08060312631409
4.74358191138703
5.16054267106746
4.47192241676903
5.11733640886921
4.99518468667666
5.0242235270667
5.31925786479582
5.36102240893783
5.50177500007321
5.50536099459981
4.76075774547147
5.49107973660631
5.32701178255763
5.44949939352989
5.57314374936898
5.56426516575227
5.43645022651412
5.50581337396881
5.7636254930224
5.62466988273266
5.63912118859301
5.56917989575183
5.75127168139233
5.75017860765454
5.75990694118963
5.39491464292286
5.34160346712157
5.05702454300799
5.36330568426098
5.12876895007903
5.10357290918896
5.38429306453269
5.29137036437815
5.34692326528375
5.66128858230414
5.41073763172692
5.60277897002034
5.48468903576254
5.26040652696414
5.56630724612233
5.55396165397306
4.05780482649218
5.20077581207618
4.52445681825452
5.09703405287594
4.32129905080623
5.33535787181083
5.53562055115045
5.02114433722751
5.65317806501578
4.67609528321555
5.46701874250325
5.57091405694906
5.62335792361504
5.37513797732265
5.16867432461385
5.33583486053711
4.69003692834532
5.06904812861999
5.12250188306311
5.07992843682335
5.46731744811913
5.55788343423296
5.26912111469146
5.38164536733164
5.14302880067998
4.8934724980401
5.11972220330243
5.37439814304167
5.1917801569305
5.33576476187583
5.48045025593305
5.39675113676356
5.34919833234097
5.51061443452586
5.43332704321625
5.62263918807703
5.63727317343566
5.67814540327343
5.46644445632409
5.52962458241281
5.80820926912527
5.85580273210677
5.28437586175955
5.47939256319569
5.72581473265483
5.75102314944756
5.53100389125945
5.72949058859052
5.66877790095344
5.47245108702035
5.26747927990993
5.46020665545122
5.6551201467356
5.3879022952587
5.01928188412639
5.53376791454154
5.3900208032523
5.48215901656824
5.66064017856474
4.80655452885528
5.59877635398985
5.62145969289765
5.49907207987666
5.66081077254016
5.32255292962319
5.59091488985255
5.23568056490946
5.21822912266783
5.21635671317142
5.55535378826688
5.66014337836346
4.70914352505382
5.00951258218258
5.35176108689966
5.43166010998388
5.56513599737901
5.19085867507623
5.24602942608561
5.51245380205357
5.60131881892295
5.54387810924074
5.59323949884216
5.40378841113763
4.72446386829835
5.31500561843699
5.50700277578827
5.74783205645103
5.51433144943568
5.21296106866996
4.90750832809895
5.23179392328625
5.42313900625347
5.22856402532979
4.99821561711391
5.36262253032649
5.36424754820521
5.69481917342505
5.75985257260996
5.44029093382846
5.62165968674939
5.44937847136273
4.27371882537394
4.99992374508073
4.22802133773405
4.92483788893918
5.45944855903421
5.58102159672508
4.99486003546508
5.16688140930168
5.14905824651639
5.5464836052602
4.88081048270736
4.33266446094962
4.67329594738864
4.61257302503549
5.31800867262385
5.40138956215644
5.69692390946712
5.04223213265147
4.89623694898646
5.38849067857098
4.66385338124366
5.30917892802467
5.13326686722761
5.5167972342621
5.50256062438937
5.5246185552327
5.19942869033652
5.56504103745207
4.80928429157984
5.32534359883402
5.50794597066086
5.30034547722256
5.6415376983419
5.46314547828893
5.60947374627657
5.15373632502905
5.09917519260349
5.35565594420994
5.12102607002502
5.33257088000935
5.42385143356316
5.46819167303659
5.26167634339704
5.38841973208306
5.01832295162742
5.30855917946685
4.95679985795749
5.36473936817984
5.40598495709083
5.64970890861567
5.51518492453561
5.54574718986485
4.68921378041158
5.20357697534127
4.64166608686964
4.75368074848424
5.293458906009
5.60106502447683
5.00940918679161
4.93114616173044
4.83301117057913
5.29496357177028
5.16089842685779
5.0075289985765
4.85834287966705
4.54634881236613
4.55056595417008
4.63543068579233
5.30264954783085
5.18547358292189
4.65101576752685
4.94793388088696
5.32563898000093
5.09398127511316
5.42405353105009
5.44563793608009
5.46965717521937
5.48534416574549
5.54882275834958
5.4355037085611
5.11906962950788
5.55249899035617
5.7099497719837
5.44543578844066
5.19701040774778
5.55577878832575
5.53911536342512
5.34413816855882
5.51185600790016
5.17572352745396
5.35826716562174
5.1552813180751
4.615345117212
5.49624141867318
5.49274629323467
5.59530256672571
4.72352542509507
5.2714999858115
5.33988641198964
5.66795875547554
5.65434029869305
5.59779206577669
5.46271280060989
5.59553143304101
4.99833784226338
4.79143615706534
5.26640103554073
5.56298366565559
4.07273221665148
4.58929875282747
5.20249746961899
5.57602730942493
5.5997486820093
5.71816938176793
5.29559494643311
5.62664557297722
5.33646486354115
5.48890272797333
4.9871262726528
5.23181599498833
4.4941483122253
5.22946955696692
5.33635428368832
5.32382546723968
4.86371139929435
5.32091385534267
5.25957540784128
5.43422357293535
5.39847003002062
5.47115455544015
5.55190464599901
5.58892146671666
5.73834597913479
5.89424230224749
5.87362483772428
5.6522863687282
5.66811457238263
5.65626035594889
5.62298253380017
5.40067033998767
4.89958698655963
3.81336177252493
5.31558615899177
5.01229165710256
5.43261322042466
5.63225556602688
5.332304816908
5.45334996530049
5.41339589099874
5.44008966609371
5.37997081649201
5.5027859297483
5.52005905067856
5.4857007142654
5.6432356770486
5.66197748814887
5.64928993047278
5.458172434018
5.37957954516921
5.62085187005633
5.70117098184058
5.50736227560652
5.56491428543451
5.70863723046246
5.62290510516103
5.03213559659846
5.00026037927864
4.7922023424441
5.05309950884006
4.01931645200646
4.8464296165301
4.22793440478734
4.92513280670144
4.99575857389936
4.98061038455227
5.06487190325031
5.23754851691068
4.94986346838587
4.95975650322915
4.94770714497133
4.94732696090619
4.38459910697837
4.66878132767101
4.46408068858751
4.78693830754898
4.85357658679996
5.26280847814823
5.35104194206366
5.35210838601238
5.46200011552209
5.3522046840261
5.74632843262857
5.61555445060496
5.49214366404406
5.42087342028485
5.13078833088425
4.96126506337907
5.34852263526069
5.06977127563968
5.28843502621668
4.94891883124264
5.19272223060984
5.20979368458105
5.58799745939687
5.25764318238789
5.24457602919505
5.53380321194802
5.55251312083938
5.51380193302433
5.57964718004893
5.6684050627473
5.4269341767025
5.49264124917822
4.80992669449933
5.37513366299016
5.15820476430403
5.47004758010767
5.46470753762422
5.68410665922582
5.64966043092358
5.36417658652067
5.14373427967236
5.44355869489296
5.40856150884187
5.4890970658859
5.34857489342562
4.95131050757805
5.36777628474393
5.52706772812279
5.21921689579949
5.45597952674245
5.51686077461926
5.40546100288852
5.56903328885323
5.40379083326643
5.600385494335
5.3305043712361
5.27866161477758
5.52912372966734
5.34822346751749
5.56961211039633
5.19071018213452
5.58288119768509
5.63539995581922
5.5729556897799
5.70585827143885
5.60370362795486
5.35869423407458
5.64526862259207
5.36319916822085
5.58880578924536
5.31586376603004
5.49813562226182
5.29082374230471
5.33599416126627
5.46961754457266
5.61394368601596
5.23806747662089
5.51199170920821
5.6013563227557
5.54720425444243
5.77375575885816
5.51168515213087
5.43358739794362
5.45229008639835
5.48415436112145
5.47464851500197
5.34386692291645
5.5620167497631
5.68914072921776
5.69238125519604
5.1749539859374
5.48059496145425
5.57672463529818
5.7406520213948
5.63221230475729
5.46839328816702
5.24521765136797
5.49738966685912
5.47754449918147
5.52322936974646
5.71084904357268
5.58231935165416
5.37953223485865
5.51356586479072
5.41861072981328
5.22145055458476
5.58549688064421
4.98018117966542
5.05781241671615
5.35512767210756
5.05642090027904
5.59090896472576
5.76279272651503
5.80161779632811
5.14792845433586
5.54694799735203
5.5911095661547
5.69961935821734
5.41480024646812
5.62615884016651
5.3407589545797
5.29376310416059
5.41024863058734
5.31988201578414
4.76212786780133
4.27076867912081
5.27940637111522
5.4010414834499
5.45179845212272
5.1868984542565
5.58786119188232
5.83921477581584
5.68020951141899
5.5572558496638
5.45957914439857
5.40905489085664
4.69322993232165
5.50186118388355
5.43439528717249
5.34881709310881
5.57897448331131
5.64062908581897
5.80961735285642
5.49478405540408
5.47147878710323
5.37205986536829
5.61833115147976
5.62736212787174
5.37469019348137
5.55660227672125
5.46487595313734
5.45550393175539
5.41498978190356
5.24584868483426
5.6486322279842
5.38235919581308
5.64344219777271
5.27071667029901
5.19778635142724
5.38807614196638
5.44484890838949
5.32196279713456
5.56180055416769
5.36882872861495
5.56025261823147
5.56428259306126
5.64777441439888
5.38052980252795
4.85616987925395
5.04396391442302
5.23851477613825
5.4989709492093
5.57257180885602
5.4819846826078
5.31138001909418
5.34947640106868
5.6692184685236
5.67151682350481
5.08523938071601
5.06771322574496
5.1453011538385
5.0727776035652
5.30544876965929
5.49849951385276
5.01066363156001
5.42095418477681
5.05647548741206
5.15515382254176
5.21758986594988
5.15060028012871
5.48388755327479
5.30293793526249
5.6487741101931
5.686452364145
5.57151488105188
5.35740542433767
5.25988478295923
4.57947904289049
5.13145913836231
5.43958405745868
5.50633451748928
5.45938561599279
5.57387667511465
5.73827687094327
4.07862138377648
5.19871584790516
5.45538938507838
5.40378812758135
5.67793683599959
5.67544228471168
5.58120726169607
5.501733277014
5.64678452289819
5.77497492830944
5.62665829611535
5.66936037583753
5.20974811622686
5.5215800601327
5.33128026533472
5.60988266307742
5.83418284487592
5.74269727685511
5.81510847375346
5.83796032523387
5.86446572854487
5.6814823390923
5.77109201839146
5.42635600506023
5.48055760239209
5.46889180224859
5.80643872258573
5.58998852821142
5.38404464457581
5.58114554434476
5.64470241885806
5.73784009569587
5.29088613535227
5.73074355033571
5.72093351625282
5.67806551188989
5.76044920033174
5.59909130127476
5.63957945332765
5.14754041842936
5.41624857001934
5.43875788806143
5.60824412588698
5.57532392379047
5.35804743541213
5.42886132268708
5.04301065324361
5.38981488756375
5.47632453388482
5.28228941580471
5.05635866100455
5.43164187766266
5.39863820119954
5.56014607386479
5.35606113314599
5.36031704164347
5.30338094570475
5.5671556206077
5.23360589918484
4.0627378983432
5.31898728148465
5.21068248741919
5.26910261669998
4.05056795748627
5.11696994178684
4.23402470327894
5.19338700860889
5.14915549191482
4.30961016927454
4.26846355739847
4.80876864989099
4.96999491031625
5.50371127942078
5.50454361180915
4.89448779550544
4.88692677610493
5.26083381283
5.46895991385156
5.37587352579008
5.48876395949752
5.53944828796159
5.3395160182218
5.57735100401293
5.47221667636032
4.84490907814503
4.641634798326
5.0811820142943
4.95109818219592
5.48040859866469
5.45409370995017
5.49488002130011
4.5932052638528
5.03538690061184
5.2132422106495
5.33931659350994
5.30499314481209
5.24366214686164
5.56047256103154
5.57328717598439
5.50746921271076
5.42562433597499
5.47825942656395
5.49057335090678
5.43632451788621
5.12011019379133
4.56622178428536
4.65213665631219
4.9651026884998
5.01819319134296
4.93811896674727
4.52332774488282
5.16794546342917
5.09006793464725
5.35455264952801
4.38671243660697
4.61156283821028
4.26879985799234
4.11129680863232
4.83814056647291
5.18356453287979
5.29535988979012
5.6264025884929
5.62504700882586
4.84598072343514
5.2251044561315
5.29504661825984
4.95446476693745
4.66370977602902
4.26914663490004
5.00981140182076
4.68691446141944
4.67435669108357
3.62528959607832
5.06787759822857
5.28086431339561
5.260366278621
3.96787519051472
4.86552729215058
4.79070386437969
4.80473116891976
4.17581504028232
4.28727633171807
4.80133184134616
4.49420670831524
5.01853498949913
4.15703753209279
4.96603130921665
5.23249519765008
4.55226870386792
5.25959452380425
2.10024335128539
4.40870365146404
4.40124470002641
4.94614500587992
5.28542638983836
5.47349719680896
5.58305861053873
5.68740003167025
5.633371070287
5.68271399525861
5.27022517857022
4.79089395099677
5.54924171730628
5.68032229209347
5.63713208878631
4.40346211749681
5.39512718483961
5.56993027764999
4.37565149492449
5.21870917311726
5.44727590734356
5.36784903591778
4.61229082334959
5.1964985352927
5.20378726346816
5.45570655122405
5.28049110097376
5.57076625260703
5.75703110764263
5.26583078547943
5.523599620282
5.76855564153041
4.837897464554
4.82670033538321
5.30115167993675
5.61395969893909
4.55290868657227
4.3085477316482
4.45590177615863
2.60357761835039
4.68563983161363
3.21164930550895
4.6949927968686
4.41382118856083
4.57216431240282
4.39654384744485
4.66686451362323
5.14027242545029
4.14239081555047
4.68764703362142
4.87699737934815
4.50067840806086
4.73529643073862
4.31253659888273
5.15675442445871
5.08611354676016
5.33174796050704
5.39143268723849
5.05756677444696
5.42987844700556
5.32288013795185
5.42619605684518
5.49345842907318
5.30158603438643
5.19718270403946
5.10690179189876
5.11174424650374
4.96440758668559
4.39180207454719
5.22896545113551
5.06423530701403
5.11645614988607
5.67229385458782
5.17063692048164
5.63939883601939
5.49978897514857
5.74823323157529
5.60056936351867
5.41434760532338
5.37008603799442
5.43140217787337
5.52543188975199
5.71968937340732
4.97335891923933
4.24960596955022
5.25256316919523
5.57085328425661
5.79925838110227
5.28989826448742
5.64842545847388
5.47847531308244
5.62639251577789
4.46477002755933
5.28031966811156
5.36104970272222
5.14926548129764
5.37236255019913
5.4262461041291
4.43891644344266
3.90573737662151
4.08154369284422
4.97725071052318
3.0356491711324
4.85469234540921
4.58240965864317
5.14221368730532
5.22067170401278
5.22793699782269
5.35260652942892
5.27697711474685
5.00086896312265
5.04725501001043
4.65033088811079
4.87542140597687
4.27663178914523
4.58332801825699
4.65513301265455
4.99443985669916
4.9179941461048
4.29086971902863
4.85927722995224
4.45828211265057
4.4377557339094
5.21368773611301
4.33625702460153
4.73947236082923
4.71602652603364
5.14274809097881
4.88732938165235
4.98826024862862
5.48413065405458
5.44392724252759
5.62787517556175
3.89006368332706
5.34345775390932
5.37162333988408
5.13443937424269
5.43475872069317
5.01866541410126
5.23384319711826
4.83378279626062
5.03304664528684
4.87565122433531
5.26356962421593
5.08185226888324
5.05374940173693
4.71341976960226
5.45919123193905
5.64232420698101
4.50707307495936
5.22268528872064
5.01159049001806
5.49617136239481
5.54304011629589
5.31665204723633
5.323288860188
5.60778039762195
5.39131374309236
5.49873304821451
5.14073828608656
5.3569364790217
4.33070871403488
5.12666342716317
5.5809093137045
5.57018754716061
5.76415225492191
5.89661580222633
5.74697969601461
5.60966386411825
5.7166561715978
5.30875555415114
5.361287052403
5.32766099882622
5.67924230453314
5.49759112150021
5.63432767637727
5.43987407999078
5.10445647727078
5.44197505475019
5.5744260290233
4.66726479881931
5.49554956435953
5.38316212098493
5.19518385112628
5.52776732391671
5.75009182290144
5.48285777756895
5.64146351344725
5.41191487752734
5.67939523747697
5.30989169325024
5.56668959248821
5.29462631912575
5.16990782343543
5.4808874191092
5.43250147550155
5.29427134082589
5.01921118214064
5.28755339146798
5.56369743892783
5.25364668305266
5.37534700488597
5.08908375113515
5.26746254842051
5.08555135383009
5.01343522084528
5.38536326840714
5.71288054994438
5.66585224968634
5.55647670088425
5.51824855958075
5.44921054806533
5.64468965040344
5.63799637945407
5.59205550467015
5.45152836081527
5.46033077902082
5.28910065034463
4.76330077089126
5.2886667835097
5.24393739580748
5.29430786379398
5.58886587671675
5.5571512232703
5.67540234614339
5.16936468862333
5.41373572271041
5.37441960439585
5.40481424917664
5.00698745987637
4.39486572565973
5.32190976551502
5.48896337977466
5.41227321523718
5.32900700678797
5.53000505397481
5.78315245854277
5.53259777928225
5.20024403385735
5.30698130844106
5.41298994187249
5.67305690587002
5.43967687364228
5.74125360585415
5.76141491523576
5.74558978692459
5.55361084057241
5.45024221215625
5.40893175460403
5.25316460258399
4.92975037424508
5.56690741903826
5.72349184003339
5.07693139295955
5.47582123034982
4.83069692654373
4.94103604510983
5.20666966916248
5.12314148288035
5.26797502099591
5.47214608057702
5.43587784061949
5.64305380113326
5.82643799207304
5.47216388308004
5.38974695043469
5.04878882546931
5.47258137241049
5.59944719071669
5.23922795054559
5.16707984827369
3.79252409308266
4.94438315666052
4.28009313929449
3.60057841795395
4.79235649949936
5.21016023518597
5.28862341790732
4.8801441913213
5.45604058252773
5.3659052754424
5.54108568051549
5.13561666596216
5.39074195195358
5.42099301006223
5.49946902509976
5.5591750198048
5.75837393237051
5.5454696375134
5.39389617591098
5.45952679538692
5.4548761672793
5.62734403656475
5.56470558230847
5.66427366053784
5.6356350410147
5.11975901967577
5.48842447653372
5.53140762412217
5.67088363047249
5.07087729804317
5.12406880088029
5.37488194752128
5.15139340945074
5.34703592993634
5.55963970411936
5.41417029599499
5.76719562686497
5.68482178041323
5.86400242992185
5.77509004475215
5.77223796057497
5.33963087613105
5.4575154327626
5.05535448237019
5.16537518691152
5.39995566802361
5.66088563435818
5.75052492328839
5.74063322725798
5.57810274335476
5.69793176497776
5.51880606981964
5.51530025890973
5.57127867431459
5.32050713921717
5.61425543241979
5.49142688274404
5.53946981140222
5.48451021065062
5.36957129268237
5.42319546522055
5.44234696092398
5.43571725793722
5.61148615364203
5.71349670633668
5.69239563553684
5.77293619587905
5.79112627829285
5.51765145122618
5.63717846427772
5.06915038161667
4.98917342130637
5.15067782889206
5.29632821819341
5.64705826015694
5.50526785947818
5.60885488131377
5.72527187311229
5.78614383130311
5.78095272024747
5.7201616625115
5.46950275348473
5.68486132315136
5.71623910754972
5.5557846186486
5.2984747486535
5.65766118359288
5.65150175771638
5.2884044031772
5.70825492341061
5.78253867462334
5.48788853815663
5.60951986276316
5.47489465134931
4.70383219557392
5.18418904087021
5.21746173139675
4.91683516241591
5.26502863833718
5.30856911453193
5.07563291317628
5.23569099197
5.49957755857415
4.89866379831027
5.47916208332553
5.60524525499513
5.4975555952424
5.04708002486636
5.26318873667804
5.42823945906274
5.44961999903476
5.22107164114633
5.62595699005689
5.37150530669038
5.60587693166905
5.42480398363812
5.63538965889343
5.16588033425807
5.49373993233135
5.53375768750828
5.32344238438561
5.42123596507817
5.55903310478057
5.38842366637954
5.47182497032105
5.20842664864352
5.48327936075321
5.63019354339756
5.58255511159319
5.3976509172848
5.55624713556291
5.55238182556575
5.68343390120457
5.67257120089
5.42480101958329
5.39159640954055
5.43866452954024
5.17333791040668
5.42582595596171
5.20382589352285
5.38645435713624
5.09414110773246
5.34674438074843
5.32213313049899
5.72480520015927
5.79393952042613
5.33323652562067
5.28889709228634
5.2856919693212
5.47173824017774
5.43599466090607
4.96245432347711
5.31971223051622
5.55933051844205
5.43747654605528
5.67722517848054
5.63493621740432
5.82322858423168
5.76697169743086
5.16146911112441
5.52908241497453
5.40717976823027
5.29181648547693
5.08967155066375
5.05971782606765
5.15404894506652
5.50264994906706
5.4701808566933
5.38872826807764
5.55763039488977
5.67652163220191
5.69542708057172
5.61497060405494
5.84349842135608
5.71209216904566
5.66215856288027
5.48521590967241
5.42188254571542
5.24271770792684
5.67393018476212
5.6720361608877
4.91460530935958
5.33979385608216
5.38940570093501
4.91868891653543
5.30816147182321
5.65681164719001
5.7785443670409
5.6547420275237
5.28435724060573
5.32893647218608
4.96462794678737
4.44268279525372
5.35452630417284
5.51694575457569
5.42660995962644
5.60024622977928
5.12715330414614
5.47728140650261
5.29792263808545
5.47426994486749
5.72500620303468
5.79677504378167
5.79531574987902
5.38567457268989
5.55794587556671
5.56817869498964
5.46091763489986
5.37727369267184
5.45274941578096
4.34437973308298
5.28422191408156
4.88649701790709
5.34661557745843
4.36556978741394
5.30070279142772
4.77115240384331
5.28057078243154
5.2911901264416
5.54670983424136
5.43054767473389
5.57337208640365
5.42417576794338
5.25526702788871
5.46431132185404
5.3645643619048
5.45249933155114
4.82542779386562
5.4795707012095
5.50801154937901
4.9962790669382
5.45664043059916
5.55899206104739
5.67133437930989
5.70112418325703
5.50759348363331
5.38766927459639
5.66989272948717
5.64437758778845
5.39590195637044
5.59062700271872
5.54852242685244
5.37257627946665
4.92399602537103
5.16760104528684
5.39312780801006
5.22051718432017
5.20624690207468
5.56616632235872
5.36145215891877
5.35953698556095
5.27128951178093
5.48093125774563
5.66322781353775
5.25670838263797
4.79918731052574
4.87480335306321
5.271280264797
5.33454051860831
5.43623741286804
5.53604202662398
5.74176175580494
5.78828095062441
5.68470530464745
5.75764722609272
5.44476942987986
5.7702141148191
5.33906359993366
5.58089058828272
5.40943776834745
5.03942581303099
5.42823763605516
5.26590432689038
5.58259610974722
4.81864369933332
5.11869247361516
5.27021486400295
4.88692525088558
5.06678580979548
4.83152349019502
5.30070931479138
5.1773728706532
5.38544140212312
5.46931176816226
5.37795985200039
5.06912071372655
5.35143578941441
5.11644036601375
5.44118125589067
5.25670221757271
5.03559004111401
5.09230730011741
5.10686374668967
4.94175673589084
5.07914009648167
5.08852736691604
5.17085333009857
5.26708063008634
5.39606147674012
5.42364812988172
5.15178345647818
4.60589392392313
