-0.001
0.996
1.946
2.543
3.417
3.851
4.85085085085085
4.97997997997998
6.02802802802803
5.71071071071071
6.6495983935743
6.31850353892821
6.67071935157042
5.8739837398374
6.31975560081466
6.17659137577002
6.28541882109617
6.54149377593361
6.25856697819315
6.68607068607069
6.453125
6.60520833333333
6.03556485355648
6.29214659685864
6.22818086225026
6.27234490010515
6.39052631578947
6.01055966209081
6.03072033898305
5.82040382571732
5.99680170575693
6.004329004329
5.73377337733773
5.98669623059867
5.78929765886288
5.70528683914511
5.85843714609287
5.62870159453303
5.88646788990826
5.79513888888889
5.84741784037559
5.83018867924528
5.83014354066986
6.00850546780073
5.68434032059186
5.84943538268507
5.91592356687898
5.80231065468549
5.6421188630491
5.69855832241153
5.56274768824307
5.94533333333333
5.88978494623656
5.75409836065574
5.78787878787879
5.7128987517337
5.98450704225352
5.72688477951636
5.68965517241379
5.76350364963504
5.7562776957164
5.74812593703148
5.49545454545455
5.63093415007657
5.61860465116279
5.62539184952978
5.63307086614173
5.57869634340223
5.64012738853503
5.64895330112721
5.61463414634146
5.70345963756178
5.69090909090909
5.68833333333333
5.56974789915966
5.4593220338983
5.42078364565588
5.54295532646048
5.50431778929188
5.53484320557491
5.41155866900175
5.68318584070796
5.58392857142857
5.50089766606822
5.56805807622505
5.57352941176471
5.60560747663551
5.64393939393939
5.67112810707457
5.63899613899614
5.7015503875969
5.60196078431373
5.6686626746507
5.69678714859438
5.65714285714286
5.55761316872428
5.6375
5.76100628930818
5.67590618336887
5.55818965517241
5.51304347826087
5.52433628318584
5.56696428571429
5.73409090909091
5.55760368663594
5.53379953379953
5.68333333333333
5.8289156626506
5.65365853658537
5.81453634085213
5.73115577889447
5.64194373401534
5.52820512820513
5.78010471204188
5.74406332453826
5.53866666666667
5.52815013404826
5.59349593495935
5.6198347107438
5.40782122905028
5.4185393258427
5.50857142857143
5.65129682997118
5.71428571428571
5.68035190615836
5.63343108504399
5.62241887905605
5.73053892215569
5.67771084337349
5.6012084592145
5.56037151702786
5.778125
5.53481012658228
5.72204472843451
5.57371794871795
5.56410256410256
5.39285714285714
5.68524590163934
5.70198675496689
5.56810631229236
5.41610738255034
5.51186440677966
5.41868512110727
5.57291666666667
5.61188811188811
5.76950354609929
5.78928571428571
5.72661870503597
5.68115942028986
5.71691176470588
5.45925925925926
5.44194756554307
5.43233082706767
5.32075471698113
5.48659003831418
5.63846153846154
5.55078125
5.63241106719368
5.57370517928287
5.56048387096774
6.06072874493927
5.76348547717842
5.8781512605042
5.79746835443038
5.43965517241379
5.81659388646288
5.6784140969163
5.87053571428571
5.61883408071749
5.62780269058296
5.38565022421525
5.37219730941704
5.65022421524664
5.77130044843049
5.60633484162896
5.58986175115207
5.41013824884793
5.63594470046083
5.5981308411215
5.62910798122066
5.70616113744076
5.60952380952381
5.49047619047619
5.69565217391304
5.58454106280193
5.66995073891626
5.81094527363184
5.915
5.8391959798995
5.60804020100502
5.65656565656566
5.64795918367347
5.84536082474227
5.234375
5.66492146596859
5.7
5.55555555555556
5.58288770053476
5.38172043010753
5.57608695652174
5.375
5.55978260869565
5.37569060773481
5.32402234636872
5.59659090909091
5.65909090909091
5.59659090909091
5.73142857142857
5.65116279069767
5.67441860465116
5.64912280701754
5.58579881656805
5.49112426035503
5.40119760479042
5.98802395209581
5.75301204819277
5.86746987951807
5.8641975308642
6.04347826086957
5.65408805031447
5.72151898734177
5.89808917197452
5.79220779220779
5.55921052631579
5.96052631578947
5.50331125827815
6.05298013245033
5.60927152317881
5.67333333333333
5.92
5.64
5.88
5.71140939597315
5.72297297297297
5.94594594594595
5.73648648648649
6.17123287671233
5.9041095890411
5.60689655172414
5.37241379310345
5.875
5.62237762237762
5.90140845070423
5.79432624113475
5.95744680851064
5.82978723404255
5.38297872340426
5.72340425531915
5.83571428571429
5.74285714285714
5.74285714285714
5.89285714285714
5.69285714285714
5.67391304347826
5.39855072463768
5.76470588235294
5.84962406015038
5.27480916030534
5.69230769230769
5.43076923076923
5.87596899224806
5.8203125
6.00787401574803
5.92063492063492
5.83333333333333
5.776
6.112
5.50806451612903
5.75806451612903
5.5241935483871
5.53225806451613
5.71544715447155
5.78688524590164
5.62295081967213
5.44262295081967
5.63934426229508
5.72950819672131
5.68852459016393
5.55371900826446
5.825
5.85593220338983
5.74576271186441
5.56410256410256
5.77777777777778
5.84210526315789
5.24778761061947
6.00892857142857
5.44144144144144
5.92727272727273
5.92727272727273
5.9
6.01818181818182
5.31192660550459
5.30555555555556
5.9537037037037
5.86111111111111
6.27777777777778
5.68518518518519
5.91588785046729
6.07476635514019
5.83018867924528
5.81132075471698
5.82857142857143
5.61165048543689
6.12621359223301
5.65686274509804
5.89108910891089
5.5
5.72
5.74
5.51515151515152
5.32323232323232
5.6969696969697
5.89795918367347
5.50515463917526
5.82474226804124
5.42268041237113
5.91666666666667
5.625
5.40625
5.22916666666667
5.73958333333333
5.45833333333333
5.65625
5.98947368421053
5.34736842105263
5.96842105263158
6.07368421052632
6.36842105263158
5.90526315789474
5.50526315789474
6.08421052631579
6.02127659574468
5.67021276595745
5.77659574468085
5.61290322580645
5.7741935483871
5.94623655913978
5.6195652173913
5.97802197802198
5.89010989010989
6.23076923076923
5.61538461538461
5.76923076923077
5.97777777777778
5.81111111111111
5.64044943820225
5.69318181818182
5.78409090909091
6.19318181818182
6.24137931034483
6.19767441860465
6.05882352941176
6.23529411764706
6.18823529411765
5.46428571428571
5.46987951807229
6.02409638554217
5.45121951219512
5.4625
5.79487179487179
5.98701298701299
6.15584415584416
6.42857142857143
5.50649350649351
6.5
6.54666666666667
6.21917808219178
6.22535211267606
5.39130434782609
5.39130434782609
5.95652173913043
5.34782608695652
5.76119402985075
6.17910447761194
5.88059701492537
5.88059701492537
6.29850746268657
6.01492537313433
6.43283582089552
5.77611940298507
6.11940298507463
5.25373134328358
5.86567164179105
5.62686567164179
5.59701492537313
6.01492537313433
6.1044776119403
5.97014925373134
5.74626865671642
6.47761194029851
5.75757575757576
5.98461538461538
5.734375
5.921875
6.7258064516129
6.37704918032787
5.91803278688525
6.19672131147541
6.4
5.86666666666667
6.05084745762712
4.87931034482759
5.66666666666667
5.57142857142857
5.98214285714286
5.10714285714286
6.57142857142857
5.58928571428571
6.27272727272727
5.83636363636364
5.98181818181818
6.12727272727273
6
5.90740740740741
5.88888888888889
5.68518518518519
6.09259259259259
5.98148148148148
6.16666666666667
5.87037037037037
5.96296296296296
5.62264150943396
5.57692307692308
6.26923076923077
5.11764705882353
5.7843137254902
5.88
5.46
6.28571428571429
5.83673469387755
5.75510204081633
6.22448979591837
5.83673469387755
6.10204081632653
6.16666666666667
5.6875
5.8936170212766
6
6.23404255319149
6
6.14893617021277
5.34042553191489
6.19148936170213
5.69565217391304
5.68888888888889
5.91111111111111
5.86666666666667
5.73333333333333
5.81818181818182
6.5
5.38636363636364
5.77272727272727
5.52272727272727
5.95454545454545
6.31818181818182
6.59090909090909
5.70454545454545
5.72727272727273
6.09090909090909
5.59090909090909
5.52272727272727
5
5.63636363636364
5.55813953488372
6.25581395348837
5.58139534883721
6.11627906976744
5
5.93023255813953
5.30952380952381
6.45238095238095
5.16666666666667
5.45238095238095
5.48780487804878
5.63414634146341
5.6
5.75
5.525
5.69230769230769
5.56410256410256
5.86842105263158
6.18918918918919
5.54054054054054
5.89189189189189
5.91891891891892
5.30555555555556
5.68571428571429
5.4
4.85714285714286
6.02941176470588
5.70588235294118
5.52941176470588
5.58823529411765
4.88235294117647
5.91176470588235
5.58823529411765
6.27272727272727
5.78787878787879
6.125
6.03125
5.4375
6.1875
5.25
5.7741935483871
5.54838709677419
5.56666666666667
5.4
6.13333333333333
5.13333333333333
5
5.27586206896552
5.41379310344828
5.72413793103448
5.55172413793103
5.48275862068965
5.89285714285714
5.85714285714286
6.64285714285714
5.21428571428571
5.89285714285714
4.96428571428571
6.14285714285714
5.75
6.07142857142857
5.39285714285714
6.28571428571429
5.85714285714286
5.89285714285714
5.71428571428571
6.17857142857143
5.35714285714286
5.92592592592593
5.77777777777778
6.33333333333333
6.03703703703704
6.33333333333333
6
5.07407407407407
5.30769230769231
5.84615384615385
6.19230769230769
5.26923076923077
5.92307692307692
5.92
5.16
6.375
6.20833333333333
6.04166666666667
5.41666666666667
7.125
6.33333333333333
6.625
5.69565217391304
6.30434782608696
5.1304347826087
5.56521739130435
5.69565217391304
5.8695652173913
5.43478260869565
5.82608695652174
4.8695652173913
6.21739130434783
5.39130434782609
5.77272727272727
5.45454545454545
5.47619047619048
6.19047619047619
6.23809523809524
6.33333333333333
6.42857142857143
5.61904761904762
6.28571428571429
6.47619047619048
5.85
6.3
5.9
6.2
6.45
6.3
6
5.5
5.25
5.6
5.35
4.45
5.8
5.55
6.75
5.6
5.55
5.55
6
5.4
5.7
5.45
5.5
5.15
5.95
5.85
5.8
6.55
6.15
5.5
5.6
6.65
6.3
5.1
6.15789473684211
5.68421052631579
6.31578947368421
6
5.36842105263158
6.10526315789474
5.73684210526316
5.42105263157895
5.68421052631579
5.94736842105263
5.05263157894737
6.15789473684211
5.63157894736842
5.84210526315789
4.84210526315789
6.26315789473684
6.31578947368421
6.42105263157895
6.26315789473684
5.27777777777778
5.27777777777778
6.88888888888889
6.05555555555556
5.72222222222222
5.55555555555556
6.77777777777778
5.55555555555556
6
6.05555555555556
5.55555555555556
6
6.22222222222222
5.27777777777778
5.33333333333333
5.88888888888889
5.5
6.16666666666667
5.83333333333333
6.5
5.5
5.5
5.55555555555556
5.27777777777778
6
5.33333333333333
5.94444444444444
5.47058823529412
5.94117647058824
4.9375
5.25
4.375
6.1875
5.33333333333333
6.4
6.86666666666667
6.06666666666667
5.33333333333333
6.4
5.4
6.6
6.06666666666667
7.13333333333333
6.06666666666667
5.53333333333333
5.53333333333333
5.93333333333333
6.8
6.07142857142857
4.5
5.07142857142857
4.78571428571429
4.57142857142857
5.14285714285714
5.42857142857143
5
5.57142857142857
6.71428571428571
6.28571428571429
6.78571428571429
5.78571428571429
5.14285714285714
6
6.35714285714286
6.57142857142857
5.78571428571429
5.28571428571429
6.21428571428571
6.57142857142857
6.35714285714286
5.85714285714286
5.64285714285714
5.64285714285714
5.57142857142857
6.42857142857143
5.64285714285714
6.69230769230769
8
7.30769230769231
7
6.76923076923077
6.69230769230769
5.84615384615385
7.61538461538461
6.69230769230769
5.92307692307692
5.92307692307692
7.61538461538461
6.15384615384615
6.76923076923077
5.30769230769231
6.15384615384615
6.61538461538461
5.15384615384615
5.61538461538461
5.46153846153846
5.30769230769231
5.07692307692308
4.07692307692308
6.15384615384615
6
6.69230769230769
5.92307692307692
5.07692307692308
5.15384615384615
6
6.53846153846154
6.38461538461539
7
6.07692307692308
6.69230769230769
6.23076923076923
5
5.53846153846154
6.53846153846154
5.92307692307692
4.61538461538461
5.07692307692308
6
5.07692307692308
4.76923076923077
5.53846153846154
5.92307692307692
4.30769230769231
5.23076923076923
5.15384615384615
6.41666666666667
5
6.27272727272727
6.45454545454545
6.36363636363636
5.18181818181818
6.09090909090909
6.72727272727273
6.90909090909091
6.63636363636364
7.18181818181818
7.09090909090909
5.63636363636364
6.27272727272727
5.45454545454545
5.90909090909091
5.54545454545455
6.36363636363636
4.45454545454545
5.54545454545455
7.09090909090909
7.09090909090909
4.63636363636364
5.36363636363636
5.36363636363636
4.72727272727273
5.81818181818182
6.09090909090909
6.45454545454545
7.81818181818182
5.1
8.22222222222222
4.88888888888889
5.11111111111111
4.88888888888889
5.66666666666667
6.77777777777778
5.77777777777778
6.55555555555556
6.11111111111111
6.77777777777778
5.66666666666667
5.55555555555556
6
5.625
7.25
7.625
7.625
7.625
6.125
6.375
5.5
6.875
5.625
6.625
5
5.42857142857143
6.42857142857143
6.71428571428571
6.85714285714286
6.42857142857143
5
7
6.28571428571429
6.14285714285714
6.57142857142857
5.28571428571429
5.71428571428571
5.14285714285714
5.71428571428571
6.71428571428571
6.42857142857143
5.57142857142857
7.71428571428571
5.71428571428571
8
5.28571428571429
6.14285714285714
7
7
8.28571428571429
5.66666666666667
7.16666666666667
7.5
8.16666666666667
6.16666666666667
6.66666666666667
7.83333333333333
6.16666666666667
5.33333333333333
5.83333333333333
6.83333333333333
8.33333333333333
6.33333333333333
6.5
5.16666666666667
7.16666666666667
4.16666666666667
6.66666666666667
6.16666666666667
5
5.83333333333333
4.5
6.5
5.66666666666667
4.83333333333333
5.83333333333333
5.83333333333333
6.66666666666667
6.33333333333333
5.5
4.83333333333333
4.33333333333333
4.66666666666667
5.33333333333333
6.16666666666667
5.16666666666667
5.33333333333333
6
5.5
5.33333333333333
7
6.5
4.33333333333333
6.33333333333333
6.33333333333333
8.16666666666667
6.33333333333333
6.83333333333333
6.83333333333333
6.33333333333333
5.66666666666667
4.5
6.83333333333333
5.16666666666667
5
5.66666666666667
5.83333333333333
5.66666666666667
3.83333333333333
7.33333333333333
5.66666666666667
4.5
6.16666666666667
5.33333333333333
5.16666666666667
6.16666666666667
6.66666666666667
6
5
6.33333333333333
6.5
8.16666666666667
5.16666666666667
6.33333333333333
5.83333333333333
8.33333333333333
7.16666666666667
6.16666666666667
7
5.33333333333333
6.6
6.6
5.6
5.2
3.6
7
5
5.8
6.8
2.75
7.75
6.75
8.25
5.75
8.25
10
8.75
5.5
4.5
5.5
5.75
7.25
5
6.25
4.25
6.5
5.5
4.5
6.25
7
5.5
7.5
5.25
5.75
6.5
5.25
5.25
5.75
5.25
6.5
5.75
7.5
4.5
6.5
7
5.25
6.5
6.25
6.25
5.25
5.5
5
6
3.25
5.25
5.5
5.75
6.25
5.25
5.25
5.75
4
6.5
7
6.25
7
6.75
4.75
5.5
4.25
7
5.5
5.5
7.75
5.75
6.25
5.75
7.5
6.25
5.5
6.25
5.5
6.5
6
8
7
8
7.75
5
7.25
6.5
5.25
7
5.75
4.5
5.5
7
6
4.25
6.5
6.75
5.75
7.25
8.25
8.5
6.5
6.5
7.5
3.75
5.25
5.25
7
5
5.25
6
6.5
5.5
6
6.5
7.25
7.5
5.75
8.5
7.5
5.75
7.75
5.75
5.5
5
5.25
5.75
5.5
5.5
3.5
5.5
2.5
5.75
6.75
5.25
5.5
4.75
6.25
5
6.25
7.5
5.75
6
7.25
7
6.25
6.75
6.25
5.5
4.75
7.25
6
5.5
6
5
6.75
5.5
6
7
5.25
6
5
7.75
7
6.25
5.25
5.5
5.25
6
6.25
6.75
5.75
5
6.5
4.75
6
6.25
6
8.25
4.75
6.25
8
6
6.5
6
5.5
5.25
4.5
6.33333333333333
5
5.66666666666667
5
8.66666666666667
7
7.33333333333333
5
5
4.33333333333333
4.66666666666667
5
6
5.33333333333333
6
6.33333333333333
3
4
6.66666666666667
5.66666666666667
5
5.66666666666667
7
5.33333333333333
6
6.33333333333333
3.66666666666667
5.66666666666667
8
6.33333333333333
6.66666666666667
6.66666666666667
6.33333333333333
6
3.66666666666667
3.66666666666667
5.33333333333333
7.66666666666667
7.33333333333333
7
3
6
7.5
3
3
5
4.5
5
1.5
5
5
5.5
7
7.5
7.5
6
5
6.5
2.5
2
8
8.5
4.5
2.5
2.5
3.5
4
4.5
3
6
3
5
3.5
3.5
4
5
5.5
6.5
6.5
7.5
5
7
5
9.5
8.5
8
7
5
5.5
4
4.5
2.5
7
7
6
7
7
7
6
6
6.5
5.5
6
4
8.5
5.5
7
7
5
4.5
5.5
1.5
3.5
3
3
6
2
6
4
1.5
5.5
6.5
7
6.5
5.5
5
5
5.5
8.5
6.5
6
7.5
8
6
7
6.5
9
8
6
3.5
7.5
9.5
9
7
8
6
7.5
6.5
4.5
5.5
7.5
7
6
5.5
5
6
8
9
7.5
6
4.5
10
6
7
5.5
10
4.5
5
4
7
7
6
6
3
6
7
5
8
5
5
3.5
5.5
7
6.5
6
7.5
10
7
7
7.5
6.5
3
7.5
7.5
4.5
6
6
1.5
7.5
7
8
7
6
6.5
7.5
7.5
6
5.5
4.5
4.5
7.5
7.5
3
7
7.5
6.5
7.5
7
8
7
4
2
6.5
7.5
8
7.5
7.5
6.5
7
6
6.5
4.5
6
4.5
6
5.5
6.5
5
7
5.5
5.5
4.5
5
5
4.5
5
5.5
5
6.5
5
6
4.5
6
5.5
8.5
9
7
6
7.5
6
7.5
7
6
5.5
3
3.5
3
5
5.5
5
8
6.5
7
6
4
3.5
6.5
5.5
4
6
7
6.5
6.5
5.5
7
7.5
7
9
7.5
3.5
6
5.5
4
8
8
6.5
5
4.5
4
3
7.5
8
6.5
5
7.5
6.5
6.5
5
8
5
6
6
4.5
6
6.5
7
6.5
7.5
6.5
4
5
6.5
5
5
5
4.5
3.5
6
7
8
5
4
5
5
5
6
5
8
5
7
8
8
7
1
5
3
2
7
1
8
3
2
6
10
10
8
8
9
10
7
7
5
2
10
1
7
3
9
3
5
4
7
8
8
9
8
9
7
8
7
10
6
10
8
10
6
10
5
8
6
3
1
2
3
4
5
3
3
5
7
7
8
9
9
7
7
4
5
6
4
3
3
4
4
5
4
4
5
2
7
8
8
10
2
10
10
9
8
9
5
4
7
4
4
4
5
5
6
6
7
7
8
7
5
7
2
10
9
9
9
6
7
5
5
6
3
7
8
4
2
10
9
8
8
9
9
10
10
7
7
10
6
7
10
8
5
5
4
4
3
3
4
5
4
4
5
4
6
6
7
8
6
7
8
8
6
2
10
9
10
10
9
10
9
5
2
10
1
10
3
3
4
5
6
7
8
7
7
6
6
8
10
7
10
5
9
5
6
4
2
9
7
7
8
8
9
2
3
2
3
4
5
5
6
7
8
8
10
6
7
5
6
6
5
5
5
2
2
2
3
4
5
1
4
5
6
4
5
2
6
7
8
9
9
10
9
5
2
10
1
10
10
10
4
5
6
6
4
4
4
5
6
7
6
5
6
5
6
8
5
6
5
5
5
2
8
8
9
4
3
3
2
10
10
10
8
9
10
10
10
7
7
5
6
5
6
6
6
7
7
8
6
9
10
7
8
4
3
3
2
8
10
10
8
9
10
10
10
8
8
5
7
6
7
5
6
7
7
8
9
5
1
6
5
4
1
4
5
7
5
6
4
10
8
8
2
8
9
7
10
9
9
10
8
10
10
10
9
7
3
4
3
4
4
4
3
3
2
7
1
7
3
2
6
6
7
8
9
10
10
8
10
10
8
7
2
10
10
10
8
5
3
4
5
3
4
5
6
3
4
6
4
5
5
5
2
7
4
5
5
6
7
5
2
7
4
9
6
6
5
5
6
3
7
5
3
4
5
6
3
8
6
6
5
5
2
7
4
9
10
6
8
5
6
7
8
9
5
10
10
7
7
8
7
6
10
6
5
2
9
7
6
7
8
9
3
8
6
4
10
10
6
6
9
9
3
10
6
4
10
6
8
8
6
6
2
9
6
7
3
9
9
4
10
7
6
6
9
9
3
7
6
5
6
5
6
7
2
8
7
7
3
10
9
4
10
8
6
6
10
10
3
8
9
6
4
3
3
2
5
6
7
8
9
1
10
6
9
5
6
7
10
9
5
5
6
2
10
8
7
3
3
4
5
6
2
8
9
7
8
10
10
3
8
6
4
3
10
7
4
9
9
10
10
4
4
3
2
6
7
7
8
10
1
10
6
10
5
6
7
10
9
5
5
6
2
10
10
9
4
4
4
5
6
2
8
9
7
8
10
10
3
8
6
4
3
10
7
4
10
10
10
10
7
6
7
2
9
8
8
10
2
10
10
10
10
9
10
10
7
10
10
4
4
3
4
5
5
6
7
7
4
8
5
8
6
7
7
7
8
7
9
10
8
10
10
8
7
6
6
5
2
7
6
6
6
4
4
4
4
2
6
6
7
8
9
6
2
5
2
7
8
9
7
5
3
3
3
4
2
6
7
8
9
10
7
6
6
6
6
6
4
7
6
7
7
2
9
10
8
10
2
10
10
10
4
8
3
4
4
5
6
6
8
6
5
2
10
10
5
4
4
4
5
6
2
8
1
3
10
3
4
2
2
4
5
6
7
7
8
9
6
6
3
3
4
5
6
5
6
2
5
2
10
9
10
9
7
8
9
8
7
3
4
4
4
5
5
6
7
8
7
5
8
6
5
3
4
2
2
4
5
6
7
8
9
9
10
10
10
7
7
5
4
5
4
5
3
3
4
5
3
7
4
2
9
6
7
4
8
8
6
5
4
4
3
2
7
5
3
7
7
5
5
6
4
4
5
6
6
2
7
0
1
2
3
4
5
4
3
3
2
7
5
6
7
8
2
4
3
5
5
8
1
1
2
3
2
5
2
1
2
3
4
5
6
7
7
6
10
10
5
2
10
10
8
3
2
9
6
7
8
7
6
6
5
5
6
6
6
7
8
6
6
6
7
8
7
8
9
10
10
7
8
5
10
7
7
9
9
10
10
10
4
6
6
2
10
3
2
2
2
4
5
6
7
8
9
7
8
10
6
10
9
5
5
10
2
10
3
8
3
2
5
5
6
7
2
9
3
7
3
2
10
6
7
8
2
10
3
8
3
2
10
6
7
8
9
10
7
8
10
2
7
8
9
6
9
7
7
8
6
6
7
8
9
8
7
8
5
10
7
8
8
7
6
7
6
7
8
7
7
7
7
4
7
1
2
3
4
4
5
3
7
5
9
6
7
8
10
1
6
10
10
5
6
6
6
3
6
5
5
5
6
10
7
8
9
9
2
3
4
4
5
6
7
7
8
7
10
2
10
1
10
3
10
7
4
4
5
3
7
8
10
10
10
10
10
10
10
2
3
4
4
3
6
7
8
9
10
6
7
1
8
3
8
5
4
4
5
3
7
8
10
10
10
10
9
10
2
10
1
10
3
7
3
3
4
5
3
7
8
9
10
10
10
10
10
10
1
2
1
4
3
6
6
4
4
5
3
7
8
10
10
10
1
4
4
4
3
2
6
6
7
7
7
2
4
2
3
4
5
6
7
6
4
5
6
7
8
7
7
6
9
7
10
7
8
7
7
8
7
8
6
10
9
9
10
7
10
2
10
8
10
7
4
3
2
7
6
7
7
8
4
3
4
2
5
2
8
8
9
9
8
8
9
7
8
8
6
9
1
4
1
4
1
5
2
3
4
5
3
4
2
9
1
8
10
