6.62618344365975
4.03786788853488
2.70411390785992
2.43273736369981
2.01864981668238
3.95754878947232
4.29112591796204
3.60541294947717
2.56416245205035
2.56405917936867
3.91227729813212
3.43381138071421
3.27516341805989
2.43864029555234
2.43553927244694
3.43898913612181
2.83091772467714
2.87278860207263
2.70068850668845
2.66671441198057
2.58826068379019
2.3092091080507
3.71631351611762
3.92519052155825
3.29939112570202
3.36321042486071
3.61523479508241
2.43098524986275
3.09286725665175
3.0139037665372
2.79742381959256
1.99896084862654
2.75587542223683
2.44713164356309
2.33384721640072
2.5343451412926
3.0747288048319
2.26730787181786
2.92610774850529
2.61214744109915
2.10489641338325
3.46300915920634
3.41165137495914
3.226069886112
3.14182964779307
2.29261795157648
3.00785536513599
3.12544007378793
3.39048247995967
2.54096448609861
2.65382171892061
2.5416973200305
3.07878706470369
2.92820733643668
2.60156948048675
2.2943515516081
3.32061032622774
2.52106855466299
2.6563534561581
3.25531840422518
3.11230449178928
2.33644592652374
2.72931533946211
2.99706824061855
2.47227014763415
2.64435199993088
2.49114068164005
2.24247746615086
2.73235277569708
3.28221625507488
2.90274381561747
2.38119023665394
2.91097221240309
2.67052712526917
3.17258560671341
2.69386167948471
2.95832163907935
2.63724730273339
2.70870919731391
2.89070888718156
2.86362003934716
2.84973986892501
3.10990658520249
2.77026744168282
2.82201635116152
3.06176503285092
2.69984781004978
2.90184114182873
2.61178222052969
2.35390036033947
2.45781952482442
2.60281942834367
2.62731509939816
3.07450053456493
2.94616955426463
2.92538823420989
2.42382565874338
2.06693404649886
2.40084648088065
2.72632976392773
2.73436626382552
2.89313080347205
2.93198478863773
2.78269068984739
3.54166715505055
2.74309721170474
1.87262705205712
2.59158387948686
3.02480602206047
2.20864751166393
2.07991573618871
2.70463096186342
2.74088921198413
2.14121006427623
2.47998975193222
2.21501856454385
2.62790229098792
2.40606266575538
2.99791544574517
2.69532272096162
2.63122897108955
2.72671070997985
2.713144473782
2.90248305784983
2.66946662164377
2.55206426045524
2.2173737675118
2.29582204476549
2.7012240226387
2.60121147451456
2.52457889377445
2.60848381992036
2.48008018765923
2.16196235229577
2.50143923003716
2.62915759766421
2.37955593060755
2.76231333936129
2.5189018932052
2.39099517633448
2.57934201849881
2.05106390121231
2.70576882186499
2.62891633479646
2.57262555701965
2.69663999311209
2.50672738640009
2.58304732020318
2.58319422919982
2.75872827717266
2.53669355843174
2.61895315932059
2.65186828838672
2.51174333003099
2.17166909443454
2.54804388225343
2.37328830853082
2.69110189314056
2.63407189328258
2.40047199656619
2.7473388706022
2.46816705787843
2.63260284991358
2.61944780051611
2.18229034944346
2.25192440225775
2.10639239648775
2.57817693461165
2.50853040890413
2.63410891708067
2.19329525853792
2.78801170840183
1.93932765750578
2.7810706727135
2.63880572807517
2.61896984770419
2.49639266358852
2.08507344876829
2.51222032782599
2.84130225805858
2.50181005719952
2.58563606575106
2.34009291882045
2.65560609570523
2.51691842443789
2.4611064124305
2.44286128744369
3.75411177306189
2.63820190460971
2.79893795360371
2.54615030092977
2.63706158277931
2.51435761850024
2.48477391317614
2.66919434624219
2.61581914997241
2.78619733267089
2.74009271346602
2.3334699313677
2.42332629688658
2.53230452947663
2.39652663003517
2.36524054039047
2.58752662172639
2.54321755693805
2.75828396120863
2.68869180393634
2.47386781784736
2.4336621718253
2.55103073102592
2.46472443175535
2.83822823332913
2.46689330441197
2.69371852331374
2.69776156860183
2.76097286117927
2.74512076026787
2.42540210465521
2.22837292436989
2.29838061128515
2.31578392125571
2.77156540070024
2.26346087438384
2.54919307353549
2.71970147200366
2.38249544051582
2.22573208048324
2.30208820813693
2.4531326971626
2.61681931255112
2.52524849282013
2.33695831615977
2.48011709785271
2.36651065216852
2.41234949047746
2.44401172012071
2.5377240003571
2.45174105454393
2.39200149672423
2.37817850878484
2.32425784331491
2.29568276177719
2.07022200255519
2.06311695671262
2.39813911018109
2.4997360375955
2.42576870900098
2.36158117782995
2.42254832714552
2.45154500429786
2.43162288534974
2.54149807125727
2.19848976832899
2.37548123131134
2.65707502951455
2.16870947966848
2.47893835964267
2.34785777251729
2.63361794868818
2.67899200298646
2.34047962109958
2.5139299249275
2.47469035022807
2.55114702621882
2.35071779671895
2.5982956877939
2.90151664883905
2.52086964924823
2.67629909719332
2.35518680040815
2.13883556007441
2.07910936729577
2.4128625233002
1.94733323975113
2.68423486405615
2.36447643753595
2.57594729822056
2.56678875801202
1.9570395861111
2.3300534487628
3.40977882093819
2.31879263458008
2.46551064429166
2.25963570500884
2.56452900706506
2.43221405187649
2.24281829951145
2.35474290417532
2.1190530794496
1.93489335386296
2.58488551977317
2.53101897633187
2.83049389596125
2.57160469707639
2.83245860375459
2.10386893877084
2.4296407684236
2.20878007000345
2.55210095652135
2.61458433653262
2.66960201563628
2.57896377635415
2.87942211685257
2.5749100888712
2.78028263065924
2.52464268296115
2.18685467415129
2.4163412665368
2.49499302416208
2.40576398044645
2.54851145977446
2.54065307777993
2.30981968144332
2.66538188188873
2.34052913121281
2.84835443938565
2.49758253154296
2.62970694762128
2.50521679497585
2.4478214286928
2.50699934993868
2.32002764230119
2.64992767921304
2.50281658279461
2.32275288007548
2.2570361999817
2.42973825162709
2.49941709036077
2.15799633974693
2.28853896385628
2.28375638976466
2.51401963652911
2.06884595424404
2.479176542313
2.33789593226918
2.45585967309425
2.59194274453773
2.68837816118182
2.8422200682593
2.59343788105949
2.48678541939355
2.52949525263511
2.34550883075757
2.51613358458844
2.83636586300899
2.54066657061408
2.33603251088303
2.40123483371619
2.55800870610931
2.54530776110016
2.47099101385309
2.67166759849504
2.69685389271736
2.38566591207465
2.92383127062836
2.68098901379357
2.31334947154089
2.29955775429285
2.52423458958435
2.4297720607649
2.22393430990809
2.47738299737807
2.44331062682921
2.42706727746216
2.29275843706405
2.10622691337686
2.31525539319435
2.08339882215247
1.822345564621
1.77162616465606
2.31485477006738
2.32957638765982
2.02888838310109
2.16237718871515
1.97079507081391
2.3858973934543
2.05679472176228
2.84820128189451
2.94014411574603
2.73129433718345
3.26429886389731
2.02142141705167
3.55867591082875
2.80867519742407
2.5844160212891
2.53637789943527
2.40014734566231
2.78335383324667
2.63674761869243
3.21610088752963
2.95973458336743
2.45310955017787
2.43831695000197
2.42658191323702
2.35024254067154
2.9160991871531
2.30355260928202
2.8946804259488
3.02229498483985
2.85373233342958
2.61943731233173
2.51935394949714
2.42819346034016
2.4489576322297
2.71179197223995
2.50190836960802
2.64571270642077
2.45229851542306
2.85875894071242
2.22528030942827
2.29618686183061
2.43385276825541
2.18325085312696
2.13611605242418
2.06653246873958
2.69747404193727
2.38158026009949
2.53105212485693
1.98974153339788
2.58930940671204
2.51947889825622
2.97913012658906
3.00882602905545
2.75515954461655
2.7749884226949
2.92442965566226
2.758605049664
2.46069051366318
2.4331150103926
2.68920888604319
2.92148212907917
2.48492471142334
2.23258575132225
2.53459633687493
2.50439564302013
3.11371438653847
3.0290508280626
2.08559006611401
1.92515889506911
1.90768834980075
2.19433550980143
1.94579141734857
2.03338426673598
1.6196796990348
1.65499273219447
1.84571109112984
1.56824494419567
1.75908105794205
1.50795371046776
2.31424200709401
1.83200283804002
2.5509891624108
1.68279350541496
2.19545980424512
1.73942533016874
2.30834820796461
1.62358667513254
1.59331500133919
1.73756535699778
2.02231360898176
1.61516884229833
2.12984504341996
1.93861060843756
2.17652056303438
2.68415850062408
2.33779032317235
2.1238050466019
2.14236369142996
2.15604323662646
2.04664553243132
2.32900563557019
1.97997026732382
2.50539897410955
2.14709056571293
2.08066441437135
2.54556980288196
2.300338467964
2.37955624816907
2.01870771141441
2.03858349029937
2.27248771894397
1.94591207759783
1.79920834404427
2.29006352732816
2.62871928056908
2.16303767135605
2.49067405024786
2.54449723963389
2.24716718642643
2.27430472764538
2.11240174397865
2.38284916984694
2.4846027028352
2.26251199265991
2.18544453314136
2.31227542703744
2.38986320053487
2.00598404151763
2.47899142945131
1.99600888680007
2.00548475293083
2.40530433273195
2.26869095932685
2.16070996555537
2.09353103990671
1.75212544560406
1.85612940570067
1.79535903361191
1.81676327153686
1.93752522245315
2.06495020749056
2.15315703293768
2.24963023107916
2.2206637720039
2.23953240559336
2.05260557814815
1.83949706620471
1.95741714330074
2.5057461293713
2.38655849758127
2.39324785117644
2.4658371820049
2.4902354106453
2.39547605014045
2.18811912429642
2.40641354290433
3.39449011141592
3.00020028537333
3.18539129437846
3.10393384859233
2.6779480903247
2.92981437750257
2.9918065003762
2.29689587889855
2.97044355087727
2.75403025594589
2.36608360807291
2.39989078065706
2.45010141919483
2.41178229366824
2.33692337994301
2.33825700131797
2.25136022730008
2.05337305014915
2.52627306635331
2.18148611652698
1.95762577883532
2.1500081247582
2.24800148224033
2.31500547650335
2.08286913686298
1.99955975667205
1.7262870974364
1.83326483759683
2.43172162295695
2.05521930444272
1.61617181054391
2.24681833300773
2.70067669144261
1.76866000233978
2.10358710758372
1.69906618192647
2.64320796658249
1.84255438010574
1.64060981464212
1.97350775667467
2.0424879533008
1.92217950305665
1.83899896841739
1.97080207349183
1.65561468058979
2.21380419114541
2.31998976716155
1.77241117268914
2.19194459763898
2.7360409776216
2.04547357480972
1.89971899557595
1.89493398553839
2.06580416042128
1.91882499302405
1.80028055358311
2.20588565492498
2.00380293175291
1.78287199045727
1.68489591426537
1.62168553883021
1.78141429777402
2.07469026710968
2.11164569035742
2.14751251499791
1.92455162351852
2.34976575920767
1.57683695455442
2.31029482990466
1.55470239447109
2.15309913350084
1.80718535441599
2.85604281575106
2.61601912710776
2.47464667572412
2.24100380556734
2.18036420639088
2.32757993357914
2.40965714370105
2.22128873381658
2.70814465940494
2.49141125361984
1.85735255834306
1.94369467220851
2.18652018553658
2.37833896807758
2.03393355855597
2.57342612114583
2.45509914357829
2.15655397092024
2.4291733304664
2.38392507200286
2.18019151219646
2.39440132209884
2.23186571625528
2.23337815510634
2.27345898069483
2.13087234852698
2.19686643403787
2.37177312792388
2.15723582273254
2.31656795325077
2.08831307317817
2.15970621493868
2.11699585643038
1.77480730240483
1.86844393730356
1.72025130275621
2.28941564819146
2.24729183386313
2.45720453157451
1.92286766241347
1.99492885653948
1.76545873584781
2.15413377255285
2.53353348945321
2.19872901759081
2.2558614097971
1.88467415670361
2.09577595169759
1.86140896931726
1.75626636336168
2.07285585337441
2.53920416706016
2.06109422942684
1.98235445716595
2.19304105887123
1.79171337213967
1.97645142266546
1.94581937203531
2.88948822627622
1.87573121152514
1.65906465946918
2.17298250452931
1.78575942911558
1.65947090963745
2.05775019402416
4.14540308088828
3.61695630757283
3.42112175082397
3.16302668724972
2.18205019656271
2.27436183934833
2.02834529169156
2.61076908829434
2.91825871696735
2.53072306604317
2.67168550094688
2.50355587025682
2.42649956093765
2.58890733700609
2.38273542205759
2.22024195314214
2.30846112050088
2.10836887484583
2.21545920596423
2.06801789002834
2.2971826506264
2.22788796687791
2.36773242759865
2.13370356278839
2.14789630959518
2.09654092784622
2.11581989564387
2.27386127983696
2.65665868887423
2.10229692898457
2.03811296601625
2.59971957704058
2.02125805088434
1.88668923126193
2.46386647200164
2.12891749040253
2.27161981405476
2.0142120177838
2.21843705121687
2.33431641966795
2.27168946497982
2.30128411178853
2.81176714629566
2.18347092613815
2.30266236941042
1.84573416807984
2.03589134625493
1.95274608304853
2.5337248450349
2.48016106472608
2.28725076655749
2.13345370293709
2.48736258186851
2.89872933204551
2.19962566904822
2.17384619616168
2.92619496294151
2.13996085322119
2.12410309856248
3.79258732604087
2.45274103053107
2.73840033035807
2.15184072913935
2.61211499522015
1.89584161483571
2.414254173041
2.78592928793228
1.79390239824513
1.96118010225678
2.75408235186484
1.6483479982177
2.26800748746509
2.4127402357255
2.22730419521176
2.19364590067518
2.23745629490056
2.72467781503111
3.47423474053878
1.7301892476857
2.79934602653563
2.21441246015933
2.07300289889499
2.36308375662093
1.90020665349787
2.4382992074368
2.65623057563724
2.41465039925555
2.91928261309244
2.06419968425581
2.32254044139275
2.85011794941148
2.00693740932043
2.09512572259956
1.9942553475363
1.99855023512977
2.04932099297021
2.34275597943609
1.95932413609641
2.31146051530425
2.01325938455626
1.85986869823888
2.348593502768
3.13205902931022
1.90847539556891
2.10068279745666
1.98070684025438
1.88114703542608
2.03139395833295
1.97735855239747
1.91323533848642
1.82430692040139
1.78644261951781
2.41029036779296
2.28061209827893
2.2477425369078
2.63034984144436
1.99806740303761
2.53893643507421
2.11126118582504
2.42705209699378
2.12932600157193
2.17925350773544
2.16891926274733
2.22101845099735
2.67614515173662
2.58472086906172
2.66397608899027
2.44475043726254
2.57816694002934
3.59501687632478
2.00545237038861
2.64594167588879
3.168766202092
3.11768036427312
2.45149153501912
2.04259925398508
1.94795798154131
1.90384388913058
1.73532564386865
2.80210055648715
1.83324916355164
1.81036451980147
1.77203210379662
1.73461848966744
1.70948766301241
1.67928572493902
1.65493233348738
3.1389782943191
1.63192304175336
2.19164543620101
2.40061710929723
2.29200793635066
2.09274143713403
2.27564026398278
2.19361990774533
2.13606542876095
1.97048838455532
2.41797179863352
2.52653490180376
1.9003930996549
2.26218490678387
1.81089688645551
2.68980601701159
2.34393061564671
2.46989186940217
2.31665005666674
2.46628492068882
2.28227301555792
2.37647609675367
2.4887300612922
2.1689965788185
2.28830855726289
2.44115168820449
2.17207997679808
2.77925614115362
2.87045896612024
2.59764717024788
2.29019642434441
2.38060784916982
2.29462301699995
2.59872071074066
2.56063516780282
2.40166654923705
2.48149316682029
2.24841939514444
2.13542071427753
2.44762353712909
2.58886125656257
2.39924545893898
2.50143228971127
2.46074016706348
2.1822948552018
2.07114666178726
2.20595512786668
2.30042618765967
2.40569243932043
2.04342043360211
2.20660044778711
2.32247685955793
2.23206247208468
2.38228882074246
2.2882392024963
2.39119178932716
2.90914688167006
2.38518741735457
2.34473094599173
2.45772672921836
2.44781480530437
1.7785944837723
1.81056765477834
1.97641486404065
1.72358530328521
1.64930798335385
2.15434824883878
2.00527392180709
2.04337392678866
1.55764074331215
1.60630914298329
1.91230846481427
2.25920960612835
1.46321560008398
1.64402291458742
1.52059458614878
1.71909105329203
1.69396344170663
1.73289005404926
1.6432999702319
1.72158363876792
1.91306391272729
1.89893065990344
1.58217864066393
1.39538982158663
1.5933394620702
1.98560265857553
1.63269851889055
2.3604321026558
2.32999035492608
2.48531866010381
2.25596238447133
2.4602190576936
2.25758793042534
2.38459917885133
2.22549559405507
2.46120065810439
2.26315430216258
2.34653431048958
2.10347675114154
2.30247115531537
2.41553015934474
2.29098057204167
2.34368038620316
2.1414579213609
2.30197235084513
2.23155298758954
2.32957587516608
2.18740416866549
2.15618295934056
2.10447321467821
2.106668291401
2.26099496933522
1.96656806110837
2.23895706391086
2.05736562276532
2.1146377407561
2.13595046883034
2.45605318283657
2.0449728327923
2.15027451149128
1.83083822103903
2.48480980065904
2.64091593224775
2.32875812088855
2.27581631531768
1.71708372830465
2.21273649087977
2.43708987404373
2.47027625244024
2.41247481937374
2.56032531129567
2.30351192297192
2.29490134588291
2.11864905830567
1.97015279983529
2.30223429391973
2.08063455011153
1.94744430326581
2.52191739631427
2.11122806123238
2.34863114472139
2.12781585499155
1.99147041337814
2.19183859714728
2.14393032241231
2.28173078080781
2.09477669603103
2.49963232642028
2.16830724076862
2.272766322778
2.44079404650489
2.49482045533052
2.04692183488472
2.05837376929352
1.71550527823674
2.17196878857497
2.0513465849482
1.64248107627281
2.09442483473553
2.1574107746488
1.59382633992244
2.13412639476488
1.55818912991293
2.31617671639195
2.0620775809477
2.07404505741782
2.11457206057493
1.87515408092469
1.89812523310288
2.28827947688586
2.11134022842862
2.26949999878382
2.13533264493288
2.19379831727433
2.04117000063455
2.15169764637356
2.07819724576385
2.2726022568432
2.11754072263656
2.18984593161551
2.00455068759443
2.28805856242334
2.00243515235931
2.49362146702702
1.84328154333877
2.59852843176167
2.46788923825421
1.925644488395
2.05585013485464
