-5e-04
0.9975
1.9645
2.642
3.662
3.816
5.16708354177089
5.35017508754377
6.60530265132566
6.08954477238619
7.22105263157895
7.04479114242577
7.01008064516129
6.25606060606061
6.6664979757085
6.64951604686704
6.82455242966752
6.96104561763198
6.75679835813238
7.12191358024691
6.95824742268041
7.29095607235142
6.29802699896158
6.91997907949791
6.63932702418507
6.86617492096944
6.8276955602537
6.50371549893843
6.75599360681939
6.5069667738478
6.50809935205184
6.58580858085809
6.36733556298774
6.53089887640449
6.5271186440678
6.46818181818182
6.57248858447489
6.32874354561102
6.54440599769319
6.42172897196262
6.34081512108683
6.40261282660333
6.42035928143713
6.45614035087719
6.33455657492355
6.27188081936685
6.43198992443325
6.24140127388535
6.40231362467866
6.23961038961039
6.16110019646365
6.38415841584158
6.37281292059219
6.36164383561644
6.35452660677263
6.37822749476622
6.4971671388102
6.23049391553329
6.15101156069364
6.2201901975128
6.23139277818718
6.30803571428571
6.0975975975976
6.2298937784522
6.18188795088258
6.25349922239502
6.18110236220472
6.17740652346858
6.2472
6.20614389652385
6.19164619164619
6.16597510373444
6.17224080267559
6.20879120879121
6.12702472293265
6.13092161929371
6.19930675909879
6.13947368421053
6.21472937000887
6.13913824057451
6.0480943738657
6.22252747252747
6.23937153419593
6.06162464985994
6.10879848628193
6.03157894736842
6.1368932038835
6.08481262327416
6.10039761431412
6.10965794768612
6.13259109311741
6.13101330603889
6.15544041450777
6.2531512605042
6.12153518123667
6.08467309753483
6.27687296416938
6.18161925601751
6.13399778516058
6.09486607142857
6.03487064116985
6.01026225769669
6.08055235903337
6.17502917152859
6.08254716981132
6.17303102625298
6.1128640776699
6.24753694581281
6.0907960199005
6.16772554002541
6.20229007633588
6.1741935483871
6.07942708333333
6.40633245382586
6.20053475935829
6.14459459459459
6.07462686567164
6.12071330589849
6.17174515235457
6.0688202247191
6.10984308131241
6.09855072463768
6.17372262773723
6.2960235640648
6.16641901931649
6.20298507462687
6.1664167916042
6.15419847328244
6.22222222222222
6.07608695652174
6.09667194928685
6.21246006389776
6.1241935483871
6.22926829268293
6.10440456769984
6.07868852459016
6.03327787021631
6.1952861952862
6.24448217317487
6.17376490630324
6.10824742268041
6.22107081174439
6.02802101576182
6.22359154929577
6.18439716312057
6.29569892473118
6.24231464737794
6.15173674588665
6.309963099631
6.19402985074627
6.04708097928437
6.04580152671756
6.09980806142035
6.02135922330097
6.13502935420744
5.93885601577909
6.08565737051793
6.17835671342685
6.02626262626263
6.10590631364562
6.28775510204082
6.24793388429752
6.39748953974895
6.24683544303798
6.13062098501071
6.30718954248366
6.2144420131291
6.28318584070797
6.09151785714286
6.09417040358744
6.1123595505618
5.86067415730337
6.06787330316742
6.13636363636364
6.1441647597254
6.15313225058005
5.98368298368298
6.16901408450704
6.18571428571429
6.3126491646778
6.19471153846154
6.14009661835749
6.08009708737864
6.24815724815725
6.04714640198511
6.08542713567839
6.16414141414141
6.25634517766497
6.04627249357327
6.0745501285347
6.10880829015544
6.12271540469974
6.25196850393701
5.89417989417989
6.20588235294118
6.06720430107527
6.16576086956522
5.88186813186813
5.89779005524862
5.99444444444444
5.87150837988827
6.10985915492958
5.87215909090909
5.83667621776504
6.03508771929825
5.91764705882353
5.94362017804154
6.02388059701493
5.99395770392749
6.09118541033435
6.09815950920245
6.06211180124224
6.18068535825545
5.99056603773585
6.35220125786164
6.23174603174603
6.31948881789137
6.31715210355987
6.39739413680782
6.25742574257426
6.09634551495017
6.25666666666667
6.10508474576271
5.95547945205479
6.36301369863014
6.02068965517241
6.34137931034483
6.14982578397213
6.08771929824561
6.32508833922261
6.12014134275618
6.113074204947
6.02135231316726
6.14285714285714
6.19064748201439
6.00359712230216
6.31501831501831
5.88235294117647
6.14814814814815
6.04832713754647
6.21509433962264
5.96577946768061
6.05
6.19767441860465
6.05038759689922
6.20233463035019
5.90980392156863
6.03921568627451
5.99212598425197
6.18650793650794
6.17529880478088
5.98795180722892
6.26315789473684
6.12244897959184
6.01632653061225
6.12345679012346
6.22916666666667
5.93670886075949
6.0936170212766
5.85531914893617
6.25321888412017
6.12931034482759
6.23580786026201
5.98237885462555
6.11111111111111
5.94144144144144
6.22072072072072
5.80542986425339
6.05
6.09545454545455
6.05479452054795
6.1705069124424
6.06511627906977
5.9906103286385
5.8075117370892
5.81603773584906
6.18396226415094
6.16037735849057
6.03827751196172
6.18269230769231
6.15533980582524
5.98522167487685
5.82587064676617
5.98
6.08121827411168
5.71134020618557
6.32642487046632
5.71875
5.96858638743455
6.14285714285714
6.14285714285714
6.34224598930481
5.8
5.83695652173913
6.30769230769231
6.16483516483517
6.67032967032967
6.03333333333333
6.16759776536313
6.19553072625698
5.79213483146067
5.98305084745763
6.01136363636364
6.02298850574713
6.41954022988506
6.02325581395349
6.19298245614035
5.9
6.18823529411765
5.98816568047337
5.87425149700599
5.81437125748503
6.1377245508982
6.08484848484848
5.83536585365854
6.07361963190184
5.85276073619632
6.13125
6.08125
5.9
5.89308176100629
6
5.87974683544304
5.75949367088608
6.08917197452229
5.80254777070064
6.17834394904459
6.40764331210191
6.5859872611465
6.31847133757962
6.09615384615385
6.36774193548387
6.10457516339869
6
6.1437908496732
6.13157894736842
5.77483443708609
6.03973509933775
5.92666666666667
6.02684563758389
6.08053691275168
6.28187919463087
5.91946308724832
5.95302013422819
6.14965986394558
5.86394557823129
5.73287671232877
5.85416666666667
5.97202797202797
6.2887323943662
6.17021276595745
6.06428571428571
6.27338129496403
6.10071942446043
6.29496402877698
5.90579710144928
5.81751824817518
6.27737226277372
5.91176470588235
5.85074626865672
6.00757575757576
6.16793893129771
6.03053435114504
6.38931297709924
5.77862595419847
6.23846153846154
6.58914728682171
6.08730158730159
6.15322580645161
5.85123966942149
6.0495867768595
6.27272727272727
5.91735537190083
6.17647058823529
6.08403361344538
6.16806722689076
6.25210084033613
6.27118644067797
6.16101694915254
6.34745762711864
6.07627118644068
6.21186440677966
5.78813559322034
6.05932203389831
5.98305084745763
6.05982905982906
6.28205128205128
6.35897435897436
6.05982905982906
6.07758620689655
6.32758620689655
5.93913043478261
5.94736842105263
5.99115044247788
6.14285714285714
6.5
6.41284403669725
6.24074074074074
6.30555555555556
6.25471698113208
6.08490566037736
6.15238095238095
5.63106796116505
6.2156862745098
5.84158415841584
6.05940594059406
5.64356435643564
6.2970297029703
6.21782178217822
6.24
5.98
6.28
6.45918367346939
6.22916666666667
6.27368421052632
6.12765957446809
5.75531914893617
6.15957446808511
6.23404255319149
6.07446808510638
6.12765957446809
6.30851063829787
5.88172043010753
5.58695652173913
6.27173913043478
5.59340659340659
5.93406593406593
5.96666666666667
5.75555555555556
6.28089887640449
5.96629213483146
6.02247191011236
6.30681818181818
6
6.06896551724138
5.91860465116279
5.98837209302326
5.96470588235294
5.95294117647059
6.17647058823529
5.91764705882353
6.16470588235294
5.74117647058824
6.19047619047619
6.08433734939759
6
6.18292682926829
5.80487804878049
6.0609756097561
6.19753086419753
6.54320987654321
5.88888888888889
6.2
5.975
6.3125
6.2625
6.525
5.8
6.0625
6.5875
5.8875
5.9875
5.51898734177215
5.92405063291139
6.05194805194805
6.37662337662338
5.97402597402597
6.23376623376623
5.42857142857143
5.90909090909091
5.56578947368421
6.24
5.48648648648649
6.01351351351351
5.86301369863014
5.91780821917808
5.91666666666667
6.09722222222222
6.04166666666667
6.1830985915493
6
6.34285714285714
6.14492753623188
5.98550724637681
5.92753623188406
6.2463768115942
5.95588235294118
5.95522388059702
6.25373134328358
5.83582089552239
6.56060606060606
6.33333333333333
5.95454545454545
6.15151515151515
5.51515151515152
6.16666666666667
6
6.33846153846154
6.265625
6.11111111111111
6.42857142857143
5.76190476190476
6.43548387096774
5.96774193548387
6.11475409836066
6.26229508196721
6.16666666666667
6.21666666666667
5.95
5.85
5.84745762711864
5.94827586206897
6.03448275862069
6
5.96551724137931
6.12068965517241
6.10526315789474
6.14035087719298
6.56140350877193
5.89473684210526
6.10526315789474
5.6140350877193
6.21052631578947
5.89473684210526
6.14035087719298
5.92982456140351
6.26315789473684
6.10526315789474
6
6.10714285714286
6.53571428571429
6.16071428571429
6.03636363636364
6
6
6.07272727272727
6.10909090909091
6.21818181818182
5.49090909090909
6.01851851851852
6.09259259259259
6.42592592592593
5.72222222222222
6.16666666666667
6.0188679245283
5.79245283018868
6.36538461538461
6.36538461538461
6.32692307692308
6.13461538461539
7.13461538461539
6.19607843137255
6.50980392156863
5.92
6.44
5.54
5.9
5.82
6.38
5.72
6.06
5.8
6.2
5.82
5.93877551020408
5.73469387755102
5.70833333333333
6.39583333333333
5.8125
6.04166666666667
6.3125
6.14583333333333
6.04255319148936
6.12765957446809
6.02173913043478
6.21739130434783
6
6.19565217391304
6.08695652173913
5.82608695652174
6
5.69565217391304
5.78260869565217
5.95652173913043
5.97826086956522
5.97826086956522
5.8695652173913
6.26086956521739
6.45652173913043
5.67391304347826
5.97826086956522
5.91304347826087
6.41304347826087
5.8695652173913
6.04347826086957
5.84782608695652
6.23913043478261
5.97826086956522
6.26666666666667
6.35555555555556
5.93333333333333
6.34090909090909
6.15909090909091
6
6.04545454545455
6.65909090909091
6.06818181818182
5.77272727272727
6.32558139534884
6.6046511627907
6.74418604651163
6.81395348837209
6.18604651162791
6.46511627906977
6.27906976744186
6.13953488372093
5.7906976744186
6.3953488372093
5.69767441860465
6.30232558139535
5.81395348837209
6.11627906976744
5.58139534883721
6.44186046511628
6.44186046511628
6.62790697674419
6.32558139534884
5.57142857142857
5.42857142857143
6.24390243902439
6.19512195121951
5.63414634146341
5.92682926829268
6.85365853658537
6.4390243902439
6.19512195121951
6.73170731707317
6.48780487804878
6.14634146341463
6.025
5.375
5.85
5.8974358974359
6.12820512820513
6.12820512820513
6.30769230769231
6.25641025641026
6.02564102564103
5.8974358974359
5.84615384615385
5.51282051282051
6.25641025641026
5.46153846153846
6.25641025641026
5.89473684210526
5.78378378378378
5.72222222222222
5.94444444444444
5.30555555555556
6.25
5.85714285714286
6.48571428571429
6.51428571428571
6.37142857142857
5.65714285714286
6.57142857142857
6.4
6.42857142857143
6.8
7.17142857142857
6.31428571428571
5.74285714285714
5.65714285714286
5.45714285714286
5.74285714285714
5.82352941176471
5.06060606060606
5.96969696969697
5.39393939393939
5.87878787878788
6.5
5.9375
6.125
6.40625
6.5
6.375
7.38709677419355
6.45161290322581
6.19354838709677
6.35483870967742
6.09677419354839
6.83870967741935
6.41935483870968
6.06451612903226
6.35483870967742
6.03225806451613
6.87096774193548
6.03225806451613
6.25806451612903
6.45161290322581
6.41935483870968
6.09677419354839
6.16129032258065
6.4
7.4
7.26666666666667
7.03333333333333
6.4
6.4
6.1
7.06666666666667
6.23333333333333
5.63333333333333
6.73333333333333
7.4
6.6
6.66666666666667
6.66666666666667
6.48275862068965
6.10344827586207
5.92857142857143
5.81481481481481
6.03703703703704
5.88888888888889
6.14814814814815
5.51851851851852
6.14814814814815
6.62962962962963
6.30769230769231
6.34615384615385
6.07692307692308
5.84615384615385
6.30769230769231
6.68
6.56
6.68
5.56
6.12
5.92
5.6
5.4
5.88
5.88
5
5.88
6.08
5.12
5.16
5.8
5.84
5.12
5.48
5.72
6.625
5.60869565217391
6.26086956521739
6.30434782608696
6.34782608695652
6
6.08695652173913
6
6
6.31818181818182
7.09090909090909
7.04545454545455
6.45454545454545
6.81818181818182
5.81818181818182
6
5.81818181818182
6.36363636363636
5.18181818181818
5.59090909090909
6.45454545454545
6.54545454545455
5.81818181818182
5.86363636363636
6.54545454545455
5.95454545454545
6.31818181818182
6.23809523809524
5.71428571428571
6.66666666666667
5.75
7.31578947368421
5.78947368421053
6
6
5.42105263157895
6.94736842105263
6.15789473684211
5.84210526315789
5.47368421052632
6.42105263157895
6.10526315789474
6
6.31578947368421
6.5
6.94444444444444
7
6.94444444444444
6.38888888888889
5.94444444444444
6
6.22222222222222
6.94444444444444
6.11111111111111
7.05555555555556
6.11764705882353
5.88235294117647
6.70588235294118
6.29411764705882
6.82352941176471
5.64705882352941
5.64705882352941
6.70588235294118
7
6.29411764705882
7
6.05882352941176
6.82352941176471
6
5.76470588235294
6.47058823529412
6.70588235294118
6
6.88235294117647
6.23529411764706
7.05882352941176
6.17647058823529
6.41176470588235
7.11764705882353
7.11764705882353
7.88235294117647
5.6875
5.9375
7.3125
6.9375
6.3125
7
7.75
7
6.4375
5.875
7.0625
7.625
5.8125
6.6875
5.9375
6.8125
5.9375
5.5625
6.8125
6.125
6
5.4375
6.125
6.75
6.0625
6.9375
6
6.3125
6.0625
5.875
5.3125
5.8125
6.5
6.125
6.4375
5.875
6.25
6.5625
5.6875
5.9375
6.4375
6.5
5.66666666666667
6
5.46666666666667
6.53333333333333
5.6
6
6.06666666666667
5.73333333333333
5.8
5.4
6.33333333333333
5.26666666666667
5.46666666666667
5.73333333333333
5.73333333333333
5.33333333333333
4.86666666666667
6.46666666666667
6.26666666666667
4.46666666666667
6.66666666666667
5.2
5.6
6.4
6.8
6.4
5.26666666666667
5.86666666666667
6.07142857142857
6.78571428571429
5.57142857142857
5.78571428571429
5.85714285714286
6.78571428571429
6.42857142857143
5.85714285714286
6.92857142857143
6.42857142857143
6.76923076923077
6.61538461538461
6.69230769230769
5
4.84615384615385
5.30769230769231
5.53846153846154
5.76923076923077
7.25
5.27272727272727
6.5
7.2
8
5.8
7.4
8.2
8.4
5.5
5.6
6.3
6.7
6.7
4.9
6.7
5.4
6
6.1
5.7
6.11111111111111
6.44444444444444
5
7.33333333333333
6.11111111111111
6.33333333333333
7.55555555555556
5.77777777777778
6.11111111111111
6
5.55555555555556
5.22222222222222
5.88888888888889
6.88888888888889
5.88888888888889
5.66666666666667
5.77777777777778
5.88888888888889
5.55555555555556
6
6.44444444444444
7.22222222222222
7.11111111111111
6.66666666666667
5.77777777777778
4.88888888888889
6.33333333333333
5.66666666666667
5.77777777777778
6.55555555555556
5.33333333333333
4.55555555555556
6.11111111111111
5.77777777777778
6.11111111111111
6.11111111111111
6.22222222222222
6.77777777777778
6.66666666666667
5
6.33333333333333
5.44444444444444
7.11111111111111
5.88888888888889
6.22222222222222
7.11111111111111
6.44444444444444
6.55555555555556
5.88888888888889
6.22222222222222
5.66666666666667
5.33333333333333
6.22222222222222
6.33333333333333
5.88888888888889
5.33333333333333
6.66666666666667
5.55555555555556
6.22222222222222
5.77777777777778
5.11111111111111
5.11111111111111
5.44444444444444
4.77777777777778
6.11111111111111
5.66666666666667
5.11111111111111
4.88888888888889
5.66666666666667
5.55555555555556
4.55555555555556
5.77777777777778
5.44444444444444
5.11111111111111
5.77777777777778
6.66666666666667
6.55555555555556
6.11111111111111
6.22222222222222
5.77777777777778
5.77777777777778
6.33333333333333
6
6.22222222222222
6
7
6
6.88888888888889
5.55555555555556
5.22222222222222
6.55555555555556
6.22222222222222
5.55555555555556
5.55555555555556
7.33333333333333
6.77777777777778
5.88888888888889
6.66666666666667
4.77777777777778
7.11111111111111
6.77777777777778
6.22222222222222
6
6.33333333333333
6.66666666666667
5.44444444444444
5.88888888888889
4.66666666666667
6.625
7.125
6.125
6.125
4.625
5.5
5.125
5.75
5.375
6.375
5.875
7.375
7.625
6.875
6.5
6.25
5
4.75
6.125
6.125
4.75
5.375
5.25
6
6
6
6.25
5.375
6
5.75
8
6.625
6.75
5.625
4.875
5.125
5.875
5.625
6.5
6.5
6
5.625
5
5.375
5.875
5.125
6.625
5.25
6.625
7
5.85714285714286
5.85714285714286
6.42857142857143
5.71428571428571
5.14285714285714
5.57142857142857
6.5
5.33333333333333
5.16666666666667
6
8.33333333333333
6.5
6.5
5.16666666666667
5
5.5
5.83333333333333
5.5
5.66666666666667
5.83333333333333
6.83333333333333
6.33333333333333
4.66666666666667
6.33333333333333
7.66666666666667
7.16666666666667
5.83333333333333
5.5
5.5
6.66666666666667
6.33333333333333
7.16666666666667
5.33333333333333
6
7.66666666666667
6.33333333333333
6.33333333333333
6.33333333333333
6.83333333333333
6.16666666666667
4.16666666666667
4.83333333333333
6
7.66666666666667
6.83333333333333
5.8
4.8
6.8
7.2
5.8
6.2
6.6
6.4
6.6
4.4
5.6
4
6
5.4
6.4
6
6
6
6.4
4.4
4.4
7
8.2
5.8
5.2
6.6
7.4
7.4
6.6
4
5.8
6.8
6
6.6
5.8
5.8
5.4
6.4
6.8
6.8
7.8
5.8
6.2
6.4
8.4
9
8
7.6
6.6
7.6
5.4
7.2
6
7.8
7.4
7.2
6.4
7.2
6
7
5.8
5.8
5.8
6.8
7
7.8
5.6
7.2
5.8
5.8
4.6
5.2
4
5
5
5.4
5.6
4.6
7.4
6.4
5.4
5
4.6
6.6
5.8
6.6
6.6
5.6
6.2
7
7.4
7
6
7
5.8
7.2
7.2
7.2
7.2
7
4.8
6.8
7
7.6
5.8
6.6
8.4
7.5
6.5
6.25
6.75
7.75
7
5.25
6.25
5
6.25
6.5
7
6.75
6.75
5.5
9.75
5
6.25
6.75
8.75
6.75
7.25
5.75
8
6.5
6.25
6.5
5.25
5.75
5.75
5.5
7.25
6.5
5.25
4.75
6
8
6.25
7.5
8.75
10
8.5
8.25
7.5
7.25
5
8
6.5
5
5.75
6
4.5
7.5
5.5
7.25
5.75
6.25
5.5
6
6.75
6.5
6
5.5
4.5
6.25
7.5
5
7.5
7.75
6.25
7.75
6.5
6.75
6.5
4.25
3.75
4.5
5.75
6.25
7
6
5.25
6.5
7.25
6.5
6.5
8
7.25
8
6.75
7.5
5.25
6.25
7.5
6.5
4.5
6.5
5.75
6.25
5
5.5
6.25
5
5.25
4.25
5.25
7.5
7
8.5
9
6.25
5.5
7.25
6
7.5
6
6
7.25
4.5
5
5
6.25
5.25
4.75
7.25
6.75
8
6.25
5.75
5.25
7.75
6.25
6.5
8
7
8
8
7
7.75
8
8
9
7.25
5.5
6.5
7
3.75
6
7.5
5
4.75
4
3.75
4.75
7.75
8
7.75
6.25
7
7.25
7.25
6.25
6
4.75
6.75
5.5
4.75
6.25
5.75
6.5
4.75
7.25
7
6.75
6.75
7.25
6.5
7.5
5.5
7
5.25
5.66666666666667
8.33333333333333
9
5
6.33333333333333
5.66666666666667
7
6
6
5.66666666666667
6.33333333333333
7
5
7.66666666666667
9.33333333333333
6.33333333333333
5.66666666666667
5.33333333333333
3.66666666666667
4.66666666666667
7
4.66666666666667
7.66666666666667
5.33333333333333
5
8
8
8.33333333333333
6
7.33333333333333
7.33333333333333
7.66666666666667
7
8
7
6
8
6
7.66666666666667
7.66666666666667
8.33333333333333
6.33333333333333
6
8
8.33333333333333
8
8.33333333333333
9
8.33333333333333
9.33333333333333
8
8
7
8
5
6.33333333333333
5
6
5
6.66666666666667
5
6.66666666666667
5.66666666666667
4
6.66666666666667
5.66666666666667
7
6.33333333333333
5.33333333333333
5.66666666666667
5.33333333333333
5.66666666666667
7
6.33333333333333
5.33333333333333
4.66666666666667
7.66666666666667
7.33333333333333
6.33333333333333
7
7.33333333333333
7
8
7.66666666666667
7
8
6.33333333333333
7.33333333333333
5.66666666666667
5.33333333333333
8
6
6.66666666666667
7.66666666666667
7.33333333333333
7.33333333333333
4.33333333333333
7.66666666666667
7.66666666666667
7.33333333333333
8
5.66666666666667
7.33333333333333
5.66666666666667
6
5
4.66666666666667
6.33333333333333
5
5.33333333333333
6.66666666666667
6.66666666666667
6
8
8.66666666666667
7
6.66666666666667
7
6
7.33333333333333
7.66666666666667
7.33333333333333
6.66666666666667
7.33333333333333
8.66666666666667
8.33333333333333
7.33333333333333
7
6.33333333333333
8.66666666666667
8.66666666666667
5.66666666666667
7.33333333333333
10
9
8.66666666666667
8.33333333333333
9
9.33333333333333
9
10
6.33333333333333
7.33333333333333
8
5
7
6
5.33333333333333
4
4.33333333333333
6.66666666666667
5.66666666666667
5.66666666666667
7
7.33333333333333
7
6.33333333333333
4.33333333333333
4.66666666666667
6.33333333333333
6
4.33333333333333
5.33333333333333
6.33333333333333
6.33333333333333
4.33333333333333
7
8.66666666666667
8.33333333333333
6.33333333333333
10
8.33333333333333
9
8.33333333333333
9.33333333333333
8
7.66666666666667
7
6.33333333333333
6.66666666666667
6.33333333333333
6.66666666666667
5
5.33333333333333
6
6.66666666666667
6.33333333333333
6.33333333333333
5.66666666666667
6.66666666666667
7
5.33333333333333
5.33333333333333
8.33333333333333
7.33333333333333
6
8
4.66666666666667
6.66666666666667
6.66666666666667
7
7.33333333333333
5.33333333333333
8
6
8.33333333333333
6.66666666666667
6.66666666666667
6.33333333333333
5
7.66666666666667
7
6
6.66666666666667
6.66666666666667
8.33333333333333
7.66666666666667
8.66666666666667
8.33333333333333
9.33333333333333
9.33333333333333
8
8
8.33333333333333
7.66666666666667
8.33333333333333
7.66666666666667
6.66666666666667
5.33333333333333
7.33333333333333
4.33333333333333
7.33333333333333
3.66666666666667
4.66666666666667
4.33333333333333
2.33333333333333
6.66666666666667
6
6.66666666666667
7
7.33333333333333
7
7.33333333333333
5.66666666666667
5.33333333333333
7.66666666666667
8
5.66666666666667
6
5.33333333333333
4.66666666666667
5
3.66666666666667
7.66666666666667
7.33333333333333
8.33333333333333
7.33333333333333
4.33333333333333
6.66666666666667
7
5.33333333333333
7
5.33333333333333
8.33333333333333
6.66666666666667
6.33333333333333
6
6
6.66666666666667
5.66666666666667
6
7
6.33333333333333
7
6
4.66666666666667
4.66666666666667
4.33333333333333
6
6.66666666666667
5.33333333333333
5.66666666666667
5.66666666666667
5
4.66666666666667
8.66666666666667
8.66666666666667
7.66666666666667
8.33333333333333
7.33333333333333
8.66666666666667
8.33333333333333
7.33333333333333
8
5.66666666666667
6.66666666666667
7.33333333333333
6
4.66666666666667
7
7
7.33333333333333
8.66666666666667
6
8
5.5
10
6
5
6
5.5
2
4
5.5
6
9
8.5
5.5
10
10
7.5
7.5
5
7
8.5
8
8.5
7.5
5
6.5
6.5
7
7.5
6
3.5
5.5
5
5
4
6
7
8.5
6
8
5.5
10
9
9
3
6.5
5
4.5
6.5
6
6.5
7.5
7
6
9
9.5
9.5
8
3.5
3.5
4
4
3.5
4
4
4.5
2
5
1.5
5
3.5
3.5
6
5.5
5.5
8
6.5
9.5
8
6.5
7.5
5.5
6
5.5
3
7.5
7.5
8
7.5
6.5
5.5
4.5
4.5
4
5
5.5
6
4.5
4.5
5.5
5
6
4
5.5
5.5
4.5
7
6
6
5.5
6
5.5
4.5
6.5
5.5
8
6.5
7
6.5
6
6.5
5.5
6
5.5
4.5
5
5
4
6
7.5
7
7.5
3.5
7.5
2.5
5
3
6
6.5
4
6
4.5
5.5
6
6.5
7
5
6
8.5
7
7.5
8.5
8.5
8
10
7
6
5
8
6.5
6
6
4.5
6.5
2.5
5.5
4.5
4.5
8
8
5
7
5.5
6
3.5
7.5
5.5
3
8.5
7
8.5
9
6.5
7
2
9.5
6.5
4.5
3
6.5
6.5
4.5
7.5
5
5
5.5
5.5
7.5
4.5
7
3.5
4.5
4
4
5
6
3.5
6.5
5.5
6
5
8
7.5
4
7
6.5
6
6.5
8.5
6
5.5
8.5
9.5
8
6.5
6.5
6
4.5
3.5
8
8.5
9
5.5
5
6.5
5.5
7.5
5.5
6
6.5
8.5
8
6
5
5
2.5
6.5
5.5
4
4
3
3.5
4.5
5.5
4
7.5
8.5
7.5
9
9
9.5
3.5
6.5
6
5
4
8
5.5
5
6.5
6.5
7.5
8
5
4.5
4.5
3.5
6
6.5
6.5
5.5
6
4
8.5
7
8.5
6.5
7.5
6.5
8.5
7
5.5
7
6.5
5
9.5
8
8
5
3
6.5
4.5
5.5
2.5
5.5
6.5
6
7
8.5
6
5
5.5
4.5
3.5
3.5
7
4.5
5
8.5
9
9.5
8.5
7.5
4
8.5
6
9.5
8.5
8.5
10
1.5
6
6.5
6.5
7
7
7
6.5
5.5
7.5
7
4.5
5.5
5
4
4.5
3
5
6
5.5
4.5
7
6
7.5
7
7.5
6.5
6.5
7
6
7
8
7
8
8
7
6.5
6
5.5
5.5
5
7
7
5.5
5
4.5
3.5
4
4.5
2
5
4.5
5
6
7
5.5
3.5
4.5
3.5
6.5
5
8
7
6.5
6
5
5.5
3
6
8
8.5
9
9
10
4.5
4
5
5
4.5
5
3
5
4.5
5
5.5
2.5
6.5
7.5
6.5
7
3.5
8
8
8
5.5
8
5.5
6.5
6.5
6.5
6.5
4.5
5.5
4.5
4.5
3
6
8
6
6
6.5
5.5
6.5
4
6
9
5.5
3
9.5
4
2
1.5
2
3
4.5
5.5
6.5
7
8
9
5.5
5.5
3
3
4
5
5
4.5
5.5
4
5.5
4
7
7
7
6.5
5.5
5.5
6.5
6
5
3.5
4
4
5
3.5
5
4
8.5
8.5
8
7
8
7
5.5
4.5
5
4.5
3.5
4.5
5
6.5
6.5
8.5
8.5
8.5
9.5
10
9
7
6.5
6
6
5.5
6.5
6
2.5
5.5
6.5
5
6.5
4.5
7
6
9.5
7.5
8
3.5
5.5
5.5
5
5
5
5.5
2.5
5
7
5
2.5
5
4.5
4
4.5
5.5
5
5
5.5
4
7.5
6
6.5
3
2
2.5
2.5
3.5
3.5
4.5
3.5
3.5
3
6
4
5
5.5
5.5
2
4
4
5.5
5
7.5
4.5
4.5
4
4.5
4
6
3.5
3
2.5
5
4
5
4.5
5
5.5
5
7.5
7.5
5.5
4.5
9
7.5
7.5
3.5
3
5.5
4.5
5.5
6.5
6.5
6.5
6.5
5.5
5
4
6.5
6.5
6
8
4
8
8
8.5
9
6
9
9.5
9
10
8
7.5
3.5
10
8.5
8.5
9.5
8.5
6.5
7.5
7.5
3.5
5
4
2.5
6.5
3
3
2.5
2
4
5
6
5
8
9
5.5
9
10
5.5
8
8.5
7.5
6.5
8
5.5
8.5
4
7.5
4.5
3.5
4
5.5
6
5.5
4.5
7
4.5
5.5
5.5
4
8.5
5
6
7
4.5
8.5
4.5
7
4.5
4
8.5
8
7
6.5
7.5
7.5
5.5
5
10
2
7.5
9
9
6
9
7
7
8
6
6
7
8
9
8
7
8
5
10
7
8
8
7
6
7
6
7
8
7
7
7
7
4
7
1
2
3
4
4
5
3
7
5
9
6
7
8
10
1
6
10
10
5
6
6
6
3
6
5
5
5
6
10
7
8
9
9
2
3
4
4
5
6
7
7
8
7
10
2
10
1
10
3
10
7
4
4
5
3
7
8
10
10
10
10
10
10
10
2
3
4
4
3
6
7
8
9
10
6
7
1
8
3
8
5
4
4
5
3
7
8
10
10
10
10
9
10
2
10
1
10
3
7
3
3
4
5
3
7
8
9
10
10
10
10
10
10
1
2
1
4
3
6
6
4
4
5
3
7
8
10
10
10
1
4
4
4
3
2
6
6
7
7
7
2
4
2
3
4
5
6
7
6
4
5
6
7
8
7
7
6
9
7
10
7
8
7
7
8
7
8
6
10
9
9
10
7
10
2
10
8
10
7
4
3
2
7
6
7
7
8
4
3
4
2
5
2
8
8
9
9
8
8
9
7
8
8
6
9
1
4
1
4
1
5
2
3
4
5
3
4
2
9
1
8
10
