3.68257016751461
2.13268552900838
1.74487578263641
1.36195720260702
1.10464640061765
1.02341203704676
1.03940586224001
0.866880546383502
1.06700890453028
1.29004712789456
0.911473258019521
1.42604673845445
1.22294843029626
1.01544122059336
1.08513596397893
1.02867380703283
1.12496818818457
1.20578463231498
1.15789251083796
1.39208015973695
1.23904881183074
1.47102119939162
1.28801517887985
1.37677210143539
1.41597549190654
1.3951161658802
1.54544600777555
1.47738571202836
1.55531708370334
1.44787518254877
1.50456960057889
1.45716950508544
1.42370817088267
1.52589411387769
1.52904206765717
1.50219838565014
1.58965842294743
1.51700756247618
1.54755673490972
1.58180438643267
1.5607692705905
1.55399320313275
1.57975294379386
1.62577126231754
1.62440324932575
1.63600868340893
1.72401616839036
1.6130598641488
1.58686725251193
1.59072585427324
1.64657042590748
1.57169430101693
1.67733941858207
1.57274816331036
1.6648942284329
1.61818941974004
1.69338575557301
1.73540600518606
1.66755162674223
1.61339488932365
1.71870139602952
1.76441966710635
1.69567967968558
1.73895030057208
1.76461904343357
1.76868927636581
1.64101956572271
1.69063338415843
1.74439861116369
1.69014283931639
1.72867512260973
1.77041950365446
1.69700337928744
1.72169379795363
1.69539098300052
1.67692591059618
1.71944458773138
1.72413982915551
1.78025114128649
1.69324653386976
1.63779140483041
1.80077812853875
1.80175532590452
1.68878394525255
1.77606439578119
1.72547372122176
1.66376714705335
1.75638571084246
1.73562085932154
1.64188223635488
1.70330847544108
1.72825792075951
1.79288162652097
1.82101722921292
1.76161418916683
1.72253921893695
1.86091558097874
1.80627318849117
1.79507906493889
1.7692991245714
1.84469893511567
1.7246654324709
1.74014352829661
1.79236667439889
1.77599812695827
1.79040047033461
1.71062177907768
1.8166326743431
1.72915524676302
1.79826367490254
1.84071668071216
1.67387312645687
1.66379100913651
1.85986892379551
1.84515579833297
1.87704374126974
1.8352090172865
1.84353729024372
1.81055782746085
1.692429737915
1.75416511933636
1.70535839275898
1.7898736287683
1.86816994602568
1.77934759051719
1.69737960056051
1.71962777870133
1.84490713022622
1.69471013633074
1.77203474447796
1.7658534050709
1.93238135905372
1.81420677892628
1.90341950095039
1.78125952843624
1.69293067556529
1.70640897028236
1.8386979242713
1.73252374159939
1.84734894068805
1.8203233531105
1.7736836768956
1.61419959490654
1.86125884607647
1.6180249116716
1.86871904503076
1.73878389067044
1.64978032326904
1.9232164859132
1.92578094208544
1.82603580962388
1.79064049957465
1.83633283366519
1.84430224216287
1.8217491873335
1.80901059350665
1.84818161866352
1.75615979470517
1.68935577922905
1.62161154720979
1.77614699667731
1.77758199733018
1.76140698176023
1.85958682114711
1.80136792681607
1.89991163203308
1.8538242435609
1.88482289937585
1.83373911129962
1.93299514464734
1.90182275276876
1.80810997702512
1.79664261120554
1.8019439742067
1.88187956682627
1.72100417503202
1.73387219933539
1.75189840272877
1.6853221675702
1.93277856381388
1.74574087268068
1.77206983583117
1.76200330948154
1.78460989587814
1.74885395883554
1.82943876400333
1.76698325257689
1.91125071699551
1.91069217287854
1.74381990260258
1.89936156978298
1.76579173636834
2.00767920238665
1.83474116184146
1.74769286360708
1.82194589237009
1.86457258575272
1.72121448341732
1.82815008899153
1.95913720989709
1.79922707093457
1.84413359820178
1.93066981817034
1.89769609554459
1.8630675529512
1.8807564055246
1.84830285738457
1.79290310556917
1.77510929752519
1.71127574118425
1.69636330255675
1.97186272299303
1.82498334854218
1.69099008585681
1.80171389917567
1.71889084320242
1.66916398666687
1.84552433729428
1.78423064504882
1.9219823246107
1.93400654823631
1.84679242233118
1.83572743540443
1.71549254434181
1.69941312869402
1.62108692867012
1.73855883136937
1.84620817825039
1.61521180749163
1.6850564088288
1.67228985300695
1.61719965044482
1.62095424699623
1.7420274945457
1.76841398669972
1.6486172051442
1.88618212534795
1.69048175412806
1.82274839402435
1.96752139816855
1.8615430789115
1.5696094177348
1.67720113072031
1.82162497719696
1.7704348479599
1.84227851465776
1.76600183575931
1.87264382139359
1.70475577181884
1.80771510708571
1.85854636524012
1.61223134177532
1.89422075763642
1.77038353935033
1.73373393845729
1.75065525744373
1.84254518208521
1.68466945011972
1.72469908619376
1.49638014181422
1.72253137233644
1.71460990194948
1.87021927592477
1.88080142029927
1.75225859138948
1.76862113733045
1.81564390105522
1.5654518634379
1.58340031939452
1.73896037720613
1.71528407080214
1.75699220050054
1.86785386370702
1.81958563207343
1.71628787548254
1.48656738613334
1.79103134036313
1.74843309909365
1.72405455462539
1.70569066776525
1.79142241895334
1.71887458013779
1.8552336504006
1.83899992200987
1.65797579168079
1.56989879815108
1.91922518359627
1.80703732394482
1.57670450686128
1.71987320826032
1.80329840942646
1.82916554251774
1.55901883582835
1.5270796034066
1.60551538604736
1.71358131017604
1.7520655607661
1.67827366424638
1.84913683337643
1.75808262519286
1.51371680094473
1.50210603542181
1.55438825627845
1.56322381749874
1.63597069505957
1.5459656525372
1.90722234041379
1.77721443366275
2.01452243344503
1.75912284978351
1.76875611160031
1.69995213634424
1.80134873253591
1.85599420420797
1.73190585797431
1.97465125248708
1.82487756751103
1.82897732566223
1.87375675152528
1.69505235316041
1.82953169352927
1.88441382125899
1.7416204183099
1.72139974752658
1.64251285688379
1.54284956060955
1.73993262691461
1.76853181731481
1.85585256785406
1.6477117069985
1.76366477138857
1.78271390790725
1.93083440540019
1.67547025149667
1.77062554573956
1.80665645292275
1.89378794848852
1.96347615366586
1.63790062006581
1.7457701277606
1.59653503269506
1.8060467587356
1.72448974744811
1.61703525864464
1.7720894516147
1.77759316700742
1.59034390769935
1.61625299175907
1.58342823183244
1.7831903908848
1.71161091337215
1.59852138613903
1.83924318808252
1.74101364940741
2.08648336373859
1.78439119264455
1.60120179931509
1.91835320146595
1.6859742623433
1.71069812483408
1.6925033483264
1.87704234320851
1.48643913620697
1.84992169418104
1.45414056515721
1.7802390455277
1.88227199740091
1.650788009771
1.45305433122104
1.41344779943839
1.42455493468347
1.46610100739585
1.51308378584536
1.80667762497887
1.70537055750779
1.47969375349086
1.73797398446215
1.83414253881908
1.81046725179556
1.79393153722301
1.7220107395823
2.21560248372808
1.87316047033173
1.811844823341
1.7228360125479
1.51641399715715
1.5443494250933
1.89520170090865
1.46386717670634
1.72047747478305
1.93695976410424
1.6686550952547
1.81147360187934
1.72043780673361
1.76555614791349
1.70279237233768
1.78174656268182
1.62370599280356
1.57143347366144
1.72679411890002
1.82811307111105
1.83267424881379
1.73130375137865
1.9943810302587
1.67842655257166
1.70214899560425
1.55259554226526
1.66787536398715
1.68696162488353
1.6600596991018
1.59781615866972
1.82465730894458
1.80651120546362
1.7557472097233
2.04691143562943
1.95271557226219
1.84472452361912
1.74695271361539
2.00349729901712
2.00682648030442
2.1164853442301
2.3442234656806
1.80350082255769
1.89432168521161
2.26358125390862
1.95840982469373
1.61123818120934
1.59946592198479
1.44213012320213
1.570374378601
1.78386789313184
1.4107332561735
1.83304899202204
1.55853672364955
1.84149366681969
1.32112750998894
1.71075314018808
1.84896776413618
1.57454406094892
1.94871544616952
1.68024907477306
1.72352809664942
1.76236477560471
1.6414890925885
1.66016974363994
1.81313746020654
1.53112961369143
1.63061615330054
1.62441988539714
1.69920663634214
1.79705875299634
1.58853149717935
1.76893660812154
1.84295233499306
2.09462354107363
1.80367763019334
1.80161110562597
1.67229364702825
2.12959141017083
2.10298836185146
1.76184462473424
1.53951903430182
1.68333386409759
1.97448457033459
1.81686405774525
1.83762095170382
2.38627993077315
2.20591095480107
1.5993797698615
1.73452655382495
1.73496572761898
1.8868909480073
1.88351630124915
1.99866515511775
1.78656963639771
1.74844120689822
1.53266810531217
2.23508289095811
1.69449513762996
1.71036081169218
1.82490253519619
2.00450096620406
1.95880585284061
2.28150053998833
1.87905293221011
1.86795975828337
1.78838929494041
1.60505469344433
1.82985261450218
1.51692759997735
1.53072987282482
1.46819456875859
1.70374224452461
1.65389759764067
1.36883658762861
1.83535356828444
1.75290809815297
1.61708504974739
1.70365903364786
1.65096346543445
1.61077588427758
1.46889259529851
1.85486293979971
1.56581131602639
2.06791300228615
2.00685127534289
1.83014723122932
2.09268528820809
1.94906100800019
1.91152505868234
1.5955755870985
1.71499969282864
1.86256720067106
2.03335909867981
1.80803137531067
1.84775823679723
1.71580112274977
1.76178721534662
2.18393120342405
1.88029387107113
2.07735173310799
2.05855543714596
1.61902921104219
1.67677242686862
1.91435483869057
1.27929248941964
1.86805387998884
2.02097375342994
1.86891860450024
1.56925677802339
1.88494590427341
1.61749915133065
1.63798801934501
1.34696271780836
1.38597731770538
1.49286913248031
1.83650237595275
1.76340861499965
1.30155879108085
1.99697600319289
2.04798626915956
2.14794752389731
1.69193378875818
1.45577670065746
1.72675215350132
2.41564810130188
1.75507522569232
1.83856786936132
1.58255121393961
1.45149357739437
1.74432081096079
1.80480582159902
2.33430033152167
1.63358942690722
2.17779782206318
1.94606132931856
1.53016625886161
1.43967743065651
1.75094204492753
1.60653182053583
1.62696908856774
2.33294478983713
2.03425985759059
1.89163418641971
1.51558425251176
1.73860466096623
1.49174427378228
1.86722631511824
1.7205825139004
1.93264276854573
1.87124972282717
1.54385890649189
1.51294667767469
1.56093164885798
1.47207430173905
1.88988232679622
1.69170228867432
1.88417448246803
2.01479918732942
1.73135883247024
1.9105656107008
1.81247020376219
1.76831370668217
1.75707901657921
1.4090393547282
1.47554626004169
1.60810572124367
2.06179784210277
2.16601845565443
1.53120536568875
1.85855296790153
1.89336145116998
1.81355470945554
2.11632836876317
1.88720840318996
1.36691876105047
1.54910277331038
1.87163789284388
1.77101767417907
1.98430663756139
1.67810964410845
1.5455893082063
1.54629270745145
1.43681732172432
1.46283972637688
1.5844320141848
1.54652468976991
1.10431510226264
1.67653982352904
1.36521307544064
2.58016481124458
2.09716625497995
1.95956591860437
1.60294052898465
1.94970916322245
1.59969416085049
1.33599579481497
1.94546536559776
1.53720965100997
2.22971391326247
1.76035469026584
1.26804998507411
1.21044457554403
1.64302885314723
1.62865718827022
2.27027008062331
1.93491303745516
1.95102398905408
1.4605396134965
2.0119077052255
1.433671505877
1.32274078736685
1.26139272786826
1.64132189994928
1.62923283772405
1.448352254256
1.74373501073575
1.68423523245983
1.69184122205026
1.63057244591088
1.07013241697529
1.67155954637942
1.55131818909265
1.69648330307918
1.41015321625404
1.80309045983893
1.93711061255462
1.69480200649889
1.80939403022684
2.10370849722256
1.61346999729346
1.82096910977747
1.22957971255093
1.81556960663155
1.71517057763169
2.02055267020858
1.46571541609742
1.23629243645999
1.19201548029708
1.94147650134325
1.49577283394545
1.53399373255688
1.44843565309404
1.88108744459973
1.01481307836312
1.59459699604923
1.43602605020597
1.48068304362293
2.10272467656425
1.75363968587251
1.78815197959578
1.76007747515375
2.0598786004247
1.51405128461348
1.35198673273691
1.77282517473962
1.51740013985974
1.76413034425859
1.50068179810921
1.43728844600894
1.69494758156807
1.2229950434099
1.47787380256681
1.23118562084326
1.18865851978172
1.06743913696613
2.06095159908583
1.79593731610943
1.6129400722471
1.28895194394405
1.41437499292144
1.78095855938068
1.93230412301632
1.23523514553036
1.46410458010167
1.61594592876206
1.66445244624465
1.50130967417288
1.5014759329206
1.55384303917356
1.54706653693061
1.54440685923773
1.14715489424139
1.24874807370859
1.72825007622605
1.90277221351848
1.63817509233004
1.43102980125254
1.98739441200708
1.52033023127383
1.60015544010763
1.2509013298597
0.972135114843993
1.60552168213699
1.36179581564898
1.45106050443688
2.25145577984125
2.24635664335283
1.86387724577674
2.2693648559286
1.74012879133877
2.01991207727811
1.86802561152422
1.8530757857402
1.58787443457873
1.5378388192725
1.24243508127096
1.86452301808779
1.16870194921289
1.81628279172488
1.78967821736283
1.36899149016106
1.77565431090688
1.77986801561239
1.47087372194377
2.27276132615055
1.97389797334371
2.19683106570679
2.4751064179841
1.89741226155219
1.45456141108752
1.93048545268104
1.87777250405568
1.24971359919794
2.19597330358385
2.27496467639375
1.87238873590285
0.972352254112039
2.38842737041808
1.76158964908561
1.45466148584802
2.34695150869151
1.66553901751141
1.35491043665889
1.54756086764084
1.28565430253409
2.0035003549453
1.23720744966411
1.92163929023691
2.00416043417513
1.18017369107329
0.895709451748694
1.26394701232912
1.34645528731024
1.59456936845441
2.0621314055963
1.70494303102512
1.524498203348
1.4359824473204
1.55345508833857
1.50059429962826
1.07073767224706
1.95697676976362
1.56438372262254
1.47134277023594
1.24962721264622
1.03257736574564
1.27451626909891
1.21941621897427
1.07215609227826
1.30983194828332
1.67121161384599
1.87954389445426
0.981409734077867
1.60290365334454
1.43794495554913
1.8304346862161
1.00118769227715
1.65864172321199
2.64370663969733
1.54811903448092
2.18885070722763
1.30877922062569
1.37196584305412
1.39590449322522
1.37736543639696
1.09677870066634
1.94414336649449
1.81783550376467
1.60194747101803
1.68414562900437
1.17829427804547
1.0579862451695
0.759606476838552
1.26117187268166
1.63877879855505
1.10826912523884
1.73463936914318
1.58612266112354
1.45669807598678
2.34598442265175
1.67520646590623
1.80479172751392
1.37091918980523
1.00786661313582
0.758852683428499
1.75094999779262
0.80213463360687
1.6062863272543
0.717682440750808
1.88634578943147
0.914912213988753
1.40978507286269
1.16965492665295
1.08545479308744
0.931455947746976
1.65983457654005
1.52103227725449
1.37095285948124
1.48831307019858
1.17899390454061
1.56023077382622
1.35542452977275
1.59291952730256
0.834338072651056
0.943132906533855
1.6938528997225
2.15124574624437
1.09746943387585
1.00973577962483
1.57740424233465
1.24147302665919
1.481986471496
1.00205348201842
1.42437264569666
2.239166770776
1.500636180716
2.14914071596586
1.24976194893974
1.15994567502736
1.56198098283968
1.06047463198716
1.82278404704932
1.28271139924164
1.76366159516747
1.08326015424826
1.85651505335159
2.13156057888488
1.30991211269384
1.82935850831347
1.4834654270688
2.08956708897769
1.58889142548694
1.42015659193822
1.02013404907047
1.37412634436138
2.57126521226559
1.67909220888548
1.83820552254194
2.36424705590182
1.83483174495031
1.87869843267405
1.36056387817717
2.16596806041968
1.35950211837335
1.40786597439586
1.49085509562517
2.71903031194809
1.43213099710437
2.26401564403899
1.67059588001512
2.36816184509512
1.45593825245282
1.42510858268059
1.9708543034103
1.62075395412039
1.81410951956407
1.53555754538554
1.72013036047311
2.75190437358438
3.38739002284387
2.13248723218307
1.01276665647923
3.01980261064105
2.22847883787831
1.21716789625645
2.24346604838721
1.57700680735331
1.18027138632481
1.73169317260516
2.48322533906576
2.80351148995698
1.75095807125703
2.23114045976304
1.72226474838292
2.23734436912378
2.09091477860791
1.25336890209644
1.78621484244829
1.29659525970091
1.6487877654454
1.00994239607794
1.15750833061269
1.32852136766758
1.64693893042196
2.04519153682209
2.96784879490962
1.87557060931364
1.38536882966073
1.18342200577954
1.11579473624359
1.01372991109876
1.72083252803254
1.20875522639458
1.3860231710211
1.63430832453917
2.02127074986682
0.87444753043804
1.12612065178076
1.05549205419599
2.09051785076698
1.80252319603802
1.24606615558367
1.19982372760514
1.29683446692864
2.76999200288966
1.44269136167894
1.65983878986037
1.73085868444178
1.30012783645029
1.74243038829611
0.846596123322066
1.00381637943767
1.24111619404961
0.770800192673482
1.75603073541672
1.96530354539062
1.29337066612614
1.74986673013843
2.13810828278917
2.4823422150971
1.89573246357627
1.39520193463415
1.60767237730983
0.863804470035709
2.06429970466461
2.06793452677772
1.4356294631286
1.55485831548915
0.941748873878594
1.9146852633217
1.33542778746141
1.20639149589041
1.41916969872087
1.27884068670694
2.3236301249302
2.30036639638519
1.28944873184889
2.72529324149342
1.5265490472497
1.41491819567971
1.12733685218273
1.75396238760433
1.29088280899893
1.16504303572398
1.41991337980331
2.22643547612765
0.805531979088136
1.57684482581903
1.63783734555627
2.58457092044391
0.794756887231796
0.991055772728576
1.41412563904024
1.8220523013322
0.856051225619856
1.68386760846765
1.48827349096568
1.73558200127975
1.75603094738299
1.69419901497915
2.3118859209179
2.66399836601867
1.55107178938645
1.72552395768573
2.79401221482434
2.17608498112442
1.08152907515189
3.87684331902603
2.48147316067958
3.90074822850539
2.35812662398597
3.72393019272068
2.28826438334737
2.01827316975157
1.89311035048817
1.78914092686864
3.23745938224703
2.93423388218925
1.22548665301349
1.67368020562892
2.17348943005483
1.61890591115272
2.12821904893174
1.73280727122646
2.15226279952365
1.29209569915204
1.98412911232288
1.25807843756713
1.9497581365741
1.52779380569148
1.49264378609901
2.22263854771239
1.52095826433033
1.82769035119389
0.950648297104225
0.857436575546674
1.23870069665278
1.11455349582915
3.28688039132476
1.41018804852951
1.4026428523525
0.963214745860277
2.17718832348375
1.16754030221719
0.684153411766384
1.08637713592458
1.12407286708877
1.14544760669249
2.05310436321699
1.20457849142428
1.70329108434707
1.90736103637183
1.63637508678362
1.35594851161825
1.47306045258526
1.60557722087148
0.54810820215766
1.58375267085285
0.572493910080447
1.40671633886054
1.43543252705839
2.22869388364024
1.49517439676713
0.924844903510448
1.27454126028762
1.03752080055396
1.01926309418024
1.36932965985902
1.75831162900697
1.4995153674569
1.96542461308772
1.80967966438778
3.21848164975752
1.57753523520605
1.80146929642098
2.10496682783274
1.57767720182707
1.96548511837603
1.69352583570143
1.02973407436823
1.98216781614451
1.04952675526059
1.82448833520414
2.07152143254938
2.12041757924919
1.5035615837624
1.08237606306171
1.06735650592279
1.38848461564773
1.48776673581532
1.99843478161106
2.38876382434377
2.12240149353514
1.79567466979949
0.763058654179672
2.05994099762852
1.24810065665556
2.17251213234002
1.36562702655023
2.89231838413973
1.80168396704017
2.12819341488339
1.78240455656364
1.78254616562109
1.75242773095271
2.32319786296482
0.923447339563717
2.63846981808669
1.68719574320819
2.10204441363358
1.71513060620072
2.75149357093837
2.42240828205487
0.743229190346066
1.38250029862162
2.19796247294894
1.14778539121384
1.06703065864155
0.926433768327051
1.82137870158517
1.2038850850829
2.38250643211158
1.77507580289749
1.2405988338689
1.46926381613038
1.87413767920969
2.35276848156664
1.85049219897763
1.74496960699184
0.903960304369462
1.33592956143505
0.892658569786739
1.58163294072425
2.14147515734239
2.49232718268534
1.09298303236168
1.18805474674424
1.44749659759872
0.583878379311126
0.701091213583686
1.97186413485532
0.751809161513953
1.40051960625897
1.71357488246196
1.63424748357969
1.33363592162817
0.799236119438661
1.59997514322112
2.68253323103835
2.11486090198434
1.15185134177277
1.62478363200484
2.04131381180473
2.07924679349479
1.5668338334323
1.25539490705542
1.40206070978334
5.3081340662238
1.59301020677022
2.52952245658773
2.19818464826404
2.25663388925187
3.26276534908385
1.76098848022426
3.68767299956509
0.279722363927435
2.18164328501798
1.32738872099071
2.8666097866172
0.795565370598115
1.19317868026215
1.47111097333375
2.52959013961578
0.864768898776906
1.51259724796513
1.38969328035258
2.03235171621563
1.36377455994218
1.82244087210053
1.64599560887264
1.84475422008415
2.046640512533
1.68734545403334
0.369909954357128
2.36653657311751
1.70791097989362
1.13571598605556
1.33203956435823
1.32965263069702
1.27524010740362
1.32973594840322
1.69630487382962
1.06783634868208
0.597627851456652
1.19311276466502
0.527626808720147
0.639779158488518
1.13196978894529
0.756088743424686
2.06212032996021
1.98391352402971
1.27423907953486
1.40618350626567
2.62031246389911
0.909535181228771
1.76279819154891
1.61351071647647
2.40201266669596
1.65219411774275
1.03057501361814
1.25325644389862
2.06002745394434
1.00257145308628
2.18414586864297
1.51219260443554
1.1647764683437
0.4895155398107
1.42811651535692
1.07826764261602
2.6819975309531
0.93009717646071
2.78695808808006
1.12555371534654
2.66969696759061
1.6463076701585
4.87271033311242
1.19031363699664
2.16053011273493
1.35618573094291
1.52037746309237
1.94429024811791
1.10810785027851
1.57077579360909
1.88198705891022
1.915920518894
2.10563459583276
0.739321400667315
1.12304130261194
0.689216639147569
0.488771214964704
0.416560262972559
0.473553525628265
0.889454874326473
0.941899707620682
0.596119822802612
0.982396853017075
1.36161123467951
1.17444686746248
0.664395064001123
1.25912866623729
1.22511156881195
1.86168356923635
0.823113579462411
0.45624893024515
0.233965486121176
0.520017309725942
0.785569973989835
1.6110870354156
0.563968503892103
0.692235991485772
1.56332440324016
0.790171395339079
0.803424117839356
0.705022518534362
0.589358969908296
1.43090237532305
0.914323169995613
0.481505310272419
1.36235834833629
0.509789559251194
0.215532271302272
1.08568493772023
1.05454250454171
0.648518414591
0.59017410944466
0.31167470706706
1.4971757922272
0.455935277463297
0.507236104847598
0.546949458377091
0.995100130627618
1.20522251259596
0.678300248414714
0.55439907864517
1.43649065302378
1.08193111318791
0.728011354344702
0.786066334035481
0.494962590811822
1.0952304609079
1.42418936023989
0.654168996332782
1.90328943415803
1.01673008245958
0.882985605885255
0.969500014162774
1.03602665804037
1.21484269158731
0.610155113806303
0.613766655266546
1.23016011493986
1.91763904926502
2.12366077754199
0.810983076800148
1.55888162508265
1.43499677073984
0.877306717545754
2.25642542380925
1.38589308649882
3.00356508774343
1.15867096626827
1.8329230295348
0.909611740895368
2.63675095985949
1.08656438102268
2.83612391296978
2.06073937014753
1.80880157416541
1.29352415175869
2.2030890462863
2.93334783795576
2.55021521500988
3.08143039655849
1.25510075882906
1.63221638556041
1.31280943958875
1.50773066250816
1.39388569106293
2.73556623451246
1.46273873472241
1.40962879642391
2.74218941573622
0.872249484543295
3.51042955369823
1.78038006902071
1.92709075633387
4.16205244913496
1.96217886962663
2.08280068833234
2.40263006763789
1.89272908978763
1.70533581427322
1.55809027350685
1.08643325025041
2.32607939096193
1.85988293288469
1.11283660794614
0.804308953518081
1.38986740604665
2.46127891378888
1.09606153084235
2.18493242963626
0.335375239465225
1.48004997130511
2.60017685985391
1.53705557655662
1.58349578797001
1.83723817790859
0.797440264652399
1.33725122441798
1.02821959888538
0.889418383829421
0.79745041145537
1.03555754873944
0.735120800337494
1.535168062301
0.710885480110448
0.40726018804651
1.2332611137135
1.18044734524538
1.54300261437689
1.33631808723799
0.525125964872279
1.18758354708425
0.508162534698047
1.41040456759972
0.818229299512471
0.744085782126129
1.08616266531467
0.408006096554247
0.388755082980014
0.295976216111172
1.48613914965753
0.779215388293366
1.39658761459349
1.16590505687805
1.20125709072757
2.50483965281828
1.08489529630328
1.01783470417332
1.12297635550839
1.24941103540156
0.904032801510626
0.41885652625634
2.00513040097943
1.9384557299809
1.80652094295293
2.15574433397894
0.457698948990404
1.56680755527265
1.2078218638098
1.02581302730565
2.02343341609917
2.39860353248282
1.46858303035509
0.843067123818811
4.05101097416576
1.51199231793305
1.40164823631634
3.67960702706213
1.25462758339623
1.85983415102675
0.825381185342904
0.959008354193782
0.308847568170245
1.68609322952952
1.43327921274742
2.65235949242757
1.04895566642999
2.4831722794912
2.02965358731458
1.12530231624447
1.04270961306688
1.50780885158406
1.34147718041736
2.26514231919002
1.10888288296606
0.78135762823102
1.25111000379345
0.907619931678544
1.4471826213531
0.384335776909126
1.45669769796206
1.08983608470479
0.740086640911279
2.03783331970748
1.79055648660106
1.68991148642773
1.85725345936278
2.12865524114217
3.00912970783795
0.961076923393429
0.710343387285264
1.02521640450702
1.97441812212335
1.42444493089121
0.866906339022708
0.639493878082195
2.60620955487736
0.740193054540456
0.407955378810436
0.499363550730765
0.554663389845885
0.858882634031914
0.508452477561502
1.02094917939296
1.9265694572296
2.30406548814708
0.354592986929086
1.29461165814472
0.185000421986907
0.241647859425232
1.06456253009095
0.203694679761141
1.06715476097618
0.271173101838525
0.205245938554422
0.526552750589504
0.784440016196671
1.29655853970002
1.29571452490841
0.339036043263763
1.09283938182799
1.43905411393517
1.24215209464103
1.01130127105695
0.816399598839948
0.381043011935967
2.9685440503175
0.93478936430761
1.22727859124316
1.15294525036612
2.80448786013036
0.658310421016544
0.511561645952094
1.10537922468706
1.53039046419029
1.44956821996887
1.23475556046331
0.964769232508619
0.846321787379417
2.19928618931807
2.00453200739463
1.15548760314499
1.92074532243465
2.1161524762518
1.93739647493166
2.95857877943295
0.633451332917464
0.97186584935239
0.489500403235803
1.71331795711914
0.508658812200086
2.17340416441332
2.7612207261347
2.50868486498911
2.02886536690504
1.73080733351354
1.47156498307778
1.24142756856003
1.85820078155389
0.895465298094438
0.607697552183028
0.628922975919027
1.15285542506626
1.14326137403832
0.749210130494464
0.994977114592048
1.70088755432328
1.56959631002902
2.46904717953063
1.8729621063914
1.40323403454898
1.47670548477587
2.2471191925348
2.10083554880679
1.63280984288955
1.89390029799108
1.20353254660793
2.26740272347535
0.65407152425592
0.471772312957143
1.33743793308726
0.288220436999865
1.29524738884419
1.07165937413402
0.376175546113182
0.401729777244141
0.157964701767865
1.30005122099044
0.951205722002284
1.80597283868664
1.59480931601178
1.37139940552023
1.49726504162182
0.325477598707427
2.23351816988644
0.937430072811814
1.93950096842615
1.28554078910443
1.27339897434203
0.952443094841002
1.4632093170604
1.07799746828553
1.02742842089778
0.701783865439855
2.03336655155557
1.04061139870897
0.448481535260946
1.18818913018034
0.23489071209616
1.08689762804562
1.29406070962624
0.701452293016384
0.452278970749773
0.94196541052443
0.771073336273284
2.47730511202202
1.21716884264459
1.34947472825942
0.474505630502266
1.26070009881136
1.04881522476145
0.199317811904823
0.767445489763905
2.52422617682719
1.06042603371048
1.54186128600067
0.976908290433821
1.00746124342012
0.855279517768427
1.01533336265673
1.60865764300229
0.419840045558509
0.460960927060821
1.44312275623582
1.58002356851826
1.94008150327724
1.11758067211014
0.737153153759927
1.94028504988886
2.12741065529291
0.722550141183129
3.52686253790925
2.11197912069428
2.04675898102453
1.54776431252295
1.41572071087862
2.1860777765282
1.20420071168964
1.23807868561966
0.653185204676682
1.65826036463509
0.603892704832693
0.974693562356451
1.32478385615881
0.666379395562998
0.245546949804811
0.600212919506386
0.649979047373898
0.873504183363825
0.317875759576264
1.27381530643015
0.726703241416248
0.658892367763265
0.67156039030274
0.70018325351652
0.928555869544722
0.787284223518648
0.229052630804576
0.210734102305462
1.47307082898852
0.787119507916404
0.89137441870371
2.20302863917355
1.33232167554973
1.12668188628119
1.02451916958191
1.20624529932339
0.679426944882148
0.880063725528154
1.25174256121601
0.900307323846597
0.43854180591832
0.264176509787367
0.520314879424897
1.06850228554984
0.318905686540212
2.61634938761589
0.341169081576141
0.905665673335251
0.618278033120594
0.320247364258504
0.86859528454761
0.389203019911844
2.35850220644526
0.816892072573298
0.753172990333661
1.302862542731
0.536441743989712
4.92008833080674
1.20721068208313
2.63954764249497
2.56021599101839
1.64775216144838
1.67145172969763
1.27443057643759
1.87100741542941
0.866766963757614
1.09784976295959
1.08785654968149
0.656624384257683
1.11152182443568
0.374619008528134
2.69691599798753
1.57910439327624
1.36323821832157
1.34205053558805
1.37744698195322
1.30962805753384
5.14388123619218
1.37891287684512
2.54166670378561
2.69998612661505
1.50933986598963
1.39634880408937
2.74658406197547
0.20592036305794
0.552879368220162
0.579888294792175
1.64813510925199
2.0572306193071
1.00310102058925
0.519898179602417
1.46495762453676
0.533772380881774
0.538097091676253
1.08853750451813
0.970743965552646
0.540375635158912
0.524086221712254
0.608024899453329
2.73224798394806
1.29323898247353
0.187082828215367
0.885057664396426
1.07558608580095
2.54087873217703
1.79125331304119
0.771837995785397
2.90825612598864
1.78011009332366
1.70570211751211
1.98722336405585
1.42144415432905
1.92977651091148
3.2083023731256
3.43241319836754
1.94118604578555
2.17945665209707
1.88552243212409
1.01621300388667
0.983991702913507
2.31551699106424
2.50620095129984
2.91982032527124
4.30120147053314
2.83142504157425
1.53378309164401
0.768167139654727
2.35396382053889
1.42980100186442
1.20622228663789
0.876516291141176
1.72390279714731
0.198549944908633
0.0826776528611202
2.51529495369694
1.71030631686965
3.08236421736434
0.986694896891517
1.23439742348808
1.254923854161
1.25660766821242
1.55249396264127
2.02983265686236
1.93937796448657
0.927270254589787
2.92435177551786
1.19837087949512
0.667877758709366
3.64670621517859
1.1525281340048
1.75712901919729
3.84110788695777
0.909556604972886
0.200601982743371
0.315646210153033
5.28708642133647
0.460220604541279
0.871305358441739
1.72646509244452
1.17448770922725
0.122445113193874
0.923612990145671
0.331984691844618
0.745820404559403
2.28963256858926
0.718752833843195
0.431824391400873
1.26030736091043
1.85319143701367
1.31792994302273
0.832159537711401
0.723424048526932
0.467044182991474
1.2378253430697
1.40547196227481
2.60432692901981
3.58309637664077
0.341243790925771
3.32202940373438
1.68309600178125
2.37032553896975
2.99657960410291
5.06292343443249
1.01396126200462
2.79607371025074
0.724725746979777
1.3032492995273
0.640439539368633
0.584525239779076
0.769678176367573
2.1608315822166
0.403543688948992
0.75955902706949
0.037453845836654
2.72016514582559
1.79103352995954
2.6856027983506
1.86187504915927
8.66028117814172
0.999975964625861
1.3576183407289
2.59437337045499
1.29479297558323
1.95176998061433
2.84542768426132
0.625497210361136
0.789251265829326
2.81168031130877
1.49220326626269
4.15446167068305
5.24616867780509
2.83797081265209
2.71285696932987
3.67890262473628
4.56171946892867
3.52876543865053
0.61483165408476
2.33644603440565
3.89960921711377
2.20180271551833
3.30629238527215
0.642242073267125
3.76276688269163
0.149457072567441
1.45876540130787
3.47084198425739
0.612477317242581
0.269085459989409
1.80332784908282
0.337906175471859
1.55971051836696
2.95018478211789
1.62668506460781
4.42326934857074
1.22902891757538
2.18736094722712
0.665746246218905
0.668140452052784
2.50593196327306
1.51107636494884
3.81330860392172
2.22465595532987
4.66574369318668
3.20326302184777
2.83682127978145
2.53913734213227
0.932986510699661
4.36663990239822
2.53564458379098
2.8279979861793
2.22108820985184
1.08014676709637
2.07294904515095
1.82784455806836
3.32555982041095
2.87159902465085
1.07417633065228
1.38486019446565
0.549799577664393
2.1114522420436
4.24602357629439
1.53027224916481
3.06228687258423
3.5685449380394
1.48593744579302
2.39392817247745
0.871654330597339
1.81947600355001
1.46801092525796
1.5852264841002
3.27570675376727
1.86202077666494
2.92919693273045
2.87632922437078
2.82490563034007
2.23754411762121
3.40434236724969
2.48919742311071
1.0216014238228
1.2177285340694
1.54757425204008
2.48704472109666
1.05026152038736
1.33774163753705
1.91586753449614
2.60952238205795
3.1328560123383
3.28419361627293
4.03691508654154
1.3231695246941
2.38773035434155
4.95711038965176
0.253993320906035
3.06762936156271
0.642420636849176
3.94836283121278
1.85297127302695
2.97136739441389
2.51620772217084
0.338506405866924
0.879474563222069
2.55988654514453
4.2024234226687
0.823606224785652
1.22867413144533
0.465715244639909
2.08066443920938
2.37397793941511
2.26580223295711
1.57107559977471
1.66016306228696
3.66356452275234
2.82698711945821
2.42613056442922
5.39819412200353
1.20237182576714
3.94089293929779
1.18042218627784
3.32441158318429
0.153534719441339
0.238508031620269
3.26613730216253
2.0685926773834
0.484350050878495
4.98290543841279
2.70060022880157
2.27281415292226
1.62860426999827
2.71109078876161
0.510494419122861
0.0163144477194171
2.81252754648871
0.859497260601198
1.99899158909803
3.07369731884018
0.976607172690801
0.286638165375653
0.00030345938261518
5.11095889331798
4.39731584480085
0.665659159907588
0.796985044289498
3.08196204603515
1.65101902668192
1.9005924516614
5.33205071786205
2.21069191635205
1.28275435120841
0.634132438760818
1.36015627432101
4.740769102802
1.17642360921206
5.85424945913444
2.07960751440078
3.93287580143847
2.56368739988541
2.56650179368049
2.26143888133838
1.76786857369207
2.37689405221586
3.63719635199277
0.584975608863293
0.538388688791237
2.23592420913489
2.17525005428989
2.68716780182458
1.76738220864222
2.44761434038395
0.972317372775989
1.18556265768636
2.05640194544967
1.20847433543035
0.718549792814733
0.445663661559984
0.873479792357763
2.63438508195972
4.13751492341955
2.58098985169337
2.80524965443908
0.376466102905693
0.0326951818699842
1.20107224125279
1.85303370069217
1.3335673700708
3.91966647408225
1.00287642575356
2.49393216893204
0.874633362974615
0.903740085950699
4.08991158452635
1.82439334627926
1.90341598626252
1.07765791306207
3.61312929893216
1.57851927739451
0.466683133245709
3.81055991585964
2.88046326991592
1.16812086816516
2.9483363043192
4.38375783636207
1.6151699307611
3.34505413347407
2.92913971526247
1.94703168900209
1.96791540480267
1.01144513163145
2.17060458852176
1.64671054676967
1.29457955644443
0.455582332072381
0.686173346328935
0.938024560777665
5.65295716808442
0.473761035837747
1.21620699483728
1.51667781169403
2.28774875938
0.582155446478174
3.29891680120288
0.631241991025671
1.44882729696219
3.57936636413321
1.96567734122364
2.53720894572688
5.47539506829209
3.53329015631738
1.16340604786438
2.04181623259818
0.503717673866343
1.05693958944494
1.70224493104993
0.773931459049982
0.25129710030949
0.541598403991879
1.3082719959071
1.38800178245208
2.34971139152971
2.38373541102534
1.18764234315798
1.63321199258237
0.463886351778537
3.28959343078726
0.688605333928901
0.350716928246574
2.21855193609462
1.70101013009284
0.391961383668989
3.40940438597917
1.74321437036773
1.33294653507541
0.562597286705952
0.369371320537854
5.25800006860845
1.16589928176881
0.991401875267694
1.91813221467407
2.22132002463335
1.62564161858886
0.589164056930672
1.21072057142418
2.33121420250993
1.00081781438402
3.62363316663915
2.66780976218892
1.66757396324849
2.00646916414356
2.28105512393638
1.26192893329334
0.449366986427919
1.04866417579226
1.387604381633
1.24786268248901
1.86141077864445
2.73012702702311
1.01873636902577
0.727867163817018
2.29903425563925
1.06933125052987
3.39713745928511
0.995623744245222
0.378272725435087
7.73532372359571
1.21909877944727
2.03448849510116
3.95020694056736
1.70793591441701
2.3690420456422
1.85034835598707
5.01394933495066
1.18068957801361
1.45804562857642
2.52481281211931
4.94477730080909
0.963744655201054
3.94761980403107
2.99872683603608
1.8525765671906
6.1121660896022
0.976614820360626
2.70279333399858
1.62351898236648
1.78978440256377
0.68170434361068
2.58469518957228
2.13995565858242
2.99326769558764
1.91566379557471
3.24948121967376
1.76318517194466
2.37719965516714
1.35328881027523
0.406486631831766
1.00837481002604
3.48673688488922
1.83336971098818
2.53335624902785
2.02091239919973
2.93050913839206
2.39854651572602
4.48701106218074
3.15534149420106
0.458251162082532
2.51665515782362
2.26798552085594
2.73076513968414
5.22016549016369
2.73763636773508
4.53616617941683
1.48350632174562
2.96170810305693
4.67683047461755
0.0353729212124597
4.19094340339218
2.83248470276071
2.4741773973594
1.18002332680505
4.19977328493147
3.82033772911768
1.99246639503507
1.37876823255372
2.00600368078335
1.68041252307732
0.822428857312954
2.85859287004934
2.86183663160856
3.1581122372234
3.7586798617007
0.963259187889852
0.746606695676612
0.371440845694698
1.53511200208275
1.8359311148724
2.33049637888582
1.07929128439235
0.753221483081394
2.28719972931002
2.12997497374026
1.4774425239067
1.80022878700534
4.23594203097326
2.02703545194115
6.76018120078798
0.936876320691649
3.50229403142684
3.86556920911074
2.22981890563247
4.45604801144074
0.549118223885845
1.41510025060261
1.92128592647701
1.64589321005122
0.336023295815918
0.53820251617792
4.30764327798593
2.51097998821059
3.50070376764584
0.628732029020139
3.35347999660551
0.837095852454224
2.63511304680243
2.50389428640661
2.16720987953272
4.35925428412917
2.01301746007589
4.19811229343011
0.967506627731759
2.43338651940041
0.469799329723545
1.02569354014314
3.97742192300005
1.91234488104363
0.87420638208464
0.954797501539228
0.244795980085677
0.326062481292648
0.19505123159088
1.50072490889873
3.05922871663081
2.73318872122953
0.213449474138053
3.81154503054035
11.5879079718773
6.62858770544906
2.95921307093754
0.67193303033003
1.40955732451405
2.94280153927365
2.51152851935412
2.86661743713528
2.13029253448186
1.71923174073576
4.53379254436484
3.03529518239456
7.24235825808973
2.45975837298317
3.07826052622386
1.92983446867481
3.3748615639288
4.53714238554767
1.96793297837973
2.08514328572024
1.12718354395058
0.189836065957542
4.38815885472409
2.09931945867946
2.97397795919258
4.16656732252588
4.20929778147008
3.689203407719
2.89524737173707
3.01158481400451
3.11925229335705
5.26636466182672
3.75023329626933
2.9196795892895
1.46418726645062
1.87047299092409
2.27475506306213
1.00633832358743
1.93834781524831
2.05051454448751
3.06481233226068
1.74004064826675
1.42179262274862
4.1581510156191
3.5520190871806
3.27875155764069
1.60014844134634
4.88969457969074
3.66772578600839
0.512481673768368
1.8307910233663
1.49411109741855
1.32130675069609
0.484075299502136
2.48139513662763
1.56825531139871
1.37341550596669
0.497303509403096
3.12140395277555
3.27963518251221
2.12888466175878
3.74506260339528
3.45457004637681
1.46966159634173
3.44252304036459
2.41819281047739
3.26063179781168
1.72260705331713
2.23005042938826
1.78406126339331
1.55591952222089
0.614683633853834
1.09268962797285
1.52131796869291
0.606366071626529
4.10313639192513
2.6298666426701
4.5059549083853
2.0127231472242
4.38331710040219
2.70343993417038
2.76039271715419
2.6544401906432
2.34590559707655
1.3130530669782
0.259630929011716
1.89337427982926
5.30680522140288
4.87178337761158
1.04204143877778
6.03088964852718
3.47890221684012
3.92617185355189
1.60939832694824
2.22116730176197
3.02663879468256
2.15632577353943
1.01088825286819
2.11240807580895
1.70502708789328
2.23353485026007
12.7274798375314
5.14788836930911
2.6851292189082
5.7503158741216
3.19346257695326
2.99007184234648
3.35239023627715
1.96960662911961
1.59886987476761
2.55999630553105
0.800828254596974
6.07841645572594
1.49508398800007
4.57650152981072
5.09346624319337
4.60718832293613
0.0595122169862425
1.78220834926558
1.12394177947406
1.67785102723331
0.394281973115325
9.13169711528504
5.30262983849446
2.6831792695047
1.81417838962611
2.99257473204703
0.689734283481187
9.02406438790409
4.93036792744784
3.31625157277678
1.35293330319315
2.6674874427514
2.96832334923098
4.45321182388395
2.15890812792243
2.72041174903242
1.71005604779585
1.02209814734978
2.18189692981048
1.78146620693177
0.624060471424472
0.884201288826982
3.83116038343044
1.03174439174022
4.56252910958996
1.58334273082045
4.18787287776923
2.49564809195611
1.92110388818751
2.65034928952665
3.03664050392804
1.86723036886848
2.83134025445451
3.18693433344526
3.75155087491584
2.09748424337079
2.06876154089644
1.50864277961123
1.66218673474389
0.974922274008352
1.54699686121634
1.22771869900316
1.88199397850479
0.496781022387366
2.22988598671523
2.14443648471122
0.218141814837957
2.20337562235187
1.30452250705689
0.756554220164065
3.09923660963983
2.00716027829398
0.455656233075295
0.0906633494217357
3.4519331649508
0.848622275158983
1.95769157189573
2.13645725367353
4.22003079420856
0.787765641402267
1.78301749082504
5.44795695784685
0.229788720480664
3.55585525310828
2.71144051355012
0.816968796236994
6.18206817040803
1.21526752192882
3.06371681724794
2.15349601817342
0.000302093229360135
2.92303640778573
3.09393167587513
1.32145375111224
0.695808256163186
2.02106490837628
1.71939579817468
0.138102012334241
1.53358499606999
2.80417321259103
0.342464163205337
0.753985319446832
1.02805272419056
0.995426501576484
1.38553366868909
0.978679935972495
1.58777232409145
3.25212811622101
0.342047007209831
2.24893626183126
0.967136970318862
0.443288141459891
2.48237773249116
2.2832907004702
1.91105526108091
0.676143491591492
2.68883510869549
3.75114083374822
0.899990940921316
0.982214400801325
2.57462274332934
0.353022696681459
4.778340219157
0.81541719073655
0.869616948074006
1.0315308548823
1.43789555922264
1.75343416176367
0.543541952696408
0.680967980599361
0.558215886389245
0.253335735597281
1.38335697808355
3.12670458204915
2.45899723926536
1.92851079367758
1.99972777947103
0.654836683065799
0.124989514377346
0.308175942261478
4.64735085929485
0.0261216845104317
0.43291787339793
1.3640801966284
1.81594453974157
0.333207634148864
2.91868584524808
2.43309214258542
0.988965506478
5.27873957533479
2.65541487012299
1.91250944181974
0.894150885113527
1.03642174433253
1.48065171223237
1.10893574534919
0.317545035726541
1.23393044799874
0.602383890841559
1.85882306184481
0.842434550359657
2.30126507539341
3.12897860932981
2.66516416107825
0.416666989140977
4.47504915385928
0.435742701648889
1.04479364887478
3.43952923424283
3.09158851819
4.08923177797485
1.14710575979869
2.55289357064321
0.0411381583556928
13.2239692285687
0.169134351738281
2.96442731638169
1.05814508360265
6.08621837342895
1.23396017554627
1.88164635433132
0.123419813085216
2.03502301836466
0.311569330525189
1.93445188093683
0.300395242188353
0.275791365493375
0.479704157221883
3.09614174735511
0.0431263947003234
0.121420710511627
1.47019696781551
3.26602631538465
0.905535804225415
5.77478966652403
2.85190838951838
4.2589029609997
0.225867672398653
2.52885141550319
0.608235407219377
0.457248786250255
0.37505029951533
0.415512042823909
2.4187825825485
0.966752573420708
1.49253104444799
2.9775649748777
5.30132953675834
0.281858797480502
0.93159637765354
1.0746301868515
1.18208642933452
0.739325583849813
1.00268989630716
2.94967719980335
1.56034884973555
3.62836008220208
0.290330278231196
0.653242256555282
0.0819454104442894
0.327469349533558
0.00218047503427345
1.21242342439914
0.00423495816032504
3.21665063049718
3.00540418788286
0.363100070115264
0.501447150256968
0.269134856657292
0.00598582153800469
0.364267826348191
0.610937484104357
2.35953464565322
0.835302118328847
2.82341960899308
0.644622275814766
3.81819622154053
1.66332975037121
5.89105694389682
3.7767798095064
2.83300613432315
4.00202582766865
1.46830486607132
0.00597786965993091
1.1157284380161
2.45640053857999
2.99785428748767
1.17243629847021
5.86744046699579
1.9761816360889
4.07558766161661
0.00217719391135826
1.88831468248234
0.00422770626633063
4.22203107811426
2.59855451496604
0.317539602266096
0.44035699971766
0.233798752765025
0.00596993888210757
0.317319801322783
0.526973411200195
1.12240994987335
1.77394428135547
1.19693390129521
3.64372088418428
0.38688162185191
1.65667496012376
0.077606716083546
2.74380120034444
0.00217392264829925
2.84993109242305
0.0886665234167216
3.40877587100428
5.05164949292779
3.60611425332378
1.60999943960448
0.788901205825458
0.00596202911847126
0.760759191542211
1.63868301926688
1.9173352942114
0.652699207992355
2.60096546190371
0.628533026903765
3.63336059258379
1.3516667359896
13.2550217357508
0.261326377666957
1.9966032157561
0.00217065875765699
0.401294812855746
0.00422046743762082
3.86387143999663
3.21635194523595
0.28034168410464
0.355997558545226
0.189579901743209
0.00595407353986557
0.265970072453888
0.431748966283021
2.11756606775353
0.536355223452752
8.14864891831528
0.0286159783185818
1.14786393777279
2.78727647557285
4.91968169793603
0.24508628910341
0.000391001094003887
2.44212440160031
1.05335597695078
1.21455537312827
3.22487002786507
3.70497360724262
0.175519524839131
6.27899522806079
2.72577727088459
2.59731906852312
3.00030169864565
3.80408764061828
1.06062015100222
4.6632909801388
4.94439256850379
1.65911071065995
1.49783919081847
2.46411006059883
1.56296934106178
2.87685803407284
3.39324362146207
1.99359741202333
0.164552544820959
2.35863801753819
0.649660687697027
4.49141715403302
2.08692488328751
2.79650681277947
1.24648575576425
1.43752931833143
4.05795772881091
1.34058025831171
2.80516547453586
0.22857041429097
1.44591518481337
0.803511639953992
0.345365607263379
2.09900295430232
0.160747726588067
0.46110822463533
0.000390910323792055
2.53829846171159
0.150974078029084
3.62682164065357
3.32667285359492
1.09392587612067
0.0657481903466893
0.000390819595413512
3.48294259145687
2.37842004312121
1.15669811643993
1.21312210519507
1.03562848099971
5.72052596846631
3.15417576466108
3.51386274651651
0.00367849609628883
0.0742731485234718
0.000390728909028144
3.14066463728265
1.73271816267068
4.24575343956941
2.58353668876913
2.84683214480467
1.89121059039211
2.15725263873068
0.579959390837642
2.87845157176329
1.96699867779793
0.0760498426227536
9.67328744623799
0.0280609885794015
7.13392851261848
0.0275271172999022
4.23526296869844
0.0270131815522904
7.03912866353846
4.22452696992824
2.40918490181314
3.17062806561081
2.52021806828282
0.0269611403200105
0.0351095133597865
0.000390501817175944
3.35765013361866
0.0126306731564646
0.125661077808798
1.41695835174778
