6.62618344365975
4.03786788853488
2.70411390785992
2.43273736369981
2.01864981668238
3.95754878947232
4.29112591796204
3.60541294947717
2.56416245205035
2.56405917936867
3.91227729813212
3.43381138071421
3.27516341805989
2.43864029555234
2.43553927244694
3.43898913612181
2.83091772467714
2.87278860207263
2.70068850668845
2.66671441198057
2.58826068379019
2.3092091080507
3.71631351611762
3.92519052155825
3.29939112570202
3.36321042486071
3.61523479508241
2.43098524986275
3.09286725665175
3.0139037665372
2.79742381959256
1.99896084862654
2.75587542223683
2.44713164356309
2.33384721640072
2.5343451412926
3.0747288048319
2.26730787181786
2.92610774850529
2.61214744109915
2.10489641338325
3.46300915920634
3.41165137495914
3.226069886112
3.14182964779307
2.29261795157648
3.00785536513599
3.12544007378793
3.39048247995967
2.54096448609861
2.65382171892061
2.5416973200305
3.07878706470369
2.92820733643668
2.60156948048675
2.2943515516081
3.32061032622774
2.52106855466299
2.6563534561581
3.25531840422518
3.11230449178928
2.33644592652374
2.72931533946211
2.99706824061855
2.47227014763415
2.64435199993088
2.49114068164005
2.24247746615086
2.73235277569708
3.28221625507488
2.90274381561747
2.38119023665394
2.91097221240309
2.67052712526917
3.17258560671341
2.69386167948471
2.95832163907935
2.63724730273339
2.70870919731391
2.89070888718156
2.86362003934716
2.84973986892501
3.10990658520249
2.77026744168282
2.82201635116152
3.06176503285092
2.69984781004978
2.90184114182873
2.61178222052969
2.35390036033947
2.45781952482442
2.60281942834367
2.62731509939816
3.07450053456493
2.94616955426463
2.92538823420989
2.42382565874338
2.06693404649886
2.40084648088065
2.72632976392773
2.73436626382552
2.89313080347205
2.93198478863773
2.78269068984739
3.54166715505055
2.74309721170474
1.87262705205712
2.59158387948686
3.02480602206047
2.20864751166393
2.07991573618871
2.70463096186342
2.74088921198413
2.14121006427623
2.47998975193222
2.21501856454385
2.62790229098792
2.40606266575538
2.99791544574517
2.69532272096162
2.63122897108955
2.72671070997985
2.713144473782
2.90248305784983
2.66946662164377
2.55206426045524
2.2173737675118
2.29582204476549
2.7012240226387
2.60121147451456
2.52457889377445
2.60848381992036
2.48008018765923
2.16196235229577
2.50143923003716
2.62915759766421
2.37955593060755
2.76231333936129
2.5189018932052
2.39099517633448
2.57934201849881
2.05106390121231
2.70576882186499
2.62891633479646
2.57262555701965
2.69663999311209
2.50672738640009
2.58304732020318
2.58319422919982
2.75872827717266
2.53669355843174
2.61895315932059
2.65186828838672
2.51174333003099
2.17166909443454
2.54804388225343
2.37328830853082
2.69110189314056
2.63407189328258
2.40047199656619
2.7473388706022
2.46816705787843
2.63260284991358
2.61944780051611
2.18229034944346
2.25192440225775
2.10639239648775
2.57817693461165
2.50853040890413
2.63410891708067
2.19329525853792
2.78801170840183
1.93932765750578
2.7810706727135
2.63880572807517
2.61896984770419
2.49639266358852
2.08507344876829
2.51222032782599
2.84130225805858
2.50181005719952
2.58563606575106
2.34009291882045
2.65560609570523
2.51691842443789
2.4611064124305
2.44286128744369
3.75411177306189
2.63820190460971
2.79893795360371
2.54615030092977
2.63706158277931
2.51435761850024
2.48477391317614
2.66919434624219
2.61581914997241
2.78619733267089
2.74009271346602
2.3334699313677
2.42332629688658
2.53230452947663
2.39652663003517
2.36524054039047
2.58752662172639
2.54321755693805
2.75828396120863
2.68869180393634
2.47386781784736
2.4336621718253
2.55103073102592
2.46472443175535
2.83822823332913
2.46689330441197
2.69371852331374
2.69776156860183
2.76097286117927
2.74512076026787
2.42540210465521
2.22837292436989
2.29838061128515
2.31578392125571
2.77156540070024
2.26346087438384
2.54919307353549
2.71970147200366
2.38249544051582
2.22573208048324
2.30208820813693
2.4531326971626
2.61681931255112
2.52524849282013
2.33695831615977
2.48011709785271
2.36651065216852
2.41234949047746
2.44401172012071
2.5377240003571
2.45174105454393
2.39200149672423
2.37817850878484
2.32425784331491
2.29568276177719
2.07022200255519
2.06311695671262
2.39813911018109
2.4997360375955
2.42576870900098
2.36158117782995
2.42254832714552
2.45154500429786
2.43162288534974
2.54149807125727
2.19848976832899
2.37548123131134
2.65707502951455
2.16870947966848
2.47893835964267
2.34785777251729
2.63361794868818
2.67899200298646
2.34047962109958
2.5139299249275
2.47469035022807
2.55114702621882
2.35071779671895
2.5982956877939
2.90151664883905
2.52086964924823
2.67629909719332
2.35518680040815
2.13883556007441
2.07910936729577
2.4128625233002
1.94733323975113
2.68423486405615
2.36447643753595
2.57594729822056
2.56678875801202
1.9570395861111
2.3300534487628
3.40977882093819
2.31879263458008
2.46551064429166
2.25963570500884
2.56452900706506
2.43221405187649
2.24281829951145
2.35474290417532
2.1190530794496
1.93489335386296
2.58488551977317
2.53101897633187
2.83049389596125
2.57160469707639
2.83245860375459
2.10386893877084
2.4296407684236
2.20878007000345
2.55210095652135
2.61458433653262
2.66960201563628
2.57896377635415
2.87942211685257
2.5749100888712
2.78028263065924
2.52464268296115
2.18685467415129
2.4163412665368
2.49499302416208
2.40576398044645
2.54851145977446
2.54065307777993
2.30981968144332
2.66538188188873
2.34052913121281
2.84835443938565
2.49758253154296
2.62970694762128
2.50521679497585
2.4478214286928
2.50699934993868
2.32002764230119
2.64992767921304
2.50281658279461
2.32275288007548
2.2570361999817
2.42973825162709
2.49941709036077
2.15799633974693
2.28853896385628
2.28375638976466
2.51401963652911
2.06884595424404
2.479176542313
2.33789593226918
2.45585967309425
2.59194274453773
2.68837816118182
2.8422200682593
2.59343788105949
2.48678541939355
2.52949525263511
2.34550883075757
2.51613358458844
2.83636586300899
2.54066657061408
2.33603251088303
2.40123483371619
2.55800870610931
2.54530776110016
2.47099101385309
2.67166759849504
2.69685389271736
2.38566591207465
2.92383127062836
2.68098901379357
2.31334947154089
2.29955775429285
2.52423458958435
2.4297720607649
2.22393430990809
2.47738299737807
2.44331062682921
2.42706727746216
2.29275843706405
2.10622691337686
2.31525539319435
2.08339882215247
1.822345564621
1.77162616465606
2.31485477006738
2.32957638765982
2.02888838310109
2.16237718871515
1.97079507081391
2.3858973934543
2.05679472176228
2.84820128189451
2.94014411574603
2.73129433718345
3.26429886389731
2.02142141705167
3.55867591082875
2.80867519742407
2.5844160212891
2.53637789943527
2.40014734566231
2.78335383324667
2.63674761869243
3.21610088752963
2.95973458336743
2.45310955017787
2.43831695000197
2.42658191323702
2.35024254067154
2.9160991871531
2.30355260928202
2.8946804259488
3.02229498483985
2.85373233342958
2.61943731233173
2.51935394949714
2.42819346034016
2.4489576322297
2.71179197223995
2.50190836960802
2.64571270642077
2.45229851542306
2.85875894071242
2.22528030942827
2.29618686183061
2.43385276825541
2.18325085312696
2.13611605242418
2.06653246873958
2.69747404193727
2.38158026009949
2.53105212485693
1.98974153339788
2.58930940671204
2.51947889825622
2.97913012658906
3.00882602905545
2.75515954461655
2.7749884226949
2.92442965566226
2.758605049664
2.46069051366318
2.4331150103926
2.68920888604319
2.92148212907917
2.48492471142334
2.23258575132225
2.53459633687493
2.50439564302013
3.11371438653847
3.0290508280626
2.08559006611401
1.92515889506911
1.90768834980075
2.19433550980143
1.94579141734857
2.03338426673598
1.6196796990348
1.65499273219447
1.84571109112984
1.56824494419567
1.75908105794205
1.50795371046776
2.31424200709401
1.83200283804002
2.5509891624108
1.68279350541496
2.19545980424512
1.73942533016874
2.30834820796461
1.62358667513254
1.59331500133919
1.73756535699778
2.02231360898176
1.61516884229833
2.12984504341996
1.93861060843756
2.17652056303438
2.68415850062408
2.33779032317235
2.1238050466019
2.14236369142996
2.15604323662646
2.04664553243132
2.32900563557019
1.97997026732382
2.50539897410955
2.14709056571293
2.08066441437135
2.54556980288196
2.300338467964
2.37955624816907
2.01870771141441
2.03858349029937
2.27248771894397
1.94591207759783
1.79920834404427
2.29006352732816
2.62871928056908
2.16303767135605
2.49067405024786
2.54449723963389
2.24716718642643
2.27430472764538
2.11240174397865
2.38284916984694
2.4846027028352
2.26251199265991
2.18544453314136
2.31227542703744
2.38986320053487
2.00598404151763
2.47899142945131
1.99600888680007
2.00548475293083
2.40530433273195
2.26869095932685
2.16070996555537
2.09353103990671
1.75212544560406
1.85612940570067
1.79535903361191
1.81676327153686
1.93752522245315
2.06495020749056
2.15315703293768
2.24963023107916
2.2206637720039
2.23953240559336
2.05260557814815
1.83949706620471
1.95741714330074
2.5057461293713
2.38655849758127
2.39324785117644
2.4658371820049
2.4902354106453
2.39547605014045
2.18811912429642
2.40641354290433
3.39449011141592
3.00020028537333
3.18539129437846
3.10393384859233
2.6779480903247
2.92981437750257
2.9918065003762
2.29689587889855
2.97044355087727
2.75403025594589
2.36608360807291
2.39989078065706
2.45010141919483
2.41178229366824
2.33692337994301
2.33825700131797
2.25136022730008
2.05337305014915
2.52627306635331
2.18148611652698
1.95762577883532
2.1500081247582
2.24800148224033
2.31500547650335
2.08286913686298
1.99955975667205
1.7262870974364
1.83326483759683
2.43172162295695
2.05521930444272
1.61617181054391
2.24681833300773
2.70067669144261
1.76866000233978
2.10358710758372
1.69906618192647
2.64320796658249
1.84255438010574
1.64060981464212
1.97350775667467
2.0424879533008
1.92217950305665
1.83899896841739
1.97080207349183
1.65561468058979
2.21380419114541
2.31998976716155
1.77241117268914
2.19194459763898
2.7360409776216
2.04547357480972
1.89971899557595
1.89493398553839
2.06580416042128
1.91882499302405
1.80028055358311
2.20588565492498
2.00380293175291
1.78287199045727
1.68489591426537
1.62168553883021
1.78141429777402
2.07469026710968
2.11164569035742
2.14751251499791
1.92455162351852
2.34976575920767
1.57683695455442
2.31029482990466
1.55470239447109
2.15309913350084
1.80718535441599
2.85604281575106
2.61601912710776
2.47464667572412
2.24100380556734
2.18036420639088
2.32757993357914
2.40965714370105
2.22128873381658
2.70814465940494
2.49141125361984
1.85735255834306
1.94369467220851
2.18652018553658
2.37833896807758
2.03393355855597
2.57342612114583
2.45509914357829
2.15655397092024
2.4291733304664
2.38392507200286
2.18019151219646
2.39440132209884
2.23186571625528
2.23337815510634
2.27345898069483
2.13087234852698
2.19686643403787
2.37177312792388
2.15723582273254
2.31656795325077
2.08831307317817
2.15970621493868
2.11699585643038
1.77480730240483
1.86844393730356
1.72025130275621
2.28941564819146
2.24729183386313
2.45720453157451
1.92286766241347
1.99492885653948
1.76545873584781
2.15413377255285
2.53353348945321
2.19872901759081
2.2558614097971
1.88467415670361
2.09577595169759
1.86140896931726
1.75626636336168
2.07285585337441
2.53920416706016
2.06109422942684
1.98235445716595
2.19304105887123
1.79171337213967
1.97645142266546
1.94581937203531
2.88948822627622
1.87573121152514
1.65906465946918
2.17298250452931
1.78575942911558
1.65947090963745
2.05775019402416
4.14540308088828
3.61695630757283
3.42112175082397
3.16302668724972
2.18205019656271
2.27436183934833
2.02834529169156
2.61076908829434
2.91825871696735
2.53072306604317
2.67168550094688
2.50355587025682
2.42649956093765
2.58890733700609
2.38273542205759
2.22024195314214
2.30846112050088
2.10836887484583
2.21545920596423
2.06801789002834
2.2971826506264
2.22788796687791
2.36773242759865
2.13370356278839
2.14789630959518
2.09654092784622
2.11581989564387
2.27386127983696
2.65665868887423
2.10229692898457
2.03811296601625
2.59971957704058
2.02125805088434
1.88668923126193
2.46386647200164
2.12891749040253
2.27161981405476
2.0142120177838
2.21843705121687
2.33431641966795
2.27168946497982
2.30128411178853
2.81176714629566
2.18347092613815
2.30266236941042
1.84573416807984
2.03589134625493
1.95274608304853
2.5337248450349
2.48016106472608
2.28725076655749
2.13345370293709
2.48736258186851
2.89872933204551
2.19962566904822
2.17384619616168
2.92619496294151
2.13996085322119
2.12410309856248
3.79258732604087
2.45274103053107
2.73840033035807
2.15184072913935
2.61211499522015
1.89584161483571
2.414254173041
2.78592928793228
1.79390239824513
1.96118010225678
2.75408235186484
1.6483479982177
2.26800748746509
2.4127402357255
2.22730419521176
2.19364590067518
2.23745629490056
2.72467781503111
3.47423474053878
1.7301892476857
2.79934602653563
2.21441246015933
2.07300289889499
2.36308375662093
1.90020665349787
2.4382992074368
2.65623057563724
2.41465039925555
2.91928261309244
2.06419968425581
2.32254044139275
2.85011794941148
2.00693740932043
2.09512572259956
1.9942553475363
1.99855023512977
2.04932099297021
2.34275597943609
1.95932413609641
2.31146051530425
2.01325938455626
1.85986869823888
2.348593502768
3.13205902931022
1.90847539556891
2.10068279745666
1.98070684025438
1.88114703542608
2.03139395833295
1.97735855239747
1.91323533848642
1.82430692040139
1.78644261951781
2.41029036779296
2.28061209827893
2.2477425369078
2.63034984144436
1.99806740303761
2.53893643507421
2.11126118582504
2.42705209699378
2.12932600157193
2.17925350773544
2.16891926274733
2.22101845099735
2.67614515173662
2.58472086906172
2.66397608899027
2.44475043726254
2.57816694002934
3.59501687632478
2.00545237038861
2.64594167588879
3.168766202092
3.11768036427312
2.45149153501912
2.04259925398508
1.94795798154131
1.90384388913058
1.73532564386865
2.80210055648715
1.83324916355164
1.81036451980147
1.77203210379662
1.73461848966744
1.70948766301241
1.67928572493902
1.65493233348738
3.1389782943191
1.63192304175336
2.19164543620101
2.40061710929723
2.29200793635066
2.09274143713403
2.27564026398278
2.19361990774533
2.13606542876095
1.97048838455532
2.41797179863352
2.52653490180376
1.9003930996549
2.26218490678387
1.81089688645551
2.68980601701159
2.34393061564671
2.46989186940217
2.31665005666674
2.46628492068882
2.28227301555792
2.37647609675367
2.4887300612922
2.1689965788185
2.28830855726289
2.44115168820449
2.17207997679808
2.77925614115362
2.87045896612024
2.59764717024788
2.29019642434441
2.38060784916982
2.29462301699995
2.59872071074066
2.56063516780282
2.40166654923705
2.48149316682029
2.24841939514444
2.13542071427753
2.44762353712909
2.58886125656257
2.39924545893898
2.50143228971127
2.46074016706348
2.1822948552018
2.07114666178726
2.20595512786668
2.30042618765967
2.40569243932043
2.04342043360211
2.20660044778711
2.32247685955793
2.23206247208468
2.38228882074246
2.2882392024963
2.39119178932716
2.90914688167006
2.38518741735457
2.34473094599173
2.45772672921836
2.44781480530437
1.7785944837723
1.81056765477834
1.97641486404065
1.72358530328521
1.64930798335385
2.15434824883878
2.00527392180709
2.04337392678866
1.55764074331215
1.60630914298329
1.91230846481427
2.25920960612835
1.46321560008398
1.64402291458742
1.52059458614878
1.71909105329203
1.69396344170663
1.73289005404926
1.6432999702319
1.72158363876792
1.91306391272729
1.89893065990344
1.58217864066393
1.39538982158663
1.5933394620702
1.98560265857553
1.63269851889055
2.3604321026558
2.32999035492608
2.48531866010381
2.25596238447133
2.4602190576936
2.25758793042534
2.38459917885133
2.22549559405507
2.46120065810439
2.26315430216258
2.34653431048958
2.10347675114154
2.30247115531537
2.41553015934474
2.29098057204167
2.34368038620316
2.1414579213609
2.30197235084513
2.23155298758954
2.32957587516608
2.18740416866549
2.15618295934056
2.10447321467821
2.106668291401
2.26099496933522
1.96656806110837
2.23895706391086
2.05736562276532
2.1146377407561
2.13595046883034
2.45605318283657
2.0449728327923
2.15027451149128
1.83083822103903
2.48480980065904
2.64091593224775
2.32875812088855
2.27581631531768
1.71708372830465
2.21273649087977
2.43708987404373
2.47027625244024
2.41247481937374
2.56032531129567
2.30351192297192
2.29490134588291
2.11864905830567
1.97015279983529
2.30223429391973
2.08063455011153
1.94744430326581
2.52191739631427
2.11122806123238
2.34863114472139
2.12781585499155
1.99147041337814
2.19183859714728
2.14393032241231
2.28173078080781
2.09477669603103
2.49963232642028
2.16830724076862
2.272766322778
2.44079404650489
2.49482045533052
2.04692183488472
2.05837376929352
1.71550527823674
2.17196878857497
2.0513465849482
1.64248107627281
2.09442483473553
2.1574107746488
1.59382633992244
2.13412639476488
1.55818912991293
2.31617671639195
2.0620775809477
2.07404505741782
2.11457206057493
1.87515408092469
1.89812523310288
2.28827947688586
2.11134022842862
2.26949999878382
2.13533264493288
2.19379831727433
2.04117000063455
2.15169764637356
2.07819724576385
2.2726022568432
2.11754072263656
2.18984593161551
2.00455068759443
2.28805856242334
2.00243515235931
2.49362146702702
1.84328154333877
2.59852843176167
2.46788923825421
1.925644488395
2.05585013485464
2.52500580338648
2.38480647639061
2.43062764000407
2.34069074421484
2.4303657148319
2.25460813224941
2.36101702752679
2.11057706196663
2.17573923839745
2.24654112132857
2.0841787831471
2.25098930817384
2.84976142708968
2.09022248185415
2.21595247095921
2.21326415908367
2.2441413132894
1.83854404533781
2.31958413117721
2.30120071212972
1.89165100435016
2.26459249076835
2.37319665765279
2.2116035104226
2.4501002068645
2.2948659079787
2.43068914267982
1.87435938752961
2.15474310342893
2.21544592297396
2.18096699305073
2.01763404593336
2.20353190832948
2.39999187852343
2.36204764943231
2.1688901417075
1.86152797718575
2.08851220175782
2.01657915307811
2.10532841320323
1.85585471968681
1.97888153042346
2.47372772978705
2.31546408664288
2.38019362551195
2.19162580188407
2.45508013336561
2.52509243554262
2.5189594356333
2.69607643653165
2.2446049658582
2.23547332584696
2.45516972849456
2.13412914192353
2.26050860354582
2.40361559173026
2.36052818562453
2.32064124105382
2.37101700142237
2.34412248972293
2.39051051673877
2.77552645758676
2.44233708507139
2.20366908041928
2.24033259420428
2.41707556191258
2.47887944109579
1.55371939894154
1.51235499869663
1.50962654811819
3.12019917310987
1.47534835866813
2.22108003560961
2.37563552235704
1.88295734902459
1.45061255012585
2.27392004600064
1.995993034394
2.20196497818701
1.70141505581849
1.7959533011241
1.41536661525165
1.49262710612003
1.39912893594452
1.74180829255082
1.38442721596118
1.36969737223133
1.3903756984793
1.34365219298216
2.12234795963911
1.83168495990346
1.53554734669073
1.31842204295787
1.30772125134185
1.92323257106315
1.70342153970794
1.94146252441849
1.88882520123119
1.75866369618841
1.74450165633906
1.98709037571722
1.82230867048866
2.42012862848116
1.86229677229586
1.85427362177332
1.92125598394542
1.5299513316276
1.8965104734781
2.20293338375289
1.71752565339284
1.80823757797684
1.81888085543386
1.47017113825042
1.71535754191541
2.8074818661127
2.51813700771161
2.56162201993789
2.4501846521186
2.19746523295841
2.50560252538316
2.22625251733329
2.39852929619279
2.37588291507023
2.38214609864377
2.11511219010982
2.42887644882209
2.49333662500104
2.29459537241183
2.38339673791136
2.28096073996488
1.96480991385484
2.46657797196456
2.08566957575886
2.15139673317804
2.33101382974381
2.63475516479963
2.51970403979545
2.2050681611521
2.57234060571467
2.18244550638231
2.06003623431306
2.14660459313899
2.32651287875256
2.187969570165
2.86237611888937
2.37434531898341
2.35156652168687
2.34853518532787
2.19120126543693
2.66246090684339
2.32954553558549
2.1804251670004
2.34023964712322
2.38074394273817
2.32370969677592
2.27422741612888
1.67699928398535
1.88626610001676
1.77349427305454
2.07561568031865
1.23586294638192
1.4575783655887
2.121011219348
1.64054382193411
2.04030887790665
1.95476156468889
2.10551421322704
2.231339059155
2.50120942342623
2.32186887760231
2.14621803558077
2.16361092562491
2.02889619938849
2.07732061708042
1.66048342288025
2.19763448636354
1.93556333245632
2.4038773105825
1.78988696499251
1.96160686107919
1.89424589791651
1.77888420989674
1.54673087327725
2.35274882828529
1.72290282822003
2.3039325546439
2.60898154307482
1.74036777037782
2.00723736374162
2.00828429043697
1.72474911410451
2.45754374148177
2.37049283604582
2.16114324053329
2.20037325853282
2.32754162617623
2.56599893949134
2.18300867025715
2.26219273503056
2.22284213161057
2.22518876136179
2.49040615808638
2.37526084343931
2.15537430239478
2.57036238059611
1.80967901466424
1.66898189570233
2.02359364330685
1.92166244126633
2.00095027369927
1.75054719863923
1.97274440418866
1.7289236542577
2.49803655726945
1.7063737874272
1.68491492588059
2.05387865751052
1.96909324300107
1.8539739100774
1.87181762252038
1.63823159995663
1.99924072585579
1.69539619342552
1.81418269593897
2.31178148033532
1.68678147328894
2.09387125835569
1.88836246631716
1.81127774359253
2.17811086005442
2.24156249763621
2.05141373080854
2.31684359244031
2.01056276352944
2.04361349701655
1.95098468289883
2.44161730697909
2.54848917056414
2.53645918825537
2.32747232258295
2.08964390855814
2.27880296264652
2.57859337994247
2.19301770155641
1.77462935970965
2.42602004312986
1.72263846979435
2.37005113874631
2.19360322852493
2.00763526705659
1.68130481659576
2.38178281519161
1.96333700845357
2.56033437441541
2.19633789802336
2.17086432614887
2.14340157270066
1.9886929033159
1.62677991038855
2.21262259913417
2.26511099473062
1.8805570139684
1.80501999825358
2.19685248104075
1.86174035336534
2.13803047710814
2.30980129989203
3.1380635753619
1.87012656840783
2.27385000961081
1.73878151642605
1.86813337021201
2.28754706145706
2.32080502166241
2.17787181895765
2.27031421371399
2.12866757833496
2.14177980295001
2.0425711250874
2.25574161232467
2.04698028067612
2.31135524405013
2.07613667531831
2.00379514614059
2.00835238223704
2.03033769814835
2.26195736907541
1.76261045924545
1.96552013466557
2.13365665095588
2.09027932668557
1.74742950055624
1.67672035051066
1.96373591069397
1.84989241280307
2.02211583049767
1.87673399494885
1.76985430949282
2.31722690875344
2.30032477461913
2.43411434767204
2.73164937413721
1.96226370582305
1.97094094923587
2.08136293247796
2.02227324846071
1.94869268894448
2.1858354358961
2.51360943139291
2.50372572406611
2.1787618952188
2.08106901358633
2.11739531585092
2.37297457272713
2.03219323583873
1.88957406316169
1.90165074772289
2.35079656550285
2.42941259020745
2.32404268322283
2.2843278425121
2.11794205908671
1.86365535773666
1.96612329161299
2.34650946113199
2.83089284585845
2.21455578833935
2.28576038556905
2.55010077696307
2.61190531562269
2.22415323628181
2.23835100083094
2.49029441359037
2.64202893855183
2.30873577655968
2.35224898858004
2.37606103676712
2.32420466679137
3.02929827096357
2.5560229222314
2.39136389258787
2.28107780614012
2.27897876623234
1.87639903748033
2.88391807559955
2.12044166016458
1.89880608781648
1.80360638964276
2.5273302634805
2.48036959515653
2.39507967680711
1.95105430802952
2.18608321567146
2.22137305767506
2.39387420440915
2.60353619950853
2.01107886466581
2.02185578054381
1.92659906800661
2.10038933841532
1.94211974974137
2.22800606837614
1.86700272128678
1.82336210695766
1.79779653041863
1.88672377453312
2.12006016657638
2.12586206006465
2.02150044829419
1.9890318453016
2.01576347022782
2.31599420290789
1.94874911029869
2.2850945202394
2.02050822441523
2.51300258723255
2.0830872046424
1.8648726771598
1.8186494228714
1.86207545853226
2.49877643812235
2.03432587936464
2.38475912872034
1.90629240785484
1.81504443135179
1.80275912943164
2.07821830038803
1.76131851944806
2.06972307306658
1.7309430952403
2.56463947483685
1.72324657248531
1.70726223941088
2.42167816601806
1.69338773977222
1.69513275670324
2.089900835315
1.76885480335295
1.66499138235165
1.6490777935785
2.01330832499526
1.98329473107004
2.01579637479337
1.92753870305296
2.02370699896495
2.06585514810501
2.03963203151154
2.09426203967113
2.09642038148122
2.32933813813351
2.02524503708062
1.9218542264242
1.9554843403712
1.76821018286086
2.05505770416805
2.07553276142176
2.2190858060758
2.1581576015049
2.33897945866502
2.33301010366856
1.91745728121723
1.94210550426842
2.22533926696854
2.48591844676395
2.34311899557079
2.26379566362599
2.25879028806781
2.46263678244496
2.23386476923755
2.36350184852302
2.52032218346763
2.26579722150931
2.17117147860439
2.59450280765924
2.53388209150738
2.89178685807837
2.44139044506668
2.20690112399908
2.12171336039887
2.03692364897229
2.05899405108766
1.99691547345585
2.61889333381277
2.20836070738857
2.31983878422226
2.12629351400716
1.77933904943927
2.20822932334592
2.75478377698562
1.89982101716228
1.96438521568354
2.05258171480132
3.5933978732054
2.05361873710875
1.75815405836967
1.72216994738279
1.82040129864646
1.91891595166541
1.88085868258662
1.84614241707085
1.68800091828822
2.45602928032431
1.97906467298381
1.59147128574772
1.9513795988878
1.76729658259652
1.76185361683643
1.77465847270943
1.62065115058076
1.53492073117417
1.51087780412032
1.62360133367785
1.48907288088618
1.8391119100661
1.68676119064785
1.68252044401973
1.46753350955354
2.41156898666
2.54384666779195
2.31374790040958
2.39636047914662
2.38466165554651
2.69736927486461
2.39768550223478
2.15470637213032
1.75514388854449
2.44762535969843
2.76852773621531
2.81417717219813
1.68701250790926
2.55077333913459
2.46271886489523
2.3917961490394
2.18322759825137
2.37773411924405
2.60585370083025
2.18574788160978
2.25518131853675
1.85953420413177
2.18378748621609
1.90249058850834
1.74041841959794
2.10963851418455
2.26738365051601
1.9183080532318
2.16169897285677
1.74091962140594
2.04125826499913
1.74395533091095
2.41251680094122
2.28970684772124
2.08309696737727
1.85842256478235
1.99984547229963
1.89565219203974
2.00907522874439
1.92596683882907
2.14103538204033
1.81634170317117
1.86189351067352
2.23998651235651
2.6380751757705
2.43747252675384
2.3385033813777
2.3088223806387
2.442476868071
2.41172424666357
2.36325303540884
2.36224463016274
2.06813423327992
2.25181511710197
1.75024459030752
1.97880837481579
1.86391141064284
2.0185390265562
2.70855559304631
2.00184033011772
1.88922228608536
2.07645901402247
2.37723989034577
2.49387072085352
1.791064473659
1.74843698018962
2.04567543070956
1.65416998161466
1.83163642236467
2.44710441759919
2.1492641798623
1.63211213028388
2.45396824383035
2.10573003066444
1.8094996543242
1.59703645531999
1.97084945226131
1.62045800231943
1.90985116587819
2.50200477403686
1.70766117690905
1.85684239375597
1.97757877423523
2.59583517041714
2.16182424946413
2.38149476293408
2.31952879178633
2.10409654519368
1.96179705631947
2.22225262939731
2.00459648706886
1.97442698460666
2.39952402564134
2.30704221328111
2.00426001416854
2.1945480619011
2.16308743617444
1.94523078255588
1.85150872627009
1.9340395624356
2.04086971485437
2.43983526705273
1.84681118602374
2.33436802229889
1.84122081177147
1.74381162029335
1.7481533923448
2.30284089226211
1.86233228031592
1.64349802367665
2.25249857270314
1.98633051822789
2.31214155561687
2.07742843510101
2.0223938389706
1.96886876504008
2.07299597988701
1.86673246154081
2.12808285103583
2.19848565269527
2.20839561344225
2.25480804806238
2.06586490907877
2.57411833711482
2.09989450521534
2.13705414291293
2.56658480988887
2.00643587074556
2.20543569669473
1.91366226753395
2.10708131536672
2.12188868551039
2.24025236723244
2.20298454707222
2.17768747629109
2.13650666355976
2.36209195305714
2.07551784269548
2.75956739391488
2.90865312235529
2.80053510822996
2.69604445071651
2.64785110182279
2.59715404895038
2.48729282630584
1.93878882905115
2.35724492961465
2.31669863907453
2.10743246803733
1.52454786438734
2.09176041676965
1.58917605409225
1.66339583773124
1.6123391613749
1.74565536272899
1.8658711217425
2.00519229088143
1.64265956174217
1.60470899052509
1.54795254400647
1.73829161630757
1.67943042503392
2.09534649494074
1.42352035689466
1.65806222040576
1.31197854124148
1.9855588592064
1.70370963638918
1.98240768713134
1.73769664992065
2.09591277823009
1.9880173586598
1.81209752943803
1.72909106707826
1.72090714369371
1.73902149099682
2.74003752728384
2.36211991534827
2.4409311093153
2.10682464590594
1.71733407036328
1.70918996248762
1.9457426859757
1.68335162936262
1.63915739068438
2.15685736020955
1.77647620172645
1.69201094063342
1.68437504094582
1.67691466142456
1.66963127469875
1.91502930286828
1.94099572142364
1.52506167524161
1.7314114747156
2.06638379251114
1.6539388493348
1.8949756136688
1.90298689913347
1.84867332462638
1.88472253221117
1.88660198105163
1.81481965004789
1.9105318492689
1.89856588190824
1.63296799254076
2.22771209513009
1.61492643113226
1.72691295937214
1.84283849976299
2.2586588871378
1.81367058153357
1.74156479607765
2.14825517890293
2.197787561455
2.3387036886694
2.09836769838358
1.70888892651727
2.21032183923328
2.20543957715927
1.85574861986994
2.23202089158433
1.83421216996341
1.83317324351707
1.8146019172004
1.87425569996289
1.85928529242576
2.30826902443873
1.83089440807568
1.70918358685707
1.92373553306963
1.50510192726989
1.63627268530813
1.53595133646214
1.44122464328532
1.78183801489837
1.39655998412833
2.52804824774098
2.25946458047345
2.35378231839308
2.74710502830288
2.17185776908645
2.18003567552078
2.17975771737931
2.21479671237067
2.02417897715918
2.50879925355223
2.35480537158813
2.38206612932105
2.38592554781309
2.77160313623338
2.20049645469106
2.2206116943266
2.28267884172255
2.27852624642882
2.38418429893715
1.93620188356471
1.92950696279125
2.66320360323373
2.42868940514989
2.21643461503221
2.18369400753001
2.39871895742564
2.15817198237722
2.164673407041
2.12995836882385
2.81739464314962
2.46232040877021
2.21108459657073
2.32314373843873
2.05209636680169
2.03956515472445
2.38065701706935
2.12109551049548
2.37688734992767
2.50049495768033
2.07364167769464
2.3282255262889
2.74961939846011
2.71475684280058
2.23451749372032
2.47045983019705
2.59921474877725
2.53423323401908
2.52020747389764
2.34597961618147
2.59632311017165
2.32560004139022
2.45247372226014
2.03578383136244
2.56024088470545
2.37973115726955
2.26909117498811
2.56023564874163
2.01290021394375
2.82979839767342
2.56405478667259
2.32810344091743
2.39658871764307
2.54637696970572
2.06067721186116
2.19712633898368
2.26365233931451
2.38750934508605
2.30769166799844
2.07844413766715
2.3131490493556
2.25085653434421
2.07765052360279
2.1461273441071
2.33207728142686
2.33169897748472
3.04938039398999
2.39022254005629
1.8114250622911
2.15248555937941
1.71310467280355
2.75653758400699
2.34701245796458
2.50736894268396
2.209182053509
2.03762078244694
2.24061090558937
1.67969677587128
2.23942271955563
2.39769652175499
1.85429474742461
1.87824885919034
2.30730457765104
1.6844014737904
2.19777708684277
2.47549047939456
2.23297409135772
1.68492854151511
1.56590466643866
2.07212404955225
2.23175226761286
1.8525806692988
1.28453824920726
1.67122905770369
2.01630553292427
1.52562734390097
2.2345361827686
1.52837385082067
2.06098659175713
1.90237229004137
1.99245312502208
2.07524312642806
2.31707404088485
1.47084194790161
1.63117070087656
1.99927786785337
1.49988929942103
1.77640092310144
2.46933946276576
2.33037185510534
2.29778387139256
2.5995902936763
2.16454490852932
2.02398506478694
2.30930298326458
2.09365025679858
2.03242476919759
1.9553961547075
1.92470459432897
1.90948629407992
2.40516474434348
1.80014922825332
1.92839155616967
2.2862885250129
2.11317474006941
2.18743396285673
2.38482953224233
1.94584185025541
1.77308297889897
2.39574117758803
2.23163573071715
2.25689968386821
1.76849051947312
2.12154816644536
1.95598490151761
2.4167993053054
2.13625206305607
2.42616537964396
2.29343516639196
2.436217628082
2.2173563051152
2.5217078530656
2.27477733962918
2.55043496791977
2.11665629609622
2.2192421780424
2.50749629886133
2.39984184527201
2.71121722250674
2.10828961753644
2.53122971196012
2.1823074168754
2.58551527467253
2.12380626172118
2.23987993353922
2.20858644628356
2.35861726207753
2.35265368697483
2.33452962173887
1.7621453222578
2.44182017777371
2.08497404558811
2.26511383937711
2.43026720659003
2.06101798649087
2.46816221666653
2.3728781667211
2.15084362154345
1.98436056412891
2.09185306192855
2.14288082713316
1.83469753762987
2.01481838006953
2.10078116715383
1.96315825401598
1.84799300555884
2.58228755729614
2.42915247880816
2.56601631450562
2.50916293386397
2.36968723174271
2.89382785656031
2.20540624802937
2.00022302316104
1.81820695894342
2.33083458138919
2.23530007891376
1.80101603768254
2.39560023576932
2.0118053386652
1.66056600257858
1.6032021389817
1.55522640425324
1.79419632238224
2.36601290486188
2.35279606242213
1.51358074690765
1.82500965769311
1.89357212430469
2.01342393595265
1.89429333235157
1.76986984090815
1.51654336344876
1.48880107104693
1.89659150921884
2.09087822512028
1.76997557993548
1.94831756938852
2.35024269174113
2.23020034640472
2.17848972816711
2.37494183324119
2.10722540934281
2.2832792281312
2.32234222551929
2.32838805677104
2.25268347999194
2.39030909761285
2.18313934712301
2.19881646632939
2.25209282738793
2.41372277659462
2.43064232696215
2.03240634164764
2.04089024261858
2.4588940206371
2.24553085974203
2.0486388697657
2.04487572069107
2.25034614350958
2.16070280282268
1.99278298076075
2.52190380142359
2.40833745151981
1.9964422780938
2.16932726262092
2.19730443046578
2.02075511854071
1.91794449850705
2.04579674696445
2.0743883630483
2.11102360873112
2.12392210055978
2.10776766583518
2.59494176482239
1.98079842519246
2.16126817066453
1.92131823553732
2.1788252923374
2.0369311897352
2.04688994318262
2.14740875396004
2.12902564277968
2.05988313288989
1.96700974691153
2.28904584736346
2.06144310738715
1.84615779845844
2.04432379640616
2.45644231253462
2.34169104011678
2.11060823566847
2.43478031127047
2.13061887788433
2.00448115811395
2.43329868247475
2.10064496420048
2.2217501584542
2.30839200003879
2.32211604386859
2.40107766494053
2.38947011058929
2.24765628781037
2.05879408505622
2.37275850343515
2.24211565785706
2.41830096665279
2.34592139520752
2.01645303932053
2.41702283851299
2.29281007974896
2.30149086626046
2.54921804542657
2.288698234283
2.33437095583624
1.84951821716061
2.08820271657855
1.93011121767696
1.77396361689201
1.74599613105036
2.83864579032662
1.85432495063542
1.72206691820291
2.87113205505362
1.71281002251764
2.44793995063055
2.72462809743237
2.56038358925621
2.06733419451124
1.68772752222903
2.04662472496436
1.6708640546918
1.6563141700713
2.03872050837635
2.03581937761809
2.00887864810247
2.03994604102525
1.6308077568469
2.00496664354893
1.60623783750765
1.5952462781102
1.58456897712863
1.67751068769529
1.5674545091512
1.74572991956658
1.55121742331784
1.77108756597133
1.82595138569843
1.83688086169676
2.02410672232581
1.9158039625653
2.02989398236476
1.9751955268675
2.0922363384747
1.72266480416945
2.09269932976612
2.11169560020827
2.16375948051145
1.7832835049631
1.8541478907498
1.70312209904965
1.67674191847392
1.80999150653493
2.1794890969896
1.7945005901677
1.72013144632416
1.66912604837581
2.2179097326802
1.56017446547496
1.80986158721626
1.94414844235152
1.94062407290601
1.76283927774884
1.72113211213407
1.99138206408915
1.78817248161287
2.15100315778069
1.9374043722937
2.14956972428217
1.80354739770455
1.71914713693249
1.61683632193705
1.86977283709798
1.82313888939147
2.12975429044295
1.58937918407881
2.50132934526409
2.44021177878568
2.24911521642175
2.26971241944426
2.40373425412696
2.46378164314143
2.25094234137489
1.96170616759182
2.19532645532169
2.45310732382395
1.77605814837445
2.48877505805644
1.89008489975844
1.83558430847406
1.59272424531229
1.97911135467929
2.46428292687968
2.2128874587472
2.10151639496535
2.23293831234108
1.99243826503085
2.26187719295443
2.01280095495109
2.3787035722568
2.50433487403943
2.55817485308101
1.90584673899084
2.25931834293836
1.89895598713363
1.82635321481376
1.7266150161745
1.64542131009616
2.29801234694613
1.65740276894943
1.44924340413306
1.41097144882184
1.84881146421702
1.85392956842187
1.61807840681807
1.61038811030414
1.74983900127009
1.53724419632712
1.88564740300044
2.07038837441834
1.63738005495172
1.92748096894016
1.79566341965093
1.58704032688316
1.4236294954686
1.33172572199373
1.97272474135022
1.31402112035028
1.52719866877567
2.07476792458766
1.50450979666346
1.48534080403264
1.73322185591328
2.24318488919162
2.32573101204947
2.17493257020013
2.5818838356916
2.72441122210441
2.39537306793727
2.39603956378932
2.09604238995905
2.31469128085835
2.231896343704
2.09099391718039
2.08298992648003
2.15283057620276
2.23981240834698
2.40996498464031
2.10643592525948
2.17977084920791
2.0493157079716
2.15730910557944
1.97158200224653
2.09121045950938
2.49465353258047
2.01230919524258
2.07566039632977
2.12275403804404
2.57813247844949
2.09228943016349
2.17550863345904
2.01529353138805
1.95472822811356
1.96310103154609
2.29258411148975
1.91403953548078
2.11369498942437
2.10435750564558
2.05814247160453
1.92818397332517
2.03920729848451
2.13778006218256
2.10119638579511
1.80984126496244
2.00351763063376
1.88507162722605
1.97830433363783
2.00814315578994
2.43582718946241
2.48497565742356
2.3382146430145
2.2021008033549
2.33735076645768
2.16475723957825
2.13279405741788
1.87136981497697
2.48792793434478
2.12300730747713
2.01457313139458
2.66040476908711
2.06568324951835
2.10271861396147
2.38300744173502
2.48954930988843
2.57789293069189
2.44842036592363
2.07977802373233
2.51944429855313
1.99893017408049
1.84369998596149
2.18704934681572
2.51490370039463
2.33966627113534
2.21984994066838
2.18264349137926
2.43258426144883
1.9303352838063
1.9977872982006
2.01905366922378
1.29754498771814
2.52387617756789
1.96962906077595
1.99606872167136
1.82621557404769
1.61445599731494
2.18894874841303
2.26821889095593
1.65184041263538
1.83290647694245
1.33591018788886
1.37690950075348
1.58244639635145
2.26820684149303
1.756146973242
1.35565679903496
1.40555632645163
1.42801742916832
1.33046483712892
1.34894492960866
1.31144824260808
1.29749233924338
1.38375953173943
2.19508896472192
1.73172482616765
1.76443287824786
1.89551696130318
1.68281745185943
1.55903694256903
1.8524009636141
1.86128769429989
1.98337545345627
1.67212668940293
2.05397273147942
1.98020167589211
1.95331896381145
1.99859586862796
1.998947450779
1.83361354350627
2.75449378106467
1.90575189913176
1.93526699800738
1.97479771256659
1.86677255805304
1.99771032049941
2.40422934703239
1.78869234219033
1.70195404360653
1.590883985927
1.87343221258819
1.5129348572989
1.82503045943526
1.96012278644221
2.11788698000535
1.52360686484341
1.88798501041
1.79708575427257
1.61357635921288
1.77282229425578
1.78752347019562
2.34867705341261
1.93506079102171
2.02814682609972
2.20886233518013
2.2696631441487
2.00292835772254
1.85635180689049
2.33390253610662
1.84177284596908
1.86861813525621
2.646946920908
1.51037799403508
1.95401350967625
2.10951834869625
2.06685512128471
1.76553644935703
2.01964941879981
1.91085505984597
1.76383524026074
1.85591099390005
1.76830646996293
1.85718886972401
2.03314826829379
1.72111681821498
2.207269543649
2.28829748503783
2.37054421386417
2.5721349295075
2.42665230670885
2.7107123471654
2.35427765785248
2.24353367572911
2.26195832119616
2.41458856243818
2.26855604244278
2.82266843134551
2.34862213779987
2.18563329940699
2.32607707047644
2.52766337790167
2.06638641839286
2.29898494255499
2.43899478687263
2.04895741685553
2.10949857903344
2.43430082021793
2.03798013506011
2.69763881486584
2.19037732719309
2.29066683117862
2.20089830439892
2.34850427836207
2.4327043213077
2.52453877522959
2.2753034071974
2.1177791326531
2.73640242719637
2.01985178740841
2.94285319813442
2.62656935819917
2.82423593020826
2.16536780198606
2.77262319067084
2.68131093094338
2.65575869354064
2.37233565547697
1.94224845531455
2.21762919962658
1.89126824185887
1.934824518333
2.77211129153899
2.22315790134777
2.76130144095713
1.96584456934714
2.70194362400262
1.87433011017816
1.88491537260097
2.10376324096311
2.13006357799119
1.81850715533097
1.67696528267129
1.65041935446322
1.71406847323203
1.7863257380971
1.86731822699408
1.8103005584323
1.71792754641235
1.7243050598015
1.78906340310393
1.53283511196231
2.34591418790523
1.84878303142489
2.10302264083774
1.68235040482383
1.85479743646365
1.59285513261038
1.66572494055343
1.73020730099189
1.75218874738007
1.59158103368232
1.52591062126592
1.56973691961795
1.82096864375594
1.56080397086426
1.73942149178274
1.71169999971162
1.69943731012757
1.86174399604702
1.63170408943297
1.67322375369026
1.55427340122789
1.55700450418642
1.80437662347945
1.81834192822278
1.58494224444457
1.59237066312678
1.62263429428595
2.11511822927555
1.69756518546134
2.00063008820538
1.56916079662839
2.14417800474802
2.11924889940403
1.65683262579581
1.53783356943115
2.36538557490127
1.81725986192962
1.65093783840352
1.55622502759259
1.65757425973373
1.93966982714519
1.63024883660313
1.7975095670179
1.61073280010132
1.80742252802823
2.48857489287224
2.39810474432368
2.23268701873903
2.0009855725241
2.36432997552738
2.34572332704214
2.44380138716281
2.11502800120818
2.11408511668913
2.14487864789964
2.13855308564151
2.26084723293038
2.22478962361602
2.10456428388624
1.85119855891493
1.6728089594511
2.14151168337963
1.61849489199981
2.21729033580131
3.44035859454897
2.51685679810359
1.68062830430585
2.13891827613842
2.01279052205943
2.49093918848109
1.57489525196554
1.98548674069755
1.84906130369313
1.8409458589509
2.05826634740447
2.37066320272942
2.21310785350202
3.15541397399612
2.01846398614615
2.02575823205541
2.21419405465638
1.86718110906718
1.53060411441641
2.10104958536908
2.55930234094093
2.03710821922904
2.35902272043259
1.49621424755295
1.72968907420412
2.33449546156475
1.85178596645878
2.46806738713407
2.10181766299287
2.25593210772569
1.94794417608794
1.78015871074545
2.2647458368522
1.87307867398628
2.1204001475876
1.82245310795217
2.22043532075481
1.98512814740144
1.7552398698518
2.53716374477336
1.71138206013344
2.61784819726266
1.8569291102585
1.66222016948575
1.91107400122319
2.32087551987486
2.62437706567098
2.64562425105478
1.61779616105987
1.58515142986677
1.73937788209352
1.55226381509569
1.91569092657942
2.02179312716038
1.96898372894387
2.32097218061039
2.39476401706638
1.95151613069597
2.32431538172425
2.16962550169648
2.37820905231783
1.96636349106541
2.60773622553211
2.13531955907416
2.01387631103159
2.09538020467226
1.99896488869744
1.92737920873615
1.78256923311606
1.9223209908764
1.9063759964614
2.14475138300532
2.33365536146835
2.32831868059245
1.90110694302632
2.29097857430019
1.94442402963359
2.18862255885133
1.96210505794515
1.91980512556669
1.77120846564209
2.04719700996297
1.79694523011407
1.97470401413137
2.30283242120643
2.02127163607532
2.30960526024425
2.19966244184864
1.83366429646717
1.81773422568952
2.30973759334911
2.18898948072362
2.80392838661648
2.91150937903848
2.4379360497298
2.21649085342882
2.17854583442309
2.3124362718519
2.31808032590579
2.47148505956273
2.40808912332863
2.33038304839555
2.20106783745387
2.13678604321939
2.25892242452808
2.25084867914881
1.61742606218361
1.55535507682913
1.54066755478054
1.52664100321335
1.51193259758911
1.51309786889322
1.50097688643735
2.03294131024951
2.01256010008698
1.93224698004375
2.0787636690356
1.7244419152264
2.02015636693883
1.63890864618428
1.48499311046664
2.35534624169648
2.32432437252526
2.00234844648552
1.62610394075635
2.21718701152086
1.47358184372495
1.36363628619967
1.59796426312408
1.45654477522809
1.44871170045151
1.40794023926149
1.94558096574519
1.72725034727681
1.65746562813208
1.91478683445303
1.64349144235729
1.54565431251489
1.81346359303997
1.81037473823475
1.77664610363503
2.04754775558448
1.88577355406665
1.71055672146831
1.61244110777984
1.86405658768696
1.90882358306505
1.58758106136644
1.89139458558061
1.96149832597852
1.51491852909451
1.67242510551672
1.8455948174052
2.23428170950242
1.56277576947018
1.61789048783408
1.73717077069291
2.09680839230063
1.88495642799667
1.37421147461955
1.80407141402446
2.21144279788169
2.03719477840791
2.20067770938604
2.21626815023547
2.07985832255601
2.07685522854673
1.83817870812632
1.96298435482653
1.92056635907689
2.31324338746856
1.85136192866028
2.18242255294935
1.98027123106061
2.12209755857442
1.70803004495779
2.3223170059994
2.00494433757601
2.35025276363953
2.13390764494793
1.75667077340405
2.08828339831287
2.36729509661656
2.18661168464418
2.14513814492394
2.62086780398176
2.00681930690868
1.797466962884
2.07218854407877
2.18202604953825
1.76827707696955
2.08732589578393
1.99273620474949
2.38848034243708
2.35246855972666
2.17154749968946
2.53975993061569
2.21920093789335
2.28306276324023
2.11998153881145
2.3923205088459
2.19350282942967
2.35782290829209
2.20142849616437
2.48287666584367
2.34391581108243
2.28660248642475
2.38522611060028
1.95242015944694
1.72722914799328
2.23640966318902
2.08701873989275
1.66969595554451
2.0273829644767
1.57612393286609
1.51658227413885
1.46703831846394
2.23284481073965
2.08093604664828
1.41903981875512
1.38250347491677
1.90184993032173
2.00275177480984
1.34698087283702
2.07403305970246
1.66110397267327
1.39709128499408
1.2863019659953
2.61278194049397
1.69221605896493
1.7875447561572
1.25872080882393
1.95810302048553
1.23410592463211
1.21795915032117
1.20266976475721
1.84634437744479
2.62700045106682
2.28456371573161
1.92723544899404
2.30274732773579
1.95886368895473
2.41032360618447
2.17668353965354
2.60967773110307
2.25439129309687
1.60909407029482
2.43334671551107
2.58777896882998
2.92940492876831
2.34783683138807
2.02869704481981
2.45040265038464
2.25629256654633
2.65001301828953
2.27696040431175
2.51955026003255
2.51041865155609
2.67995122365093
2.67254893984893
2.5121080149454
2.60075838803325
2.30526997678814
2.08758852008428
2.51016383521329
2.66587031218981
2.30287797471802
2.09956328129823
1.94298779697559
2.41511285298326
2.39899293942551
2.30040044407986
1.99601016645211
2.51142294128902
2.15129219858265
2.20746924290647
2.1678960578023
2.02360868297305
2.07415475389944
1.90229358926606
2.41127989775443
2.25865567097637
2.3465816854713
1.86469528431117
2.27976257887197
1.90264308179804
2.04110416418415
1.94993519772005
1.78002037803459
2.35545020570788
2.32780826655482
2.21819671393476
1.85123498309173
2.41762463974873
2.07143587731791
1.99548190722218
2.08694858247326
1.75538260184444
2.18523030847972
1.90789846306528
1.83288458269579
1.76994241755165
2.17464938714447
2.17088984385382
1.99421884902933
1.79768753627027
1.93417185053415
1.95745688836678
2.01915188712768
2.29035916556302
2.31336887588031
2.24628790407252
2.28083697069104
1.98085912886023
2.04936271346451
2.37943920252886
2.40412821068799
2.26248282926266
2.00940477219514
2.20324300689074
2.34555858999659
1.80704757790631
2.20044700010277
1.75285977095333
1.76737969975399
1.85731852626389
1.75176367259468
2.24794183904238
1.97419329533041
1.89768804517833
2.59941421601863
2.32301254287537
2.24219785923643
2.35914886171927
2.11558337148976
2.45353301912532
2.25111450936946
2.31317243320734
2.53826145936578
2.0398732005891
2.26648631364668
2.06821278247613
1.79099653152131
2.05560034112823
2.38765863057232
2.19607451964278
1.77239366515524
2.57610621158536
2.18400383807285
2.24517471902159
2.0510700510072
2.17786523617418
2.12826100768603
2.05415236632863
2.12195243572726
1.94214626787426
1.63886916513262
2.18739490032633
2.41567507400426
2.57700092040225
1.99641800966009
1.94783437030661
2.13297247655633
2.21701956998724
2.02290759122518
2.40902197610957
2.37231499623956
1.89710073887748
2.11969075461542
2.38257937734253
2.20777034661942
2.44306374495919
2.43381750022971
1.96647905983587
2.5840897573222
2.40114607270205
1.95771167830335
2.29855751502553
2.45470844793331
2.06090834344242
2.19885608192931
1.97260028246118
2.14100867208885
2.27823923539677
2.92867088861853
2.17214143559955
2.09745962670055
2.06674053920381
2.43637893671371
1.94122644649086
2.53160270221899
2.04131369083519
2.22134773613786
2.21125738181497
2.21776256027807
2.56265224603124
1.8215752874412
2.33410189175567
2.3267765120578
2.07790246205257
2.04636468855335
2.31425626793649
2.40611114352546
2.07887999160147
2.34663905876522
2.14124440062696
2.13550112809947
2.09591809811789
2.14465963128256
2.64898691325885
2.20989215061346
2.13392779967132
1.88613710139194
2.34380875896761
1.8854086014964
1.95048375263428
2.09496100606688
2.08344142885694
2.20920297857233
2.19036734899591
2.21398525633611
2.20179939982092
2.15865241090776
2.25428458166654
1.97393358170818
2.61368649639294
2.03389840263705
2.07891753869028
2.15423451828043
2.31564077728206
2.3364730128298
2.49708501277721
1.48154602669667
2.29766090725062
1.23719182235651
1.18692420629352
1.36304311051473
1.09084657088065
1.08648068452247
1.25697304320199
1.10140695949236
1.03160587416319
0.982498587165535
0.99786423799719
1.30848637307593
0.933970797995904
0.990787938101853
0.923223754096226
2.13002351996836
1.94567254069406
2.29554867339078
1.84146276666724
2.02364554815824
2.2136534392068
2.22522848941171
2.25054620492433
2.31275686536378
2.16673244526266
1.97682526050558
2.15832802801262
1.92200274986635
2.16975772134917
1.93293663405917
1.89951619625578
1.90363919903561
1.95067955351587
2.08450955876985
1.96592225914019
1.65381050815664
1.70792220994773
2.01963979916163
1.93920420791075
2.03043650615788
2.18244154743689
2.14899430878439
2.30436360722081
2.37156695744704
2.0976426532493
2.10376450358246
2.25013844098157
2.38357275076037
2.30147200557425
2.30270492614262
2.09520145223772
2.05562909475366
1.95959324900925
1.87725980078011
2.60338046693925
1.78794421132102
2.40926123612194
2.0511281363204
2.15873465866123
2.12788583071545
2.13483207627767
1.62958826501755
1.68153273452489
1.64956664849654
1.48875289685121
1.57723294973861
1.77523459381457
1.88398743332918
1.48826943660212
1.38776590347748
1.47373686113249
2.02172527332108
2.12164415180078
2.08335647313299
1.36621973751983
1.66240304712679
2.18840320554276
1.90663514170788
1.62376176648521
1.39020035066137
1.74439029251752
2.4578043873383
2.18372673329393
1.82558405757688
1.93675899861892
1.55830250661366
1.53146711419771
1.98929790140953
1.92234604677354
1.50772253081388
2.24908204711929
1.34253889859499
1.87062286142979
2.30041281644331
1.91526902674449
1.90781470219044
1.35140069101998
1.62327369334977
2.17389476964259
2.20382078199428
1.86899681343118
2.26956302921111
2.38172347000004
2.31745830009058
2.30143494193731
1.98495928136202
2.46433160295375
2.43059685180251
2.18425039157856
2.43236039979042
1.78805781474402
2.41814622156356
2.43706202994291
2.06720993193295
1.92110670167545
2.05705782498189
2.13459560430046
2.13837269263032
2.2942778373697
2.22543913870477
2.45481178007723
1.88431654028517
2.01796095445008
2.13720908964041
1.66337887822028
1.78617883739062
1.99759271357286
1.74253600429259
1.96904635574202
2.18599494506512
2.32058668441286
2.43641068512115
2.33370449084946
2.20952543762388
1.60706095623508
2.17811325210824
2.23435777372559
2.35641591265496
2.4595510789201
2.50039489963569
1.82107333536642
