6.74116337025904
3.96433791653547
3.19336284402513
2.05633723917994
1.96683102512751
1.61853244682876
1.74193426247173
1.44372779950444
1.74543833910068
1.98035770733257
1.4851070349145
1.92767240518411
1.71982120457343
1.48078026410981
1.55831495359834
1.50093355644334
1.6446171131477
1.76759245602602
1.72032437519455
1.95759931790503
1.83071808456962
2.06516293790772
1.84363130892893
1.93062931376469
1.93023582475857
2.02236918092898
2.08369435713725
2.0490503170247
2.13466684706072
2.10477994008283
2.08300169306139
2.12884233415018
1.99938015283348
2.09356433292808
2.12114027152295
2.13203252479828
2.1469694550532
2.11584823196866
2.18812245076497
2.13757348742722
2.13555817063407
2.17779036302589
2.15355668270565
2.21886952531019
2.15261623347281
2.20877773594697
2.26524571941897
2.21408232364195
2.24354349042009
2.1664848661261
2.16884482999403
2.23418753466681
2.23809120638865
2.24247788734679
2.19623347456507
2.22871879691151
2.30360880334454
2.25011293939524
2.26423267654375
2.30510746458289
2.30053128983697
2.35144937889372
2.23140487211438
2.38462724258406
2.35846450686499
2.36167413761386
2.31666435047777
2.31887451898145
2.3371990458565
2.35017514864455
2.30861775182807
2.28815365840277
2.30681535798127
2.32903236403795
2.32800916841586
2.28063088570204
2.33760920240208
2.34098661071626
2.36364086652284
2.31890488905348
2.31158003963461
2.37217558653121
2.45373058952515
2.34369042692461
2.35549775819626
2.38183719182927
2.42279786576269
2.30873493494751
2.32368621783283
2.35870033198654
2.3421313041763
2.31088177998996
2.35791417822032
2.36135116524423
2.32152283991087
2.32708443402394
2.40509643246967
2.38937588172638
2.38541726001631
2.39028915508362
2.38310387733914
2.36905306528515
2.41923431465145
2.46049798551555
2.38044170784837
2.42873145994506
2.39359602093812
2.40145255956796
2.39902832246831
2.44925465438803
2.46837484332997
2.3985716131119
2.33627599110599
2.44110740902492
2.41442077476135
2.3768148079633
2.38438914252979
2.47783732818445
2.44801032492694
2.38111180731041
2.34886020951473
2.39510621060811
2.41114789191921
2.49466063380236
2.45761166982847
2.39891492732529
2.41509680307274
2.3457013144091
2.3885287339645
2.3911966011787
2.39938322078637
2.47130577199444
2.43912078691355
2.44153013050045
2.43240697155544
2.42453266707178
2.40689191203538
2.42862872550776
2.45781140250869
2.41135883211112
2.47077085872021
2.43957058105272
2.33799508850923
2.41804482240695
2.46430899788479
2.49995345241978
2.40169087908726
2.42471568408598
2.46009622741294
2.4817704747963
2.42033358710448
2.41730192115618
2.4020282914234
2.39684914217435
2.43390792111291
2.3390421032566
2.42350565196304
2.46550613672136
2.32664628818613
2.36692866463502
2.40007789764787
2.42535568690699
2.44816138579805
2.39796651561536
2.44112094155025
2.43619701953732
2.5108389068035
2.56154155927983
2.46079627005689
2.45282629698061
2.49357232193125
2.42987259876122
2.48347411242315
2.49405287609339
2.52116749326949
2.38380461782458
2.37481349541599
2.42272616709768
2.30636764153916
2.45604149263641
2.37121943805812
2.39877180246825
2.33915739586
2.39453498324359
2.4377313442735
2.3916805547376
2.45720422491266
2.46282322368824
2.44715360218041
2.41451191686887
2.42595991794036
2.43003921615695
2.52278408946096
2.47072995899505
2.48107607458706
2.51784007295779
2.493187066793
2.3510316365475
2.41700538891298
2.48346771774732
2.40644662967074
2.58019088467614
2.33644755634602
2.44976436666004
2.46770724091058
2.49240332512546
2.44161775214384
2.40912584104271
2.43053839039273
2.45255431933817
2.40790218654007
2.448040390831
2.40940996363161
2.35952220057815
2.48023238485522
2.39200588523786
2.36546084696282
2.4106340221084
2.46308725186497
2.46415228442868
2.42863487483807
2.4755660044573
2.54329038747231
2.38741807968171
2.44359285385064
2.35343019757281
2.44355596929378
2.29402882383207
2.30510361386012
2.42335934179392
2.33111297089905
2.32713880899201
2.3117430485291
2.44605328358847
2.46715118403794
2.25695720587923
2.52212509427692
2.38376110277094
2.44234750457688
2.42095185611567
2.57629823876193
2.35354285722803
2.31986272438363
2.46336920837099
2.46025034588071
2.53629487683721
2.39766149835766
2.53435743556332
2.42416594620757
2.49978219938166
2.48466361940739
2.36138615232602
2.58584147569557
2.36072084747407
2.46328887981404
2.43780466142022
2.52583228768705
2.25832719910075
2.3811435855032
2.33216104733027
2.40234907485666
2.40676198478346
2.47291833055168
2.42738026675315
2.37424470495759
2.41864621993353
2.58861702134334
2.32826836280465
2.42066455123283
2.33950540006408
2.35643447075553
2.46666395002833
2.49381048509234
2.5041048401896
2.36091747632116
2.47546595499983
2.47763759947634
2.4440309103158
2.56575446147039
2.51648466245706
2.45941984241462
2.34455574245679
2.45108397029839
2.43799191999266
2.40105951672197
2.13609040393378
2.39389241524812
2.38878830991133
2.40151468926443
2.41373958715846
2.43641011236821
2.47752676138112
2.29476243708912
2.34644543976923
2.41047648374749
2.29395325735487
2.54010240602682
2.32333130798401
2.44289112125047
2.29669953645846
2.26810835761056
2.31179092614285
2.38737136938256
2.27159137956907
2.35789568370601
2.27199297050346
2.32296534858917
2.48120413264161
2.60203290320231
2.54337415362808
2.39622487979206
2.42595512540333
2.52031641146077
2.46098407508583
2.40548025232242
2.3615501485816
2.42573146905013
2.53182425499082
2.60864329958482
2.29345600632729
2.4354290668158
2.4123611209517
2.43212433061345
2.47818800444032
2.36924227551898
2.15036008062828
2.53923481556282
2.52152252112657
2.52010446638547
2.33819838315185
2.35426812668892
2.52383729400913
2.45480707526427
2.37824646430379
2.53262600182248
2.41747279327743
2.45537386839061
2.64255374399019
2.5101945869479
2.5836337923176
2.52679081527327
2.51612812945057
2.37016620751306
2.39300332373731
2.51233384981995
2.53889828966594
2.42958238341709
2.40264231967157
2.35591553631903
2.52308950251006
2.48165416197303
2.3848121636387
2.51149476271988
2.3953009396531
2.48874113367332
2.66450680257955
2.42578427594574
2.68311751833819
2.42011803842254
2.3440804054122
2.38977563973408
2.50045809407051
2.26436321879396
2.50843386287133
2.22353647811146
2.50079047898202
2.6104906254699
2.39143863918359
2.31492713865971
2.24788879165237
2.31141914667626
2.35184957824987
2.24644709748599
2.26924383848625
2.45099927727145
2.49824789831692
2.45891365097479
2.45731318003026
2.40378191121152
2.54950717936523
2.42838939079591
2.59991410662361
2.51566726014981
2.44106012361716
2.41625726433168
2.39546550422611
2.44060177624773
2.47667161682666
2.26760064839098
2.2564221341559
2.34175743920032
2.36276875259279
2.3693276717214
2.36935121202369
2.38334352566729
2.61102274198249
2.39141929342748
2.45065520297773
2.44615567079148
2.42555561537542
2.40558233508256
2.41767603429705
2.2753216720553
2.51193428288733
2.24940212292606
2.37668455430902
2.205956087637
2.39946407569887
2.41696430718384
2.0781794948936
2.24764057624089
2.28649273142524
2.48871327838291
2.30052699208863
2.40186098260598
2.51766305505108
2.45436312630624
2.6504109501759
2.6896510264178
2.50943208808787
2.51497295129035
2.7419582469945
2.63110599852663
2.30756848656073
2.49078578676361
2.27785831908789
2.46212077028623
2.42255082822557
2.27781474093399
2.3199605435208
2.30217810054913
2.24209046362085
2.47590955239247
2.28308565355853
2.40131987385955
2.3193923038041
2.44037052368344
2.34941268729649
2.53925694745948
2.46161723621921
2.39427865934757
2.33429616711782
2.33088486453621
2.46337045115344
2.3365772732882
2.36563484349781
2.46520329582511
2.16873303845164
2.36921143741145
2.33820111637978
2.36080778948253
2.14266172013342
2.44242037043548
2.25383681306245
2.25563383635657
2.64479485230787
2.64518847943396
2.13371958702462
2.40803675271608
2.74756108999012
2.38009724423654
2.45451876510471
2.33540956193885
2.3966109027324
2.49892432324476
2.4062992189251
2.44640458708688
2.59224961847549
2.28376042269218
2.49940086211248
2.44232474381017
2.4892164767007
2.3526456555965
2.49265031978856
2.47661952044863
2.52036875996172
2.39271748636956
2.60232129773595
2.54434527375355
2.50291561709137
2.41863012264254
2.49659434526154
2.38256035414302
2.7877891448441
2.53995791974715
2.53425448468652
2.4979600694267
2.32644248184884
2.57573961807771
2.36245029711216
2.30650004057873
2.26115361044161
2.24268851688507
2.27917368966875
2.16245438221699
2.59361554474043
2.48119722959715
2.44486123116416
2.41265059626891
2.33089401486418
2.33343246403764
2.19132913347
2.45214912592854
2.26164882169817
2.53894381686513
2.68976831288603
2.31189733290175
2.34906162913142
2.39059216927755
2.62828590417371
2.51732808587497
2.5734116576352
2.53519031462759
2.26812310507939
2.55458565162614
2.69679801866352
2.37331845138406
2.66291852771593
2.84642875947623
2.53284432476065
2.63914273070787
2.33692074804078
2.51498697425206
2.32337490287887
2.54346840182812
2.32068212212434
2.35361331103411
2.50289544602855
2.61363358799003
2.55971117026486
2.6880488861597
2.33817271429429
2.2680532082662
2.34212657526755
2.31472811609096
2.4874806750198
2.39389439061652
2.28183707145818
2.20088058932355
2.24951788721332
2.50333254926526
2.51441736662392
2.40132880731078
2.52960958499004
2.45043038425583
2.41073457678056
2.3994027499736
2.19430429032406
2.41967156330156
2.38626835887486
2.60167847773223
2.41024875457787
2.65828390114678
2.40420043995968
2.77616523606087
2.1947527730364
2.39306732827811
2.1345115764379
2.72059290290188
2.29795183823619
2.25381441604959
2.18201768994976
2.39122894783876
2.33398233451974
2.36891008808735
2.32940148488028
2.26344892629189
2.49503736415584
2.66409343742911
2.61185448791915
2.51893863863253
2.42494145216785
2.54254911093328
2.29330824362001
2.25159341915519
2.44248220360788
2.17659201257174
2.30082261749659
2.50585582118408
2.47442273571921
2.45625018676519
2.47160903046536
2.34415024631355
2.56776347316427
2.42557913182759
2.37901520700687
2.38262674899203
2.48346149877397
2.37113105864528
2.53802968746251
2.60188529278371
2.550216164927
2.52025112229176
2.44341954313638
2.33030153356125
2.34921347769306
2.2514038339871
2.13545036313077
2.35248085207075
2.46745356111236
2.39395883026772
2.44156540253877
2.21295866799006
2.1433665973188
2.13824424937167
2.46476891480412
2.04490386049149
1.90409891085185
2.01761475351643
2.18272189149939
2.45410555963598
2.76098877784875
2.6021432752775
2.46818294382768
2.66994906768355
2.56516008423724
2.20400713827073
2.43153304100544
2.17635139998905
2.59792575206745
2.80925418945953
2.33436731197243
2.01500618076019
2.43291564191608
2.36488751629342
2.64116985082777
2.31865327074361
2.38829484687106
2.34559766760553
2.43956223948212
2.48678946121506
2.14645706655997
2.04053162844609
2.37210031098262
2.29851223776032
2.14897489667769
2.40384822545918
2.36835809581908
2.28373383902201
2.40280585845682
2.00763571970939
2.09039159356688
2.39566748234328
2.58308662094122
2.55227181861627
2.36470842298359
2.68961184014535
2.28332767069589
2.44454561367148
2.33956152789378
2.28404641587129
2.4417352519795
2.24330115172591
2.29066892217259
2.39180404432598
2.18474120044237
2.14721350493475
2.17115739129517
1.96446810213022
2.38912397405608
2.29795804716497
2.49107453978826
2.28314630848294
2.25652719911332
2.10877726508159
2.37195098085281
2.37832215501891
2.33108503305366
2.47884586376674
2.49250666118187
2.25850742877317
2.40003071240043
2.320166421393
2.5049957601315
2.30875530278505
2.30127345966683
2.1021107009853
2.45234240655056
2.09651649970286
2.24502803914451
2.45487375264401
2.06562906502253
1.97904970592063
1.82677382311695
1.86446786521831
1.93275144708245
2.6500558554232
2.2271414396477
2.31254944401572
2.25899691115712
2.26784791758314
2.57139041990072
2.39553043347705
2.17799645182758
2.23171605184026
2.03084568580865
2.62526039628534
2.19807616759824
2.39653678536023
2.25901661244958
2.28062662797615
2.41554301042096
2.12072729432787
2.12088415482359
2.49824003992433
2.46301916185953
2.30969438460596
2.0144011122832
2.33298793217059
2.28329064154518
2.47824832727532
1.88093316930664
1.69260626414382
2.34763851626507
2.56791481155865
2.11705293332102
2.27727474570077
2.31968129714362
2.72947590632209
2.72092882660774
2.51157841262258
2.2331938069942
2.57482326723108
2.0381554905359
2.40651266212049
2.45138280682312
2.20287641934386
2.43208099855971
2.34150787768119
2.22749818686331
2.52490977176708
2.40021138172038
2.14424591351257
2.76746586117914
2.28951855724034
2.58619378849939
2.04151310462521
2.61992167044262
2.75666034887728
2.56391598467158
2.51425509021969
2.37290895927112
2.49195556336933
2.1417464942866
2.50610788080951
2.89196833870796
2.25994144160064
1.96818076916047
2.40235204433683
2.37698104972242
2.07879894674213
2.22189970999332
2.63509172996125
2.72579048425733
1.97781868583724
2.3437379834532
2.40133910252175
1.9939432922926
2.36255535061212
2.49024908136919
2.28865275866611
2.23294288058906
2.44122643687234
2.4088354241358
2.31168408335196
2.0160753989083
2.64410976970897
2.3048882095146
2.38608746452302
2.45128808179802
2.44618949358444
1.86483724581365
2.27739367421273
2.22916745239336
2.12857811054339
1.92313357776318
1.89667541357456
1.90672973648725
1.90076428907249
2.06000250508961
2.3303041838607
1.93963065070475
2.65273650671349
2.06624034582118
2.68137748400872
2.03436024319852
1.91910770450228
1.63014398930742
1.5666895625803
2.98119217333626
2.45041075855699
2.55119377982415
2.23996736501601
2.27235132720243
2.43456363626611
2.56361851532213
2.2896910402261
2.44165948047143
2.50610101992806
2.43172639232137
2.73735787558884
2.3134208665992
2.27721716466219
1.64389438294815
1.88671053826674
2.3332488714349
1.9721846741033
2.39192663449247
2.30649387901111
2.16006180644972
2.76766179465583
2.29598222185556
2.39734766683825
2.19060261494613
1.96886597239345
1.95368655546365
2.28205903751444
1.87164955323416
2.35644532983894
1.65490633065344
2.20091201344268
1.96335285083514
2.05057270510401
1.98703705847567
2.0502744899373
1.81050557966159
1.97958409846672
1.99845270433471
1.96556195413995
1.67235545485668
2.16347398817781
2.47060805773848
2.20303579388145
2.41940024694614
1.90684961651015
1.82302477336415
2.40656891180926
2.10123442963744
2.33032554593799
2.05031439349553
2.19600561684093
2.15679183773294
2.34034418057135
2.15411022817861
2.31564623005332
2.53174822417285
2.37051611400995
2.85866474047594
2.15209023872303
2.2248882507641
1.55145503797965
2.03145808509852
2.19557411856477
2.17680069609055
1.76704727549066
1.82709579441769
2.21510203948508
2.65966598887479
2.31846516728363
2.39384139044595
2.28352319395214
2.28792190334023
2.68820541835564
2.61807234068346
1.97781880212365
2.15880271186155
2.26459717833625
2.67216782772779
2.63525304838713
2.19618498297422
2.65481279234829
2.64769414550314
1.95093594584817
2.30590076025513
2.41716206972672
2.27008595925865
1.890710855057
2.05156215006939
2.08366675219585
2.73680362770659
2.67175499281365
2.77238643582338
2.70877568418361
2.72300110154509
2.60744325729175
2.13056290026202
2.93179196997814
2.11210518790928
2.36038755685091
2.95942766826502
3.08316141805017
2.90543288134673
2.12937880146834
2.59508487250976
2.9561911985122
2.16864278265853
2.80012711097374
2.21004018726311
2.30351184137106
2.42951095032271
2.94825749212029
2.71041025424069
2.69486543723427
2.48041241565562
2.84747840532753
2.50739662431636
2.37639145040328
2.32712749644792
2.68526793584279
2.43793134665472
2.29041573542667
1.97611496090056
2.31640864757935
2.18055178703971
2.57433380160187
2.14352055834485
2.57319229780103
2.27032221729244
2.18320151176474
2.03009008094957
2.22777801614421
2.04584432649718
2.23155582305723
1.41045154755953
1.98721396702765
2.27039226432132
2.47462563202594
1.64700093457518
2.21270714927719
2.39655192455118
2.78208023293947
1.96045381824421
2.03740485457241
2.3732267371921
2.18236370243377
2.56629432341955
2.34801226280428
2.38010769327032
2.4147805668881
2.02577982850941
2.10839589757586
1.66852457104697
1.98400878503857
1.81020011748129
1.46185352239572
2.56504226130581
2.81596133558585
2.35150987947098
2.73407254351775
2.35513200100242
2.50824733763794
2.32424997786456
2.33659010978093
2.74485303827661
2.29049225095264
2.81420169650117
2.15169367227299
2.64701067715645
1.99691688918216
2.09066654730791
2.00813378057102
1.47068934096145
2.45053577936306
2.2293013521793
2.49116888634378
2.46837520591837
2.45541822751913
2.28059486413491
2.85606583975841
2.44395767305725
2.3218892779706
2.59120596520152
2.23791260613254
1.79265720992356
2.28897711064551
1.87623000875839
1.94650011677617
2.2339858896989
2.38877830243784
2.59617770374343
2.38466412400639
1.79486674001786
2.10485686854417
2.20242704949179
2.69723091071781
1.88836108745052
1.58619843979711
2.26783363166426
2.54406029994546
2.42737196089274
2.45786723531574
2.78962725388846
3.0976320173476
2.39532680768707
2.99831116119638
2.38319835336574
2.7405554519879
2.54815985700266
2.49500402894338
2.77333755124651
3.45143898704745
3.14650948313489
3.0287289172949
2.51037430005482
2.96811936096971
2.62166004241688
2.99557411951494
2.62510198909412
2.43490702067175
2.52036805214089
2.64274893235885
2.22887243257192
1.95728155297135
2.66861887520622
2.79919767606095
2.38540413729605
2.56141948416016
2.56044660225811
2.38234915394159
2.74266166855924
2.25560179796169
1.70154349702566
1.82523128991159
2.44463668680738
1.79388482242027
2.31296263787607
2.03147091475821
2.01782238350296
1.46930515612535
1.93011138021228
2.35065271412714
2.04446539331999
2.1072216972133
2.07715599725372
2.18731020534526
1.90183288130583
2.84893388869167
2.28942008064004
1.94862552353045
2.36568757495407
1.73514453640746
2.61091297384743
2.69935308575847
2.56623320490084
2.21021606455823
2.2217106213061
2.65159785942672
1.75028211862803
2.22348816335528
1.6112473736737
2.08604784469415
2.24117760222327
2.13724829458897
2.56344569582032
2.16404424540191
2.25707467829345
2.36245893818354
2.29027280132305
1.98474241038244
2.86610661596096
2.44965487615465
3.22644453119734
3.18587221791058
2.37963098012754
2.85178819147944
2.44189935263937
2.4134482261005
2.31786324359601
2.5859506101386
2.27511675300534
2.14221537105483
2.58024511526575
2.25053555304751
2.23689045750909
2.81824532423471
2.68713579349604
2.46537744069394
1.65154063229926
2.10855190088138
2.04150576355725
2.34278082537517
2.3819811408532
2.47679907782927
2.53770637383717
2.04133481418335
2.01253882608653
2.53229903323825
2.6729545734911
2.55629056570964
2.83631706750755
2.00472749125186
2.5951463504047
2.33065639360992
2.80833607486403
2.7197644631611
1.78310180152408
2.61861559978048
2.10073574905698
2.88576304148104
2.33138543268962
2.63351235417053
2.45322586966067
3.16799616707623
3.1208625882725
1.80931259517501
2.22324998186066
2.18113658659143
2.22411502230338
1.9849361504072
1.77566730765743
2.32349986739814
2.14171368214351
1.85946411097546
2.31460405174527
1.82141459587759
2.02463444709391
2.53573163468754
1.71072070714812
2.35267932574009
2.61582709457734
2.06842671200585
2.00447182862913
1.93399786135038
2.52071644708793
2.96076996106566
2.04438956173922
2.23346588785176
1.88766817875387
1.95128802485623
2.13149804219528
1.78292033994371
2.17127710552113
1.9162204654616
2.20586547889064
2.41356780548312
2.08111730504858
1.92350254143088
2.10938241057482
2.30544256272897
2.1633239981036
2.36599004007185
2.21310449641498
2.3152632997297
3.50378208745453
2.53135696808908
1.82603118877457
1.75740961768729
2.60648495914427
2.64106878274861
3.40843343569112
3.27459120360848
3.33604385913115
2.87680966629049
3.16936385614205
2.22229189481046
2.34674954235555
1.15591331814543
1.96428949849756
2.24290625238162
2.14263018278241
2.39973631476131
2.45848203714054
2.36956636765691
2.289075891712
2.22653696319076
1.83002954797651
2.80838494948751
2.9782302561945
2.2535695351914
2.42793824221391
2.84004696023234
2.60718061301489
2.84266350701555
1.98217234876616
1.149935866846
1.94468339610748
2.52115197690325
1.86716755461097
2.57589289056535
1.75697235174427
2.39192744992057
2.07576043262244
2.34476808834662
2.23995497863415
1.73674842102126
2.35884430708278
1.39798930577529
2.05555364638414
1.66478040162866
2.14733821044528
2.42173529625661
2.28843420383624
2.05333765352814
1.68376261132391
2.60496993947072
1.87504455511471
1.95822858992521
2.75033498520048
2.99903438899543
3.44153027278697
2.95801686607009
2.23632496808363
2.66834809020875
2.16003021730715
2.10294779563813
2.70407220235717
1.90521138379079
1.80439691113755
1.97218383263703
2.21819470790393
2.55796321626445
2.19669400449394
3.10302739566146
2.5804133250212
2.3194520570691
3.40948988891235
2.68082605239591
2.74764894582616
3.20989806649893
2.61399431946717
2.44629974027953
2.66666333762952
2.24435674274109
3.21479398957767
2.58234400846088
2.22288447046231
2.25022694242468
2.25097921589361
2.68760640531883
2.10768097870256
1.56690386960739
1.35731943113428
1.44254057097926
2.15176160204946
1.92516361009594
1.81860369352955
1.09078479954522
1.72514963792793
2.3841370017176
1.60680738531101
2.2076012153795
2.24325650052881
2.5215385259906
2.37103761965184
1.69307500885214
1.01134898225975
1.6779488018441
1.84962727492798
2.3395313739142
1.34595268153546
1.49155262484888
2.62631576018098
2.26896424870321
2.30818110841208
2.26706470749695
1.94164403023876
2.76404411115005
2.3987603212326
1.69073173267227
2.85187003703801
1.91746343615432
1.01470011459453
2.12283099765803
1.92483885557886
1.84083838410813
1.82669082155653
1.23347950649513
2.57983048218632
1.48973843381804
1.87381712040394
1.94433694360214
2.47577508279907
2.62199745757684
2.08921918322416
1.84553159814032
2.94114012832798
2.40839828631071
2.10692315417026
2.25032825309336
1.58500708284877
2.70173103573627
2.10163836603889
1.9836152903231
2.36788238271711
2.31780370773602
1.40761884955094
2.06699850765919
2.3466507534548
2.44314893804085
1.77687630971137
1.59342282784766
1.94610664979573
2.41466217138806
2.73423778864473
2.3601960687871
2.51835096545458
2.01426616330376
1.39066382578736
3.31934042609902
2.17206379826831
1.61376100841019
2.44008977476379
2.20755088377885
1.3128640584873
3.09817904649271
2.12000790249298
3.60171245184465
2.65779909604895
2.0920946792209
2.61226022409857
2.2566873734742
2.55722649002954
3.08387253456103
2.16002990650811
2.55804349744815
2.11105178186624
2.60293225414061
1.9915325870007
1.86425606393173
2.67313541747731
3.10696095980887
2.53145616794966
2.91622394944441
1.76277518718873
2.14192234253139
2.81510258856
1.68902673256283
1.27157505407546
2.26807816251336
3.21491168995618
3.22391309310722
3.19505542334887
2.06801382316914
1.82143676130027
2.33991707154387
2.82135106512337
2.46940975841334
2.06818752100587
2.39174861057555
2.20085002692974
3.46296471968111
2.20723297609519
2.71471284575105
1.54179159040357
1.86595709260693
2.43589917849136
2.39023586814495
1.5264984109532
2.9789497058963
2.23286934171803
2.22186465679266
2.41915171328346
2.27092396063372
1.99835318071199
2.04606286246667
2.1173156618644
1.71418034233008
1.59742987726852
1.66918866478735
2.17439438488312
2.26791592665355
2.58808639472949
2.21532007906878
1.72459106215827
2.86536947341846
1.84036196757779
2.84927767055821
1.89784038337215
2.22869594949525
2.55732688726669
1.84538341902477
1.60196870578551
1.33085726790214
1.64437940413015
1.90964622104834
2.19249966368384
2.14437890510122
2.25422970951179
3.34360529625217
2.20402277668679
1.95383945699037
1.75972292375992
2.52064037073524
1.89179782576656
1.44213251377864
1.90756553876756
1.88993269817876
2.8753472176665
2.37026372184693
1.49897773984839
2.60536010774551
2.33927344010432
2.29027100378454
2.55496906260224
2.20617433934421
2.34873536443734
2.04283840283912
2.64666359219136
1.97338055442415
2.74507011326151
2.8881323372073
3.04336840475754
2.10481429421374
1.65710863876454
1.12613821773196
1.15695124607213
2.93980883087467
2.79605421992178
2.84564815863886
1.8760513571621
2.07473098610827
2.92240818440605
2.35001894684055
2.01644071147377
2.51601850518833
1.98918170120419
3.70446477078768
2.49279433973471
2.03980343796431
2.64297560422679
2.33123252410832
1.99085071903794
1.18649888801978
2.50984767556752
2.08636570708712
1.82085092167701
1.92208307081186
2.8003601907102
2.30454995698757
2.9080665182503
1.12773549703802
3.03827961354342
2.30422202071987
2.2582531698415
2.43815843123495
2.54911158440462
1.42352451393988
1.82347423924829
1.60626808590476
2.46699440567506
1.94988920484053
1.67017149468814
1.66143388806536
1.53903557397727
1.88189507477555
1.42140866096921
2.46976232912433
2.89657633446964
2.37821288137063
1.13969331929571
1.26362549412227
0.757508601148906
1.05554572240532
2.36502147338764
0.99322372478084
2.49294048542138
1.22134000089015
0.890406262272569
1.80215567720609
1.90953941822846
2.21328927641281
1.51367291041988
1.35110909619045
2.0724334462857
1.63268291261485
1.85469544993545
2.42412973087999
1.65797290947339
1.22046744092882
2.47748367776591
1.60735699604209
2.6303533184403
2.34309243561381
2.41742399190634
1.46754850670894
1.54030390346311
1.81558098155687
2.30577246930392
2.50481334925694
2.59667386016015
2.5108021765741
2.4456418132491
2.60953461648801
2.48989720089014
2.62964147957142
2.28222322428043
3.1728137544671
2.35340315725338
3.06482976855751
1.88803664314711
2.6940736627888
1.63716870006278
2.72200577243986
1.68327621371134
1.8125278113595
1.79471473026757
2.33908944006427
3.84074246157853
2.90208436218565
3.16046300527114
2.99146652313831
2.34604675865956
2.73695732354182
1.76022910254996
2.09953571450464
3.00126203452322
3.00419144917846
2.01432731308583
1.98723258439745
3.02911371614045
2.38603484060184
2.09028239261248
3.16387649130596
2.87963436288403
1.68089236195335
2.67134472516289
2.40195206543858
2.49679578468208
2.87837990298581
2.28902244117483
2.70543778041784
1.39715117834027
1.91667750084775
2.5126416158149
1.12238716992466
2.39933042314751
2.42964815343407
1.15813994209734
1.45607242058298
0.78513556299995
2.24767373597755
1.57838809022119
1.72292200348384
2.63001706812688
1.67340464438993
2.53499115035357
1.52386947625777
2.66650213723804
2.2656168754947
1.51158153361507
2.81569334498824
2.41945403837414
2.23787748958606
2.23838543769031
2.59462940365196
1.9934313789956
2.4039545489916
2.47157379449985
2.00621338762677
1.6740569682948
2.3959401902451
0.988019501720687
1.90447657373896
2.17651052825743
2.19050514234928
1.64715803715193
2.3488332246947
2.389335289247
3.07594026096626
2.54131329315105
2.32209379991999
1.42079698233714
2.57979889020671
2.71475911861348
0.955046423587735
1.87562164000951
2.89328800465547
2.24813547320049
2.20379651260883
1.96384077924432
2.52893259606342
2.25903802282445
2.54328236294105
3.04085290460465
1.56536767550492
1.40287759963005
3.11082380332575
2.13935436424349
2.57212347970168
2.37287912578181
2.09925839008354
1.43803457013816
1.67077310564911
2.37587015753418
2.04922942657642
3.09493680079712
3.71581827734608
2.72223167644178
2.16541304970959
2.98150308648374
2.02231505971067
1.63925787563931
2.39115423209093
2.89973936059949
2.13166410551258
2.98775773437997
3.01143926391977
2.30312521443781
0.910794253501063
2.18173787605105
2.01583513654009
1.90978484987746
1.04907467437629
2.3805096277799
1.79005239998843
1.77095551245301
1.87475710920531
1.79283176590118
2.28816147049715
1.97514804130119
0.883686223377207
0.893954649170115
1.72029157706007
1.5781573288525
1.86999708294187
1.05891148941698
2.4977686740449
2.23451104338586
2.16392861339982
2.68054133069605
2.23986105919666
1.49267984007191
2.05740010539845
2.11089161370908
1.81909511009683
0.918720414867794
2.06300773559519
2.15258076454931
1.38432478778805
2.46231204667779
1.37921515670296
2.18172895978844
2.05271673440045
1.39359418261483
1.70530214510152
1.4151000935457
2.10134929970546
1.77344665421689
2.21835425707962
1.80184800131632
1.91549199499563
0.979762105952326
2.69052001228695
2.64485285987151
3.66482789349549
3.20964923108301
2.69872533191949
2.24111822738292
3.20622537372649
2.53261298532822
2.71059875870867
2.73899026567287
2.04119629114354
1.68172734140528
1.50199102070659
1.6067973324502
2.74025418005177
2.29531930741085
2.6135185784508
2.84561174257399
2.11177866276451
1.56391856288109
3.19459475092411
2.34508000109214
4.07413268557253
2.94843939832911
3.15677062028535
2.33385505830515
1.04891215135812
2.05709044431991
2.09890125324562
2.56793128848285
3.22263266100449
2.44707890211907
1.39842988170547
2.46092978246799
1.74177876138997
1.69226186786732
2.60564822565257
2.07799244934641
1.69688312882267
1.80724481385247
1.61974087037239
1.61047281942282
1.41158158120343
0.934931357173973
1.96571725302258
2.06127440461996
2.3731699461167
2.85417680177554
1.54109718259663
2.03512867510629
2.54928102348243
1.4555985849093
2.98129984589967
2.45717007879619
3.45703729398297
2.09169897629464
2.665679970994
2.86625357878037
3.37892810022098
2.77147060120482
3.00187533528939
2.72756815041005
2.86762107894734
2.68357830175174
3.33832898437365
3.05299472153412
3.84037396445221
2.10590278882099
1.96208964301276
2.39449811165955
2.80090999232523
1.90777492855372
2.46397717708176
2.09775467796019
1.14561310110701
0.415987459684621
3.63551713471213
2.34023900386502
3.40472672360676
2.52571624161565
2.02325876533382
2.95712788961357
2.38547021636661
2.08250874019532
2.58673818259992
1.44363301310002
2.45611867698091
3.29960484973584
2.25480561733241
1.4428372257408
3.06925947145356
2.7078014271108
1.3237552928734
2.90738594425455
2.50599858194353
1.00527049558664
1.0562885321361
3.77952883333478
1.67867246155904
1.99944245400889
2.82070103488153
2.36570437529071
0.756236456897346
0.847695593780186
1.45936153145842
1.71112901757354
3.1299989065176
2.3871360660538
1.21906747691841
2.86102521434508
2.61193265597091
1.42946539065059
1.78521878783442
1.28336792565929
1.9624269759026
2.91222042192844
2.08850995448609
2.49877917069031
2.40313711630615
1.55066935017838
4.2367899232654
3.21861674071285
3.04677661590791
3.51780537050093
2.83176460763012
2.7162419714983
1.8893223777541
2.36444655350362
2.91332634298995
2.00764537268234
2.01070919260319
2.38875351297508
2.70941999981263
1.56209434799729
1.80887890421355
0.269065210043669
2.49426594299026
2.88989862414739
3.05397029648121
2.3138615430458
2.45371581379614
3.2602031706923
2.89976627783418
3.07746326639918
2.82439353521863
3.07873744574897
3.09567972538267
2.04667233959076
1.4111656130314
3.91121716352756
2.99194147908805
2.87236301698272
3.40523868267497
3.48700855652651
2.39827558609248
3.44548975801899
3.03981249084955
2.85950279591532
2.0194350184847
3.49654065723327
2.2446071772017
2.74089863774595
3.54169344947362
1.76140744091995
4.43282554083752
0.765682012555164
1.48730159896308
2.62435932463734
1.91810859896897
1.1963475653701
2.53064088492943
1.53630076922734
2.59016869571952
2.50229251872374
2.15460350292462
2.99194503133773
2.48495554727617
3.29816057875189
2.23374371622286
1.95390525192924
3.39285883828662
2.31898019507172
4.61161593511004
3.58738569766186
2.37908150502994
2.37966681415536
2.60032070389048
2.56246069229582
2.18701259129331
4.77783181420229
3.59360098029098
2.92468592815016
2.72536987270927
2.33297724764129
4.11136918211847
3.39737327961444
3.82289323158284
2.44832864119303
2.38073250694716
2.01649316999504
1.43318357822388
2.52677320801306
2.06945421771118
2.92999620815901
2.78296995027153
3.41030220685723
3.07607442249457
2.54871863243846
2.60484893698814
2.81932068132837
2.83889474740311
1.57874205338098
1.97895214273436
2.25866643098989
2.74369601299575
3.23070639738899
1.92983148328335
2.47087327081573
2.93509057969616
3.25337058713606
2.6626616082862
2.40366019930722
1.87689779221072
2.14274613995519
2.42257823568615
2.15629987573822
3.06178843265798
2.0379982801505
3.09087304397261
0.96894132471383
2.8784362582586
2.55884587439293
3.53481085051479
2.90935283228354
1.18965416206576
3.20983997441094
1.53726782377276
4.02547200112237
3.09732213441666
3.76356317341864
3.67416336948351
1.21211339708725
1.54239228227155
3.25443593757365
1.71750095237681
2.48922098782188
2.74488928614208
1.72597055942318
2.60330106183213
2.89790675074922
2.89347464360978
2.7411528552258
1.9549612053278
2.5836130642071
3.28510280422242
3.23329880057065
2.45154390524944
2.56637501813669
2.82935717893692
2.59670962752489
3.60575020189995
0.798110892079595
0.76440899509659
3.27181395385203
2.76974458810243
1.88617164429988
2.83657263023491
4.1733117707455
3.90059658795123
2.56084607636029
3.48575108358523
1.78450770684737
0.135907143316825
3.15984380454744
2.10981089408967
3.38453967239169
2.34686327115619
1.91017917317746
1.17883852808466
0.0039857949020831
3.37971161957576
2.59955411835499
2.04693945876545
1.62609713466643
2.21340038296364
3.13274177694049
1.9299052424179
3.77279870576734
3.11367074789073
2.66179343596538
2.18467872804967
1.22473479005516
2.77063289880082
1.86942033480866
3.06359619651051
2.35973257453168
3.42004289017238
2.29849876529762
3.34948465010291
3.31914613806395
3.31089356240399
1.74788776186499
2.65744067530303
1.70764063811055
1.85413760857408
2.34802864388193
2.75038494559775
3.31187011208529
1.7727897938434
3.85338044429236
2.62890510325335
2.87143586775132
2.61556615112252
2.56402584522244
1.79163040751457
1.40251538453419
2.28851857134669
2.97152719159084
2.42589747274646
1.57978381446707
2.91273002387885
1.67979858464259
0.20407091881418
1.94170129272483
3.26431270993363
3.20304541353347
3.42399697688316
1.48318150154721
1.5464492706316
1.50819591223189
2.24595239331768
3.08934669805195
2.91619497846914
2.65982051357209
2.70820482354295
3.33291675810857
2.6563001392284
1.74564013046353
1.03161401178258
2.06307194133719
1.79980737234433
2.89588054693378
3.97060664937673
1.86298105881447
3.33773633278842
3.22332375977816
3.83774232146443
4.15349226375453
2.57987693759399
2.25871014432306
3.62794799886426
2.60905817575615
1.65085095792009
2.10827795087344
2.56250452995169
2.87177231975271
1.44595973387767
2.81779343876955
3.02784036943289
3.14122958215714
1.30678973509616
4.12014100680636
1.82618272295068
0.97092513009004
1.80880310238067
3.38163007088574
3.83378251128074
3.44108524551679
2.78908214636491
3.21588762392293
2.20807022623408
1.29908023607601
3.04242013318687
2.49262168957986
2.55200276685006
1.09216819433803
1.22335653990193
1.82524082650663
2.85843595053337
2.42725889384769
3.71759732876023
2.43040523211428
2.25267730023173
1.51648350559303
1.96440704912085
1.92545994373366
1.48968849889022
2.6427738370443
2.27354626287513
1.22494181703104
3.39512754563829
2.96838220595597
2.83735237739206
2.00851257156262
1.11390525303916
2.45095375580731
3.51796930558896
2.1920838797718
1.50065733562692
3.22369401299347
3.06719729215203
1.96156031183082
2.64631553301978
3.39714461930525
1.95545673955237
0.638477457434525
3.29272321021599
2.63087282926598
3.71597848750891
2.2808484636751
3.1704402958575
1.36874564734837
1.86294890280447
2.79084555029823
2.86081051576687
3.12709665569702
1.94255585928758
1.32862630987412
1.62750897578095
3.53951436514808
1.39034460117728
3.5835533217588
1.88246059217374
1.32499572517245
2.46854422347064
2.40568620872922
3.32266714761011
3.46029894192542
3.43084083518763
3.39015041791047
2.42743667011446
2.33294893676097
2.90831315444995
2.75800658247257
2.47256411545342
2.1672030341193
2.09597212355447
3.65855332137878
3.13318332820666
2.97965276489477
3.46053202466704
2.49686952630411
4.01259821729197
3.3603337191743
3.43123511676024
2.13329496339234
3.13610058195113
2.9631922326556
3.7760803314545
3.54282726847831
2.57375988398359
2.84796275554935
2.86679539608051
2.45615138286197
1.51255784541431
2.80751588395074
2.45526445357908
2.61593854592506
3.29074689203573
2.93098842127525
3.17564339735165
2.53530148488223
1.63633421896315
2.21001570625267
1.86486032346609
2.31273478026636
3.74472950483787
2.62936515309472
2.99812334617032
3.85459808360711
2.95970930432616
2.432455034321
2.73475719428365
3.32476619066227
0.269318044147883
3.09144131295435
4.1244780237027
3.79375860408267
3.04474308922249
3.20369009038377
2.96952870495375
1.81836659660597
2.82010842355638
2.0041285396193
3.60664045176525
1.28364230747577
2.90032879950685
3.11532833193786
2.57945818088917
2.81587606020863
1.11039319882073
1.7542314530566
1.44875982311161
1.95686241105291
2.9342316173902
3.53673895950254
2.73020401987343
2.42766465176786
3.49500689665211
3.0830611719453
2.06030343320804
2.77534693705547
2.83268312455239
3.80017112874667
3.37931106134047
1.96725168986007
4.06870078674456
1.63499163810263
3.31804281597527
3.11193169760315
1.74129974551609
3.00405707529566
2.97203757283306
1.59193826581453
1.32460751603146
0.825256103657625
3.48689233195997
3.34190192039915
3.66402609843327
2.24493109359032
3.07263973678278
2.26229456551519
2.14364426502766
3.19530188539088
2.05047502296246
2.03981274757637
1.97844376273167
3.70717084168983
2.93817080253398
2.50840372301836
1.37777095613777
1.7659463397936
2.86623411298558
2.77953782511683
2.43558152390051
2.22312142707996
1.05362469076687
1.4519026180824
0.763021439965783
1.94882628157043
2.67694790651207
1.71965954590914
1.19775654314136
2.82749968975239
3.72937980698816
5.08330110953524
5.22026888876202
1.7944928186472
2.28121107723822
4.42695662428115
4.05325071915914
3.51518420817129
3.17130562577942
3.32133044804351
3.40618054396041
3.06385685299788
3.19421358793708
2.87025877476601
4.03316610147361
3.49300861449609
3.33001480649287
3.10075145061135
3.41041802171161
3.06081458645756
1.71895721447891
0.837314083783428
0.427353553398002
3.17041532823874
2.26877458079227
2.71114892032755
3.73331425488078
3.39551347827439
3.81155322343818
3.37693302386978
2.74430031144566
3.90473860652811
2.9366812276378
4.05021747731571
2.50814161122049
3.52199643858613
1.78920896674435
2.03882020843146
2.06761216504968
3.10688902275956
2.31647057954454
2.37678043248692
2.4337303115537
3.30318335139907
2.96559387812929
2.99707153779426
2.82829098593682
3.67309362084833
4.00820978056241
1.26173843711008
3.54860418154635
2.06875440077968
2.62937061825199
1.68695224989293
3.64728954967837
2.69261563285181
2.58014708619654
1.65735651847699
2.85267618195653
3.60651713068955
2.6630850956809
3.76907784905086
3.65325782939787
3.13636561163882
2.50899554399856
2.38779740619248
2.96036452275574
2.07932253648438
3.32968934835772
2.78742865937981
1.73097218199731
1.59726628937218
1.46817573289917
2.54470438287343
1.5306765837326
3.52251039834574
3.11027846495472
2.58334603939904
2.27610916563515
3.70363014886159
3.75736644429985
2.04767119418509
2.342155333308
3.68130545891666
3.0882539540323
1.20509686177665
1.85238617797373
3.35277874487087
2.99387516642454
2.70451577770034
3.52752381702427
4.40854046092502
3.84483672362453
2.12033790248762
2.01713649974892
2.32672794922938
3.53325846589606
2.01486848475594
1.90285777347049
3.01772585344176
1.30252267615742
2.4547939592718
4.94868563385224
4.06412045868936
4.13748531905678
4.4097879669062
3.93256372499386
2.44954914814256
2.56525483818949
2.60283012474884
2.71887039965665
1.40638387112278
3.38690141930184
3.23347600017818
4.40458017414615
2.9871154177482
4.17924169383603
0.445035195082235
3.39430741616507
2.22407400739355
2.95124755704617
1.69098621734453
3.28559200842051
3.77042048911392
3.20286383277648
2.32486712247549
4.02016487591605
1.42434994048361
3.77212862876227
2.40235385752987
4.31466289629445
2.89876139493839
3.5532275750035
2.87178205665952
2.21214956917832
3.08147332402707
3.26331362352282
2.02059071191154
2.38081183596923
2.98715252314514
3.12959587845005
1.97624298062931
1.49008088196087
3.84125584846289
2.55870748214373
2.97022236630831
2.54655811494798
1.19937837782239
4.45362096532152
3.3739736919571
3.84073701175421
2.79557282285777
2.76748569631005
2.67927966571782
3.35185167058501
3.02295025392106
3.20124532896434
1.93598541890336
2.50135343081628
2.37933286865061
1.87523269468356
3.12920742733818
1.28847698887193
3.0730625649572
1.81871490525509
3.96999335764866
3.15576889813469
0.959821608612723
4.07857665921621
2.77136545498698
2.04821278190433
2.93364015856256
2.92188917167117
1.56669797048885
0.462332700085797
3.00031986041686
2.26527462283174
2.5164740510493
3.29185686892482
2.69841800141774
2.5166545083429
3.58373467397931
3.07420320275853
0.94092871245756
2.53417072566071
2.66022731196355
1.73648177577824
2.7805193693185
2.71654451098831
3.6423113373934
3.60914483400932
0.00396950694872777
5.13513905352087
3.5525639491975
2.66260682285191
1.51557935134134
3.92975584009669
3.00494935485302
0.649565899008556
2.82268635324966
3.28033593698892
1.43857344150897
2.02547007749868
2.63165420585361
2.44528841347645
1.86644662880948
2.6288098172475
1.76870587227706
2.61136102293894
1.50072778740018
2.11949759849723
2.69612398292991
1.38119306916635
2.28894397886263
2.77258506619155
2.83961693198763
1.60951895124553
1.92619231093383
3.43144963584547
2.48257926360735
2.35548311757615
2.86696943963974
1.03183140309536
4.31504907835714
2.31235658693508
2.25806413929564
2.9936852215206
1.6036487436304
2.99984074509537
1.9861142244564
2.50929392263303
1.91271468796565
1.15186094525466
3.18641811004848
3.29336262358996
2.72886917712994
3.39991590470999
3.54442144667016
1.52075018372732
0.594390327465502
1.37299825615237
3.61221276925599
0.214241712430377
1.25162663901217
2.09415224758043
2.3137342338061
1.34598361677346
2.12947639157156
2.1853665048926
2.4757906069096
4.43870709568834
2.76268765441173
3.29513407921365
2.27389326374159
2.53616888669323
3.77536465795501
2.38842323824888
1.30469327504088
3.95500110709888
2.0545351593702
3.46363931047297
2.36799685294228
2.77319942251129
3.70238216210019
2.35348079815299
1.55876156187396
5.20596398433217
1.99263623104415
3.04701295678261
3.19947893870943
4.08435113933142
3.52126814671845
3.26820626320618
2.83997312478833
0.302675953453384
3.36173690191621
1.25131743883488
4.78104555038715
2.76981464346023
4.72091043551961
2.48333951415874
3.70040379852368
0.776125753211966
2.61280017282489
1.49932386107247
2.62646794599363
1.43096611364982
1.32056084022355
1.77230726710755
2.1416502354732
0.390237787906158
0.769124144366444
3.37911869725726
3.70057388404832
2.44076030359461
3.51265337925312
2.42845895562033
4.06308179835156
1.15313547012462
2.97272781071556
2.08871386103338
1.85362572258819
1.71628311796736
1.84581204736734
3.80507046732285
2.4610623990807
3.96179496367778
2.27162421924454
3.18171936752844
1.62671390426536
2.84077013905451
2.87190488229392
3.18912457428667
2.61830736223032
3.07009423967621
4.1060118212339
3.10244110533699
4.49412456742303
1.2961253669465
2.03894118285707
0.527148701703936
1.45655024359707
0.0265145398380139
2.67532061968137
0.0335295155377334
2.37367627462865
3.77433336419789
1.74432261125602
2.15623034595011
1.34109880429317
0.0575823090970663
1.57028444200858
2.29395533005905
2.8080976083175
2.44046922341602
3.79134838172245
1.98921699019977
4.60025480416707
3.1936016908904
3.37536422037145
4.1553497561695
4.12335476098075
3.72837647720974
3.50663697725239
0.0575139022643906
2.93720477808672
3.96492386221744
4.18280962285545
2.5599711287796
3.60078951686976
3.74402284158662
3.55063921183796
0.0264779477172681
3.5240486863947
0.0334794191310617
2.64966119358518
3.66173200107816
1.58680692311103
1.98070402246331
1.20925779599397
0.0574456660526736
1.42857159960354
2.08579562481807
2.76955163266322
3.70853252428958
2.55254604520133
4.24508704439079
1.70985543953539
2.99624894462354
0.504091699452802
2.25993618285926
0.0264414605551897
2.77667686939147
0.640886207007469
2.72410583514736
3.50597728947458
4.45061759101608
3.85052769773225
2.67242968097007
0.0573775998108334
2.45382282838236
3.5618852033006
3.34623065671363
2.14726870344141
3.76164290088692
1.96228760364568
4.59111033655195
3.00471432220017
3.64792566627902
1.76517309280157
4.32880345979868
0.0264063010431961
1.69899685146032
0.0334295925526474
1.49996125520912
3.56383797115061
1.45010096342802
1.71322797469654
1.0324987250134
0.0573092450937124
1.26091130825104
1.83670379285464
2.67064462548194
1.91876555378641
3.72811227657857
0.272495615464428
2.87635510106086
3.17576450402594
3.84741694251024
1.4154226232236
0.00507559090883054
3.77419797374774
2.54534609948027
2.96850525692239
2.76301187916338
4.34739003671459
1.12871334211575
1.3885776940631
4.32124602591097
4.67135834911078
4.24984565288551
4.52221437578582
2.98640582592155
4.57447018109197
3.08474234973149
3.31837291340864
2.99925908997669
4.12392101148421
3.14018081672566
4.26832469946326
3.60825359419814
2.94427647550069
0.952369547870545
3.36329255577214
2.03310121070646
3.79172811131265
3.38132771677905
2.71795423915365
1.93139291321887
3.47492002762447
2.52480921016882
2.92142073815754
3.94482297682731
1.02597718119163
3.20267655311728
1.93730001567554
1.5197713255806
2.82527117958092
0.793367471345567
1.81551438108611
0.00507450352601686
3.3769622969938
0.822123975592595
3.96280044627063
2.2283881433996
2.96005473307943
0.488104432441347
0.0050734166265242
2.83156940324251
3.09331685009599
2.96898651827228
2.99532599925918
2.15471848638517
2.70283418015181
4.41135661015222
4.32135601947482
0.0384987010323664
0.49316478455632
0.00507233021021485
3.15127502927019
2.58210548943041
3.50407878028785
3.96811851091797
3.20932485284347
3.72856581896349
3.38814556160643
2.22168860130361
2.81155037890712
3.58217100714257
0.533116360671956
2.4779425353434
0.267806204692126
2.31245650521929
0.263283275104127
3.0408870727555
0.25891796856456
2.85860168813834
5.28491669998164
4.0859903178971
4.26941275724756
3.59566051584571
0.216257314436795
0.267985385461545
0.0050689711143273
4.3828542232394
0.130951262670149
0.689210163151454
2.18745895687362
