6.44658807886816
3.75467700949285
2.99656248379004
2.01869799157118
1.92709556710359
1.4973879773575
1.63371809043624
1.37936567113134
1.65586355842731
1.85285045808905
1.35018708796799
1.79511640735137
1.62340571389582
1.42546026360889
1.47144972821583
1.44216285779283
1.59201095736715
1.73673277104269
1.68302531818427
2.00159528708686
1.78079313086689
2.00847439245869
1.81339570061658
1.84521499728197
1.85509348028064
1.92032158316923
2.00872876483231
1.95407072499137
2.04391910416326
2.04239181307684
2.01508452517104
2.0353405663039
1.96335516754604
2.0331605331993
2.02822783223577
2.12578003177426
2.10520391936843
2.15021510366528
2.15612817822141
2.09837176335676
2.11550070362661
2.12110189183796
2.1177260707667
2.14958086089181
2.1163574642049
2.15198551737447
2.19747189385465
2.16384978323946
2.19650017193663
2.14122620919178
2.12962131861878
2.17476624957716
2.18044051999538
2.20904353264399
2.1798287128337
2.1766455968957
2.23896690703393
2.18589241371808
2.18148195882904
2.21878466132646
2.23288834531008
2.27736687692046
2.19691668158287
2.28501590661118
2.25260696805185
2.27558313078127
2.24795501960979
2.24547872966424
2.28177379129259
2.3005457267223
2.27013728444896
2.24229402195801
2.2854762469297
2.26288976352514
2.25815355032374
2.23344052039111
2.26330605166442
2.27777348755095
2.30574875702594
2.27165167255933
2.27869314880301
2.32816636029313
2.38969878956382
2.30457870774533
2.296036271022
2.32565096723014
2.34242165431504
2.27815439175215
2.25452599715776
2.29504949266987
2.28822986133787
2.26690705071322
2.31327302496448
2.3207233158281
2.30938224960594
2.28009060027539
2.33130523109377
2.33164065006754
2.31276956653669
2.27979585539527
2.31497553798694
2.31133700986185
2.33897805983945
2.38836324640807
2.31003276608137
2.37423233111863
2.32744059254623
2.34671280802757
2.3833920054191
2.39367211571086
2.3761483410266
2.35341715178094
2.28213610443597
2.39423957364726
2.37996873877312
2.35812997118991
2.35467411528692
2.41823262534
2.38948062201914
2.34745208646575
2.33670898845619
2.36751993626185
2.3812162628985
2.45848968234823
2.42959313713449
2.37201028917821
2.39394565990136
2.36005513754854
2.37063297577599
2.42764518861549
2.38381942078984
2.4223797568013
2.38670811361986
2.41860084943782
2.42021005610768
2.3623676177546
2.38235699009959
2.3889817801943
2.46380032355976
2.41306163004888
2.44940627497569
2.38867862755892
2.30175480147509
2.39895325501235
2.40735002436199
2.45979087157351
2.38604647265413
2.38016146464323
2.41283816833509
2.43341484186153
2.39319027526479
2.38602978360155
2.35534965678153
2.36206593003328
2.43861994948967
2.29916983444867
2.4084198999694
2.41100458477768
2.29694357994661
2.30212071347888
2.32995521498134
2.37744252808607
2.40257681208078
2.39137050936367
2.41832135557587
2.41666524899945
2.46693865480999
2.50410637320747
2.43484267828415
2.41939355934665
2.42890848217322
2.38804054966006
2.45190851587135
2.4610387478965
2.47267932676622
2.32970251872196
2.34095830625391
2.40674839676046
2.29128264300526
2.43006203799452
2.36591123495383
2.3621152382298
2.28798414678528
2.38889550776123
2.42495315146827
2.40692890851148
2.4024158155511
2.36901052989675
2.41468501218104
2.37576108887922
2.36444118446861
2.39339476075481
2.47315331523643
2.46160246138311
2.42773615937236
2.43129932524691
2.43918618428027
2.28340840479895
2.36089224007065
2.39086731380792
2.34126374579237
2.55296493936529
2.31333396759692
2.35930552194398
2.4485900762688
2.45350032732968
2.37110388663365
2.36553069447437
2.34823430802777
2.37500412745308
2.34767958010781
2.40560907839488
2.33197956282137
2.29977342434919
2.3974560324412
2.38369567440309
2.36699601654578
2.38272240200002
2.37183792119623
2.36306801740798
2.40602349218326
2.46642417820109
2.50737435669803
2.34846928550922
2.46955659446031
2.39299198461083
2.39716497101903
2.28985208889065
2.30715757224463
2.37861404822111
2.32562352752742
2.30131810709516
2.29623660092241
2.39674413189429
2.35325555095388
2.26460152287864
2.52368988683414
2.36485089979374
2.42677019139098
2.4608795087031
2.52785951199232
2.32700045376435
2.26548096446305
2.38666223614523
2.41888463296384
2.46635089355996
2.43613274673297
2.5106098669404
2.36314499087137
2.43532819266229
2.44355030719713
2.31683499302636
2.4766689159439
2.31198213522073
2.37358537440869
2.4474508696625
2.43487513486647
2.21901458191658
2.36393219308373
2.30040444791983
2.38521452529381
2.3848427067492
2.43085033677933
2.43766892692539
2.33166644636803
2.37615949779678
2.57617626575808
2.33342034105912
2.39678769463965
2.3063866558121
2.34260028478481
2.39694890098675
2.41673465804635
2.4553184326238
2.32443451736355
2.3813348284081
2.37542822802411
2.3549310901935
2.5216236511975
2.43709459749538
2.44702422477114
2.34494504948846
2.329058039946
2.36961811025184
2.31948012294182
2.13841975562177
2.36281581513819
2.32492112195221
2.40408025998165
2.35414078398405
2.39786588053904
2.38386280566151
2.31435839717088
2.34422542394236
2.44724721504791
2.28021537737065
2.54990525428501
2.31334478917159
2.38405318785178
2.28244628956187
2.21005703014779
2.26937437746818
2.30273641415494
2.32698914141319
2.3169238378758
2.2450230221617
2.21073840510731
2.42876892967778
2.51382518055707
2.40139045448429
2.3758538478357
2.38420920367165
2.50982395441901
2.41639534727619
2.32437158420191
2.31711693431037
2.41710869245334
2.4870315044087
2.4681881925054
2.25909151842961
2.32778993787613
2.34496986287995
2.42834519299707
2.34695226935762
2.25069658601032
2.12117993504994
2.35392083146249
2.42800016090216
2.49344272981986
2.239330968529
2.28740531552312
2.4921254816366
2.41704740466668
2.37697778163485
2.47606349505704
2.39875631804003
2.34109098106625
2.55288366012619
2.50050174917488
2.52311985129325
2.42615178641082
2.41502873433623
2.30017507826419
2.41334814293422
2.41596695750669
2.4149319045232
2.39333060493301
2.35646268348035
2.35475202515101
2.42030208020443
2.46161391989311
2.41072720505242
2.44911592745934
2.4475680841581
2.50598348384851
2.57179460878733
2.40904718412189
2.57354963023173
2.43668799271663
2.35986107854435
2.39041661140133
2.44806069795591
2.33515472313279
2.53351156890949
2.21349651442889
2.45004712731282
2.55062484732007
2.45593921577453
2.3816017037657
2.28841756729929
2.29861026308804
2.30538156888594
2.29306070125438
2.29107753022201
2.50088980768515
2.53149879674603
2.48997376472472
2.41612742089479
2.40158634658349
2.54254811262425
2.3500227780954
2.5161314108854
2.47144071164639
2.38835789022156
2.44848605275196
2.37265079478942
2.41444752410181
2.4419551788831
2.20057099484327
2.23381159021147
2.32639564870785
2.36780418283265
2.40225346674577
2.3537335386529
2.39687518787083
2.53796592457118
2.32888224580404
2.40378902870247
2.36945195576295
2.37891876830505
2.33302621405236
2.40132601800755
2.28917011885816
2.46096443536629
2.18922992632582
2.28205169294147
2.1384495398855
2.34484216761689
2.3534411186278
2.01026998777015
2.25829008093532
2.20963455930391
2.57738506383707
2.26674651270962
2.34949793221794
2.42429869604217
2.38243719024475
2.48436867942439
2.61267739442049
2.43764172665203
2.46581408831743
2.72431473313152
2.57905485291418
2.26626548473914
2.44926474322254
2.30673580217442
2.46905820387045
2.39580242505327
2.35820224892285
2.25111917536764
2.35564845621056
2.32338950913064
2.4172907192026
2.25756854509913
2.37034051061451
2.31776653720993
2.37942253510586
2.24298521483026
2.45127136604711
2.42894844788541
2.29032465361783
2.33752122294917
2.30747524924833
2.30998939670649
2.32357470552636
2.30742405909309
2.40716566662834
2.21731814648524
2.41818674162998
2.3593185432047
2.29749950886535
2.18809762425907
2.41662753025352
2.17715842341374
2.2831212335178
2.65068802618579
2.60737252851116
2.16409429677685
2.30958254428472
2.70831010886913
2.38009966136911
2.38752781409299
2.2623054654373
2.36697609531079
2.4461440730983
2.38424830705902
2.43265360352387
2.56885119795792
2.30850231603615
2.47140503040978
2.39968086279461
2.46489435730542
2.32271649082865
2.51122994458074
2.48974792272551
2.52073944354155
2.4383357890605
2.59993188943812
2.45389171609975
2.31921752332479
2.36937633562468
2.43160332360621
2.35544904823649
2.71986064826244
2.51925593451817
2.52973777907071
2.48152371366713
2.27004563770861
2.52760051814536
2.29511080014793
2.34685190712626
2.2426177758761
2.26909100183914
2.32524758624841
2.19927470523186
2.53712250202486
2.41543907153404
2.40755740362643
2.42835642065894
2.25533322479517
2.28439997433899
2.08215465157547
2.39127992930307
2.24137447838906
2.51082180006861
2.58153381659722
2.29569071451813
2.33533111332059
2.39039185247705
2.60590060413014
2.36593692380861
2.42379279195838
2.51097286769812
2.32818796616149
2.57204357973541
2.57592708744754
2.27062862770742
2.63327324074887
2.74567887456088
2.51455883518394
2.48519687722602
2.28684503045541
2.40186261330818
2.34592567132558
2.54379174067564
2.28777282003286
2.3814561224533
2.42168191223941
2.53732332857427
2.43505251399633
2.59103412069825
2.38248288104422
2.23295079493601
2.28215151397417
2.32915693721596
2.52840769973287
2.51186598990246
2.24561829008072
2.21136306706533
2.28724144840898
2.50937086304701
2.45398062211883
2.42133429416283
2.4865302250846
2.50542381901505
2.32924526429449
2.40605806952387
2.23009332108938
2.25520033385371
2.37857898756641
2.59330824442612
2.357900825339
2.53657809846207
2.31156848662918
2.51805743891156
2.21652619674342
2.43295222756361
2.25180392733162
2.75439017702899
2.30730949281025
2.26215947803546
2.21480571022347
2.36085594469815
2.28286119084089
2.33641182210357
2.3310548559191
2.15785603248237
2.44922619328464
2.59816533287978
2.62099497689491
2.45898416318148
2.32425579925037
2.64363893107667
2.28831368780744
2.23785886370486
2.29107526933062
2.02763699619506
2.23284071303344
2.35637148531985
2.35362069976656
2.43062691266809
2.44307381569583
2.27270841286338
2.50536316069004
2.38917831724491
2.40216456108456
2.37846298814606
2.439227302369
2.40208043212987
2.63793765549624
2.53684530575714
2.44564690621957
2.58263148198504
2.37115435345006
2.26779942724929
2.25085991944163
2.28213507490293
2.12689175155794
2.41833032244781
2.42976326852533
2.35927711979252
2.32670590078055
2.19020960732609
2.07145689683065
2.1314347532843
2.27875240088485
2.10596124843038
1.96121354747433
1.9894696020598
2.23747808263112
2.44543286672139
2.59153101067555
2.49388051575537
2.30616133628752
2.68736682865453
2.60529428143937
2.21735036105485
2.22820895080013
2.21600404254352
2.55753199142215
2.71706473325621
2.29429269200204
2.00436752791876
2.46127199415695
2.2717852385746
2.56778313925996
2.42785620342822
2.40623030100848
2.32853058012381
2.48816208412883
2.5344724377341
2.18012263772261
2.0902167246001
2.30447047964697
2.26949867506458
2.17223809523034
2.27570966908558
2.37358636467819
2.33660404096514
2.42770290615863
1.99956546588903
1.93411032568992
2.33637652609679
2.48024979938356
2.46137052895115
2.24703294075322
2.52423332116609
2.28038549108237
2.45249950905207
2.31158628227298
2.32803298529204
2.27952080169484
2.1885704407703
2.24897826997524
2.35322874077612
2.12894835910185
2.17637181701798
2.24336826113196
2.02237908936973
2.28077742950066
2.29725994358718
2.36795512357907
2.17629579976667
2.11508986307896
2.0427830305411
2.37514599565562
2.32059038022816
2.14231857420249
2.3760144789139
2.44303454685143
2.22764043787658
2.4346391050051
2.36901118315848
2.5395883870631
2.43826542971772
2.37549854280865
2.24999715168611
2.40740975192879
2.22858046449032
2.20044146036516
2.40377750472565
2.02747369258949
1.8950403033942
1.83475812973987
1.90340518968458
2.06189032350168
2.67759946738332
2.1796801009178
2.47394454648062
2.22266647386366
2.30797820399842
2.59257214829552
2.48349029128708
2.28105676384479
2.21629712571918
2.14023771474285
2.35802543331694
2.11326703707116
2.34352624009155
2.27262494948695
2.33684018272311
2.43803080998498
2.20112225168461
2.06345548099732
2.26649086638774
2.35038638760562
2.41729182556615
2.22351454649671
2.39392303242881
2.38170654869713
2.41635308317052
2.01582221399767
1.80671604865525
2.37277707508174
2.53880822619954
2.07331506446228
2.19892764309154
2.23837715316068
2.60558918776529
2.56028429740528
2.40823352507509
2.22319072407855
2.5404837734624
2.0763179417478
2.0556739529866
2.22751336822793
2.27993622455373
2.36918959902259
2.4086233169755
2.24444487332029
2.45544781651694
2.49795806348974
2.11694034458564
2.72207805603812
2.22924770435579
2.50697841679528
1.97741536358528
2.52114734729121
2.54042527756798
2.65795994072804
2.49242814426203
2.26916905040706
2.44630706108655
2.15683724180866
2.50003132432893
2.68204321588844
2.18478716749825
1.89852896226009
2.28458255476266
2.29723958459103
2.08873189641604
2.12152233797512
2.55670277580364
2.59785300267317
2.07263998032881
2.33396314535898
2.34982259445617
2.06290387846857
2.26822777365882
2.46007464698956
2.21533171192605
2.15548701979048
2.28094267840971
2.3747111614494
2.25533885170555
2.08714504414388
2.53976992738179
2.21382996387632
2.40279273724133
2.49706605602896
2.42838900172358
1.78376476697029
2.09121775253939
2.13493043808719
2.002115415154
2.01370140489984
2.04427518009927
1.8889119655952
1.88636090024639
2.16154313178285
2.45621424612601
2.13024863894948
2.62641222242726
1.9633331312505
2.64294281699704
1.97038604113127
1.91786623702568
1.8580523163717
1.74017121374485
2.64968906979345
2.47047186555025
2.59865358548424
2.36511808415142
2.33940996384171
2.44136237241077
2.2732556238583
2.29410789778384
2.44120364209351
2.54035262289197
2.32260552941651
2.63183516355569
2.18752197279692
2.09139159205406
1.71664936120835
1.86168382056903
1.9473169602408
2.00714270271261
2.19239748587567
2.32814261823075
2.19217514918679
2.7025109709378
2.01500306284053
2.17034068854911
2.33588953198644
2.20271462952287
2.06233782536347
2.20520186209112
2.21950107929357
2.5879055223149
1.85383201488042
2.20889524414027
1.91294905557755
1.92444385960257
1.96246408438133
2.00586701714768
1.7691841842342
2.03265007405125
2.01746762862998
1.99912796982562
1.76914876016116
2.10389297100784
2.44548738241353
2.04580404119338
2.27966473278378
1.78088149107054
1.67720521884351
2.36493749546944
2.12697095744072
2.11027047017861
2.13610960062708
2.35098926505343
2.27330720832818
2.46458233390851
2.09459781451193
2.36871759904433
2.51582747871766
2.27783113048728
2.58595161078519
2.23907612731143
2.3081289494223
1.62340069112039
2.01736169769442
2.16045552086355
2.19650616933111
1.88679580178457
1.79940810263756
2.2455120486968
2.545440878957
2.35019060685166
2.31002832977324
2.31673552689224
2.37410934752913
2.65051366878768
2.50405361431143
2.17661454966927
2.26413514070066
2.15934727072628
2.39459367548176
2.41480360142527
2.24632427945856
2.37572854410418
2.39330192250906
1.98268976228561
2.06886480196956
2.13498529828597
2.20755784232014
2.03396013474269
2.14189297663471
2.00382417120566
2.45832974048985
2.32170833127439
2.52593086891394
2.68471805996103
2.54565983391914
2.30013699300513
2.04237632305547
2.70266697889877
2.14495888640338
2.35662106454099
2.99706739575863
3.03759053029085
2.65096736182409
2.11946365515657
2.50521310668185
2.95018762185718
2.20068890355992
2.67972122597995
2.27275230498607
2.30100641782896
2.2973610579571
2.4949763656494
2.68295577609223
2.57901793387433
2.34922199255717
2.52736512019884
2.51016459941785
2.46803919789753
2.31651028628905
2.68001156125606
2.43797793335214
2.49136292172406
1.99452259908931
2.2443281033887
2.14011681853421
2.46264372886344
2.19168139136418
2.71432928716182
2.37924053931814
2.24388519006355
2.34506548425092
2.28310460717349
2.17642840492629
2.40455510877516
1.66021791098266
1.99057620061061
2.09747716463909
2.37026752429067
1.66628304031767
2.19613249303946
2.1609654245861
2.52840573207323
1.78129907637877
1.88243002912489
2.21970908773538
1.94243578998956
2.31699114732126
2.34344970611151
2.28040409711071
2.43466406837674
2.03687873048245
2.12890614221105
1.84298273830446
2.18315549640381
2.11006898588496
1.52330330743714
2.549678803334
2.47446369900416
2.34728174003572
2.54241268068557
2.31217090270865
2.43618928508479
2.00950789128551
2.28865809331262
2.52989412404081
2.09001498496337
2.5365499246882
2.01686080576779
2.33860580719831
1.70068264723987
2.12627210368514
1.88720591301507
1.80021611630017
2.44016182050224
2.36333488752361
2.34824347554641
2.00139572991453
2.21263449597685
1.82314622516159
2.77167863532368
2.05271348724454
2.22786656333135
2.3765624800929
2.26940576467363
1.791762627628
2.1875729729526
1.95469426650642
1.98449216899788
2.04881315005617
2.04793481109529
2.48150159907255
2.14403697880422
1.89117897238939
2.21649365021557
2.00449061990291
2.50502300953693
1.95888505726457
1.71421217451935
2.08873618678664
2.27166467284428
2.24015853086812
2.36316374804144
2.43396872949314
2.68731133338523
2.13497072101871
2.48064667390801
2.19617724922878
2.61562302384366
2.23292922149526
2.27058656171107
2.66394359259982
3.20158845100602
2.73468272764903
2.72940984464789
2.51434010164936
2.83907337247322
2.77232107193365
3.15191934233872
2.67282447060515
2.48317911734826
2.71436092109322
2.77142668143713
2.21952299917561
2.15224975758442
2.65096542764308
2.89796381990929
2.39271084929685
2.33343196286435
2.54089249612757
2.31360990669629
2.52902124698534
2.0979730173231
1.71001534425479
1.8571813527095
2.32276605587838
1.91032672448575
2.25040269475212
2.17413064155298
1.91744069895182
1.57776438651541
1.82493049899441
1.99590514713861
2.21517458670597
2.24479885106812
2.09327233794084
2.48209815410366
2.15041598095596
2.8916672720545
2.40177028942989
2.01751648762298
2.63532579080539
2.0420984397252
2.76712139189855
2.73691762516816
2.57584956572909
2.33147577568425
2.01470836122614
2.55260161467824
1.90717023074514
2.18944988529672
1.6389211140915
2.00978113650028
2.14343052810568
2.10827011925884
2.32679304882043
2.04645004665671
2.45322077375724
2.26161297929003
2.06968314026713
1.83417692042687
2.56784328453392
2.29198808238306
2.87945002364294
3.06459614916676
2.12259055038121
2.38690806005059
2.3087328122302
2.49565129562954
2.4767364268524
2.4548548551969
2.22453385924258
2.02152699621655
2.29873257937856
2.29631126793929
2.17809738651066
2.51007519880378
2.24727840085579
2.45640202558286
1.74457338398729
2.27681567420753
1.92921995076148
2.17659976547505
2.03623849622636
2.18861664979946
2.289166978845
2.01831094895707
1.8805331808131
2.24118234090054
2.37220460566741
2.45534964447295
2.4039402917351
1.82435047857207
2.13768772018208
2.28264342867826
2.55147412458002
2.51137554776686
1.68960718405233
2.82383962020681
2.58162200815005
2.99170262750516
2.47729487427181
2.5467614460737
2.21343218109922
2.7936938317833
2.37179671657858
1.79676833825656
1.92812536189114
2.23059812099759
2.21752785676006
2.44572963856649
1.91882649918661
2.17188103013189
2.22738145126574
1.90628209401953
2.30492622717106
2.16072206473793
2.04563880773028
2.42462951179996
1.78440974531584
2.03828060690264
2.71172068164844
1.94419146393512
2.05702480360592
1.93442738121683
2.73376705281889
2.66132432931262
2.05541390446042
2.15360819696163
2.22009095938621
2.34400534170174
2.46449417529953
2.18386480065463
2.21211980032095
2.35518996475023
2.40962455885184
2.45079084853745
2.16440412291143
2.01527664096841
2.14084851964752
1.96025331798367
1.73062818915069
2.25318955721961
1.68455341600886
2.32482537693149
3.02665832907741
2.23545711710808
1.93779174492338
1.56802123002404
2.30319109382118
2.50936297274585
3.34843603996085
3.22245146737966
3.11654533529302
2.48533925733913
2.74406900890199
2.03076254698065
2.15500270044036
1.59612215826149
2.37455545363341
2.4675920471758
2.21092913899599
2.2939256425659
1.95858949670558
2.59926721355431
2.55610605046815
2.64603924805264
2.14328503778901
2.68728719194125
2.69498414396846
2.6713739874257
2.78566091935799
3.17784398160142
2.9404688628151
2.90519638948005
2.24972750738665
1.23967796959993
2.18411250239112
2.46310740473408
2.59155080464964
2.86043884070286
2.34289832526176
3.00331287188853
2.75143964487283
2.31570255236994
2.62143328825356
2.11413141567987
2.36620175450298
1.24806796723443
2.28809245575414
1.76583901757725
1.97317277601609
1.88974324382907
2.07559886794333
1.67047243036
1.99840676427527
2.81664127278285
1.85073070841124
1.72018475325419
2.69134861160092
3.21974253911278
3.5409090234601
3.22767580308173
2.62268173344235
3.05852702345771
2.6396885785603
2.4307613649802
2.90498019607543
2.20417806939387
1.57180617667202
1.85873433106255
2.01056885365785
2.50449222549974
2.32798498484904
3.10380177386963
2.66549539714566
2.6034019916481
3.28263224849402
2.84581572782665
2.75214167581857
2.99182881155967
2.33294720143481
2.03902473901708
2.75119785897197
2.35414566020863
3.16394168782998
2.72871236143533
2.09006044054581
2.16368537278987
2.27528733846319
2.87523719899904
2.08953024496516
2.00464432907365
1.58827295996347
1.78750773228953
2.37744113897288
2.18668737749239
2.0266504283779
1.23281847219622
1.69934031998353
2.63732609150036
1.9028379975146
2.14876674407576
2.33901080418952
2.23663178823662
2.44533686559426
1.98372335146198
1.21122459869402
1.9606850116248
2.19920351128123
2.4593947882988
1.61841336910152
1.53331255167502
2.43219650600876
2.55401363444793
2.40005076674695
2.15125541843042
2.08055241284425
2.90881468160308
2.72073998696454
1.76873124933733
3.22544272033006
2.14669126885129
1.6454773410446
2.09265076591418
2.26452574573198
1.82445121106027
1.94945392236161
1.56550331714237
2.06439427546453
1.89574011428035
2.02084889546408
2.19786837736587
2.49386240597096
2.79203227446007
2.31735782862065
1.89148755752487
2.94573261438817
1.96619720339566
2.30461895482075
2.0473113824107
1.27080629488418
2.60248025043838
2.17167259101877
1.62280519662155
2.22588901170628
1.85477279909144
1.83276632356467
2.48663512810462
2.08596044338619
2.1699367675402
2.06388835785817
2.07724504677699
2.17210865764741
2.33122133057386
2.19018852673899
2.53281132228284
2.51679357439508
1.64710524505435
1.52280350282775
2.65600211698145
2.44205117524123
2.12149670845689
2.554764346181
2.44510115284396
1.67713510862555
2.99806617510785
2.50497625090911
3.78288359712011
2.80592939574391
2.44845763026617
2.73614155268585
2.53453154176758
2.64096206316745
2.67303294261221
1.82667151603189
2.07049633580845
1.68937114480761
2.61530865269447
2.12007007303694
1.7803565129514
2.65275741906514
3.30697512639381
2.77419524212002
2.83915733736845
1.67669503682251
2.33480794860506
2.77841764784185
2.1333118520518
1.72282578780896
2.29020630677771
3.02665660512889
3.20326032100919
2.63904638060467
2.21172376407375
1.80938270983634
2.18513043610186
2.37284134467776
1.9772080278096
2.15584008117508
2.29394621340412
1.79681378712188
2.81371080824447
1.76631604341587
2.74987759066258
1.8131292010996
1.96852544717471
2.42925142348507
2.50394776181498
1.6207916841105
2.7429251450047
2.43317884887855
2.1939878165159
2.49940945086502
2.24599696468193
2.10100243569995
2.25411941433201
2.42055739107664
1.68740498717574
1.27847350759212
2.01258399335654
2.3455293590794
2.40950533126189
2.60211843862635
2.22238678304062
1.74992465392168
3.06626950378726
2.05086841921148
2.33587779127636
2.14494954059741
2.45346234214868
2.77231909769557
1.7640939361134
1.96020955221536
1.12805511905663
1.64644575548402
1.96133013159339
2.18844674190879
2.10037931228173
2.2660980159237
3.06349193303006
2.1354953996198
2.23888681574248
2.09328338946362
2.93079294352681
2.31930670114277
1.87546647139922
2.30363417509258
2.36572860768306
2.97516247931058
2.63903081717352
1.65715032574235
2.82742607010242
2.33927344010432
2.29027100378454
2.55496906260224
2.20617433934421
2.34873536443734
2.04283840283912
2.64666359219136
1.97338055442415
2.74507011326151
2.8881323372073
3.04336840475754
2.10481429421374
1.65710863876454
1.12613821773196
1.15695124607213
2.93980883087467
2.79605421992178
2.84564815863886
1.8760513571621
2.07473098610827
2.92240818440605
2.35001894684055
2.01644071147377
2.51601850518833
1.98918170120419
3.70446477078768
2.49279433973471
2.03980343796431
2.64297560422679
2.33123252410832
1.99085071903794
1.18649888801978
2.50984767556752
2.08636570708712
1.82085092167701
1.92208307081186
2.8003601907102
2.30454995698757
2.9080665182503
1.12773549703802
3.03827961354342
2.30422202071987
2.2582531698415
2.43815843123495
2.54911158440462
1.42352451393988
1.82347423924829
1.60626808590476
2.46699440567506
1.94988920484053
1.67017149468814
1.66143388806536
1.53903557397727
1.88189507477555
1.42140866096921
2.46976232912433
2.89657633446964
2.37821288137063
1.13969331929571
1.26362549412227
0.757508601148906
1.05554572240532
2.36502147338764
0.99322372478084
2.49294048542138
1.22134000089015
0.890406262272569
1.80215567720609
1.90953941822846
2.21328927641281
1.51367291041988
1.35110909619045
2.0724334462857
1.63268291261485
1.85469544993545
2.42412973087999
1.65797290947339
1.22046744092882
2.47748367776591
1.60735699604209
2.6303533184403
2.34309243561381
2.41742399190634
1.46754850670894
1.54030390346311
1.81558098155687
2.30577246930392
2.50481334925694
2.59667386016015
2.5108021765741
2.4456418132491
2.60953461648801
2.48989720089014
2.62964147957142
2.28222322428043
3.1728137544671
2.35340315725338
3.06482976855751
1.88803664314711
2.6940736627888
1.63716870006278
2.72200577243986
1.68327621371134
1.8125278113595
1.79471473026757
2.33908944006427
3.84074246157853
2.90208436218565
3.16046300527114
2.99146652313831
2.34604675865956
2.73695732354182
1.76022910254996
2.09953571450464
3.00126203452322
3.00419144917846
2.01432731308583
1.98723258439745
3.02911371614045
2.38603484060184
2.09028239261248
3.16387649130596
2.87963436288403
1.68089236195335
2.67134472516289
2.40195206543858
2.49679578468208
2.87837990298581
2.28902244117483
2.70543778041784
1.39715117834027
1.91667750084775
2.5126416158149
1.12238716992466
2.39933042314751
2.42964815343407
1.15813994209734
1.45607242058298
0.78513556299995
2.24767373597755
1.57838809022119
1.72292200348384
2.63001706812688
1.67340464438993
2.53499115035357
1.52386947625777
2.66650213723804
2.2656168754947
1.51158153361507
2.81569334498824
2.41945403837414
2.23787748958606
2.23838543769031
2.59462940365196
1.9934313789956
2.4039545489916
2.47157379449985
2.00621338762677
1.6740569682948
2.3959401902451
0.988019501720687
1.90447657373896
2.17651052825743
2.19050514234928
1.64715803715193
2.3488332246947
2.389335289247
3.07594026096626
2.54131329315105
2.32209379991999
1.42079698233714
2.57979889020671
2.71475911861348
0.955046423587735
1.87562164000951
2.89328800465547
2.24813547320049
2.20379651260883
1.96384077924432
2.52893259606342
2.25903802282445
2.54328236294105
3.04085290460465
1.56536767550492
1.40287759963005
3.11082380332575
2.13935436424349
2.57212347970168
2.37287912578181
2.09925839008354
1.43803457013816
1.67077310564911
2.37587015753418
2.04922942657642
3.09493680079712
3.71581827734608
2.72223167644178
2.16541304970959
2.98150308648374
2.02231505971067
1.63925787563931
2.39115423209093
2.89973936059949
2.13166410551258
2.98775773437997
3.01143926391977
2.30312521443781
0.910794253501063
2.18173787605105
2.01583513654009
1.90978484987746
1.04907467437629
2.3805096277799
1.79005239998843
1.77095551245301
1.87475710920531
1.79283176590118
2.28816147049715
1.97514804130119
0.883686223377207
0.893954649170115
1.72029157706007
1.5781573288525
1.86999708294187
1.05891148941698
2.4977686740449
2.23451104338586
2.16392861339982
2.68054133069605
2.23986105919666
1.49267984007191
2.05740010539845
2.11089161370908
1.81909511009683
0.918720414867794
2.06300773559519
2.15258076454931
1.38432478778805
2.46231204667779
1.37921515670296
2.18172895978844
2.05271673440045
1.39359418261483
1.70530214510152
1.4151000935457
2.10134929970546
1.77344665421689
2.21835425707962
1.80184800131632
1.91549199499563
0.979762105952326
2.69052001228695
2.64485285987151
3.66482789349549
3.20964923108301
2.69872533191949
2.24111822738292
3.20622537372649
2.53261298532822
2.71059875870867
2.73899026567287
2.04119629114354
1.68172734140528
1.50199102070659
1.6067973324502
2.74025418005177
2.29531930741085
2.6135185784508
2.84561174257399
2.11177866276451
1.56391856288109
3.19459475092411
2.34508000109214
4.07413268557253
2.94843939832911
3.15677062028535
2.33385505830515
1.04891215135812
2.05709044431991
2.09890125324562
2.56793128848285
3.22263266100449
2.44707890211907
1.39842988170547
2.46092978246799
1.74177876138997
1.69226186786732
2.60564822565257
2.07799244934641
1.69688312882267
1.80724481385247
1.61974087037239
1.61047281942282
1.41158158120343
0.934931357173973
1.96571725302258
2.06127440461996
2.3731699461167
2.85417680177554
1.54109718259663
2.03512867510629
2.54928102348243
1.4555985849093
2.98129984589967
2.45717007879619
3.45703729398297
2.09169897629464
2.665679970994
2.86625357878037
3.37892810022098
2.77147060120482
3.00187533528939
2.72756815041005
2.86762107894734
2.68357830175174
3.33832898437365
3.05299472153412
3.84037396445221
2.10590278882099
1.96208964301276
2.39449811165955
2.80090999232523
1.90777492855372
2.46397717708176
2.09775467796019
1.14561310110701
0.415987459684621
3.63551713471213
2.34023900386502
3.40472672360676
2.52571624161565
2.02325876533382
2.95712788961357
2.38547021636661
2.08250874019532
2.58673818259992
1.44363301310002
2.45611867698091
3.29960484973584
2.25480561733241
1.4428372257408
3.06925947145356
2.7078014271108
1.3237552928734
2.90738594425455
2.50599858194353
1.00527049558664
1.0562885321361
3.77952883333478
1.67867246155904
1.99944245400889
2.82070103488153
2.36570437529071
0.756236456897346
0.847695593780186
1.45936153145842
1.71112901757354
3.1299989065176
2.3871360660538
1.21906747691841
2.86102521434508
2.61193265597091
1.42946539065059
1.78521878783442
1.28336792565929
1.9624269759026
2.91222042192844
2.08850995448609
2.49877917069031
2.40313711630615
1.55066935017838
4.2367899232654
3.21861674071285
3.04677661590791
3.51780537050093
2.83176460763012
2.7162419714983
1.8893223777541
2.36444655350362
2.91332634298995
2.00764537268234
2.01070919260319
2.38875351297508
2.70941999981263
1.56209434799729
1.80887890421355
0.269065210043669
2.49426594299026
2.88989862414739
3.05397029648121
2.3138615430458
2.45371581379614
3.2602031706923
2.89976627783418
3.07746326639918
2.82439353521863
3.07873744574897
3.09567972538267
2.04667233959076
1.4111656130314
3.91121716352756
2.99194147908805
2.87236301698272
3.40523868267497
3.48700855652651
2.39827558609248
3.44548975801899
3.03981249084955
2.85950279591532
2.0194350184847
3.49654065723327
2.2446071772017
2.74089863774595
3.54169344947362
1.76140744091995
4.43282554083752
0.765682012555164
1.48730159896308
2.62435932463734
1.91810859896897
1.1963475653701
2.53064088492943
1.53630076922734
2.59016869571952
2.50229251872374
2.15460350292462
2.99194503133773
2.48495554727617
3.29816057875189
2.23374371622286
1.95390525192924
3.39285883828662
2.31898019507172
4.61161593511004
3.58738569766186
2.37908150502994
2.37966681415536
2.60032070389048
2.56246069229582
2.18701259129331
4.77783181420229
3.59360098029098
2.92468592815016
2.72536987270927
2.33297724764129
4.11136918211847
3.39737327961444
3.82289323158284
2.44832864119303
2.38073250694716
2.01649316999504
1.43318357822388
2.52677320801306
2.06945421771118
2.92999620815901
2.78296995027153
3.41030220685723
3.07607442249457
2.54871863243846
2.60484893698814
2.81932068132837
2.83889474740311
1.57874205338098
1.97895214273436
2.25866643098989
2.74369601299575
3.23070639738899
1.92983148328335
2.47087327081573
2.93509057969616
3.25337058713606
2.6626616082862
2.40366019930722
1.87689779221072
2.14274613995519
2.42257823568615
2.15629987573822
3.06178843265798
2.0379982801505
3.09087304397261
0.96894132471383
2.8784362582586
2.55884587439293
3.53481085051479
2.90935283228354
1.18965416206576
3.20983997441094
1.53726782377276
4.02547200112237
3.09732213441666
3.76356317341864
3.67416336948351
1.21211339708725
1.54239228227155
3.25443593757365
1.71750095237681
2.48922098782188
2.74488928614208
1.72597055942318
2.60330106183213
2.89790675074922
2.89347464360978
2.7411528552258
1.9549612053278
2.5836130642071
3.28510280422242
3.23329880057065
2.45154390524944
2.56637501813669
2.82935717893692
2.59670962752489
3.60575020189995
0.798110892079595
0.76440899509659
3.27181395385203
2.76974458810243
1.88617164429988
2.83657263023491
4.1733117707455
3.90059658795123
2.56084607636029
3.48575108358523
1.78450770684737
0.135907143316825
3.15984380454744
2.10981089408967
3.38453967239169
2.34686327115619
1.91017917317746
1.17883852808466
0.0039857949020831
3.37971161957576
2.59955411835499
2.04693945876545
1.62609713466643
2.21340038296364
3.13274177694049
1.9299052424179
3.77279870576734
3.11367074789073
2.66179343596538
2.18467872804967
1.22473479005516
2.77063289880082
1.86942033480866
3.06359619651051
2.35973257453168
3.42004289017238
2.29849876529762
3.34948465010291
3.31914613806395
3.31089356240399
1.74788776186499
2.65744067530303
1.70764063811055
1.85413760857408
2.34802864388193
2.75038494559775
3.31187011208529
1.7727897938434
3.85338044429236
2.62890510325335
2.87143586775132
2.61556615112252
2.56402584522244
1.79163040751457
1.40251538453419
2.28851857134669
2.97152719159084
2.42589747274646
1.57978381446707
2.91273002387885
1.67979858464259
0.20407091881418
1.94170129272483
3.26431270993363
3.20304541353347
3.42399697688316
1.48318150154721
1.5464492706316
1.50819591223189
2.24595239331768
3.08934669805195
2.91619497846914
2.65982051357209
2.70820482354295
3.33291675810857
2.6563001392284
1.74564013046353
1.03161401178258
2.06307194133719
1.79980737234433
2.89588054693378
3.97060664937673
1.86298105881447
3.33773633278842
3.22332375977816
3.83774232146443
4.15349226375453
2.57987693759399
2.25871014432306
3.62794799886426
2.60905817575615
1.65085095792009
2.10827795087344
2.56250452995169
2.87177231975271
1.44595973387767
2.81779343876955
3.02784036943289
3.14122958215714
1.30678973509616
4.12014100680636
1.82618272295068
0.97092513009004
1.80880310238067
3.38163007088574
3.83378251128074
3.44108524551679
2.78908214636491
3.21588762392293
2.20807022623408
1.29908023607601
3.04242013318687
2.49262168957986
2.55200276685006
1.09216819433803
1.22335653990193
1.82524082650663
2.85843595053337
2.42725889384769
3.71759732876023
2.43040523211428
2.25267730023173
1.51648350559303
1.96440704912085
1.92545994373366
1.48968849889022
2.6427738370443
2.27354626287513
1.22494181703104
3.39512754563829
2.96838220595597
2.83735237739206
2.00851257156262
1.11390525303916
2.45095375580731
3.51796930558896
2.1920838797718
1.50065733562692
3.22369401299347
3.06719729215203
1.96156031183082
2.64631553301978
3.39714461930525
1.95545673955237
0.638477457434525
3.29272321021599
2.63087282926598
3.71597848750891
2.2808484636751
3.1704402958575
1.36874564734837
1.86294890280447
2.79084555029823
2.86081051576687
3.12709665569702
1.94255585928758
1.32862630987412
1.62750897578095
3.53951436514808
1.39034460117728
3.5835533217588
1.88246059217374
1.32499572517245
2.46854422347064
2.40568620872922
3.32266714761011
3.46029894192542
3.43084083518763
3.39015041791047
2.42743667011446
2.33294893676097
2.90831315444995
2.75800658247257
2.47256411545342
2.1672030341193
2.09597212355447
3.65855332137878
3.13318332820666
2.97965276489477
3.46053202466704
2.49686952630411
4.01259821729197
3.3603337191743
3.43123511676024
2.13329496339234
3.13610058195113
2.9631922326556
3.7760803314545
3.54282726847831
2.57375988398359
2.84796275554935
2.86679539608051
2.45615138286197
1.51255784541431
2.80751588395074
2.45526445357908
2.61593854592506
3.29074689203573
2.93098842127525
3.17564339735165
2.53530148488223
1.63633421896315
2.21001570625267
1.86486032346609
2.31273478026636
3.74472950483787
2.62936515309472
2.99812334617032
3.85459808360711
2.95970930432616
2.432455034321
2.73475719428365
3.32476619066227
0.269318044147883
3.09144131295435
4.1244780237027
3.79375860408267
3.04474308922249
3.20369009038377
2.96952870495375
1.81836659660597
2.82010842355638
2.0041285396193
3.60664045176525
1.28364230747577
2.90032879950685
3.11532833193786
2.57945818088917
2.81587606020863
1.11039319882073
1.7542314530566
1.44875982311161
1.95686241105291
2.9342316173902
3.53673895950254
2.73020401987343
2.42766465176786
3.49500689665211
3.0830611719453
2.06030343320804
2.77534693705547
2.83268312455239
3.80017112874667
3.37931106134047
1.96725168986007
4.06870078674456
1.63499163810263
3.31804281597527
3.11193169760315
1.74129974551609
3.00405707529566
2.97203757283306
1.59193826581453
1.32460751603146
0.825256103657625
3.48689233195997
3.34190192039915
3.66402609843327
2.24493109359032
3.07263973678278
2.26229456551519
2.14364426502766
3.19530188539088
2.05047502296246
2.03981274757637
1.97844376273167
3.70717084168983
2.93817080253398
2.50840372301836
1.37777095613777
1.7659463397936
2.86623411298558
2.77953782511683
2.43558152390051
2.22312142707996
1.05362469076687
1.4519026180824
0.763021439965783
1.94882628157043
2.67694790651207
1.71965954590914
1.19775654314136
2.82749968975239
3.72937980698816
5.08330110953524
5.22026888876202
1.7944928186472
2.28121107723822
4.42695662428115
4.05325071915914
3.51518420817129
3.17130562577942
3.32133044804351
3.40618054396041
3.06385685299788
3.19421358793708
2.87025877476601
4.03316610147361
3.49300861449609
3.33001480649287
3.10075145061135
3.41041802171161
3.06081458645756
1.71895721447891
0.837314083783428
0.427353553398002
3.17041532823874
2.26877458079227
2.71114892032755
3.73331425488078
3.39551347827439
3.81155322343818
3.37693302386978
2.74430031144566
3.90473860652811
2.9366812276378
4.05021747731571
2.50814161122049
3.52199643858613
1.78920896674435
2.03882020843146
2.06761216504968
3.10688902275956
2.31647057954454
2.37678043248692
2.4337303115537
3.30318335139907
2.96559387812929
2.99707153779426
2.82829098593682
3.67309362084833
4.00820978056241
1.26173843711008
3.54860418154635
2.06875440077968
2.62937061825199
1.68695224989293
3.64728954967837
2.69261563285181
2.58014708619654
1.65735651847699
2.85267618195653
3.60651713068955
2.6630850956809
3.76907784905086
3.65325782939787
3.13636561163882
2.50899554399856
2.38779740619248
2.96036452275574
2.07932253648438
3.32968934835772
2.78742865937981
1.73097218199731
1.59726628937218
1.46817573289917
2.54470438287343
1.5306765837326
3.52251039834574
3.11027846495472
2.58334603939904
2.27610916563515
3.70363014886159
3.75736644429985
2.04767119418509
2.342155333308
3.68130545891666
3.0882539540323
1.20509686177665
1.85238617797373
3.35277874487087
2.99387516642454
2.70451577770034
3.52752381702427
4.40854046092502
3.84483672362453
2.12033790248762
2.01713649974892
2.32672794922938
3.53325846589606
2.01486848475594
1.90285777347049
3.01772585344176
1.30252267615742
2.4547939592718
4.94868563385224
4.06412045868936
4.13748531905678
4.4097879669062
3.93256372499386
2.44954914814256
2.56525483818949
2.60283012474884
2.71887039965665
1.40638387112278
3.38690141930184
3.23347600017818
4.40458017414615
2.9871154177482
4.17924169383603
0.445035195082235
3.39430741616507
2.22407400739355
2.95124755704617
1.69098621734453
3.28559200842051
3.77042048911392
3.20286383277648
2.32486712247549
4.02016487591605
1.42434994048361
3.77212862876227
2.40235385752987
4.31466289629445
2.89876139493839
3.5532275750035
2.87178205665952
2.21214956917832
3.08147332402707
3.26331362352282
2.02059071191154
2.38081183596923
2.98715252314514
3.12959587845005
1.97624298062931
1.49008088196087
3.84125584846289
2.55870748214373
2.97022236630831
2.54655811494798
1.19937837782239
4.45362096532152
3.3739736919571
3.84073701175421
2.79557282285777
2.76748569631005
2.67927966571782
3.35185167058501
3.02295025392106
3.20124532896434
1.93598541890336
2.50135343081628
2.37933286865061
1.87523269468356
3.12920742733818
1.28847698887193
3.0730625649572
1.81871490525509
3.96999335764866
3.15576889813469
0.959821608612723
4.07857665921621
2.77136545498698
2.04821278190433
2.93364015856256
2.92188917167117
1.56669797048885
0.462332700085797
3.00031986041686
2.26527462283174
2.5164740510493
3.29185686892482
2.69841800141774
2.5166545083429
3.58373467397931
3.07420320275853
0.94092871245756
2.53417072566071
2.66022731196355
1.73648177577824
2.7805193693185
2.71654451098831
3.6423113373934
3.60914483400932
0.00396950694872777
5.13513905352087
3.5525639491975
2.66260682285191
1.51557935134134
3.92975584009669
3.00494935485302
0.649565899008556
2.82268635324966
3.28033593698892
1.43857344150897
2.02547007749868
2.63165420585361
2.44528841347645
1.86644662880948
2.6288098172475
1.76870587227706
2.61136102293894
1.50072778740018
2.11949759849723
2.69612398292991
1.38119306916635
2.28894397886263
2.77258506619155
2.83961693198763
1.60951895124553
1.92619231093383
3.43144963584547
2.48257926360735
2.35548311757615
2.86696943963974
1.03183140309536
4.31504907835714
2.31235658693508
2.25806413929564
2.9936852215206
1.6036487436304
2.99984074509537
1.9861142244564
2.50929392263303
1.91271468796565
1.15186094525466
3.18641811004848
3.29336262358996
2.72886917712994
3.39991590470999
3.54442144667016
1.52075018372732
0.594390327465502
1.37299825615237
3.61221276925599
0.214241712430377
1.25162663901217
2.09415224758043
2.3137342338061
1.34598361677346
2.12947639157156
2.1853665048926
2.4757906069096
4.43870709568834
2.76268765441173
3.29513407921365
2.27389326374159
2.53616888669323
3.77536465795501
2.38842323824888
1.30469327504088
3.95500110709888
2.0545351593702
3.46363931047297
2.36799685294228
2.77319942251129
3.70238216210019
2.35348079815299
1.55876156187396
5.20596398433217
1.99263623104415
3.04701295678261
3.19947893870943
4.08435113933142
3.52126814671845
3.26820626320618
2.83997312478833
0.302675953453384
3.36173690191621
1.25131743883488
4.78104555038715
2.76981464346023
4.72091043551961
2.48333951415874
3.70040379852368
0.776125753211966
2.61280017282489
1.49932386107247
2.62646794599363
1.43096611364982
1.32056084022355
1.77230726710755
2.1416502354732
0.390237787906158
0.769124144366444
3.37911869725726
3.70057388404832
2.44076030359461
3.51265337925312
2.42845895562033
4.06308179835156
1.15313547012462
2.97272781071556
2.08871386103338
1.85362572258819
1.71628311796736
1.84581204736734
3.80507046732285
2.4610623990807
3.96179496367778
2.27162421924454
3.18171936752844
1.62671390426536
2.84077013905451
2.87190488229392
3.18912457428667
2.61830736223032
3.07009423967621
4.1060118212339
3.10244110533699
4.49412456742303
1.2961253669465
2.03894118285707
0.527148701703936
1.45655024359707
0.0265145398380139
2.67532061968137
0.0335295155377334
2.37367627462865
3.77433336419789
1.74432261125602
2.15623034595011
1.34109880429317
0.0575823090970663
1.57028444200858
2.29395533005905
2.8080976083175
2.44046922341602
3.79134838172245
1.98921699019977
4.60025480416707
3.1936016908904
3.37536422037145
4.1553497561695
4.12335476098075
3.72837647720974
3.50663697725239
0.0575139022643906
2.93720477808672
3.96492386221744
4.18280962285545
2.5599711287796
3.60078951686976
3.74402284158662
3.55063921183796
0.0264779477172681
3.5240486863947
0.0334794191310617
2.64966119358518
3.66173200107816
1.58680692311103
1.98070402246331
1.20925779599397
0.0574456660526736
1.42857159960354
2.08579562481807
2.76955163266322
3.70853252428958
2.55254604520133
4.24508704439079
1.70985543953539
2.99624894462354
0.504091699452802
2.25993618285926
0.0264414605551897
2.77667686939147
0.640886207007469
2.72410583514736
3.50597728947458
4.45061759101608
3.85052769773225
2.67242968097007
0.0573775998108334
2.45382282838236
3.5618852033006
3.34623065671363
2.14726870344141
3.76164290088692
1.96228760364568
4.59111033655195
3.00471432220017
3.64792566627902
1.76517309280157
4.32880345979868
0.0264063010431961
1.69899685146032
0.0334295925526474
1.49996125520912
3.56383797115061
1.45010096342802
1.71322797469654
1.0324987250134
0.0573092450937124
1.26091130825104
1.83670379285464
2.67064462548194
1.91876555378641
3.72811227657857
0.272495615464428
2.87635510106086
3.17576450402594
3.84741694251024
1.4154226232236
0.00507559090883054
3.77419797374774
2.54534609948027
2.96850525692239
2.76301187916338
4.34739003671459
1.12871334211575
1.3885776940631
4.32124602591097
4.67135834911078
4.24984565288551
4.52221437578582
2.98640582592155
4.57447018109197
3.08474234973149
3.31837291340864
2.99925908997669
4.12392101148421
3.14018081672566
4.26832469946326
3.60825359419814
2.94427647550069
0.952369547870545
3.36329255577214
2.03310121070646
3.79172811131265
3.38132771677905
2.71795423915365
1.93139291321887
3.47492002762447
2.52480921016882
2.92142073815754
3.94482297682731
1.02597718119163
3.20267655311728
1.93730001567554
1.5197713255806
2.82527117958092
0.793367471345567
1.81551438108611
0.00507450352601686
3.3769622969938
0.822123975592595
3.96280044627063
2.2283881433996
2.96005473307943
0.488104432441347
0.0050734166265242
2.83156940324251
3.09331685009599
2.96898651827228
2.99532599925918
2.15471848638517
2.70283418015181
4.41135661015222
4.32135601947482
0.0384987010323664
0.49316478455632
0.00507233021021485
3.15127502927019
2.58210548943041
3.50407878028785
3.96811851091797
3.20932485284347
3.72856581896349
3.38814556160643
2.22168860130361
2.81155037890712
3.58217100714257
0.533116360671956
2.4779425353434
0.267806204692126
2.31245650521929
0.263283275104127
3.0408870727555
0.25891796856456
2.85860168813834
5.28491669998164
4.0859903178971
4.26941275724756
3.59566051584571
0.216257314436795
0.267985385461545
0.0050689711143273
4.3828542232394
0.130951262670149
0.689210163151454
2.18745895687362
