7.13004348940365
4.20668988956583
3.32400661643684
2.28110719587464
2.10157517102434
2.01208459441784
1.94645851489018
1.64850579072744
1.85956406618756
2.08011932825808
1.74821361042227
1.95489126335619
1.89923056111029
1.6639610531016
1.76183456908217
1.71599263049002
1.79277192239785
1.95136208475463
1.89516300365369
2.13321168161543
2.00931583685832
2.14756863094272
2.06087080974458
2.13151887404041
2.18399692595267
2.2081643623238
2.33218829195237
2.24146279015375
2.32661946333476
2.21656382491247
2.24834235375503
2.31032796513322
2.18500184325344
2.27500100659424
2.20109969852387
2.17431528403744
2.21356973713006
2.14307176660616
2.24412400061548
2.18411592439217
2.24926798667244
2.22915864409271
2.18739232219256
2.34658212620503
2.2462636959039
2.37777492461065
2.42364263407112
2.36960770901369
2.30991497624905
2.32232805844889
2.26122593804026
2.40948811734905
2.39864372744917
2.33072999678298
2.29479737262701
2.30613868607852
2.46898773846285
2.38381798415916
2.413972984066
2.39198108966099
2.39600267745134
2.42515877377883
2.34281077588334
2.47567605109937
2.47253650770804
2.47327112072153
2.40369517908669
2.40543555588098
2.44346837916204
2.48871968090608
2.38827271000773
2.42931606994054
2.4580727958821
2.50512565960294
2.51048709504322
2.4204033119309
2.51448976299367
2.51875624805025
2.50707668026904
2.48406356959722
2.43201377842625
2.50352431627123
2.53338076643316
2.43151740342304
2.46829603194926
2.51691248946364
2.48699705827859
2.36816957403639
2.45680128091738
2.45506787622651
2.46837296953835
2.38764856890197
2.47263292143782
2.41890714172795
2.37987387829229
2.41184832797612
2.51021595664399
2.54478729549587
2.46329692147418
2.45088951002807
2.38285671732282
2.45381749202033
2.48129065432727
2.51606802188517
2.42668737512029
2.44883273137509
2.45803408632044
2.48590994938398
2.50907884278963
2.5975465180663
2.58137134112834
2.50288051049989
2.4006811746964
2.47581217815739
2.48784615043144
2.38498988208367
2.45407304045178
2.58714923160567
2.47860836377687
2.38326980830248
2.36793606389598
2.40342680319469
2.51529187855055
2.56029165593984
2.53387823834654
2.36079090935995
2.47475894146607
2.40929528292482
2.43855900456127
2.51934228363093
2.44625864367808
2.54422929373595
2.48078180116289
2.45822956442829
2.45811029981462
2.53054800634708
2.45076362919367
2.50717532305714
2.5639001812151
2.48835220757444
2.5042668638284
2.51045408933909
2.41809262242374
2.38183617239316
2.56737931851543
2.58125810612614
2.53522189430687
2.57453312485163
2.5412157675068
2.58687715203984
2.49660863778091
2.42612734029698
2.43661897694198
2.40495840237469
2.42768318010462
2.49731616189431
2.40635439127935
2.51550504433016
2.38758852312271
2.43188603660583
2.54085518022508
2.47094619214943
2.45833117407455
2.40792370714537
2.50113506482918
2.5032875631955
2.64001019555284
2.66224260389976
2.57101778787597
2.46784999180372
2.41991977660257
2.46848027026861
2.55123580999435
2.60833604855237
2.56404109114037
2.4010240850278
2.43415901279205
2.52331145687932
2.40397719691587
2.56931193808008
2.53712828511536
2.47407707279101
2.39792983674019
2.41135885307187
2.41419128248027
2.39492856449382
2.50907840495178
2.46516647579436
2.49042869619532
2.4497750165336
2.44521390398081
2.49798674621005
2.63593745507615
2.49235929311853
2.55044484688816
2.6230115550823
2.45471716339231
2.43481486269324
2.43553192690939
2.52512453362742
2.48370530295639
2.59328633800532
2.39263430848669
2.50365007016962
2.60632957726857
2.57880879185206
2.50321904562142
2.47284885093163
2.66670042809247
2.58368047380309
2.43619658090315
2.52322024844333
2.43331546472624
2.37929828411033
2.52806909947918
2.44957503232633
2.46113204217335
2.33685486190724
2.50528191239918
2.34981592771205
2.49585603819427
2.61326915961269
2.61924660467042
2.41641627748913
2.52340484268838
2.40448423584436
2.51381736148356
2.30944780170664
2.40733095096114
2.44557416780919
2.30225935513676
2.34870896567466
2.35217751794591
2.33431943311752
2.4853028035006
2.32541874973067
2.53154424884114
2.557820397569
2.40890327321113
2.33075891480085
2.62360388327736
2.36180275642083
2.33935703646263
2.36075181167221
2.57678264262775
2.54056373523064
2.30069995571373
2.67172641821272
2.52644330503801
2.54648789273255
2.53817264445248
2.66245767870546
2.61564801906531
2.33570859852826
2.3675660906766
2.46862974048882
2.57983834511864
2.25560158647026
2.41032200338545
2.41738775950468
2.38191228774257
2.36473204993535
2.43590318812158
2.46457622743023
2.35632603160003
2.53558083089018
2.76124264621844
2.41269767425759
2.42831261870875
2.3002371228448
2.28240764230017
2.4225073749379
2.49350220720689
2.44033770268102
2.44327610142115
2.44204134866424
2.41681205028811
2.37171033317327
2.55716171239512
2.56390980515191
2.45947123793713
2.38526177914905
2.38352267956769
2.44848817279071
2.48484439741296
2.10849881212003
2.40261521266234
2.40353691214965
2.43496863827003
2.33222574447159
2.47437954554679
2.39436610338734
2.20678233863993
2.28535228736337
2.40214532120676
2.22572054313764
2.47326714623299
2.30262116710036
2.45706973535305
2.30703526593567
2.55666374522885
2.50939654952176
2.50126269426695
2.3539305941164
2.44358465755313
2.33737552843364
2.33710445271277
2.57314298837931
2.62288892349295
2.64029079231359
2.40947068094042
2.42659487728297
2.49679950236383
2.48494145146569
2.51243547121869
2.45754497657606
2.36859338335754
2.64388512453234
2.67456005002818
2.34671345267095
2.44071301594224
2.46027619328527
2.47197048218666
2.63089395027801
2.55570983747612
2.20643684331046
2.66152182661824
2.60957206310786
2.56460151445758
2.39104021372182
2.23507178347727
2.51586067614475
2.48543864698876
2.33120736608283
2.5411113970486
2.37744600552654
2.5232562028052
2.70659472954873
2.43698806786346
2.57030321462145
2.47945533585659
2.45369988756949
2.28300608442623
2.3094433965074
2.54818365279263
2.49863615609365
2.43194719953145
2.30265580782573
2.19130823981366
2.38254523117205
2.49266868086636
2.39566676961879
2.39384851207033
2.47797705759975
2.47880331138605
2.60899915823494
2.45178420622515
2.72501351114045
2.39356797876188
2.24771436747138
2.29148625079421
2.43918511127199
2.25375643252713
2.37044981797584
2.07368153078186
2.41150867043375
2.63127358490758
2.59561639731522
2.43036149928431
2.06566119651378
2.1321884600155
2.28372453147344
1.88266278409225
2.07626563079434
2.43760912405798
2.28972760700959
2.31752621548641
2.48630027350608
2.31054018819084
2.64536727307954
2.33937670401436
2.54190132934052
2.45046079954227
2.56107998519227
2.35450425058873
2.2844992889124
2.32568046814859
2.42285739659516
2.14102605165839
2.16365639110088
2.28777116225229
2.17476672959342
2.42712281881037
2.43447739689888
2.37523693159789
2.55779708827731
2.39838959496436
2.51097474410354
2.41345148697306
2.5623270942073
2.2894130140388
2.20678338856494
1.98388225734984
2.38951117804336
2.22527463120225
2.37504895479924
1.96229133603503
2.65826974929382
2.14029219601507
2.03848553129991
2.2429693573842
2.25436480437971
2.45336199404604
2.16965567175442
2.27700077176801
2.46176061114813
2.45047439300712
2.75731246599027
2.71597257296745
2.53536848001492
2.40767526137534
2.50947060443212
2.39927776102949
2.45359598816969
2.47508763210017
1.97455295271008
2.2620857911165
2.27948825781922
1.94651286604423
2.32544732181749
2.27563435050288
2.18601516633176
2.4908470156669
2.29784886096825
2.32669935391539
2.23391543165779
2.12136554712676
2.20884457605771
2.30012726187407
2.18114554649649
2.20567396280464
2.06821325988711
2.08241632148061
2.25727212645445
2.21586548246645
2.06584079286447
2.47663422501449
2.30083585170897
2.2789715960024
2.14818169026185
2.56187348618528
2.14487275942057
2.37311703917641
2.23567911167477
2.27563287068958
2.7282793276707
2.70142887494096
2.09946822456528
2.32098121434975
2.70274578053718
2.351359754137
2.34890813669137
2.06428793211542
2.29655807150942
2.26657188964078
2.44080197330203
2.13528527405707
2.53481267280649
2.26642620969292
2.51082932199761
2.37098116200655
2.71625838310559
2.28469854631254
2.50612698246311
2.34676447246458
2.6001035149694
2.50533375196382
2.75699786412971
2.5266458839029
2.60592860347548
2.32791735465549
2.46586410885031
2.42177005222908
2.72950970489928
2.66225799578347
2.68002398101934
2.43469563400769
2.44258412665301
2.53541190008076
2.23021796487582
2.20893069466925
2.49825882370825
2.28720337705053
2.30950539304149
2.03366412194058
2.4734364470425
2.21295930530784
2.47878315285213
2.31741903041606
2.47313450212912
2.32973493185592
2.1383115799643
2.40485517990069
2.2619532779092
2.53952183562392
2.42666117922836
2.15560934824078
2.34983005684311
2.4513230196196
2.47865584839883
2.28274757015813
2.32652522497271
2.26759011123558
2.10208659075499
2.37317236295045
2.56146876713531
2.37268973696125
2.42715836268577
2.76239539229618
2.17137504890606
2.34015281442151
1.90064856145301
2.3652924830702
2.15645123215103
2.41732211173581
2.17126762007431
2.3087872409503
2.623012810743
2.59736499387383
2.47392052675123
2.72321542725911
2.10471177461153
1.93629066827016
2.14638659805295
2.42916057126336
2.29694144007117
2.32676448314347
2.11339927450323
2.02255098530063
2.27175353230208
2.61517946560141
2.40212355923398
2.36983102225362
2.49194310872076
2.43212317261992
2.00866957475998
2.12638424125586
1.98737209459349
2.0409362788002
1.9436367570042
2.67433384601308
2.46963865376424
2.52619878039925
2.24187499963335
2.65526592773397
1.84200211718854
2.24723074966551
2.04518002777541
2.19757519815577
2.25339851830444
1.99117667496457
1.50385776657244
2.34961386133684
2.03701429287771
1.99052677975249
2.06551281597519
2.05668026131441
2.18892872875026
2.3916721033792
2.39767265073591
2.3469798614879
2.02795799425804
2.48510402835465
2.36554688217078
2.00894085858513
2.23387817264148
2.0793029956242
2.28810672027728
2.44568469667833
2.42936320269275
2.11678091666927
2.14813616388898
1.71334356412792
2.48929767391641
2.00538065686172
2.00348181830853
2.41742329249838
2.45030229200376
2.271055184206
2.32627039995449
2.50388170656768
2.33894701626298
2.28806637288649
2.32050754032739
2.34531161028749
2.53958538761553
2.22858005489662
1.92411011570776
2.25326378330679
2.21325589954919
2.13788474036199
2.28955359736061
2.20667756221868
1.65745389544952
1.80755903607201
2.3524693742612
2.34087724943603
1.84361501335978
1.95950694760987
1.73238118516626
2.29322418353961
2.4434006667056
2.18838624786661
2.44719073335459
2.47807458712903
2.43932125333188
2.13639332094585
2.40197806039517
1.8814602090047
2.19882040037097
2.4972210984681
2.29831296195568
1.88544132837088
1.97374206486764
2.30163237863226
2.28472007373248
2.09704128600843
2.17707715493236
2.49478667219989
2.59656610839514
2.40122012377428
2.12105706417196
1.79374732370208
2.30429019824277
2.07261967471554
2.26187112439382
2.46104844048114
1.84893423910971
2.2068070561129
2.52454753512472
1.84764320270583
1.62320837870649
2.29658678767239
2.40542574732228
2.76338656572657
2.0954661952392
2.91393631415689
2.13578598554643
2.05047249575506
2.31221548480203
1.94884912077031
2.23263999845305
1.79630063278538
1.91136644723317
1.96609898308234
1.97081776246449
1.99854453269023
2.11918695171609
1.87458754726036
2.44474932131474
2.10291036904813
2.21185818214605
2.06768792715077
1.90331847975953
1.88250849960943
2.29936775918474
2.04666815078006
2.45252990626192
2.02220308815682
2.47146519521463
1.88279477707206
2.15136748349562
2.07796654762458
2.33135037434708
2.25752031223768
2.29297546802387
2.12928576073784
1.95353112231167
2.37757869302961
2.15621910822942
2.3517854478035
2.08858014625567
1.60763799486442
1.73506059046269
1.97427620403314
2.00443618341997
2.27923086961785
1.9918504027391
1.95260140998186
2.07458873670706
1.95407742917108
2.21021046199938
1.94618291501549
1.78477578579547
2.22593683282229
1.92606609668467
2.67311151340493
2.04778206422596
2.29536704026797
2.00264780085044
1.80507365487966
2.39433339705511
1.90584724858392
1.82961428813305
2.62909471769243
1.86030273221022
1.799948507114
1.92020335636547
1.75583504259639
2.02563332403433
2.7175804963364
2.00316289721756
1.83342023102132
2.02312707489996
2.42524374430477
1.56068036417993
2.48702848556596
2.02641745491618
2.40038462037346
2.42430809614192
2.16177973056792
1.93534776959641
2.16190496980527
1.92608008200732
2.38565726061521
2.13029227094673
2.36562852342301
2.01911328636279
2.47550645448352
2.04757606414542
2.27074597948628
2.4500606476253
1.86657758311537
2.61590188284941
2.0456598252978
2.47564302480006
1.90237527412834
2.63293805616662
2.63024078602905
1.94178593020724
2.28431978729381
2.44794636835741
2.44644498985282
2.11461481083439
1.80414229788092
2.49047661708064
2.5822433115123
1.77192652614278
2.13860347633662
2.30957051098365
1.87096896887426
2.02701579361088
2.26024477143209
2.36877625379521
1.37723456541682
2.00569960415855
2.10137817068895
2.05989364122219
2.2086103454134
2.40917949903045
2.34297383908125
2.21800659753433
2.36758465670627
2.52238760748008
2.44604925923722
1.49224224852622
2.64523592509018
2.48345738786844
2.32444398490049
2.33257257931372
2.28346537194537
1.45115643641597
1.97315628851677
2.41034302682961
2.05220191172011
1.49404060011306
1.61245149105298
1.49396819264039
1.51432622280364
1.6755440864177
2.2152747078364
1.87389270683208
3.03605079032875
1.64083455414273
2.59124257922896
1.6332324712513
1.19111136779273
1.38782953156161
1.9585950199579
2.85205948778397
1.94028739765963
2.25025965614291
2.35435478735663
2.17052301724376
2.5564776034311
2.13548947846491
2.22832466823556
2.21538892121589
2.59272236233044
2.36053768300779
2.45265444517372
1.9774833201788
1.87494595669248
1.48583004942114
1.51276368893528
2.30854275394413
1.57996092302372
1.67798827183545
1.84256603142885
2.12895108126561
2.35021004645047
2.15185989669808
2.05347294115221
2.00509818323193
1.45341728839656
1.58099836571539
1.93388180218029
1.80938516584989
2.19853165645091
1.07531710629364
1.16574961275999
1.01431781242219
1.88151243526174
1.49188408078494
1.25401895339396
1.07769883763772
1.78519838300406
0.962641558846047
1.78263473596409
0.866169018224877
1.9161425491266
1.49137458833122
1.93118621733675
2.19892322266422
1.8027906109308
1.88571783769969
2.03360414636656
2.27810477627674
1.55649912145725
1.54944532733563
2.14170802800922
1.95757257120354
1.86832567632869
1.95689368566052
2.70398494697435
2.57769985500825
2.17536006113965
2.8066234512893
2.24695174348973
2.40681768060341
1.1643852912868
2.22165849662146
1.72687276268939
2.29212291342849
2.06448177811526
1.64316091825556
2.43536392059627
2.12761382637637
2.33725439631703
2.2207480127833
2.28374947934159
2.57003719293157
2.38146830664075
2.6546911470482
2.27441078615798
1.8968598188012
1.95446349543934
2.97662338274332
2.78303982731593
2.00404592813218
1.5788123909125
2.15358304441545
1.56333663934913
2.01831845502778
2.48472908040357
2.06077096005718
0.885253878337363
1.62216855631888
1.71751932983345
2.30398119770845
2.51457748807926
2.77116999401583
3.03547314179524
2.94507821367612
2.43493428852657
1.89775743950992
3.45970691479543
2.42706326217596
1.86515022040688
3.049649614127
3.02656295332973
3.04944951938282
1.51487810451017
3.07014932969969
2.62298470553781
2.12440791446311
2.7784522481228
2.8856874328991
2.56633537387123
2.84913494284687
3.0555586896396
2.45439399747031
2.82550986910647
2.38404455015214
2.42887420187326
2.50482198320427
2.07102304958347
2.18052954743488
1.9644002659595
2.5903036632003
2.23855763702751
1.54614343076931
2.29088576834278
1.77627617858022
2.63264642478121
2.52112622355452
1.84429125775737
2.72349165630451
1.77107624060226
2.69884274445765
1.81207950275479
1.18074288619457
2.18076668208461
0.701167487752534
2.86463321485314
2.08222989201165
2.8576531841025
1.45634399901559
1.8661226482836
2.59101131575648
2.30728098209315
2.25794441102758
1.79555063284513
2.42134631048514
2.08579983437549
3.61204286756123
2.45153515676945
2.35584721828223
1.68184093267081
2.43907392030907
2.42971589538635
1.57151418979669
2.60319762803516
2.40848283046851
1.78543909609901
2.65493788586827
2.86338438577126
2.54936784887533
2.60190049363669
2.14854704879598
2.35447725350583
2.18058144318418
1.55289444910461
3.01273515770391
2.05100378457975
2.84685975620866
2.07528745423405
3.12071950430382
2.67009910737614
1.6593919240767
2.6067486130135
2.14681301540166
3.47822368728304
1.94668259494729
2.32838844740703
2.37098321937153
2.93442820843099
1.9653238782381
2.83363119872913
2.99170472780802
2.83421819711365
2.69140158318743
2.89211639169457
2.40627998211872
2.00562316951509
1.46042674600581
1.6793254795417
2.08495014856872
2.2209425770975
3.12473595399671
2.89213301106396
1.86978442281496
2.05291411841541
1.43173285049197
2.86399783830605
2.07453300080294
1.31982925955397
2.04594395848468
2.11425250120423
2.00072382801733
2.36463253378308
2.89968589758321
3.15035754033296
2.92989730758002
3.21165937458124
2.2150126296543
2.24982033976939
2.32675735614614
2.47502321568718
2.67653749362892
2.89240965140861
2.68951825239371
1.79898493876152
2.18330759822355
2.56961415916142
1.77838806239757
2.89032892617599
2.50723146965313
2.31733194495339
2.81396617339855
2.94133679696757
2.40367281810217
1.21769671655594
2.02133805389328
2.03965686822504
1.32164355704296
2.3408956486226
2.24865409576359
3.17160741093322
2.64378699461114
2.31487650097762
2.47909429358126
0.927658228907786
1.75419960824633
1.98601748374249
2.47951765799552
2.15406856419596
2.17331774480411
2.18159283307858
2.542802419889
2.42400718957569
2.30590381344828
2.01538189183192
1.81935883753068
2.20059892627535
1.42911820126533
2.4495815897801
2.2440751367582
1.81099599628411
2.8230736214561
2.4082279769428
2.38191182059876
2.76889415970033
1.97257353610916
2.24306988140645
2.33446908752476
2.82956182801217
0.620142540072555
1.79361670116857
0.811593186752002
1.36610393475715
2.48444129259954
1.62656221424844
2.80757349204573
2.24926056087388
2.09006368789994
2.20850733331434
2.34088110666486
2.49587815624851
2.3224711026904
2.62072128370834
2.87890866759098
2.75554945272847
2.64661774270049
2.57964747930555
1.97060023232153
2.7640057381912
1.81883564133553
2.69980691419673
1.93333639342406
1.49812793144904
2.03516906628216
1.75460091852643
2.2410904181183
2.28695422141177
2.22299384388402
2.88729473912516
1.7625655295371
2.0424790577163
1.63378307933731
1.89438688453726
2.36050471169274
2.48190797913014
1.94969144855446
1.65949685995924
1.56611240976464
2.33600697501339
2.01211434488001
2.10848649153907
2.36257710020204
1.78934840479715
2.51100845245048
1.62230328080239
2.32225848596273
2.28314725854938
1.64957443021197
2.63400920888791
1.58267943399882
2.2221450150761
2.49237790283227
2.36001701238782
2.8824022395381
2.97677607050801
3.31117380771217
2.09034326590591
1.29949573229345
1.53357209250571
2.01181638954763
1.84616989040724
1.33602579605336
2.05187555767624
2.0100529056468
1.64508221986459
2.0141615831024
1.92094224072867
1.81704202815039
1.90214028078763
1.62651863171641
2.8390870772474
3.1322592050918
2.23678680612403
2.28686534724878
1.95170575360173
2.58216100710365
3.11011849248423
2.02138949187975
2.201800152138
1.8624464035202
2.77985131463194
1.95857972234655
1.31380141872805
1.59310792477704
1.13503024595137
1.89982119228671
2.23794339770704
1.55729063909358
2.28432757924554
2.42796290888265
2.07100686226263
2.6510993121535
1.57330406817811
2.09258285283995
2.36518088977423
3.66760409051692
2.83937450114878
2.31214110246206
1.62379316675952
2.90361690840222
3.79258392380515
4.99467030642467
3.46773208769395
3.40223523818218
1.59164775379457
3.08640981566965
1.12051317072443
2.33733392059596
2.11615815940998
0.889425692799225
2.78867528685952
2.03353937454411
2.12173515669645
1.79012931463032
1.510539854763
2.45055732612655
1.69619899758393
0.838076752257486
3.34642529209832
4.07244244429723
3.44906917837346
3.41041604442978
4.03021677430236
2.1923270084867
3.48401867611115
2.11906478127196
1.62770953419359
3.04859512955318
2.4955890590551
2.58949753244276
2.73440221963372
2.03359697421236
3.66836093267502
2.3530361084948
2.59129357010875
2.9669147604467
2.05210050996939
1.90313205148257
1.5745577910442
1.63348936991356
0.646150482019376
2.25258664721381
2.17831658948116
1.55325636792631
2.21950933297978
2.54444582777888
3.41011458947225
2.72488847739183
1.73264775068619
2.18423748780018
2.3750545279047
4.23818860556803
3.16066850670687
2.96683425870839
3.02582026887392
3.746876727099
1.55544320574873
2.92589094248924
2.10149465589176
2.37161683566923
1.78804819061366
0.992036713737468
2.33527579481559
2.66981967973754
2.79699786709367
3.13486610149388
2.35844484026319
4.46868250298389
3.53420087071162
2.15813763570696
3.22221447631747
2.41999441150446
1.29464729965369
3.42469464966856
2.19439805515013
3.643177189024
2.44986940099362
1.71045737861374
2.92389843171899
3.06433788646826
2.3396558334256
2.5226659393295
0.542671141255198
0.15389147852548
1.65737246233525
2.67477651866831
2.36801930839133
1.84789902016392
0.776998680914666
2.08161464864549
2.85644659225602
1.67152183443883
1.54634109825773
1.4599328344115
1.92873403475223
2.92128316003636
1.06169776942586
0.440115501002589
1.53443963559179
3.16307964237422
2.96146771920445
2.21603322590911
3.19981891787492
2.7546930103089
2.75486144202593
2.58140497103522
2.35798191463343
2.19961802989234
3.00689288901183
2.53473410575091
1.73046393169258
2.20660617275365
1.60131492151196
0.644860439005952
2.8278283447221
2.53103995150132
2.2522740064078
1.4370778678203
1.20892997816372
2.81916695768777
2.44316801076969
2.23901843236856
2.29961344313591
2.86859301472863
2.20761689110724
1.85304871667135
1.68632099212457
2.20292206726385
3.30281160463869
2.60920051381878
2.83463555871148
1.63697555935384
3.24711629577059
2.51398310808026
2.71824016476468
2.32167984293588
1.54854797213989
0.151948060159143
1.76124948438542
2.57517962286185
1.91030687636853
2.78796729468733
1.54221590454148
1.8601117560068
2.33834831742384
2.51742577698338
2.46720775713676
2.81276362885382
1.91489007579409
0.894045017594128
3.2600572510628
2.76803594948394
2.18322995057886
2.5261413292892
1.95563444201615
0.0866528613236701
3.46089741147514
1.89975072153199
3.14756311456707
3.36747182527989
2.27697603942674
3.38305955766236
2.42543167991655
3.17128293114626
3.61782367213885
3.16022740546317
1.48876118083766
2.26219155397835
3.30483619441105
2.10102282043347
1.63597045683597
2.46991747994751
3.48720334403002
2.62862365489086
2.57068560187928
1.35977127158589
2.61748584347218
2.03293085671858
0.931575844778485
0.172459106880461
2.13660920868742
3.41373939988498
3.64184899060955
2.71712341788387
2.37844867240408
3.11324078656382
2.47057625620429
2.94555320104634
3.51865846949037
2.35228669007945
2.74810530276471
1.84904916044317
4.06103095664787
2.94470326088405
3.77070160597683
1.91528416157584
2.08139230285484
2.52786876332385
3.03147417178842
2.22246225953599
3.62505867094653
3.20502379285802
2.27113285264452
3.37529533993648
3.03041107659066
1.80230733502243
3.25806221643681
3.21616439103702
3.29500305506266
1.57890883568231
1.54048953166009
1.7118878586082
3.03949146350158
2.96832215790406
3.0747028690935
1.95281275832839
3.86552278442889
1.99225162700789
2.80075790688082
2.5316978492716
2.96783394171748
2.27280944997579
2.32646435374784
1.68778974954699
1.04654205604717
1.97361593985186
3.19931899953831
3.3220865023072
3.28449545966123
2.88860333533556
3.86777926590051
2.15868856192883
1.28214569565995
1.23879306751196
1.66189532814448
1.4897570270446
0.610383491995485
1.16325223187337
2.61283609311484
3.57140077446218
3.14475627636693
1.41010161152197
3.45754409281473
3.12944009287716
1.96840427117127
2.51046744095799
2.52818253326589
2.06669388303578
2.30482853586906
2.74893698565007
1.67390993504526
3.0619930349908
2.50221250706943
3.4449869075975
2.04027711251341
1.91291525209316
1.37322934083291
0.690903683852041
3.63178532290716
3.05068907697105
2.96792207675455
1.52832432937611
2.28221753611339
3.54152012365399
2.43473286134982
1.25486025787847
2.49808796056637
2.12049487873424
4.14843644388999
2.62442033760376
1.59701146628237
2.44898493686265
2.41674341953033
2.61522940462295
2.24942794133914
3.21556575008756
2.87095403884148
1.3846914479004
2.00611949055044
4.23095251504362
2.88199664822559
2.92275580585163
1.29890426901294
3.6345967644202
2.85549991081824
2.93685934968453
3.25287906491593
3.83415004660212
2.12360227076777
2.09646718902121
2.84541633113354
3.28050412250383
2.81355580163074
2.04060683905457
2.21951787591298
2.96996300552491
1.92863269574474
2.83521951243348
3.68670234310018
3.23602610876175
3.85105544468349
0.264361839189995
1.89177504440326
0.567310655879427
0.0051202329031832
2.78929717925038
0.304545919203485
2.20501499428443
0.962151841727611
0.0252328597420449
1.55295083049964
2.84758925808298
2.48650751510271
1.9643474022258
1.96037679298944
2.669525700589
1.73551318105496
3.08626336101516
3.48458516409552
0.672641767997245
0.00511912601017903
3.29071573526665
0.298631901591999
4.0539238935561
1.30640383212456
3.54402785915832
0.374000888377872
2.63645695489767
0.357901009493983
3.57880179506356
3.49997386585405
2.28573052206262
3.02509667081445
2.73787885949233
2.6189673718816
1.61715433008311
2.01492271464052
0.448859855686596
3.0000562480515
1.30449947503849
3.68798004267451
2.14546133863771
2.58704772244164
1.37971067523023
2.04579629819654
1.15199425013323
1.97299145403242
2.08980142640716
3.18632729192706
5.41216511464569
4.46284908547947
2.53521632777171
3.00756820864338
4.31917770665613
2.36538803805337
0.0580766710884599
2.18778403406584
3.37931336061711
4.06692834163971
2.62663026255672
2.71672476329481
2.73285231141282
3.08581642158378
2.68933546150767
3.59567526648877
4.42711986446015
2.33462803156205
3.38695274982795
2.39625363331103
4.51009607449766
3.03700896416557
4.29921752935769
3.75389633454192
2.15233210175097
2.12962070962302
3.04984958942559
0.0155911643261896
3.00402468461117
3.13930332638086
0.100514760071713
0.780030101450005
0.00511849532566808
3.09804046212404
2.98963013819789
1.85919948315314
3.26447510321271
1.86794902586734
2.26847900426513
1.29997720028489
3.96228342408406
3.1463385741655
3.04715170419767
4.52807244369818
3.80174881054764
3.56098520652731
2.21668115242041
3.1173384240676
4.0814640334728
2.78567326493975
3.54423276102458
2.35463516194147
0.709594874873769
1.91786916343404
0.0155781904653306
2.8245511149221
2.61903379917964
3.35493347963454
2.70778169147094
1.84994280126273
2.67898702678272
2.36237524821878
2.54990025310665
3.07912493873118
0.271846135587218
2.45477797336781
2.47506001829085
0.193254663571654
0.0051173893232357
3.38539713612067
3.06542194407373
1.92714302821047
3.15572331907843
2.67799601689514
1.38147588989397
3.59834207793415
2.92554424891738
1.3237192527927
1.1068085646597
2.81533631951597
1.16904927355874
1.14434122532344
2.27741662116266
1.46400639013827
0.805593614535843
1.95500990879076
1.94811683941231
1.49629810238234
4.77071074005963
4.73266137632814
3.54391503865055
2.79429133616271
4.29377781427077
2.1567301403248
2.20280889295335
1.69013119751801
2.99789302333905
2.28205920922067
2.52402158984174
4.48375037438301
2.72037817177503
2.4941639600318
2.66480166166732
2.51898050104274
0.915815978679609
0.0251954765035561
2.47905197365848
1.35378324819074
1.50535484914907
2.22089158415265
0.843554514008872
2.58669762722502
0.636866989137434
0.127733203657394
0.00511628381661075
3.81812311912915
0.292932814231628
3.7112621545855
1.16822790033956
4.57697965048595
3.89817247723737
3.01817327793938
3.25236510279412
3.12704824988973
2.34125618422828
2.13245087661018
3.13898615356887
2.11507743938862
0.925950273168249
2.76190011862237
3.69953839303627
1.30730728801995
3.29696783346318
1.78284144868732
3.51222384983644
1.59750617865093
1.54150454377047
0.483661910365434
0.00511517880648899
1.77452887362706
2.76718208427265
2.82401936412815
2.96152642123828
2.41472556455481
1.80236761756954
4.71926107970993
2.84677687730762
5.56164992622992
5.02323446411044
3.60613176223588
3.102545099415
4.00055767125246
3.1898646487214
2.84924909718357
3.60676631942902
1.36139194969446
1.45552562967623
1.06900777019022
1.74252207852234
3.52149604903682
3.22149569533647
2.84726891286383
3.82619229660167
1.87800878138837
2.24219586539039
3.36919187701216
2.11162106879016
5.55703104216689
4.98612658236132
4.51140475275974
3.29336814160096
1.3789822482753
1.79570038270671
2.64773450048326
3.79023948592465
4.31594580045266
2.44215595616983
0.0251723554047905
3.43512439007468
2.30867896499074
2.22515253830956
2.6016929608358
0.814722012458136
2.54797467687608
0.622315670487176
0.127019952784893
0.00511407429151208
3.82106115921661
0.287478085491945
3.63967294729484
3.04407600027385
3.35660615918866
4.08612316054183
2.8584408504735
3.44858043235719
3.16740291195708
1.82552425160153
3.58603866639313
3.83029720952579
2.52950042302103
2.76835786063299
2.69741744317888
2.61485254961177
3.46407161366287
2.82738231697481
2.18113304561221
2.41353149989804
3.12704824988973
3.61459810069494
3.90066636177498
2.15086619410789
3.19238655094007
2.0737573022456
0.00511297027154578
3.09845609371224
2.06606303784152
2.78651683246758
1.7671078759681
1.11717288684447
1.42620409375738
0.00511186674686863
3.54578537496151
3.08982695553935
3.80258972860757
2.68884040347463
2.70518274153589
3.20386937004352
2.84928832385602
2.17776515754693
2.37509226942805
2.40529487914836
2.47960680487566
3.83607340449197
2.03280437847469
2.38053476869755
4.97343837598296
1.98376149259873
1.71323463208509
3.49698067509729
3.17684392674755
1.0635739801613
2.1097084771897
3.62278998513076
2.29788995791249
3.51296133261538
2.30978543966623
1.0201375835784
1.31862518164969
0.0051107637165337
2.50538544284503
3.41938978026878
3.91296657963371
2.32764418391274
2.42304017230425
3.53496498606092
2.87693197750451
2.67693840556805
2.43295879800527
2.5638679285646
1.57158803521348
3.53812172640731
1.65024470997022
2.0992018728216
2.08666176854637
1.63525055993677
4.2518703138514
4.05783150405063
3.41615735100211
3.89683389628897
3.13821780809026
1.24613621943253
2.82255779023011
3.13634248889527
3.0708475786628
1.1377990025361
1.52863251574868
2.27082366873812
3.11376420007252
2.89149423011097
1.84271418390709
0.307358051085799
3.39340742726718
2.65266697423345
2.33553409442088
0.0251351811527481
2.88391744488601
2.51394856993552
1.41809645117824
2.78186457459043
1.84021936332023
2.5669592804781
1.64330212214988
2.06265872582467
2.81946387505484
2.96791290537947
2.49898206586662
2.04551305246319
4.15278992326088
3.43248928452301
2.68194772357925
3.71650389977969
3.98265918276103
4.25083988932879
2.59227209897945
2.04717462832108
1.75295691809093
0.00510966118019696
3.8997891430839
0.282232659916915
3.5158829088681
0.895699729793561
0.0250981217268137
1.44484859328475
2.02086655280384
1.45253678592359
2.22785857506235
1.46875186937239
2.16313463215628
1.77667437010554
1.89938705064074
2.73025439018304
3.03281133925718
3.32513452325596
1.59035437686293
0.00510855913814135
3.3859851373824
2.57269237920439
4.42423944380621
3.41524472152178
1.89621837933651
2.42267428602941
3.03440194919301
3.83044314141845
3.11795813375816
5.10920213497369
4.13843116321135
2.98034222888238
1.76361910165384
1.9759775147894
3.49143027346734
2.59350343648319
4.47684823634822
4.53702512429902
3.85515221877179
1.22397793096055
2.85734328594885
2.43989861963258
2.41709798506898
2.95454471202814
3.18744928216537
4.26373913723699
3.44145475551798
1.12010863968988
2.41795030822068
2.1323603797197
3.50710234249934
2.53156843231878
2.91542031935532
2.03929776367957
4.16893510276465
3.62952591364576
0.725329609571057
2.66163392456713
2.8641214257051
3.34555341549111
2.29939880340171
4.08078765543738
3.75092968777954
0.688813326647447
2.62672497752486
2.68451766075355
3.95853123940935
4.06697679225506
3.09105164109505
1.03336776401013
2.09615634177084
1.89719534141677
3.3028870155808
2.71374279966658
2.04110115278684
3.85913788919969
0.647071375703756
3.87765281902608
2.2483903927966
4.12565476105285
3.48630802375165
0.20930859309368
3.08191899962647
2.13557058600564
0.422309509250847
2.70289323974404
2.89007683735455
1.49837854304711
1.2758858104526
2.89183105491791
2.48438938697385
1.37028015925186
0.00510745758860273
3.24041727924138
3.17687192240269
2.71144982352182
2.60961482643549
3.46847258545746
2.58789324060874
0.362285843856813
3.34262172600488
1.24181456594592
0.258997802786338
3.19039636011268
2.32332570890327
2.05097121569939
1.66263496239859
2.83620025609594
2.75988311906997
0.352946016489585
2.64667566686391
1.16185006119499
0.256731347040293
3.31729342495188
1.79266423646862
4.05498077633679
2.68414716470756
3.50998030099913
2.09660048486356
0.00510635653266751
2.99791464196324
2.78130991029769
2.98300116851816
0.109876713486174
2.69892552678461
3.28582047671091
0.254506479731448
3.42153977871241
2.45190010955991
1.89520210058801
1.56477636760091
2.4466046784043
3.97482181792916
0.656039401243267
3.23680740745415
3.25737929508765
3.22867539484696
3.00080252425916
3.28106673254935
3.50292363936406
3.34152152352549
0.00510525596940485
3.02978313589234
2.23091049154198
2.56980966215457
0.109108553095984
3.06306216644206
2.88861531491794
0.252322043776732
3.56324744522148
2.16770698994481
1.76246279532542
1.47854517600964
2.84601976013375
3.56819144635039
0.626448134396288
2.77086392773381
3.14434804544603
2.79803627847066
2.46323732274468
3.5383786012137
2.84163689503442
0.00510415589846811
3.88053801522985
2.95244350288933
3.57325782295061
2.67035056328868
2.86456031012115
0.271753705909118
2.31080594037443
1.34270121949045
2.8712609593519
1.85955498950618
1.39071827457371
2.12652013728427
2.43317994397539
2.37685172494435
1.26618852926224
1.4674169711877
1.08604437589662
0.00510305632013245
3.37661129038168
3.13403046657878
2.42005997346129
3.32499255706792
3.00489423142383
2.57377246545107
3.89131062981777
1.83083158353169
0.00510195723263527
3.52626471001409
2.42112169016049
1.76692886151324
1.79323632178812
3.22705848596791
4.06383027441642
0.599587292924506
2.75993841145971
2.11465233374052
2.87622608768309
0.108351600809123
3.49167431495473
3.06109442375734
0.250176925057668
2.95687195147424
3.88573977734707
3.85077711361485
3.2228203746837
2.06743566393199
2.88353614922334
1.08162981618408
0.00510085863789334
2.86675435382485
2.28262711930169
2.32422257460615
1.79971085382619
2.44384884099085
0.267077509674781
2.82248669302568
1.24256569176452
3.48956208630027
1.73616164245343
1.23597820069438
1.85718184086229
2.87975141671981
2.11283060683579
1.15027913767115
1.35383155429945
1.02882047000185
0.00509976053333408
3.28900312882998
3.37429317865128
2.63536857401169
3.03925664795362
2.22494659859254
2.11949753304378
3.1217744658596
1.66188270140515
0.00509866291943428
3.03032158914321
2.14676013052311
1.59860961942353
1.61113219168514
3.00337705115698
3.88991939732238
0.575087348035497
2.40698648689469
1.83075812743923
2.40770352855522
0.107605608792305
3.2761733357601
2.72243547137089
0.248070050440545
3.4928765471387
3.45888139408038
3.79513666537735
3.57884115273272
2.39850500206975
3.25215437532415
3.17567511606564
0.0155652390898173
3.2489143731011
0.928281983539346
0.389050744504489
1.79346324985701
0.00509756579647316
3.09803434469812
2.98311230523884
2.54375354382161
2.51065408222346
2.29446399452993
3.92314812780971
2.76898230688717
1.56064957002196
2.64690521251475
3.24164318191037
3.14955161862038
2.67051076438745
3.34885973688514
2.57377246545107
3.94343950950273
3.81219357216057
4.08449796382618
3.75042129364485
2.59126284653646
0.664763238525266
3.28657977306834
1.74477766297097
3.51298234871459
3.52681383002605
3.00317792976479
3.01099784165387
2.86184098612164
2.61545087314038
1.05590490600281
2.37924854827646
1.86045650995274
1.76118408680333
2.64226099201174
2.95586125303707
2.95259352852147
2.87308544907543
2.70318903449866
2.88434619146552
2.05556676988698
0.00509646916330026
3.64652631822717
2.49394112902208
4.33757653855079
4.44967558010328
3.52413709644583
1.9097706147417
2.58820853812748
3.59439373144901
0.0155523101412769
2.86293257438008
3.7925599293828
3.66246102274797
3.62546606049772
3.95491352877642
3.22280653956958
0.0386669614864469
1.4140645074484
0.00509537301999821
4.43575959020539
2.55224234085828
3.78618715824318
3.87632919023902
2.561277430507
3.56604596431563
1.9173334227965
3.25215437532415
2.89465619934305
0.0155394035600211
3.13489691210856
3.035932412419
2.98644535882031
2.886407639946
3.48467227283924
3.10557812785014
2.77199025186044
2.15012809123355
2.33374038058795
4.19106839799806
3.83391415145782
1.07364675518042
3.4546480156141
1.83715494982088
2.09710942009116
3.1650355803261
0.0155265192880849
2.63562041967885
2.71428426315888
0.0964833279104293
0.684583698127516
0.00509427736642508
3.09793462558804
2.98405297331706
4.4562024030462
1.69899084639211
3.13254843583417
1.62642931583689
1.02493265999773
2.54724869760364
2.13066315895235
1.79903194871054
1.16755528253485
3.53947820172785
2.15684085055097
1.27814938118431
0.00509318220124454
3.51686217239882
2.64794738833509
3.20474817659697
2.32337629775147
1.85593881769103
1.80655645387711
2.64973788091611
1.52317976416356
0.00509208752535422
2.65665422787917
0.323843697780075
0.506548413886764
3.05906850267344
4.17773304214211
4.04077130281277
4.82340623828091
0.00509099333779226
4.55956004631045
3.23953430847199
4.7834538358122
3.79311564891433
3.02702922288174
3.1448390512755
3.72193765556693
2.20057117400959
3.26090521853352
2.92671803393041
3.80210308284952
2.5530740313819
2.49382782340754
4.00321842676293
3.71393108927758
4.13872510116105
0.0385901348948365
0.505072222784252
0.00508989963884882
3.19525645822093
1.54225522714058
3.7229837868196
3.89075199042857
2.95648064431623
3.07224868577332
3.85265190973139
2.30622255065781
3.12136825335071
2.69958473461754
3.34325410909822
2.91578814328618
2.82058141769477
3.55744676746814
3.68450812407847
4.13236255281129
3.24565514839825
3.06245144032042
2.20509409156556
1.3327692811956
3.27974666616609
2.51583573503425
3.66663219568928
3.57224243245111
3.01180052670435
4.38719827810384
0.00508880642737301
4.65222027344041
3.30644812677776
2.35211602370975
2.26341653177571
4.80515272707217
4.04082167726134
3.26693710023474
2.07291579866441
2.84025184870366
3.51698598015483
2.3719081206671
3.48985645209611
3.23779173582101
2.56365591720873
3.84426521684664
1.53814521504837
3.64004306632964
4.14362778634462
4.50426126835375
3.67598992085483
3.19719321849885
0.772808859344727
2.93349001930756
0.947019677970155
0.005087713702649
2.96273939592627
4.28430089341662
2.17755179262598
1.2535213162572
3.36789075795108
3.87927946980265
2.80082621451302
3.4282194422896
2.71581883188925
3.04076046607315
2.40733260778146
0.00508662146554054
2.9960862800423
1.77047606682126
0.118189391216602
3.38438288351226
4.06952558397014
3.00030469594272
3.08511248274726
2.47910244424258
2.99779733062367
4.74096581800887
3.37951211562258
3.80285476180871
2.48613411940999
0.0250622135748386
2.73574341151798
6.69690978541353
5.82319779176505
4.27732133057362
3.94824043851688
3.70297288905796
4.58088797121084
2.39216207223031
1.74411533460464
1.5247241156671
0.00508406246837892
3.17827346278797
3.53172932636578
4.73410424170527
4.29316443184712
4.26024818538738
0.655634255091206
2.71497831679287
0.363172985139922
2.18634147503482
1.76517057495016
2.6119362551672
4.31940348951205
2.96501680574099
1.63658218460474
4.64998982947997
0.0155214012355474
3.67650851659708
3.27596382474885
5.54548398021306
4.74712136305424
4.62697397396569
1.88152210591239
2.21160360599678
2.31300386417483
2.65362449512675
1.35959614160265
1.07762627533026
3.17579052894842
2.60011333178723
1.16105644185228
0.00508223906666062
3.38111851029467
2.80654195497682
2.94799738979792
1.53907459723273
0.00508114875126405
2.99363837690542
2.68954550481494
3.58994224119672
3.0834695999468
2.64674920452698
2.79444746761316
3.47388249444606
2.04397389537693
4.48330880674356
3.85696118092025
2.86560816033612
3.12340013947045
3.48707149602453
3.72041218263735
2.57409352317145
2.02122532486713
1.95624625272323
3.82200480399763
2.58374629811771
1.41955011321425
4.49898043147611
3.48226617791797
2.6786349847633
3.24780866377394
3.5534144942227
2.20413684353169
0.921805276079948
3.08354424989628
2.5158100974582
1.12603609546616
3.85018600792551
3.67523417583532
2.6786349847633
3.44335177155
3.79975286538244
0.983228529340415
1.43388608536145
1.40556735438554
0.0155082955921808
2.62789692600847
2.86924625842074
3.77311273912322
3.2990263845175
0.00508005892197601
5.62747211910397
3.5186977513507
2.60402022077505
2.97071684522873
4.25716775240704
2.83751693566066
1.12603609546616
3.03805265801417
3.67447022533173
1.55235305688649
2.88175108170066
2.97013461568416
1.4409088892004
0.624556141076072
2.89852233792166
0.0154954714458698
2.67575781750614
2.27512293888077
2.98125694939705
2.51778912217108
0.0050789695778653
4.51763443383704
2.51256425774298
2.26380882323836
3.04681131794458
0.0154826693857859
3.1687451924217
1.89265127504002
4.18924125961493
2.0550495261685
0.00507788071859881
4.79900603795375
2.1332234537128
1.73106117948405
2.59168464350194
0.0154698893541725
2.9991438277717
1.62580872287607
2.71690673211089
1.74235048856163
0.00507679234363378
4.45602033851636
3.03243564999958
2.1541732010476
2.60369904074567
3.28084695187116
2.54602984941715
1.0550809195746
2.74313788755419
3.61804899776877
0.28524477586539
2.29121707322399
2.76061204020624
2.3137342338061
1.34598361677346
2.12947639157156
2.1853665048926
2.4757906069096
4.43870709568834
2.76268765441173
3.29513407921365
2.27389326374159
2.53616888669323
3.77536465795501
2.38842323824888
1.30469327504088
3.95500110709888
2.0545351593702
3.46363931047297
2.36799685294228
2.77319942251129
3.70238216210019
2.35348079815299
1.55876156187396
5.20596398433217
1.99263623104415
3.04701295678261
3.19947893870943
4.08435113933142
3.52126814671845
3.26820626320618
2.83997312478833
0.302675953453384
3.36173690191621
1.25131743883488
4.78104555038715
2.76981464346023
4.72091043551961
2.48333951415874
3.70040379852368
0.776125753211966
2.61280017282489
1.49932386107247
2.62646794599363
1.43096611364982
1.32056084022355
1.77230726710755
2.1416502354732
0.390237787906158
0.769124144366444
3.37911869725726
3.70057388404832
2.44076030359461
3.51265337925312
2.42845895562033
4.06308179835156
1.15313547012462
2.97272781071556
2.08871386103338
1.85362572258819
1.71628311796736
1.84581204736734
3.80507046732285
2.4610623990807
3.96179496367778
2.27162421924454
3.18171936752844
1.62671390426536
2.84077013905451
2.87190488229392
3.18912457428667
2.61830736223032
3.07009423967621
4.1060118212339
3.10244110533699
4.49412456742303
1.2961253669465
2.03894118285707
0.527148701703936
1.45655024359707
0.0265145398380139
2.67532061968137
0.0335295155377334
2.37367627462865
3.77433336419789
1.74432261125602
2.15623034595011
1.34109880429317
0.0575823090970663
1.57028444200858
2.29395533005905
2.8080976083175
2.44046922341602
3.79134838172245
1.98921699019977
4.60025480416707
3.1936016908904
3.37536422037145
4.1553497561695
4.12335476098075
3.72837647720974
3.50663697725239
0.0575139022643906
2.93720477808672
3.96492386221744
4.18280962285545
2.5599711287796
3.60078951686976
3.74402284158662
3.55063921183796
0.0264779477172681
3.5240486863947
0.0334794191310617
2.64966119358518
3.66173200107816
1.58680692311103
1.98070402246331
1.20925779599397
0.0574456660526736
1.42857159960354
2.08579562481807
2.76955163266322
3.70853252428958
2.55254604520133
4.24508704439079
1.70985543953539
2.99624894462354
0.504091699452802
2.25993618285926
0.0264414605551897
2.77667686939147
0.640886207007469
2.72410583514736
3.50597728947458
4.45061759101608
3.85052769773225
2.67242968097007
0.0573775998108334
2.45382282838236
3.5618852033006
3.34623065671363
2.14726870344141
3.76164290088692
1.96228760364568
4.59111033655195
3.00471432220017
3.64792566627902
1.76517309280157
4.32880345979868
0.0264063010431961
1.69899685146032
0.0334295925526474
1.49996125520912
3.56383797115061
1.45010096342802
1.71322797469654
1.0324987250134
0.0573092450937124
1.26091130825104
1.83670379285464
2.67064462548194
1.91876555378641
3.72811227657857
0.272495615464428
2.87635510106086
3.17576450402594
3.84741694251024
1.4154226232236
0.00507559090883054
3.77419797374774
2.54534609948027
2.96850525692239
2.76301187916338
4.34739003671459
1.12871334211575
1.3885776940631
4.32124602591097
4.67135834911078
4.24984565288551
4.52221437578582
2.98640582592155
4.57447018109197
3.08474234973149
3.31837291340864
2.99925908997669
4.12392101148421
3.14018081672566
4.26832469946326
3.60825359419814
2.94427647550069
0.952369547870545
3.36329255577214
2.03310121070646
3.79172811131265
3.38132771677905
2.71795423915365
1.93139291321887
3.47492002762447
2.52480921016882
2.92142073815754
3.94482297682731
1.02597718119163
3.20267655311728
1.93730001567554
1.5197713255806
2.82527117958092
0.793367471345567
1.81551438108611
0.00507450352601686
3.3769622969938
0.822123975592595
3.96280044627063
2.2283881433996
2.96005473307943
0.488104432441347
0.0050734166265242
2.83156940324251
3.09331685009599
2.96898651827228
2.99532599925918
2.15471848638517
2.70283418015181
4.41135661015222
4.32135601947482
0.0384987010323664
0.49316478455632
0.00507233021021485
3.15127502927019
2.58210548943041
3.50407878028785
3.96811851091797
3.20932485284347
3.72856581896349
3.38814556160643
2.22168860130361
2.81155037890712
3.58217100714257
0.533116360671956
2.4779425353434
0.267806204692126
2.31245650521929
0.263283275104127
3.0408870727555
0.25891796856456
2.85860168813834
5.28491669998164
4.0859903178971
4.26941275724756
3.59566051584571
0.216257314436795
0.267985385461545
0.0050689711143273
4.3828542232394
0.130951262670149
0.689210163151454
2.18745895687362
