3.40212535815271
1.99564971122947
1.59628556638706
1.3018162933704
1.07064321442399
0.93281401980358
0.949417627994448
0.787056659162764
0.998258926557849
1.18897485533736
0.841418906812864
1.34108643376521
1.13282112558704
0.96903435125249
1.03532077120559
0.993657173247551
1.0833186599509
1.19846888966055
1.11052871205214
1.41374244147784
1.21318845997776
1.42211421272239
1.25838100571965
1.29992465331477
1.35759355440814
1.30457656283802
1.45630582056271
1.39383857036449
1.46206009258256
1.39964069615708
1.47680088291687
1.38986201005585
1.38349046823292
1.49156686091989
1.42106065721788
1.5057763831337
1.53282885443202
1.52522879401783
1.51847951691136
1.52293725774723
1.52569026268647
1.48468907143452
1.51125259810605
1.54385982801124
1.56051066976153
1.56617034084057
1.6169872813374
1.56667450612503
1.56059887120137
1.5528883745149
1.56471788841798
1.51456817221047
1.61852678668456
1.53373370955477
1.61263950545346
1.55876956831308
1.64276877219504
1.66161030632109
1.57368503279993
1.55581814793136
1.62850063622346
1.6833218770033
1.65757197439874
1.67840409662508
1.65049207564589
1.67644159016304
1.63293134273568
1.62970462557773
1.70135824539198
1.66024791635543
1.68766917085863
1.67897964169486
1.68204664017377
1.6272477262268
1.63960320027375
1.6116522983163
1.66524238013646
1.64855884466977
1.69572148058168
1.66030256150285
1.64752593505355
1.71695442480142
1.7263052965744
1.65330088743896
1.69227959408735
1.66408422227178
1.61559495014827
1.69694641854421
1.67525513920376
1.60302069920164
1.66167010999575
1.67422884166372
1.71754402289997
1.74824998398296
1.71679053150787
1.69189041604486
1.7691213815425
1.71131290593741
1.70644297404227
1.63376909092962
1.74568274628601
1.68383210965226
1.65831140098341
1.76313892214897
1.6735331414482
1.73947880717203
1.65991832535886
1.73171055647544
1.67660278387394
1.7877903135531
1.75184642204931
1.65708417439607
1.65204165160878
1.76898029741151
1.8086733237278
1.81891135550798
1.77717758003167
1.81446250355554
1.72554712316201
1.68088061148542
1.76288934922183
1.70028356501124
1.78135497089533
1.84737731813415
1.74799282301735
1.72345871115417
1.71223601782582
1.80829083033632
1.67805054905246
1.74940875079089
1.75141353272936
1.86332570912051
1.74468288434446
1.85511743062469
1.74795342064009
1.64605752609049
1.6927001153219
1.77685663890599
1.80751142441832
1.79262394023489
1.79705704913096
1.74591849475447
1.58390958397991
1.79651913538661
1.59664893121951
1.7993423600687
1.71641587311512
1.63206030518667
1.83315223276858
1.8345053511934
1.79322055484377
1.78968546675749
1.77772521039784
1.78925958254831
1.82095323463708
1.6771820101233
1.77631422846594
1.71245788190184
1.65542998321822
1.59965680538727
1.72313625147708
1.75534972345069
1.70103721346468
1.81100448649207
1.78635103972988
1.87304306458789
1.81420674256945
1.80785310622623
1.79149295587451
1.89903163796033
1.76612126438795
1.77230198106318
1.73532566963214
1.7967026763694
1.74459563289706
1.71576119288163
1.6830844093127
1.68180510008059
1.67644734596242
1.82534686696284
1.71452391429713
1.72265817780703
1.66685005453073
1.73948997581331
1.75615443516292
1.81881946707473
1.73585953187867
1.78147657975767
1.8240634741286
1.68727550305227
1.82623923333674
1.72267712482807
1.94423650391941
1.78962603369435
1.71981094669825
1.77211793580524
1.78775962696564
1.60771241900267
1.74905120056538
1.87950093401758
1.65285060712562
1.80287757871779
1.91303167772644
1.74292133256756
1.77157532666144
1.7947773374232
1.78394528988093
1.72353120552191
1.66074330771816
1.64808851922795
1.61793593782269
1.92977184590546
1.75319484644503
1.63123858827175
1.69394418261995
1.70255811273677
1.66610097916475
1.78126755390466
1.69861709965105
1.782919201982
1.85937793934324
1.85895687688415
1.86815030999293
1.68182021053131
1.74804643475679
1.64402907645375
1.66277812347203
1.73598467149066
1.59001778640873
1.69006465547468
1.62998050393865
1.59230478381498
1.59867923048512
1.63641174009798
1.72612934702715
1.66418308463221
1.92453689751105
1.66883002560467
1.79413706528173
1.93239276271669
1.82126251753704
1.57636444862791
1.72118735607009
1.75049275364945
1.72419188848485
1.7672866658232
1.75579702063095
1.79299215650565
1.58659743590848
1.69220723453519
1.77048314129856
1.5615407597189
1.78384043744718
1.64732720821487
1.61553655751875
1.71362960466859
1.74506217987974
1.58926315712567
1.68179225211623
1.53057691407435
1.78324340290182
1.6999644564831
1.79189293283225
1.84275742489378
1.66256514491089
1.70211064306271
1.80398677830043
1.59791698892241
1.58465632046742
1.68643861061165
1.71274133581005
1.68311389364367
1.78346512490588
1.81597711127739
1.72921436345586
1.42733817921578
1.67313816063305
1.63889500539091
1.71390694711346
1.62316972150384
1.79737986799761
1.69060606068319
1.75718976981486
1.7331234749204
1.5955771050054
1.52780432448749
1.82544654542473
1.70772794700398
1.59194150483475
1.61076128456381
1.74383942266053
1.75592387334202
1.60311606526745
1.57278437742796
1.6274470218658
1.60463520727276
1.75643729534382
1.66631942331294
1.7698253386916
1.68011910611732
1.42900690064568
1.43062009026081
1.52941183186837
1.61740482987569
1.60723469414328
1.4967749591262
1.78075748258603
1.77444988309631
1.88664763338779
1.6674323462019
1.73100644456373
1.63095912080022
1.78850504373386
1.73875326515157
1.5970503550579
1.85813802461299
1.85684784788931
1.77050676846354
1.66347281811538
1.65001008217277
1.72053070335181
1.74394127883692
1.72171278697855
1.5749890088154
1.52515086841307
1.52708887137256
1.583702843697
1.67238439675876
1.87701940083388
1.53609556312438
1.79595351875636
1.69120613953767
1.82067637862108
1.65981722820352
1.75692506281911
1.70781866556921
1.81919767949069
1.90856107419652
1.6615552303614
1.70890004788266
1.57748048641342
1.749381068522
1.63548386548221
1.63681698086525
1.68560410168622
1.68675504041153
1.56924220075109
1.68553009273668
1.70110629208642
1.62187210175167
1.63113805805874
1.58796195541846
1.76001213003907
1.89099826013937
2.01501898195171
1.89904312011034
1.61411215484554
1.86610541094142
1.76507603953146
1.72185119467675
1.64765239738157
1.81941970242906
1.52474840620845
1.80767355910963
1.48809677668592
1.86523059839342
1.85517866732995
1.64271613474112
1.51112893984336
1.44974828044707
1.40771874701122
1.42797766411491
1.48951183880096
1.73766237507957
1.70906025494111
1.56652611585168
1.70672237140985
1.68002041641781
1.74609610268774
1.74301146704388
1.63459476062758
2.09711534782118
1.75389403315394
1.66965689661535
1.73583719641475
1.46247647524739
1.55962751949489
1.75605684846534
1.3574841223429
1.65474391570487
1.82787152636676
1.71382716230429
1.85113442527048
1.69475791356929
1.67022958769131
1.61906831274633
1.67675131324453
1.61859612210785
1.44926956201226
1.67541631598047
1.7243982169094
1.69717130618454
1.66874374307446
1.96362279920939
1.56409674610752
1.57626416845414
1.46714567905369
1.58450776414289
1.60634903864261
1.50785848560274
1.59194837871526
1.70368651530794
1.80732038759303
1.71798378556097
1.9087921964029
1.87958404525524
1.65345550789832
1.64252390632084
1.87114159765936
1.81421114936657
1.95438843501151
2.28497257747122
1.69777107979495
1.82185299266229
2.09624557246868
1.79342325229013
1.56800258553425
1.61140861865795
1.46411918064141
1.50651892101123
1.71246012380249
1.54995141888707
1.8309430261633
1.64300478969983
1.76075083696859
1.37816569820647
1.63270407655191
1.71213981168471
1.45287882399157
1.82039251466007
1.59088618376354
1.69724146160632
1.74537461682429
1.53181728761677
1.68738502066258
1.74005791337964
1.49655511672895
1.63832564279387
1.58424483203624
1.59584462779192
1.69024711365438
1.63748694552337
1.70680249132557
1.67610489655151
1.97273470003285
1.76685361025556
1.79239500700204
1.60243534308175
1.90383341848857
1.96024752574098
1.84293250230037
1.45492774945206
1.56438057841282
1.9381496402104
1.72564083929369
1.73026444751989
2.19765348419039
2.08341164803026
1.79541459319025
1.88745838772906
1.65688735130273
1.84826712987014
1.77874990979663
1.9447471623289
1.81204595377159
1.67807711409428
1.59016288004833
2.09554634502488
1.63122621144969
1.62516859211966
1.7955642310812
1.86750146749808
1.97461074795065
2.11826713051307
1.77663659452652
1.81577870957622
1.7726973157534
1.46549974004878
1.7332944574748
1.42298405384192
1.60151036516166
1.46852218311429
1.70406119410426
1.64907138809244
1.33081465585602
1.73462022433131
1.60505900914147
1.58328772021716
1.68339726357347
1.60985070092424
1.53073708875388
1.35133799853787
1.791934078836
1.48493481798476
2.03574305740188
1.86109666815146
1.72815266485452
1.98352239606817
1.83453181930541
1.8082278083869
1.43079026620735
1.52812611025226
1.74681644395061
1.94883193772284
1.72269790865866
1.68376950626251
1.55466178724824
1.69156096246497
1.97780650601693
1.79330510550689
1.93347142190235
1.99927987587498
1.55780182244519
1.58680805130516
1.80586281996995
1.30917486863963
1.78544989504103
1.87502895715056
1.72961748654289
1.54034310448723
1.71789495519672
1.68992590871418
1.51606914731713
1.33217659313913
1.55168815906209
1.62438851221253
1.90578599611395
1.6407039240737
1.34786030351264
1.92737816007028
1.9780982556721
1.98221592822765
1.64240356229681
1.47945754324562
1.67979176455284
2.28566878900035
1.61732128791278
1.84713394737874
1.38215860066015
1.47658534197494
1.72563406427384
1.68156192832053
2.11102669133213
1.45586685315029
1.9057305178084
1.86100631858946
1.52964385096665
1.67834626473282
1.81244249320566
1.66650770638823
1.57151803746738
2.18152883778626
1.83722576022058
1.68097197969515
1.45124604124867
1.70228707143092
1.34526250958406
1.79685543468768
1.59620079099197
1.91776048816054
1.78906649996463
1.38534116627193
1.58007649219011
1.4727957230579
1.49644815591199
1.81031211252174
1.59698237769237
1.80342835181527
1.83532015124193
1.55777036536275
1.73449210661871
1.67303103974772
1.58001517452117
1.64001616147864
1.3813654699498
1.44719839718864
1.55944442264064
2.02375459545714
2.04541457529381
1.63344358627562
1.82294975927152
1.77957556146422
1.7657079826419
2.06756362170616
1.9387107483704
1.30791763869496
1.54541439247778
1.7919496580004
1.68821556807422
1.85022382215389
1.64870491395676
1.55780490871397
1.51213677028806
1.40999765390517
1.32756767765144
1.51336587741992
1.44270081547801
1.13112579239499
1.54126838419737
1.35670430723426
2.50288447660602
2.0223586498637
1.77402253486567
1.41942254817353
1.92039587979481
1.57896041082986
1.49522922076095
1.71184138037835
1.50032462682702
2.22371956982471
1.6430349039214
1.24939017996615
1.26617543831131
1.61461643673621
1.59213190036974
2.05612629130758
2.07026704642009
2.00104406267172
1.4640239419686
2.02841094642497
1.4211147415137
1.41690509921787
1.21314650511449
1.66410775900699
1.49710482956218
1.41468729831598
1.57172408978575
1.54528569558507
1.63738009889683
1.65328548292071
0.981572556397838
1.47061101757287
1.44707774543889
1.5737436940193
1.43788600718884
1.58258182104818
1.7515710607512
1.5972330216567
1.72692803978713
1.90379867792331
1.61859980417039
1.67659372727051
1.21901719706588
1.78754268623719
1.78496728593992
1.85838831374204
1.47847603595944
1.36754596697583
1.21492106568334
1.77937684864145
1.40143291465652
1.42333786355924
1.36514046149356
1.79503891754185
0.990652246619061
1.61887056357802
1.35352719295656
1.31787957426761
1.91252673186899
1.87100088908921
1.76771734802338
1.73494209952745
1.83839549690063
1.53878495408118
1.39656971814006
1.70263384764334
1.55821799974763
1.71148664521882
1.5734025621168
1.43166950853456
1.56870126852932
1.12093301988204
1.3895846479711
1.51747717010576
1.15616858747017
1.32182994234162
2.03722242215266
1.70287819053136
1.6998728268432
1.22724214695362
1.3141291561724
1.80123169748092
1.94590247410785
1.27686142627464
1.38077788478735
1.60327444156941
1.52108526919195
1.37473458805855
1.58544507635746
1.54449252909998
1.44874367058219
1.45214050412102
1.11414156481943
1.12953554654138
1.45192371537093
1.67858971754014
1.52242882791796
1.40888134859956
1.98097275093233
1.59501540010457
1.51367568234871
1.27115761847954
1.08050355546695
1.57670255216164
1.41039074645615
1.32859739738018
2.20599467679639
1.97992207743887
1.78405492501099
2.08945443790737
1.70072253142203
1.81170347504194
1.89666163973193
1.75596835392091
1.35229836346583
1.42820532357173
1.34117204675728
1.84335353085114
1.1468055079995
1.64314228410475
1.77404306613513
1.56483102606158
1.57652288355798
1.7382075305564
1.58014737025613
1.96055697149138
1.68777996194079
2.07905699326259
2.18035362773594
1.80396910997673
1.52677912613152
1.79978092219194
1.70531963229762
1.33399134293459
2.13445117246867
2.01101247135939
1.75374202489111
0.920134206945317
2.16686109101021
1.61185933307414
1.41599798085561
2.03862701846445
1.52256418928118
1.38545575130356
1.647439698585
1.27067473907423
1.88620716297491
1.18772889634934
1.75681011408169
1.86823969415487
1.14261696091378
0.942364863135223
1.19962192954632
1.32691359778163
1.62490768052745
1.80260104611098
1.84715225110993
1.3353225612418
1.35573620453448
1.45182960940371
1.5355167273104
0.940368525821597
1.67888919662462
1.42599399781369
1.39053136040288
1.33474372736418
1.20527180652807
1.18076585336774
1.21143722157592
1.17064398156065
1.47467019179719
1.78343126956266
2.03142234105365
1.22266399541822
1.74980730063879
1.37461825803343
1.59018895195192
1.13854604028066
1.59409429917814
2.1924886875526
1.62288541224731
2.01982925125408
1.28232978192744
1.30217443571145
1.30845849132747
1.2000633659005
1.07643542568397
1.73258589651293
1.64973311043606
1.37499038690208
1.65539078802423
1.27368884704366
1.05078906135484
0.923969042620412
1.12535574676309
1.30880299912522
1.3353453565359
1.52187749467719
1.51620269947237
1.59977599157472
2.24142388168034
1.35624257892248
1.49592409336269
1.56054856769943
1.21171835728475
0.869290107649013
1.58462026729523
1.17902241657001
1.91001558765261
0.952164433435179
1.88979431385532
0.8902612354893
1.178299790471
1.13614033820878
1.15176027681397
0.841405769890184
1.52579071846595
1.50490681684247
1.19874245004529
1.49531730635995
1.0822375985717
1.49772747633145
1.19085265604205
1.44376234868035
0.863668541088702
0.801184727693581
1.63464543454355
1.95271151281099
0.958098466491158
1.11002389537049
1.55350224610034
1.35603369746309
1.53465760049837
1.02289524033037
1.33510886174308
2.02012416623058
1.46473167531797
1.80781829656842
1.30597844806119
1.44094264765444
1.38856536187963
1.10112484924889
1.62372239064404
1.23075129593452
1.57543683873627
1.19172771724014
1.92507873715034
1.87764295972442
1.21969970070971
1.86003369706213
1.36182762898235
1.88852971901845
1.47485027707026
1.25182098689556
1.10239674561871
1.39975973999393
2.28134261161911
1.51576116534332
1.66004256794686
2.05155120266265
1.54881673093485
1.56700118004982
1.30791801866875
1.722725492174
1.2178595503041
1.33900452418763
1.43770804985922
2.41530194755797
1.29545692460959
2.00655178705516
1.3601366891672
2.11506518493054
1.46580987256012
1.4520182459745
1.71115479601603
1.48129779993584
1.62016200426784
1.48608660653272
1.5786760996289
2.53215213006218
3.14016090357008
1.79179389498673
1.04405075744932
2.63586046962954
2.15293335906356
1.4872654138268
1.94186509065025
1.50780411299756
1.24047033436492
1.48427320326515
2.0231393188741
2.49107084287071
1.59235049951806
1.90204043199083
1.44755584633062
1.95617774432756
1.99828800129369
1.26403156103996
1.72907588254763
1.46951846426571
1.67040491867404
1.08808016418425
1.19499136337765
1.39288070399231
1.59816037753323
2.04016974611105
2.79554127665915
1.75545314514608
2.21347238714858
1.32590605945605
1.52424214220008
1.03181517770611
1.72564034571971
1.1971306180727
1.31642980061015
1.51870164238135
1.92496327111749
1.04314183856086
1.2430539037015
1.05785489259218
1.64625916237009
1.43969209291837
1.00597636392709
1.0185318757351
1.06597910969302
2.36948828350304
1.44006174630813
1.39832324429249
1.67077057891524
1.39932069252897
1.60867434423306
0.962489798799605
0.996725772006412
1.30161323527073
0.724239779420419
1.74070225026332
1.75287192051997
1.32624673708792
1.64165003240898
1.76796954171924
2.05265203999856
1.57404235159595
1.32217036754115
1.44930638335815
0.807574390931314
1.68175016282828
1.65646494528124
1.30946128820899
1.20415650886281
0.969536596929818
1.53912782047081
1.36090889144006
1.37222367994307
1.62179767976756
1.33871332369178
1.77769472796988
1.83782950098093
0.997388779483187
2.49144470058124
1.21104510811471
1.22080997436321
1.06295104680072
1.60913579271883
1.1909343797421
1.06488603729998
1.26838421508339
1.81952018528133
0.702693469236086
1.24247237716474
1.42701002448697
2.08808821440637
1.07813880371087
1.1517422842086
1.46284889543436
1.52826497727111
0.804298894288007
1.47192409418068
1.25191698536996
1.41148143885815
1.44429323897022
1.44637173510237
1.82004791640725
2.08911244069744
1.44325422996801
1.3424015602033
2.22926092099228
2.28010585531239
0.973103203945833
3.91327672391104
2.23706688885137
3.64137180548312
1.87796022512465
3.06580250275231
2.22433008893301
1.99834180503527
2.01796056467793
1.7615445942153
3.06548108640114
2.44583112015746
1.39792911008951
1.68520004236801
1.90279429291896
1.59496898199267
2.06646979494745
1.9530922322117
2.26874288560265
1.26210697377923
1.79670724792894
1.41685927609505
1.5784956231369
1.35611708667061
1.66497638121122
1.87313363921864
1.62997908393839
1.5394913052137
1.06978347213832
0.909418077003793
1.2227022641548
1.16924813097405
3.03980512511366
1.1260738975408
1.48491011416235
1.13467710888315
1.80199490770485
1.20074138734568
0.776040490934952
1.26962461255548
1.21925563575415
1.14295832556343
1.9648549240592
1.36364064114261
1.57723911052009
1.80634275987739
1.47806025953385
1.52994453796891
1.2531560599377
1.51075570089199
0.89345648871999
2.10713231667931
0.552211984357452
1.16829679937075
1.21519548007195
1.82155894484675
1.49806847326224
0.898596986901724
1.29591871602542
0.938985347733985
0.96365193694299
1.10388772105553
1.45293172933232
1.47960041041349
1.57859637181087
2.15406711442971
3.1387181992225
1.27481736352228
1.62757989719781
1.87511376977991
1.49868295546359
1.60355519368082
1.60675065582044
1.21428167122989
1.75285422606968
1.24980009794216
1.62661227221143
1.69541397434704
2.15440857888751
1.36624680908111
1.20827576537182
0.981812500498175
1.26681012843147
1.27039536036851
2.0725321925465
1.84348950693729
1.74176124904241
1.42474066031525
0.67296235594168
1.60216899167773
1.11447436000701
1.81573146256447
1.09292348280598
2.18681588734852
1.37751893762809
1.96691222372207
1.56038178426825
1.60854181314172
1.95867604511527
3.09739149193015
1.81649189478759
2.31592372655964
1.97309467444317
1.87878440625426
1.67972263168657
2.07624246963342
2.25704991323416
0.717500656438222
1.18257517431122
1.74655477993751
1.06058077842712
1.30477721355661
1.01493968145549
2.03886224544588
1.22018703464272
1.7981978880306
1.93432506624909
1.3740656126224
1.18536047692625
1.6922423935949
1.80778980227938
1.34532847620104
1.70749611016721
0.777189287843689
1.36969713963252
1.01492251720069
1.93803526293194
1.8244225119279
2.15507321473138
1.16435542642505
1.40795134172111
1.77307645857319
0.796043285962526
1.07594795199162
1.79267295115966
1.07417202449378
1.35816394491119
1.44064459617135
1.29910192580979
1.39844659135511
0.817149085145657
1.2549888182845
1.87138454087132
2.17517285257394
1.1462079879752
1.55956256255252
1.89113258009474
1.58399296875751
1.29698012429391
0.959230210669358
1.92570804105042
4.46225058908502
1.46659626588753
2.35963704046082
2.17312641256716
1.85023165703337
2.49296111026643
1.8544967961938
2.98549528128342
1.7304917368652
2.21634811726986
1.90831896061712
2.25764260312805
1.04815709795746
0.900645504123068
1.69814513787637
2.53086468500908
1.57333823028245
2.07608181422328
1.39596891784302
2.19734528496353
2.25200499463775
1.78676486682165
2.12648755774135
2.1292736546781
1.85978362568666
1.69635983413873
0.68267567765427
3.40890376256888
4.09971266692918
1.6765614914834
1.84958084260743
1.92106132851078
1.86884230089847
2.10324878969762
1.56017453228465
1.94149173971693
0.893146643786217
1.28638747409794
0.424664072654478
0.895596219067404
1.17292205446679
0.6556617516421
1.49929831198699
1.53894411715973
1.4684728710842
2.85451600157062
2.82742579622616
0.764069117867153
1.31598374005497
3.12558774192681
2.29522445961404
1.99405089079684
1.28734884284305
1.27775788573743
2.22980884503564
1.57153246037761
1.94385700568172
1.74336787493781
1.64615890047637
0.447019944293998
1.5355687302884
1.34698727658201
2.75326518661193
0.958804571528967
2.94800744814034
1.55447183259337
2.6169041270334
1.53406097260385
4.79835712693077
1.14974092737379
1.88196718038218
1.16163816226979
1.26701397512032
1.86629871218529
1.13867017449949
1.45601690361691
2.13541929303994
1.66299703955013
3.60143008530427
0.847481888966573
1.34305330892025
1.64020153015992
0.757146021108486
0.814468179877486
0.686882697845144
1.41318097217509
1.30132838644243
1.08676202334482
0.919812287529987
1.31972949506739
1.5775193184039
0.84264650359214
1.11712452660167
1.45571163045804
2.60116194051358
1.52348379696992
0.620721294047285
0.733531925830913
0.687026244292821
1.07324787912262
1.53447627371956
0.758750572885092
0.66051669222799
1.44260012464909
1.04744796678043
0.83946937198802
0.635004531548273
0.7802465149904
1.53592744083234
1.37851365801535
2.90079467197787
1.39447633266013
0.691997682337339
0.745769629649522
0.953168951966779
1.77125727740935
0.630491517234873
0.692471040437356
0.474573694619392
1.19777993628097
0.744327392977097
0.669234874101331
0.839192323556113
1.01573913674715
1.25291038022257
1.46697826415081
0.54169552026721
1.34932799341531
0.870406216767
0.804271193561609
0.685410437682283
0.396239674087162
1.29569198397659
1.57262873867389
0.527793882585191
1.60989615911759
0.813423363915171
1.04423697537051
1.3774331282316
0.876238470649932
1.80836765230858
1.30382846074826
0.946237872208838
1.95617380638337
1.64348602334984
1.69919797488287
1.07675373851529
1.61412600050374
1.15242459931401
0.827424131673876
1.80517963244406
1.44265739372134
3.4344175257543
1.08572247725438
1.68021046394369
0.970084598998522
2.800421329715
1.41868189226049
2.79820895153041
1.97461972311955
1.88168693903004
1.98798109523106
2.20001299470841
2.54586074357589
2.07977793853242
2.48214735014471
1.00688322727732
1.30581239729535
1.46933194742531
1.87533976373406
1.79243786156633
2.4253604507183
1.71363315763996
1.65086234024824
2.61408415931953
0.74959959424599
3.17411663354052
1.67928726163302
2.17968837455086
3.6160558052561
1.76287315084352
2.11160668277605
2.33241664775795
1.52624199606714
1.64201334844124
1.38051912659973
1.00000721623152
1.88151248971108
1.48804618183317
1.51418591405451
0.748791899592811
1.11676845401156
1.97515716272826
0.876888508972416
2.02480190640993
1.12603318736307
1.73365540578808
2.19005270515693
2.27828015687842
1.46005926993876
1.65380426191216
1.65923688699618
1.21246905377005
1.43384226325531
1.17463506177944
1.06290487201305
1.0648385861685
1.53161521755334
1.30539432532964
0.568747663839326
1.17333179030377
1.56437283022151
1.17260952721233
1.51594935315301
1.26793238045911
0.509898278537884
1.206203809383
0.835625901231787
1.13636657862543
1.06845187802067
1.01443957398028
1.41959140434871
0.389094888865771
1.33940645228592
0.245634339844112
2.29741560341099
0.789891899746441
2.37942295489052
1.00884856976125
1.0522217174631
2.07188702185348
0.996377832427076
1.37338553628199
2.75349358821977
1.51713252456982
1.83220233487084
1.06157177459518
2.16795940787497
2.13829087547941
2.09006800041348
2.11913943825048
0.482649653932436
1.61174831243959
1.2078218638098
1.02581302730565
2.02343341609917
2.39860353248282
1.46858303035509
0.843067123818811
4.05101097416576
1.51199231793305
1.40164823631634
3.67960702706213
1.25462758339623
1.85983415102675
0.825381185342904
0.959008354193782
0.308847568170245
1.68609322952952
1.43327921274742
2.65235949242757
1.04895566642999
2.4831722794912
2.02965358731458
1.12530231624447
1.04270961306688
1.50780885158406
1.34147718041736
2.26514231919002
1.10888288296606
0.78135762823102
1.25111000379345
0.907619931678544
1.4471826213531
0.384335776909126
1.45669769796206
1.08983608470479
0.740086640911279
2.03783331970748
1.79055648660106
1.68991148642773
1.85725345936278
2.12865524114217
3.00912970783795
0.961076923393429
0.710343387285264
1.02521640450702
1.97441812212335
1.42444493089121
0.866906339022708
0.639493878082195
2.60620955487736
0.740193054540456
0.407955378810436
0.499363550730765
0.554663389845885
0.858882634031914
0.508452477561502
1.02094917939296
1.9265694572296
2.30406548814708
0.354592986929086
1.29461165814472
0.185000421986907
0.241647859425232
1.06456253009095
0.203694679761141
1.06715476097618
0.271173101838525
0.205245938554422
0.526552750589504
0.784440016196671
1.29655853970002
1.29571452490841
0.339036043263763
1.09283938182799
1.43905411393517
1.24215209464103
1.01130127105695
0.816399598839948
0.381043011935967
2.9685440503175
0.93478936430761
1.22727859124316
1.15294525036612
2.80448786013036
0.658310421016544
0.511561645952094
1.10537922468706
1.53039046419029
1.44956821996887
1.23475556046331
0.964769232508619
0.846321787379417
2.19928618931807
2.00453200739463
1.15548760314499
1.92074532243465
2.1161524762518
1.93739647493166
2.95857877943295
0.633451332917464
0.97186584935239
0.489500403235803
1.71331795711914
0.508658812200086
2.17340416441332
2.7612207261347
2.50868486498911
2.02886536690504
1.73080733351354
1.47156498307778
1.24142756856003
1.85820078155389
0.895465298094438
0.607697552183028
0.628922975919027
1.15285542506626
1.14326137403832
0.749210130494464
0.994977114592048
1.70088755432328
1.56959631002902
2.46904717953063
1.8729621063914
1.40323403454898
1.47670548477587
2.2471191925348
2.10083554880679
1.63280984288955
1.89390029799108
1.20353254660793
2.26740272347535
0.65407152425592
0.471772312957143
1.33743793308726
0.288220436999865
1.29524738884419
1.07165937413402
0.376175546113182
0.401729777244141
0.157964701767865
1.30005122099044
0.951205722002284
1.80597283868664
1.59480931601178
1.37139940552023
1.49726504162182
0.325477598707427
2.23351816988644
0.937430072811814
1.93950096842615
1.28554078910443
1.27339897434203
0.952443094841002
1.4632093170604
1.07799746828553
1.02742842089778
0.701783865439855
2.03336655155557
1.04061139870897
0.448481535260946
1.18818913018034
0.23489071209616
1.08689762804562
1.29406070962624
0.701452293016384
0.452278970749773
0.94196541052443
0.771073336273284
2.47730511202202
1.21716884264459
1.34947472825942
0.474505630502266
1.26070009881136
1.04881522476145
0.199317811904823
0.767445489763905
2.52422617682719
1.06042603371048
1.54186128600067
0.976908290433821
1.00746124342012
0.855279517768427
1.01533336265673
1.60865764300229
0.419840045558509
0.460960927060821
1.44312275623582
1.58002356851826
1.94008150327724
1.11758067211014
0.737153153759927
1.94028504988886
2.12741065529291
0.722550141183129
3.52686253790925
2.11197912069428
2.04675898102453
1.54776431252295
1.41572071087862
2.1860777765282
1.20420071168964
1.23807868561966
0.653185204676682
1.65826036463509
0.603892704832693
0.974693562356451
1.32478385615881
0.666379395562998
0.245546949804811
0.600212919506386
0.649979047373898
0.873504183363825
0.317875759576264
1.27381530643015
0.726703241416248
0.658892367763265
0.67156039030274
0.70018325351652
0.928555869544722
0.787284223518648
0.229052630804576
0.210734102305462
1.47307082898852
0.787119507916404
0.89137441870371
2.20302863917355
1.33232167554973
1.12668188628119
1.02451916958191
1.20624529932339
0.679426944882148
0.880063725528154
1.25174256121601
0.900307323846597
0.43854180591832
0.264176509787367
0.520314879424897
1.06850228554984
0.318905686540212
2.61634938761589
0.341169081576141
0.905665673335251
0.618278033120594
0.320247364258504
0.86859528454761
0.389203019911844
2.35850220644526
0.816892072573298
0.753172990333661
1.302862542731
0.536441743989712
4.92008833080674
1.20721068208313
2.63954764249497
2.56021599101839
1.64775216144838
1.67145172969763
1.27443057643759
1.87100741542941
0.866766963757614
1.09784976295959
1.08785654968149
0.656624384257683
1.11152182443568
0.374619008528134
2.69691599798753
1.57910439327624
1.36323821832157
1.34205053558805
1.37744698195322
1.30962805753384
5.14388123619218
1.37891287684512
2.54166670378561
2.69998612661505
1.50933986598963
1.39634880408937
2.74658406197547
0.20592036305794
0.552879368220162
0.579888294792175
1.64813510925199
2.0572306193071
1.00310102058925
0.519898179602417
1.46495762453676
0.533772380881774
0.538097091676253
1.08853750451813
0.970743965552646
0.540375635158912
0.524086221712254
0.608024899453329
2.73224798394806
1.29323898247353
0.187082828215367
0.885057664396426
1.07558608580095
2.54087873217703
1.79125331304119
0.771837995785397
2.90825612598864
1.78011009332366
1.70570211751211
1.98722336405585
1.42144415432905
1.92977651091148
3.2083023731256
3.43241319836754
1.94118604578555
2.17945665209707
1.88552243212409
1.01621300388667
0.983991702913507
2.31551699106424
2.50620095129984
2.91982032527124
4.30120147053314
2.83142504157425
1.53378309164401
0.768167139654727
2.35396382053889
1.42980100186442
1.20622228663789
0.876516291141176
1.72390279714731
0.198549944908633
0.0826776528611202
2.51529495369694
1.71030631686965
3.08236421736434
0.986694896891517
1.23439742348808
1.254923854161
1.25660766821242
1.55249396264127
2.02983265686236
1.93937796448657
0.927270254589787
2.92435177551786
1.19837087949512
0.667877758709366
3.64670621517859
1.1525281340048
1.75712901919729
3.84110788695777
0.909556604972886
0.200601982743371
0.315646210153033
5.28708642133647
0.460220604541279
0.871305358441739
1.72646509244452
1.17448770922725
0.122445113193874
0.923612990145671
0.331984691844618
0.745820404559403
2.28963256858926
0.718752833843195
0.431824391400873
1.26030736091043
1.85319143701367
1.31792994302273
0.832159537711401
0.723424048526932
0.467044182991474
1.2378253430697
1.40547196227481
2.60432692901981
3.58309637664077
0.341243790925771
3.32202940373438
1.68309600178125
2.37032553896975
2.99657960410291
5.06292343443249
1.01396126200462
2.79607371025074
0.724725746979777
1.3032492995273
0.640439539368633
0.584525239779076
0.769678176367573
2.1608315822166
0.403543688948992
0.75955902706949
0.037453845836654
2.72016514582559
1.79103352995954
2.6856027983506
1.86187504915927
8.66028117814172
0.999975964625861
1.3576183407289
2.59437337045499
1.29479297558323
1.95176998061433
2.84542768426132
0.625497210361136
0.789251265829326
2.81168031130877
1.49220326626269
4.15446167068305
5.24616867780509
2.83797081265209
2.71285696932987
3.67890262473628
4.56171946892867
3.52876543865053
0.61483165408476
2.33644603440565
3.89960921711377
2.20180271551833
3.30629238527215
0.642242073267125
3.76276688269163
0.149457072567441
1.45876540130787
3.47084198425739
0.612477317242581
0.269085459989409
1.80332784908282
0.337906175471859
1.55971051836696
2.95018478211789
1.62668506460781
4.42326934857074
1.22902891757538
2.18736094722712
0.665746246218905
0.668140452052784
2.50593196327306
1.51107636494884
3.81330860392172
2.22465595532987
4.66574369318668
3.20326302184777
2.83682127978145
2.53913734213227
0.932986510699661
4.36663990239822
2.53564458379098
2.8279979861793
2.22108820985184
1.08014676709637
2.07294904515095
1.82784455806836
3.32555982041095
2.87159902465085
1.07417633065228
1.38486019446565
0.549799577664393
2.1114522420436
4.24602357629439
1.53027224916481
3.06228687258423
3.5685449380394
1.48593744579302
2.39392817247745
0.871654330597339
1.81947600355001
1.46801092525796
1.5852264841002
3.27570675376727
1.86202077666494
2.92919693273045
2.87632922437078
2.82490563034007
2.23754411762121
3.40434236724969
2.48919742311071
1.0216014238228
1.2177285340694
1.54757425204008
2.48704472109666
1.05026152038736
1.33774163753705
1.91586753449614
2.60952238205795
3.1328560123383
3.28419361627293
4.03691508654154
1.3231695246941
2.38773035434155
4.95711038965176
0.253993320906035
3.06762936156271
0.642420636849176
3.94836283121278
1.85297127302695
2.97136739441389
2.51620772217084
0.338506405866924
0.879474563222069
2.55988654514453
4.2024234226687
0.823606224785652
1.22867413144533
0.465715244639909
2.08066443920938
2.37397793941511
2.26580223295711
1.57107559977471
1.66016306228696
3.66356452275234
2.82698711945821
2.42613056442922
5.39819412200353
1.20237182576714
3.94089293929779
1.18042218627784
3.32441158318429
0.153534719441339
0.238508031620269
3.26613730216253
2.0685926773834
0.484350050878495
4.98290543841279
2.70060022880157
2.27281415292226
1.62860426999827
2.71109078876161
0.510494419122861
0.0163144477194171
2.81252754648871
0.859497260601198
1.99899158909803
3.07369731884018
0.976607172690801
0.286638165375653
0.00030345938261518
5.11095889331798
4.39731584480085
0.665659159907588
0.796985044289498
3.08196204603515
1.65101902668192
1.9005924516614
5.33205071786205
2.21069191635205
1.28275435120841
0.634132438760818
1.36015627432101
4.740769102802
1.17642360921206
5.85424945913444
2.07960751440078
3.93287580143847
2.56368739988541
2.56650179368049
2.26143888133838
1.76786857369207
2.37689405221586
3.63719635199277
0.584975608863293
0.538388688791237
2.23592420913489
2.17525005428989
2.68716780182458
1.76738220864222
2.44761434038395
0.972317372775989
1.18556265768636
2.05640194544967
1.20847433543035
0.718549792814733
0.445663661559984
0.873479792357763
2.63438508195972
4.13751492341955
2.58098985169337
2.80524965443908
0.376466102905693
0.0326951818699842
1.20107224125279
1.85303370069217
1.3335673700708
3.91966647408225
1.00287642575356
2.49393216893204
0.874633362974615
0.903740085950699
4.08991158452635
1.82439334627926
1.90341598626252
1.07765791306207
3.61312929893216
1.57851927739451
0.466683133245709
3.81055991585964
2.88046326991592
1.16812086816516
2.9483363043192
4.38375783636207
1.6151699307611
3.34505413347407
2.92913971526247
1.94703168900209
1.96791540480267
1.01144513163145
2.17060458852176
1.64671054676967
1.29457955644443
0.455582332072381
0.686173346328935
0.938024560777665
5.65295716808442
0.473761035837747
1.21620699483728
1.51667781169403
2.28774875938
0.582155446478174
3.29891680120288
0.631241991025671
1.44882729696219
3.57936636413321
1.96567734122364
2.53720894572688
5.47539506829209
3.53329015631738
1.16340604786438
2.04181623259818
0.503717673866343
1.05693958944494
1.70224493104993
0.773931459049982
0.25129710030949
0.541598403991879
1.3082719959071
1.38800178245208
2.34971139152971
2.38373541102534
1.18764234315798
1.63321199258237
0.463886351778537
3.28959343078726
0.688605333928901
0.350716928246574
2.21855193609462
1.70101013009284
0.391961383668989
3.40940438597917
1.74321437036773
1.33294653507541
0.562597286705952
0.369371320537854
5.25800006860845
1.16589928176881
0.991401875267694
1.91813221467407
2.22132002463335
1.62564161858886
0.589164056930672
1.21072057142418
2.33121420250993
1.00081781438402
3.62363316663915
2.66780976218892
1.66757396324849
2.00646916414356
2.28105512393638
1.26192893329334
0.449366986427919
1.04866417579226
1.387604381633
1.24786268248901
1.86141077864445
2.73012702702311
1.01873636902577
0.727867163817018
2.29903425563925
1.06933125052987
3.39713745928511
0.995623744245222
0.378272725435087
7.73532372359571
1.21909877944727
2.03448849510116
3.95020694056736
1.70793591441701
2.3690420456422
1.85034835598707
5.01394933495066
1.18068957801361
1.45804562857642
2.52481281211931
4.94477730080909
0.963744655201054
3.94761980403107
2.99872683603608
1.8525765671906
6.1121660896022
0.976614820360626
2.70279333399858
1.62351898236648
1.78978440256377
0.68170434361068
2.58469518957228
2.13995565858242
2.99326769558764
1.91566379557471
3.24948121967376
1.76318517194466
2.37719965516714
1.35328881027523
0.406486631831766
1.00837481002604
3.48673688488922
1.83336971098818
2.53335624902785
2.02091239919973
2.93050913839206
2.39854651572602
4.48701106218074
3.15534149420106
0.458251162082532
2.51665515782362
2.26798552085594
2.73076513968414
5.22016549016369
2.73763636773508
4.53616617941683
1.48350632174562
2.96170810305693
4.67683047461755
0.0353729212124597
4.19094340339218
2.83248470276071
2.4741773973594
1.18002332680505
4.19977328493147
3.82033772911768
1.99246639503507
1.37876823255372
2.00600368078335
1.68041252307732
0.822428857312954
2.85859287004934
2.86183663160856
3.1581122372234
3.7586798617007
0.963259187889852
0.746606695676612
0.371440845694698
1.53511200208275
1.8359311148724
2.33049637888582
1.07929128439235
0.753221483081394
2.28719972931002
2.12997497374026
1.4774425239067
1.80022878700534
4.23594203097326
2.02703545194115
6.76018120078798
0.936876320691649
3.50229403142684
3.86556920911074
2.22981890563247
4.45604801144074
0.549118223885845
1.41510025060261
1.92128592647701
1.64589321005122
0.336023295815918
0.53820251617792
4.30764327798593
2.51097998821059
3.50070376764584
0.628732029020139
3.35347999660551
0.837095852454224
2.63511304680243
2.50389428640661
2.16720987953272
4.35925428412917
2.01301746007589
4.19811229343011
0.967506627731759
2.43338651940041
0.469799329723545
1.02569354014314
3.97742192300005
1.91234488104363
0.87420638208464
0.954797501539228
0.244795980085677
0.326062481292648
0.19505123159088
1.50072490889873
3.05922871663081
2.73318872122953
0.213449474138053
3.81154503054035
11.5879079718773
6.62858770544906
2.95921307093754
0.67193303033003
1.40955732451405
2.94280153927365
2.51152851935412
2.86661743713528
2.13029253448186
1.71923174073576
4.53379254436484
3.03529518239456
7.24235825808973
2.45975837298317
3.07826052622386
1.92983446867481
3.3748615639288
4.53714238554767
1.96793297837973
2.08514328572024
1.12718354395058
0.189836065957542
4.38815885472409
2.09931945867946
2.97397795919258
4.16656732252588
4.20929778147008
3.689203407719
2.89524737173707
3.01158481400451
3.11925229335705
5.26636466182672
3.75023329626933
2.9196795892895
1.46418726645062
1.87047299092409
2.27475506306213
1.00633832358743
1.93834781524831
2.05051454448751
3.06481233226068
1.74004064826675
1.42179262274862
4.1581510156191
3.5520190871806
3.27875155764069
1.60014844134634
4.88969457969074
3.66772578600839
0.512481673768368
1.8307910233663
1.49411109741855
1.32130675069609
0.484075299502136
2.48139513662763
1.56825531139871
1.37341550596669
0.497303509403096
3.12140395277555
3.27963518251221
2.12888466175878
3.74506260339528
3.45457004637681
1.46966159634173
3.44252304036459
2.41819281047739
3.26063179781168
1.72260705331713
2.23005042938826
1.78406126339331
1.55591952222089
0.614683633853834
1.09268962797285
1.52131796869291
0.606366071626529
4.10313639192513
2.6298666426701
4.5059549083853
2.0127231472242
4.38331710040219
2.70343993417038
2.76039271715419
2.6544401906432
2.34590559707655
1.3130530669782
0.259630929011716
1.89337427982926
5.30680522140288
4.87178337761158
1.04204143877778
6.03088964852718
3.47890221684012
3.92617185355189
1.60939832694824
2.22116730176197
3.02663879468256
2.15632577353943
1.01088825286819
2.11240807580895
1.70502708789328
2.23353485026007
12.7274798375314
5.14788836930911
2.6851292189082
5.7503158741216
3.19346257695326
2.99007184234648
3.35239023627715
1.96960662911961
1.59886987476761
2.55999630553105
0.800828254596974
6.07841645572594
1.49508398800007
4.57650152981072
5.09346624319337
4.60718832293613
0.0595122169862425
1.78220834926558
1.12394177947406
1.67785102723331
0.394281973115325
9.13169711528504
5.30262983849446
2.6831792695047
1.81417838962611
2.99257473204703
0.689734283481187
9.02406438790409
4.93036792744784
3.31625157277678
1.35293330319315
2.6674874427514
2.96832334923098
4.45321182388395
2.15890812792243
2.72041174903242
1.71005604779585
1.02209814734978
2.18189692981048
1.78146620693177
0.624060471424472
0.884201288826982
3.83116038343044
1.03174439174022
4.56252910958996
1.58334273082045
4.18787287776923
2.49564809195611
1.92110388818751
2.65034928952665
3.03664050392804
1.86723036886848
2.83134025445451
3.18693433344526
3.75155087491584
2.09748424337079
2.06876154089644
1.50864277961123
1.66218673474389
0.974922274008352
1.54699686121634
1.22771869900316
1.88199397850479
0.496781022387366
2.22988598671523
2.14443648471122
0.218141814837957
2.20337562235187
1.30452250705689
0.756554220164065
3.09923660963983
2.00716027829398
0.455656233075295
0.0906633494217357
3.4519331649508
0.848622275158983
1.95769157189573
2.13645725367353
4.22003079420856
0.787765641402267
1.78301749082504
5.44795695784685
0.229788720480664
3.55585525310828
2.71144051355012
0.816968796236994
6.18206817040803
1.21526752192882
3.06371681724794
2.15349601817342
0.000302093229360135
2.92303640778573
3.09393167587513
1.32145375111224
0.695808256163186
2.02106490837628
1.71939579817468
0.138102012334241
1.53358499606999
2.80417321259103
0.342464163205337
0.753985319446832
1.02805272419056
0.995426501576484
1.38553366868909
0.978679935972495
1.58777232409145
3.25212811622101
0.342047007209831
2.24893626183126
0.967136970318862
0.443288141459891
2.48237773249116
2.2832907004702
1.91105526108091
0.676143491591492
2.68883510869549
3.75114083374822
0.899990940921316
0.982214400801325
2.57462274332934
0.353022696681459
4.778340219157
0.81541719073655
0.869616948074006
1.0315308548823
1.43789555922264
1.75343416176367
0.543541952696408
0.680967980599361
0.558215886389245
0.253335735597281
1.38335697808355
3.12670458204915
2.45899723926536
1.92851079367758
1.99972777947103
0.654836683065799
0.124989514377346
0.308175942261478
4.64735085929485
0.0261216845104317
0.43291787339793
1.3640801966284
1.81594453974157
0.333207634148864
2.91868584524808
2.43309214258542
0.988965506478
5.27873957533479
2.65541487012299
1.91250944181974
0.894150885113527
1.03642174433253
1.48065171223237
1.10893574534919
0.317545035726541
1.23393044799874
0.602383890841559
1.85882306184481
0.842434550359657
2.30126507539341
3.12897860932981
2.66516416107825
0.416666989140977
4.47504915385928
0.435742701648889
1.04479364887478
3.43952923424283
3.09158851819
4.08923177797485
1.14710575979869
2.55289357064321
0.0411381583556928
13.2239692285687
0.169134351738281
2.96442731638169
1.05814508360265
6.08621837342895
1.23396017554627
1.88164635433132
0.123419813085216
2.03502301836466
0.311569330525189
1.93445188093683
0.300395242188353
0.275791365493375
0.479704157221883
3.09614174735511
0.0431263947003234
0.121420710511627
1.47019696781551
3.26602631538465
0.905535804225415
5.77478966652403
2.85190838951838
4.2589029609997
0.225867672398653
2.52885141550319
0.608235407219377
0.457248786250255
0.37505029951533
0.415512042823909
2.4187825825485
0.966752573420708
1.49253104444799
2.9775649748777
5.30132953675834
0.281858797480502
0.93159637765354
1.0746301868515
1.18208642933452
0.739325583849813
1.00268989630716
2.94967719980335
1.56034884973555
3.62836008220208
0.290330278231196
0.653242256555282
0.0819454104442894
0.327469349533558
0.00218047503427345
1.21242342439914
0.00423495816032504
3.21665063049718
3.00540418788286
0.363100070115264
0.501447150256968
0.269134856657292
0.00598582153800469
0.364267826348191
0.610937484104357
2.35953464565322
0.835302118328847
2.82341960899308
0.644622275814766
3.81819622154053
1.66332975037121
5.89105694389682
3.7767798095064
2.83300613432315
4.00202582766865
1.46830486607132
0.00597786965993091
1.1157284380161
2.45640053857999
2.99785428748767
1.17243629847021
5.86744046699579
1.9761816360889
4.07558766161661
0.00217719391135826
1.88831468248234
0.00422770626633063
4.22203107811426
2.59855451496604
0.317539602266096
0.44035699971766
0.233798752765025
0.00596993888210757
0.317319801322783
0.526973411200195
1.12240994987335
1.77394428135547
1.19693390129521
3.64372088418428
0.38688162185191
1.65667496012376
0.077606716083546
2.74380120034444
0.00217392264829925
2.84993109242305
0.0886665234167216
3.40877587100428
5.05164949292779
3.60611425332378
1.60999943960448
0.788901205825458
0.00596202911847126
0.760759191542211
1.63868301926688
1.9173352942114
0.652699207992355
2.60096546190371
0.628533026903765
3.63336059258379
1.3516667359896
13.2550217357508
0.261326377666957
1.9966032157561
0.00217065875765699
0.401294812855746
0.00422046743762082
3.86387143999663
3.21635194523595
0.28034168410464
0.355997558545226
0.189579901743209
0.00595407353986557
0.265970072453888
0.431748966283021
2.11756606775353
0.536355223452752
8.14864891831528
0.0286159783185818
1.14786393777279
2.78727647557285
4.91968169793603
0.24508628910341
0.000391001094003887
2.44212440160031
1.05335597695078
1.21455537312827
3.22487002786507
3.70497360724262
0.175519524839131
6.27899522806079
2.72577727088459
2.59731906852312
3.00030169864565
3.80408764061828
1.06062015100222
4.6632909801388
4.94439256850379
1.65911071065995
1.49783919081847
2.46411006059883
1.56296934106178
2.87685803407284
3.39324362146207
1.99359741202333
0.164552544820959
2.35863801753819
0.649660687697027
4.49141715403302
2.08692488328751
2.79650681277947
1.24648575576425
1.43752931833143
4.05795772881091
1.34058025831171
2.80516547453586
0.22857041429097
1.44591518481337
0.803511639953992
0.345365607263379
2.09900295430232
0.160747726588067
0.46110822463533
0.000390910323792055
2.53829846171159
0.150974078029084
3.62682164065357
3.32667285359492
1.09392587612067
0.0657481903466893
0.000390819595413512
3.48294259145687
2.37842004312121
1.15669811643993
1.21312210519507
1.03562848099971
5.72052596846631
3.15417576466108
3.51386274651651
0.00367849609628883
0.0742731485234718
0.000390728909028144
3.14066463728265
1.73271816267068
4.24575343956941
2.58353668876913
2.84683214480467
1.89121059039211
2.15725263873068
0.579959390837642
2.87845157176329
1.96699867779793
0.0760498426227536
9.67328744623799
0.0280609885794015
7.13392851261848
0.0275271172999022
4.23526296869844
0.0270131815522904
7.03912866353846
4.22452696992824
2.40918490181314
3.17062806561081
2.52021806828282
0.0269611403200105
0.0351095133597865
0.000390501817175944
3.35765013361866
0.0126306731564646
0.125661077808798
1.41695835174778
