-0.000333333333333333
0.998333333333333
1.976
2.71633333333333
3.75133333333333
3.864
5.26708902967656
5.44448149383128
6.76925641880627
6.24474824941647
7.50784641068447
7.26314027452293
7.33355682199128
6.50268636668905
7.04875588433087
6.96386355960824
7.12978651304643
7.21700680272109
7.07731607629428
7.44117647058824
7.15432098765432
7.55345479546236
6.47625649913345
7.13657003143556
6.78764478764479
7.04149085794655
6.94565984474241
6.74590163934426
6.99496040316775
6.83019551049964
6.66654518950437
6.80695266272189
6.68693693693694
6.7624810892587
6.7319391634981
6.77786288778246
6.77700884275279
6.68229368461837
6.7244738893219
6.65320665083135
6.65867306155076
6.65927419354839
6.62530612244898
6.6782035434693
6.59715242881072
6.51954120645709
6.67225806451613
6.56559513466551
6.66183574879227
6.52857775808596
6.44186046511628
6.60532250789355
6.58856088560886
6.60448807854137
6.59329239489844
6.61127029608405
6.73417109714838
6.53940283896231
6.38031651829871
6.45177411294353
6.52390538500252
6.58485772357724
6.41752049180328
6.49612002069322
6.37697160883281
6.53518123667377
6.46590909090909
6.39428885227897
6.4817679558011
6.49076664801343
6.47702779353375
6.4318573893042
6.46216530849825
6.49234393404005
6.39904988123515
6.44951923076923
6.43496672716273
6.39204892966361
6.44361833952912
6.43358395989975
6.35827520608751
6.46297488731487
6.55396618985696
6.36561264822134
6.34736138944556
6.35767410412441
6.38796680497925
6.35991531404375
6.28926794598436
6.3304535637149
6.41116751269035
6.32819383259912
6.37017804154303
6.45830202854996
6.43564356435644
6.33819018404908
6.45193798449612
6.44375
6.37203791469194
6.30278884462151
6.28236245954693
6.33770491803279
6.30845771144279
6.45492839090143
6.33503836317136
6.46632124352332
6.4108867427568
6.4795008912656
6.40341419586703
6.4302752293578
6.40331491712707
6.40671641791045
6.34651600753296
6.58515699333968
6.39017341040462
6.35053554040896
6.29480901077375
6.34683794466403
6.31673306772908
6.26108870967742
6.27068437180797
6.30601659751037
6.38100208768267
6.51104100946372
6.33297872340426
6.34294871794872
6.33655913978495
6.32349726775956
6.37127071823204
6.35928809788654
6.39342403628118
6.44279176201373
6.27726218097448
6.43559718969555
6.34275618374558
6.25622775800712
6.31768953068592
6.42021924482339
6.51660516605166
6.41584158415842
6.4025
6.41614123581337
6.23086734693878
6.46272493573265
6.39299610894942
6.50263157894737
6.45418326693227
6.36644295302013
6.50271002710027
6.45816186556927
6.37759336099585
6.3632538569425
6.31258840169731
6.23857142857143
6.34005763688761
6.13100436681223
6.35735294117647
6.3905325443787
6.27503736920777
6.29969879518072
6.40393343419062
6.41068702290076
6.54699537750385
6.46417445482866
6.35545023696682
6.48717948717949
6.34838709677419
6.42833876221498
6.25247524752475
6.25913621262458
6.24040066777963
6.10702341137124
6.26386554621849
6.30405405405405
6.31122448979592
6.36379310344828
6.27256944444444
6.47110332749562
6.4353982300885
6.49644128113879
6.39138240574506
6.31103074141049
6.23049001814882
6.4585635359116
6.30055658627087
6.31947069943289
6.31297709923664
6.31800766283525
6.2368932038835
6.30679611650485
6.3359375
6.3498023715415
6.39840637450199
6.23446893787575
6.44736842105263
6.28861788617886
6.37242798353909
6.07276507276507
6.23270440251572
6.21894736842105
6.17547568710359
6.53632478632479
6.18279569892473
6.04989154013015
6.33995584988963
6.22616407982262
6.2841163310962
6.27027027027027
6.27045454545455
6.32420091324201
6.3594470046083
6.44522144522145
6.37704918032787
6.14251781472684
6.46062052505967
6.43990384615385
6.57869249394673
6.55501222493888
6.59852216748769
6.50746268656716
6.37844611528822
6.56455696202532
6.44615384615385
6.21243523316062
6.55324675324675
6.21727748691099
6.45549738219895
6.36147757255937
6.37665782493369
6.55733333333333
6.34584450402145
6.38709677419355
6.24054054054054
6.38753387533875
6.42779291553134
6.41144414168937
6.5828729281768
6.18282548476454
6.40111420612813
6.37988826815642
6.45892351274788
6.24285714285714
6.24495677233429
6.3546511627907
6.2703488372093
6.33527696793003
6.29032258064516
6.27941176470588
6.25073746312684
6.42433234421365
6.49101796407186
6.29305135951662
6.42857142857143
6.42024539877301
6.36
6.53250773993808
6.44514106583072
6.13057324840764
6.45833333333333
6.19551282051282
6.5258064516129
6.35064935064935
6.36393442622951
6.22516556291391
6.25666666666667
6.21885521885522
6.51851851851852
6.19661016949153
6.26712328767123
6.31164383561644
6.23024054982818
6.31833910034602
6.21678321678322
6.22535211267606
6.03169014084507
6.03180212014134
6.31095406360424
6.34982332155477
6.30465949820789
6.35611510791367
6.43478260869565
6.27573529411765
6.05555555555556
6.13754646840149
6.19172932330827
5.96946564885496
6.49034749034749
6.03100775193798
6.26459143968872
6.4156862745098
6.29133858267717
6.41666666666667
5.988
6.16129032258065
6.45714285714286
6.29795918367347
6.72131147540984
6.24380165289256
6.31535269709544
6.39004149377593
6.08333333333333
6.29831932773109
6.25
6.50854700854701
6.71794871794872
6.33620689655172
6.40692640692641
6.3
6.3568281938326
6.20796460176991
6.21428571428571
6.17410714285714
6.55803571428571
6.49321266968326
6.26027397260274
6.35779816513761
6.27522935779816
6.47441860465116
6.2803738317757
6.17370892018779
6.2311320754717
6.2877358490566
6.21800947867299
6.05714285714286
6.44230769230769
6.16826923076923
6.38834951456311
6.62926829268293
6.91666666666667
6.3921568627451
6.21674876847291
6.55445544554455
6.36
6.385
6.39195979899498
6.35353535353535
6.0253807106599
6.31472081218274
6.20408163265306
6.34871794871795
6.2974358974359
6.47692307692308
6.11282051282051
6.36923076923077
6.234375
6.02083333333333
6
6.26984126984127
6.21276595744681
6.44385026737968
6.42702702702703
6.43478260869565
6.35164835164835
6.43646408839779
6.45
6.13966480446927
5.92696629213483
6.37640449438202
6
5.96571428571429
6.1271676300578
6.21511627906977
6.14619883040936
6.42105263157895
5.85882352941176
6.3905325443787
6.52121212121212
6.29012345679012
6.32075471698113
6.03846153846154
6.21290322580645
6.36774193548387
6.21290322580645
6.43046357615894
6.33774834437086
6.43708609271523
6.55629139072848
6.38926174496644
6.46621621621622
6.61904761904762
6.24489795918367
6.37671232876712
6.01369863013699
6.27397260273973
6.31506849315068
6.29655172413793
6.50344827586207
6.55862068965517
6.29655172413793
6.33333333333333
6.40277777777778
6.25874125874126
6.26950354609929
6.24285714285714
6.30434782608696
6.58088235294118
6.53333333333333
6.38059701492537
6.38636363636364
6.49230769230769
6.13076923076923
6.45736434108527
5.99212598425197
6.504
6.05645161290323
6.29838709677419
5.88709677419355
6.48387096774194
6.45967741935484
6.45528455284553
6.30081300813008
6.38211382113821
6.85
6.60169491525424
6.54700854700855
6.35344827586207
6.04310344827586
6.31896551724138
6.47413793103448
6.22413793103448
6.31896551724138
6.48275862068965
6.07894736842105
5.79646017699115
6.31858407079646
5.75
6.09821428571429
6.02702702702703
6.10810810810811
6.2
6.25454545454545
6.37614678899083
6.48598130841121
6.14150943396226
6.2
6.05769230769231
6.09615384615385
6.00970873786408
6.12621359223301
6.41747572815534
6.07766990291262
6.55339805825243
6.03883495145631
6.24509803921569
6.23762376237624
6.06
6.33
6.06
6.38
6.49494949494949
6.72727272727273
6.23232323232323
6.37755102040816
6.09183673469388
6.36734693877551
6.42857142857143
6.57142857142857
6.10204081632653
6.15463917525773
6.77083333333333
6.10416666666667
6.03157894736842
5.58510638297872
6.03191489361702
6.18478260869565
6.40217391304348
6.19565217391304
6.5
5.8695652173913
6.15217391304348
5.7032967032967
6.25555555555556
5.49438202247191
6.14606741573034
6.07954545454545
6.11363636363636
6.17241379310345
6.25287356321839
6.20689655172414
6.05813953488372
6.09302325581395
6.41176470588235
6.33333333333333
6.17857142857143
6.19047619047619
6.39285714285714
6.18072289156626
6.08536585365854
6.32926829268293
5.95121951219512
6.67901234567901
6.2875
6.24050632911392
6.35443037974684
5.72151898734177
6.25316455696202
6.10126582278481
6.55128205128205
6.5974025974026
6.27631578947368
6.55263157894737
5.80263157894737
6.65333333333333
6.16
6.45945945945946
6.45945945945946
6.42465753424658
6.41095890410959
6.26027397260274
6.0958904109589
5.81944444444444
5.95774647887324
6.23943661971831
6.22535211267606
6.04225352112676
6.08450704225352
6.15714285714286
6.35714285714286
6.71428571428571
6.11428571428571
6.11428571428571
5.81428571428571
6.11428571428571
5.98571428571429
6.25714285714286
5.9
6.51428571428571
6.2
6.12857142857143
6.11594202898551
6.52941176470588
6.29411764705882
6
5.98507462686567
6.14925373134328
6.07462686567164
6.25373134328358
6.22727272727273
5.74242424242424
6.16923076923077
6.29230769230769
6.41538461538462
6.03076923076923
6.32307692307692
6.359375
5.890625
6.34920634920635
6.44444444444444
6
6.28571428571429
7.09523809523809
6.2741935483871
6.59677419354839
6
6.32786885245902
5.9344262295082
6.39344262295082
6.21311475409836
6.54098360655738
5.72131147540984
5.9672131147541
6.04918032786885
6.29508196721311
6
6.06666666666667
5.83333333333333
5.69491525423729
6.42372881355932
6.03389830508475
6.30508474576271
6.33898305084746
6.32203389830508
6.51724137931035
6.55172413793103
6.26315789473684
6.15789473684211
5.92982456140351
6.31578947368421
6.08771929824561
5.73214285714286
6.14285714285714
5.625
5.76785714285714
6.05357142857143
6.16071428571429
6.07142857142857
6.125
6.46428571428571
6.46428571428571
6.01785714285714
5.91071428571429
5.89285714285714
6.48214285714286
5.89285714285714
6.16071428571429
5.64285714285714
6.23214285714286
5.89285714285714
6.10909090909091
6.2
5.98181818181818
6.2037037037037
6.11111111111111
5.77777777777778
6.01851851851852
6.24074074074074
6.22222222222222
6.07407407407407
6.32075471698113
6.92452830188679
7
6.58490566037736
6.24528301886792
6.07547169811321
6.35849056603774
6.32075471698113
5.9622641509434
6.20754716981132
5.79245283018868
6.39622641509434
6.0188679245283
6.13207547169811
5.75471698113208
6.67924528301887
6.50943396226415
6.56603773584906
6.64150943396226
5.88461538461539
5.48076923076923
6.3921568627451
6.43137254901961
5.7843137254902
6.11764705882353
7.01960784313725
6.33333333333333
6.27450980392157
6.72549019607843
6.6
6.56
6.3265306122449
5.55102040816327
5.6734693877551
6.0625
6.14583333333333
6.22916666666667
6.22916666666667
6.10416666666667
6.33333333333333
6.1875
6.1875
6.04166666666667
6.29166666666667
5.91666666666667
6.45833333333333
6.1063829787234
5.71739130434783
5.86666666666667
6.11111111111111
5.4
6.26666666666667
5.90909090909091
6.38636363636364
6.59090909090909
6.20454545454545
5.79545454545455
6.56818181818182
6.36363636363636
6.25
6.84090909090909
7.15909090909091
6.45454545454545
6.13636363636364
5.70454545454545
5.81818181818182
5.93181818181818
5.86046511627907
5.61904761904762
6.28571428571429
5.73809523809524
5.95238095238095
6.41463414634146
6.17073170731707
6.29268292682927
6.63414634146341
6.80487804878049
6.75
7.51282051282051
6.23076923076923
6.53846153846154
6.33333333333333
6.15384615384615
6.92307692307692
6.56410256410256
6.23076923076923
6.33333333333333
6.28205128205128
6.38461538461539
6.07692307692308
6.17948717948718
6.33333333333333
6.46153846153846
6.20512820512821
6.35897435897436
6.23684210526316
6.92105263157895
7.02631578947368
7.26315789473684
6.78947368421053
6.73684210526316
6.42105263157895
7.05263157894737
6.31578947368421
5.78947368421053
6.68421052631579
7.36842105263158
6.71052631578947
6.65789473684211
6.55263157894737
6.7027027027027
6.18918918918919
5.77777777777778
6.11428571428571
6.31428571428571
6.05714285714286
5.91428571428571
5.51428571428571
6.6
6.71428571428571
6.67647058823529
6.5
6.35294117647059
6.17647058823529
6.29411764705882
6.72727272727273
6.3030303030303
6.59375
5.83870967741935
6.29032258064516
5.7
6
5.8
5.86666666666667
6.16666666666667
5.33333333333333
6.16666666666667
6.26666666666667
5.4
5.36666666666667
6.03333333333333
6
5.3
5.76666666666667
6.13333333333333
6.75862068965517
6.07142857142857
6.39285714285714
6.42857142857143
6.39285714285714
5.85714285714286
6.32142857142857
6.07407407407407
6.03703703703704
6.37037037037037
7.14814814814815
6.92592592592593
6.51851851851852
6.77777777777778
5.74074074074074
6
6.11111111111111
6.25925925925926
5.2962962962963
5.7037037037037
6.2962962962963
6.62962962962963
6.11111111111111
6.18518518518519
6.59259259259259
6.2962962962963
6.33333333333333
6.65384615384615
6.03846153846154
6.42307692307692
5.52
6.75
5.54166666666667
5.66666666666667
5.875
5.41666666666667
6.54166666666667
6.25
6.08333333333333
5.70833333333333
6.41666666666667
6.5
5.75
6.66666666666667
6.56521739130435
7.04347826086957
7.1304347826087
7.17391304347826
6.47826086956522
6.1304347826087
6.39130434782609
6.26086956521739
6.21739130434783
6.56521739130435
7
6.45454545454545
6.22727272727273
6.86363636363636
6.22727272727273
6.18181818181818
6.27272727272727
6.18181818181818
6.86363636363636
6.77272727272727
6.81818181818182
7.27272727272727
6.04545454545455
6.63636363636364
5.95454545454545
5.86363636363636
6.40909090909091
6.59090909090909
6.04545454545455
6.90909090909091
6.31818181818182
7
6.36363636363636
6.31818181818182
7.36363636363636
6.90909090909091
8.04545454545454
5.76190476190476
5.95238095238095
7.42857142857143
6.85714285714286
6.14285714285714
7.33333333333333
7.66666666666667
7.09523809523809
7
5.76190476190476
7
7.85714285714286
6.09523809523809
6.38095238095238
6.57142857142857
7.28571428571429
5.80952380952381
6
6.80952380952381
6.38095238095238
6.47619047619048
5.76190476190476
6.80952380952381
6.95238095238095
6.76190476190476
7.52380952380952
6.33333333333333
6.38095238095238
6.38095238095238
6.19047619047619
5.95238095238095
6.42857142857143
6.47619047619048
6.19047619047619
6.19047619047619
6.47619047619048
6.23809523809524
7.04761904761905
6.52380952380952
6.52380952380952
6.4
6.7
6.21052631578947
6.68421052631579
5.57894736842105
6.31578947368421
5.57894736842105
5.63157894736842
6.52631578947368
5.63157894736842
5.26315789473684
5.47368421052632
6.21052631578947
5.73684210526316
5.68421052631579
6.36842105263158
6.47368421052632
5
4.89473684210526
5.89473684210526
6.26315789473684
4.63157894736842
6.42105263157895
5.26315789473684
5.68421052631579
6.26315789473684
6.26315789473684
6.42105263157895
5.78947368421053
6.31578947368421
6
7.11111111111111
6.33333333333333
6.16666666666667
6.05555555555556
6.88888888888889
6.55555555555556
5.77777777777778
6.72222222222222
6.5
6.94117647058824
6.64705882352941
7.11764705882353
5.47058823529412
5.29411764705882
5.41176470588235
5.64705882352941
5.23529411764706
6.75
5.13333333333333
6.14285714285714
6.92857142857143
7.21428571428571
6.14285714285714
6.92857142857143
7.71428571428571
7.64285714285714
5.85714285714286
6
6.21428571428571
6.57142857142857
6.85714285714286
5.35714285714286
6.64285714285714
5.76923076923077
6.46153846153846
6.15384615384615
6.07692307692308
6.58333333333333
7
5.16666666666667
7.41666666666667
6
6.66666666666667
7.58333333333333
6.25
6.5
5.83333333333333
6.33333333333333
5.75
6.41666666666667
7.25
5.75
5.83333333333333
5.33333333333333
6.16666666666667
5.83333333333333
6.5
7.08333333333333
7.5
6.91666666666667
6.16666666666667
6.25
4.83333333333333
7.25
5.91666666666667
6.58333333333333
6.66666666666667
6.08333333333333
5.16666666666667
6.08333333333333
5.91666666666667
6.08333333333333
5.83333333333333
5.83333333333333
6.75
6.25
5.41666666666667
6.66666666666667
5.75
6.83333333333333
6.33333333333333
6.75
6.91666666666667
6.41666666666667
6.58333333333333
6.16666666666667
6.16666666666667
5.66666666666667
5.75
6.25
6.16666666666667
6.33333333333333
4.66666666666667
6.25
5.5
6.16666666666667
5.33333333333333
5
5.16666666666667
5.66666666666667
5.25
6.25
6.08333333333333
5.41666666666667
5.5
5.75
5.41666666666667
4.91666666666667
5.75
6
5.25
5.33333333333333
6.41666666666667
6.5
6.08333333333333
6.16666666666667
6.16666666666667
5.66666666666667
6.08333333333333
6.16666666666667
6.33333333333333
6.41666666666667
6.58333333333333
5.91666666666667
6.58333333333333
5.16666666666667
5.66666666666667
6.66666666666667
6.41666666666667
5.83333333333333
5.91666666666667
7.08333333333333
6.33333333333333
5.58333333333333
6.5
5.16666666666667
6.91666666666667
6.91666666666667
6.25
6.33333333333333
5.83333333333333
7.16666666666667
5.91666666666667
6.33333333333333
5.16666666666667
6.36363636363636
6.90909090909091
6.36363636363636
5.90909090909091
5.09090909090909
6.27272727272727
5.63636363636364
5.81818181818182
5.72727272727273
6.81818181818182
6.36363636363636
7.90909090909091
8.27272727272727
6.63636363636364
6.54545454545455
5.90909090909091
5.18181818181818
5.54545454545455
5.63636363636364
5.81818181818182
4.72727272727273
4.90909090909091
5.72727272727273
5.63636363636364
5.54545454545455
5.63636363636364
6.27272727272727
5.54545454545455
6.09090909090909
5.63636363636364
7.54545454545455
6
6.27272727272727
5.09090909090909
5.09090909090909
5.36363636363636
5.63636363636364
5.72727272727273
6.54545454545455
5.90909090909091
5.72727272727273
4.90909090909091
5.90909090909091
5.54545454545455
5.90909090909091
5.27272727272727
6.27272727272727
5.27272727272727
6.27272727272727
6.2
5.9
5.7
6.4
5.4
5.3
5.4
6.55555555555556
6.55555555555556
6.44444444444444
6.33333333333333
8
6.33333333333333
6.33333333333333
5.66666666666667
5.55555555555556
5.77777777777778
6.11111111111111
5.55555555555556
6
6.88888888888889
7.11111111111111
7
5.33333333333333
7.55555555555556
7.22222222222222
6.88888888888889
5.77777777777778
6.33333333333333
5.66666666666667
6.33333333333333
6.44444444444444
7.11111111111111
6.11111111111111
6.44444444444444
7.77777777777778
6.22222222222222
6.88888888888889
6.77777777777778
6.22222222222222
5.66666666666667
5.66666666666667
4.22222222222222
6.77777777777778
7.66666666666667
6.33333333333333
5.28571428571429
4.71428571428571
6.14285714285714
6.57142857142857
6
6
6.42857142857143
5.57142857142857
6.71428571428571
5.42857142857143
6.28571428571429
5.14285714285714
5.85714285714286
5.57142857142857
6
5.85714285714286
5.28571428571429
6.42857142857143
6.57142857142857
5.28571428571429
5.42857142857143
7.14285714285714
8
6.14285714285714
5.14285714285714
6.28571428571429
7
7.14285714285714
6.85714285714286
4.28571428571429
6.42857142857143
6.57142857142857
5.42857142857143
5.85714285714286
5.42857142857143
5.57142857142857
5.42857142857143
6.28571428571429
6.85714285714286
6.71428571428571
7.71428571428571
5.42857142857143
6.85714285714286
6.14285714285714
7.28571428571429
7.28571428571429
7.71428571428571
7.14285714285714
6.42857142857143
6.71428571428571
4.57142857142857
5.85714285714286
5.57142857142857
6.42857142857143
6.42857142857143
6.42857142857143
6.14285714285714
6.85714285714286
6
6.85714285714286
6.28571428571429
6.57142857142857
5.57142857142857
6.71428571428571
6.71428571428571
7.83333333333333
5.33333333333333
6.83333333333333
5.66666666666667
5.66666666666667
4.83333333333333
5.5
4.16666666666667
5.16666666666667
5
4.83333333333333
6.16666666666667
5.5
7.66666666666667
7
5.83333333333333
5.66666666666667
4.16666666666667
6
5.5
6
6.16666666666667
5.5
6.16666666666667
6.66666666666667
7
6.5
5.83333333333333
6.83333333333333
6
7.16666666666667
7.5
7
6.83333333333333
6.5
4.83333333333333
6.5
6.83333333333333
7.33333333333333
5.83333333333333
6.33333333333333
8
7.4
6.8
6.4
7.4
8.2
7.6
5.6
5.4
4.6
5.8
6
6.8
6.4
6.6
5.8
8.2
5.8
7
7.4
8.6
7
7.6
5.6
7.6
6
6.6
6.8
4.6
6.6
6.6
5.4
7.8
5.6
6.2
5.8
6.4
8.2
6.6
7
8.2
8.8
7.2
7.8
7.4
6.8
5.8
6.8
7.2
6
5
5.4
4.4
7
5.2
6.8
5.8
6.4
6
6
6.8
6.6
6
5.2
4
7
8
5.2
7.2
7.6
6.6
7.6
6.4
7
7
5.2
4.8
5
6.2
6.6
6.8
6.8
6.2
7.2
7.4
5.6
7.2
8.2
7.4
7.8
5.8
8
6.2
6.4
7.4
6.8
4.6
6.4
6
6.2
5.4
5.4
6
5
5.4
4.4
4.6
7.4
6.8
8.2
8.8
6.8
5.6
7.2
6.8
6.8
6.6
6.6
7.8
5
6
4.6
6.2
5
4.6
6.2
5.8
7
5.8
6
5.4
6.6
5.6
5.8
7
6.4
7.4
7.4
6.8
7.6
8
8
9
7.25
5.5
6.5
7
3.75
6
7.5
5
4.75
4
3.75
4.75
7.75
8
7.75
6.25
7
7.25
7.25
6.25
6
4.75
6.75
5.5
4.75
6.25
5.75
6.5
4.75
7.25
7
6.75
6.75
7.25
6.5
7.5
5.5
7
5.25
5.66666666666667
8.33333333333333
9
5
6.33333333333333
5.66666666666667
7
6
6
5.66666666666667
6.33333333333333
7
5
7.66666666666667
9.33333333333333
6.33333333333333
5.66666666666667
5.33333333333333
3.66666666666667
4.66666666666667
7
4.66666666666667
7.66666666666667
5.33333333333333
5
8
8
8.33333333333333
6
7.33333333333333
7.33333333333333
7.66666666666667
7
8
7
6
8
6
7.66666666666667
7.66666666666667
8.33333333333333
6.33333333333333
6
8
8.33333333333333
8
8.33333333333333
9
8.33333333333333
9.33333333333333
8
8
7
8
5
6.33333333333333
5
6
5
6.66666666666667
5
6.66666666666667
5.66666666666667
4
6.66666666666667
5.66666666666667
7
6.33333333333333
5.33333333333333
5.66666666666667
5.33333333333333
5.66666666666667
7
6.33333333333333
5.33333333333333
4.66666666666667
7.66666666666667
7.33333333333333
6.33333333333333
7
7.33333333333333
7
8
7.66666666666667
7
8
6.33333333333333
7.33333333333333
5.66666666666667
5.33333333333333
8
6
6.66666666666667
7.66666666666667
7.33333333333333
7.33333333333333
4.33333333333333
7.66666666666667
7.66666666666667
7.33333333333333
8
5.66666666666667
7.33333333333333
5.66666666666667
6
5
4.66666666666667
6.33333333333333
5
5.33333333333333
6.66666666666667
6.66666666666667
6
8
8.66666666666667
7
6.66666666666667
7
6
7.33333333333333
7.66666666666667
7.33333333333333
6.66666666666667
7.33333333333333
8.66666666666667
8.33333333333333
7.33333333333333
7
6.33333333333333
8.66666666666667
8.66666666666667
5.66666666666667
7.33333333333333
10
9
8.66666666666667
8.33333333333333
9
9.33333333333333
9
10
6.33333333333333
7.33333333333333
8
5
7
6
5.33333333333333
4
4.33333333333333
6.66666666666667
5.66666666666667
5.66666666666667
7
7.33333333333333
7
6.33333333333333
4.33333333333333
4.66666666666667
6.33333333333333
6
4.33333333333333
5.33333333333333
6.33333333333333
6.33333333333333
4.33333333333333
7
8.66666666666667
8.33333333333333
6.33333333333333
10
8.33333333333333
9
8.33333333333333
9.33333333333333
8
7.66666666666667
7
6.33333333333333
6.66666666666667
6.33333333333333
6.66666666666667
5
5.33333333333333
6
6.66666666666667
6.33333333333333
6.33333333333333
5.66666666666667
6.66666666666667
7
5.33333333333333
5.33333333333333
8.33333333333333
7.33333333333333
6
8
4.66666666666667
6.66666666666667
6.66666666666667
7
7.33333333333333
5.33333333333333
8
6
8.33333333333333
6.66666666666667
6.66666666666667
6.33333333333333
5
7.66666666666667
7
6
6.66666666666667
6.66666666666667
8.33333333333333
7.66666666666667
8.66666666666667
8.33333333333333
9.33333333333333
9.33333333333333
8
8
8.33333333333333
7.66666666666667
8.33333333333333
7.66666666666667
6.66666666666667
5.33333333333333
7.33333333333333
4.33333333333333
7.33333333333333
3.66666666666667
4.66666666666667
4.33333333333333
2.33333333333333
6.66666666666667
6
6.66666666666667
7
7.33333333333333
7
7.33333333333333
5.66666666666667
5.33333333333333
7.66666666666667
8
5.66666666666667
6
5.33333333333333
4.66666666666667
5
3.66666666666667
7.66666666666667
7.33333333333333
8.33333333333333
7.33333333333333
4.33333333333333
6.66666666666667
7
5.33333333333333
7
5.33333333333333
8.33333333333333
6.66666666666667
6.33333333333333
6
6
6.66666666666667
5.66666666666667
6
7
6.33333333333333
7
6
4.66666666666667
4.66666666666667
4.33333333333333
6
6.66666666666667
5.33333333333333
5.66666666666667
5.66666666666667
5
4.66666666666667
8.66666666666667
8.66666666666667
7.66666666666667
8.33333333333333
7.33333333333333
8.66666666666667
8.33333333333333
7.33333333333333
8
5.66666666666667
6.66666666666667
7.33333333333333
6
4.66666666666667
7
7
7.33333333333333
8.66666666666667
6
8
5.5
10
6
5
6
5.5
2
4
5.5
6
9
8.5
5.5
10
10
7.5
7.5
5
7
8.5
8
8.5
7.5
5
6.5
6.5
7
7.5
6
3.5
5.5
5
5
4
6
7
8.5
6
8
5.5
10
9
9
3
6.5
5
4.5
6.5
6
6.5
7.5
7
6
9
9.5
9.5
8
3.5
3.5
4
4
3.5
4
4
4.5
2
5
1.5
5
3.5
3.5
6
5.5
5.5
8
6.5
9.5
8
6.5
7.5
5.5
6
5.5
3
7.5
7.5
8
7.5
6.5
5.5
4.5
4.5
4
5
5.5
6
4.5
4.5
5.5
5
6
4
5.5
5.5
4.5
7
6
6
5.5
6
5.5
4.5
6.5
5.5
8
6.5
7
6.5
6
6.5
5.5
6
5.5
4.5
5
5
4
6
7.5
7
7.5
3.5
7.5
2.5
5
3
6
6.5
4
6
4.5
5.5
6
6.5
7
5
6
8.5
7
7.5
8.5
8.5
8
10
7
6
5
8
6.5
6
6
4.5
6.5
2.5
5.5
4.5
4.5
8
8
5
7
5.5
6
3.5
7.5
5.5
3
8.5
7
8.5
9
6.5
7
2
9.5
6.5
4.5
3
6.5
6.5
4.5
7.5
5
5
5.5
5.5
7.5
4.5
7
3.5
4.5
4
4
5
6
3.5
6.5
5.5
6
5
8
7.5
4
7
6.5
6
6.5
8.5
6
5.5
8.5
9.5
8
6.5
6.5
6
4.5
3.5
8
8.5
9
5.5
5
6.5
5.5
7.5
5.5
6
6.5
8.5
8
6
5
5
2.5
6.5
5.5
4
4
3
3.5
4.5
5.5
4
7.5
8.5
7.5
9
9
9.5
3.5
6.5
6
5
4
8
5.5
5
6.5
6.5
7.5
8
5
4.5
4.5
3.5
6
6.5
6.5
5.5
6
4
8.5
7
8.5
6.5
7.5
6.5
8.5
7
5.5
7
6.5
5
9.5
8
8
5
3
6.5
4.5
5.5
2.5
5.5
6.5
6
7
8.5
6
5
5.5
4.5
3.5
3.5
7
4.5
5
8.5
9
9.5
8.5
7.5
4
8.5
6
9.5
8.5
8.5
10
1.5
6
6.5
6.5
7
7
7
6.5
5.5
7.5
7
4.5
5.5
5
4
4.5
3
5
6
5.5
4.5
7
6
7.5
7
7.5
6.5
6.5
7
6
7
8
7
8
8
7
6.5
6
5.5
5.5
5
7
7
5.5
5
4.5
3.5
4
4.5
2
5
4.5
5
6
7
5.5
3.5
4.5
3.5
6.5
5
8
7
6.5
6
5
5.5
3
6
8
8.5
9
9
10
4.5
4
5
5
4.5
5
3
5
4.5
5
5.5
2.5
6.5
7.5
6.5
7
3.5
8
8
8
5.5
8
5.5
6.5
6.5
6.5
6.5
4.5
5.5
4.5
4.5
3
6
8
6
6
6.5
5.5
6.5
4
6
9
5.5
3
9.5
4
2
1.5
2
3
4.5
5.5
6.5
7
8
9
5.5
5.5
3
3
4
5
5
4.5
5.5
4
5.5
4
7
7
7
6.5
5.5
5.5
6.5
6
5
3.5
4
4
5
3.5
5
4
8.5
8.5
8
7
8
7
5.5
4.5
5
4.5
3.5
4.5
5
6.5
6.5
8.5
8.5
8.5
9.5
10
9
7
6.5
6
6
5.5
6.5
6
2.5
5.5
6.5
5
6.5
4.5
7
6
9.5
7.5
8
3.5
5.5
5.5
5
5
5
5.5
2.5
5
7
5
2.5
5
4.5
4
4.5
5.5
5
5
5.5
4
7.5
6
6.5
3
2
2.5
2.5
3.5
3.5
4.5
3.5
3.5
3
6
4
5
5.5
5.5
2
4
4
5.5
5
7.5
4.5
4.5
4
4.5
4
6
3.5
3
2.5
5
4
5
4.5
5
5.5
5
7.5
7.5
5.5
4.5
9
7.5
7.5
3.5
3
5.5
4.5
5.5
6.5
6.5
6.5
6.5
5.5
5
4
6.5
6.5
6
8
4
8
8
8.5
9
6
9
9.5
9
10
8
7.5
3.5
10
8.5
8.5
9.5
8.5
6.5
7.5
7.5
3.5
5
4
2.5
6.5
3
3
2.5
2
4
5
6
5
8
9
5.5
9
10
5.5
8
8.5
7.5
6.5
8
5.5
8.5
4
7.5
4.5
3.5
4
5.5
6
5.5
4.5
7
4.5
5.5
5.5
4
8.5
5
6
7
4.5
8.5
4.5
7
4.5
4
8.5
8
7
6.5
7.5
7.5
5.5
5
10
2
7.5
9
9
6
9
7
7
8
6
6
7
8
9
8
7
8
5
10
7
8
8
7
6
7
6
7
8
7
7
7
7
4
7
1
2
3
4
4
5
3
7
5
9
6
7
8
10
1
6
10
10
5
6
6
6
3
6
5
5
5
6
10
7
8
9
9
2
3
4
4
5
6
7
7
8
7
10
2
10
1
10
3
10
7
4
4
5
3
7
8
10
10
10
10
10
10
10
2
3
4
4
3
6
7
8
9
10
6
7
1
8
3
8
5
4
4
5
3
7
8
10
10
10
10
9
10
2
10
1
10
3
7
3
3
4
5
3
7
8
9
10
10
10
10
10
10
1
2
1
4
3
6
6
4
4
5
3
7
8
10
10
10
1
4
4
4
3
2
6
6
7
7
7
2
4
2
3
4
5
6
7
6
4
5
6
7
8
7
7
6
9
7
10
7
8
7
7
8
7
8
6
10
9
9
10
7
10
2
10
8
10
7
4
3
2
7
6
7
7
8
4
3
4
2
5
2
8
8
9
9
8
8
9
7
8
8
6
9
1
4
1
4
1
5
2
3
4
5
3
4
2
9
1
8
10
