4.31182099459554
2.46406955177254
1.95508646638564
1.5738028964634
1.23175330389363
1.33920221533661
1.22948510126061
1.0626647458309
1.2156324549885
1.40323279163801
1.10608314267912
1.46149628912176
1.37231054289264
1.21640935946909
1.2735226888227
1.21188374916838
1.29579615227491
1.35796217857531
1.26609041040306
1.59708398810175
1.41976799876036
1.64131834217599
1.52449046571513
1.53487145623701
1.63283083820807
1.54301435371726
1.76899079165077
1.66157547023733
1.71927020947067
1.55985640378843
1.69205616383881
1.59091255202036
1.58964724680897
1.68460277357585
1.64400095019169
1.560997410662
1.71349379856872
1.54977067569868
1.60066900134448
1.70184084890872
1.71894109055627
1.60524831302477
1.71174857937627
1.77389042577981
1.71554522376385
1.86889569761471
1.94647683286222
1.82286478045168
1.64717015941368
1.76089706417857
1.78499372489985
1.76310313959889
1.85303635435094
1.67606271173673
1.75556205265268
1.71074110072178
1.79284682562384
1.88809614457006
1.79142148403143
1.68200591065823
1.93252794154571
1.89097179772091
1.92208949383186
1.85917036004438
1.90502870147564
1.93670696177329
1.78084052332138
1.84831078447491
1.90884900568354
1.86142431448726
1.95227569387551
1.98606617870917
1.84480406041979
1.97644076063458
1.93179607862141
1.9126217904108
1.90156460086385
1.91106301566313
1.93943399925691
1.93920170408603
1.73256657567163
1.96310718942779
1.89265599190113
1.83150775464694
1.92845539238814
1.80233718422513
1.73275588533687
1.8796824405259
1.89728040335429
1.72806223796596
1.90299927638605
1.80328157799016
1.92835914277511
1.87859598554403
1.8766559006932
1.91277308481259
2.02480237360869
1.94269388395225
1.88148068176249
1.79684045270348
2.02292524878831
1.79374820258073
1.77161423050277
1.86579992079331
1.91393306098397
1.85496460517619
1.79296972139297
1.96964409743118
1.7990599189309
2.04946385489819
2.00857114324582
1.73280601364322
1.66145790911077
1.94703441085164
1.87495339589071
1.94627298597135
2.02576511237284
2.03599731110463
1.89120028351767
1.8759884480742
1.8284588933398
1.91537441755995
1.83686614727817
1.92988609643312
1.90597903077983
1.64038214608541
1.76608379845816
2.02399197572555
1.76225995251542
1.96688516897339
1.73012278887629
1.97635037496319
1.84869711256038
1.97386607139219
1.94344803703819
1.81147094560225
1.75350805025346
1.95918329039115
1.91246233367032
2.05608476965999
1.83896699848362
1.85489034957178
1.67303478694448
1.92992669649798
1.7304457165314
1.92450315024255
1.91590886684506
1.85278113389849
2.00969078712431
1.99456952357544
1.99794020566343
1.84475127736077
1.97156795821661
1.88012331597746
1.78978959084972
1.91924303342142
1.98425262849141
1.84678781843813
1.84917927874476
1.54060602014425
2.05486534628681
1.80077747319976
1.78027866581751
2.03675298291194
1.74653736643718
1.97250766359783
1.89502419789521
1.97733989736834
1.96676907893845
1.99916736313469
1.91840077811324
1.96251687483431
1.9825770243863
1.89513107085382
1.94116262639881
1.73643180451866
1.87769361014979
1.92285303384294
1.73530453336945
2.01376654919213
1.94226428261536
1.845996377312
1.74303916730235
1.84551396590993
1.69059889103651
1.89786357210668
1.70134089603634
1.85946175572359
2.05167013483182
1.91023597590494
1.87688960918444
1.87160373569557
2.17945434025766
1.79960237598737
1.75101275646754
1.81418957760405
1.89421144169296
1.79418463865052
1.87228293072361
2.05647446437037
1.87080701825016
1.82254790906078
1.83996771546188
1.87533507689291
1.99619373967666
1.8994416467749
1.94691114188379
2.00908178840875
1.92579276791059
1.87644031834332
1.67285860452822
2.06893652377496
1.90230601232259
1.5292657223105
1.80052226148664
1.846713498191
1.60893890983316
1.77438316024913
1.86030618055571
1.93397313776189
1.93735729274853
1.91109661365123
1.83857288275144
1.72153095893894
1.81413077471966
1.55785533183778
1.85779959781591
1.87565658571859
1.61429638576398
1.71958164264994
1.57309640793662
1.59131925394255
1.5901038133841
1.56677478479401
1.76959755166983
1.65352071549157
1.91797042198812
1.82378003013242
1.88773153370791
1.85652999488135
1.83496253081655
1.42947367653729
1.52231515665705
1.84709482741985
1.83600614020175
1.89933665694883
1.60151675403685
2.07111697879938
1.95266812139219
1.78433300777094
1.85573187864098
1.90332073993284
1.95084121936239
1.6735679478681
1.66050927301013
1.81280474523568
1.83706093463298
1.62861996100744
1.80712463505475
1.59756072666204
1.72459094819939
1.51586530379827
1.74258994366128
2.06392480984981
1.58161234658921
1.85774654976716
1.72594269757135
1.63171278623528
1.61878626232723
1.70122696678552
1.68355342993765
1.67681090793621
1.96119860602309
1.71900774028455
1.66790297487316
1.53429141602203
1.77133081608247
1.85533391785348
1.59538431261537
1.69336808623146
1.77321216889897
1.68969608095413
1.55081149041864
2.02050608219967
1.74804390460588
1.5537283911173
1.88091107928162
1.75499693392363
1.60513640946944
1.64123842650136
1.83879745424124
1.91372468574917
1.55614004462351
1.40610287826422
1.47759082752679
1.72724718283227
1.8011133073749
1.61194473402609
2.02022194558761
1.85369599541237
1.80115902668347
1.55734679246219
1.75665827232623
1.55039903351681
1.88038707784771
1.53301528910946
1.88508778228137
1.93890248826374
1.9115503016662
1.74652104571252
1.86274805761141
1.80911667155428
1.73831716443739
2.06805804975224
1.71925442586994
1.91466146671915
1.899054394624
1.94540608268357
1.91194326265712
1.89934534733769
1.76628887031184
1.92332235796128
1.65261290598376
1.9265459865977
1.95315634313181
1.65615839582499
1.76828394109886
1.8151468676573
2.01164648802335
1.66569327332606
1.76721876682588
1.85634042418496
1.97109557260511
1.69414937548115
1.85638268556069
1.55592756083598
1.73855240154078
1.98113474398306
1.46513984786401
1.81502117437557
1.66091616482803
1.98207892529368
1.72010397941175
1.66865420817913
1.64042950567911
1.69522863528866
1.59091769628055
1.50041990288154
1.45677120323339
1.64907355368845
1.57445998265042
1.55024637872385
1.56895812606765
1.75062349481106
2.16662218055984
1.58438381668371
1.56781114736598
1.84777362311199
1.49930985176417
1.56186234579343
1.46350444465906
1.59600238458701
1.33966164209393
1.66252924986317
1.2503912480608
1.82411684141642
1.84391156799982
1.80455697036759
1.57125953534995
1.21582769476907
1.29810497800421
1.3779523056794
1.27900240859792
1.55626048160985
1.71611425245801
1.37468545240838
1.3229039427122
1.73007218580333
1.68808003334583
1.83806432992973
1.61134636322999
2.31142136345896
1.74538308768649
2.06654623453569
1.68716492254333
1.35704271748148
1.53332264555204
1.79702727264939
1.31004012629813
1.42142194615601
1.9475289823354
1.45088409624008
1.80211442625607
1.46916913272024
1.56940426765974
1.58477991121428
1.80986535123631
1.65796561661868
1.61091867942875
1.55514065820932
1.55931872161951
1.68630837115481
1.55156501848249
1.82678491222967
1.82151704819842
1.45815180232128
1.17197523392185
1.70072872297419
1.29031473113165
1.77134664445779
1.61229040175556
1.86076790346461
1.74952865652165
1.74720210264096
1.81690217262986
1.75109862176111
1.89472210719926
1.91093679590323
1.8821880090547
2.04041128871344
1.75398622765717
1.97338925638507
1.63908721782704
1.61592870161444
1.76210973116194
1.49465626283227
1.49781585882354
1.42027139362231
1.23939541107084
1.56889816081256
1.83071769211125
1.12768183746963
1.73504393340448
1.56464811151631
1.37326225528739
1.08810982016112
1.4088099174955
1.40394034244865
1.43794266419832
1.29377494472485
1.51721307348775
1.54646357067359
1.4534249326603
1.57347783628078
1.44380624038203
1.60633527297538
1.63018937947556
1.96654368636353
1.40281475787196
1.79201006217481
2.20669285663496
1.63049476881519
1.62596785570207
1.43050747835114
1.67363987057972
1.89428077029911
1.64634324070344
1.64287925071128
2.21069874766005
2.12545264144609
1.6401766380065
1.50624220351104
1.59435666971132
1.81905518631979
1.69764295739465
1.69282145091996
1.96383296799761
2.17528596039266
1.42928236672888
1.80760884811281
1.6976559816426
2.21544449630005
1.89849772809673
1.77680782995975
1.91670453581816
1.89467650506256
1.73512158761498
2.2762283268375
1.95508478714392
1.62984527847889
1.65190258815348
1.77258088448106
2.0557015477081
2.29147931340167
2.28404759984767
2.05465240525095
1.63132569156438
1.69732221284056
1.82027305952751
1.46263157771844
1.67182808656538
1.45211267371826
1.70800349635651
1.44117627571073
1.08342627222027
1.69671355349591
1.66428496424697
1.5195859105698
1.6701286476175
1.76030881712194
1.60962361768478
1.37312195738737
1.93384126462042
1.4716179559012
2.08911759264576
1.7591174544498
1.87081813501544
1.65352431314223
2.27449490951934
1.73086757017206
1.16800849590017
1.1936422441461
1.47365120685293
1.58517062655413
1.34153893126424
1.71816389876445
1.51515681192777
1.5705339014526
1.93393821314932
1.62249536328664
1.31288098203979
1.37380866562653
1.60851458228796
1.39539402008358
2.07437217888534
1.20049077854801
1.94386758747491
1.98466027432255
1.89933499192599
1.75829201665788
1.8415152536455
1.24269642483921
1.43749307059916
1.14579308714206
1.39209800275173
1.52132309892203
1.64234943215998
1.73174047696468
1.06392168812111
1.75428255259226
2.21682762547812
1.9435978166214
1.33496090170109
1.59502089281726
1.78861106698132
1.41857737063182
1.1838430792015
1.23106394427172
1.28242488183515
1.08098810399628
1.6816497593434
1.29134281226452
1.89145714160231
1.21115072470441
2.04650963983774
1.56297166097236
1.08579249164498
1.40114757203408
1.45309900101395
1.56106487793095
1.75282541091766
1.67680947302851
2.04751692484842
1.85821314959889
0.931819219857579
1.55794735309791
1.21426076126305
1.20408373122971
1.45231671099123
1.75760590556295
1.9602221921725
1.12484322447315
1.36371018126046
1.77065390209266
1.39653303868268
1.64642658240474
1.5214575022313
1.90435309558486
1.45445652327753
1.55626922113278
1.4499921028782
0.98746352701016
1.74805216009656
1.86862597127122
1.06640117782767
1.04471793223548
1.43138575824876
1.54091788882297
1.76109673456267
1.54272655839661
1.75847095928595
1.73868670510583
1.96232279471056
2.20268786454781
2.17760488417117
1.72462861623589
1.57332194974816
1.05643660851001
1.4533176142497
1.5361045341309
1.18560093927281
1.63100692667826
1.67975113189133
0.857954121584461
1.24215803406445
1.74457500977193
1.8808895887754
0.969170154654714
1.50468105322432
0.689841450175064
2.44450203025565
1.56346164366171
1.38094689786202
1.57351252369884
1.82891754169971
1.23134153165247
1.73570801314614
1.33832756135561
1.16862636650335
1.49269521937721
1.28502989008317
1.33115456724783
1.00624478601683
1.15315466104789
1.66731858758797
2.0515157257795
1.62353681916431
1.46588793623874
1.15653614676145
1.67224399508512
1.32749233603686
1.11065513330315
0.712218200775984
2.20189408783412
1.70611344530672
2.04138462007387
1.69797476413632
1.26380407241004
1.30150776478778
1.54496473788189
1.09884160421237
1.39107013614287
1.67127394306971
1.62387754074463
1.43577714088914
1.34378011218369
2.03802555140517
1.25355324199235
1.41832757495949
1.44390668476185
1.13226235207009
1.75025736740914
1.05070068584762
1.82334426249802
1.30411730244602
2.18224774415556
1.70702435810943
1.25035793189555
1.05852378871355
1.93543682475282
1.09931847047317
1.39915749313649
1.28214191552078
1.82290729305577
0.831698512346345
1.67814579107427
1.17015638456828
1.55646605376492
0.88095337270345
1.20020181099069
1.15185862763982
1.12682290225147
1.70994494620437
1.20825158654341
1.36089383658907
2.3047065356725
1.24721186642447
1.5480411157141
1.85280183065073
1.30590109787459
1.43185663856929
1.05682013459137
1.16537979816266
0.903088303638859
1.06242507945805
1.00684181946006
1.5751276413247
1.88570396050034
1.32303415553244
1.04998944147167
1.21946310795959
0.943125243106305
1.86394362810593
0.703571475749153
1.30797123539331
2.02634591346616
1.67654639399662
1.32896850008455
1.46433010539654
1.64498350405056
0.831324533115983
1.20508503515696
0.866063884802547
0.884433835282614
1.69822055652927
1.07779363676557
0.897580515370638
1.04270733943597
1.94686625387288
0.997961542768728
1.88626617599021
1.08713716042311
1.16458513529359
1.17711490653085
1.11609403991954
1.54113322525766
3.09873081983834
0.844915047005032
1.52479495946151
1.45711726250902
1.46489525743618
0.972221661892781
1.62096919865542
2.36075539207206
1.66633543625946
1.22675919189329
1.27004423001026
1.50772481424581
1.45112457059296
1.55952513936201
1.35174126462615
1.27305359916024
1.1917016951198
1.70153370160626
1.45900465956254
1.69978316320519
1.49246652459135
1.89726211086834
1.79142902793057
1.10386306595009
1.30776094381988
1.70854730059834
1.91283735983987
1.25001978680278
1.35816728970652
2.27374620926554
1.66463554809401
0.510066921196595
2.17618432560191
2.17660282572111
1.37839604627524
1.51311973764682
1.30494137563434
0.977421156152217
0.926847651707256
0.905920351717224
2.02396034648591
1.06911714054393
1.56667094289676
1.33900194040253
1.4465880943391
0.879826203999804
1.22276082723767
1.35238910760503
1.37547149404743
2.23129353986763
1.53799093209988
1.72735154480644
1.644883720064
1.77743470828493
0.930137784218396
0.7441591575922
1.31677683582094
2.00227733159468
1.79823468262686
1.11602350672467
1.14513806079935
1.06672476124801
1.18633912628778
1.17158066973414
1.31275768841327
1.5197856777239
2.14185887292032
0.749706469729608
1.72658819847573
1.59626583674599
1.88891628122111
1.15731530904531
1.7702648638417
1.88414093006507
0.777679939083849
1.31182877735357
1.44382054107224
1.73783518216748
1.19870858556807
0.810590963218555
1.12147760332828
1.39446908730612
1.23867253754124
1.30212052809893
1.40680403823566
0.758892735792251
0.67745614594559
0.489229677502019
0.900333651883487
1.75362369039789
0.722162953857403
1.69947952575679
0.795766469232778
1.2636209642806
1.70541519827911
1.18718960233808
0.958615022762359
1.66021805555173
0.657666077941096
0.553894986191826
1.98794711190869
0.941475547347465
2.59174232017545
0.324100624471444
0.384206839774836
0.269227603048518
1.10387466361554
0.676480541752904
0.697917029918553
0.723719180088532
1.04491961258833
0.615807642371417
1.92863606278236
0.266280820066021
1.22646450498881
1.29700921150874
1.18211351636702
0.654275411564332
0.570939730765301
1.27580721383533
1.05470313032301
0.986083444947775
0.523671114607737
0.975682714272728
1.96382017599779
0.876292469343418
0.6358986108986
0.762854642649418
1.4010751296138
1.91713691581536
1.36643270620515
2.57320972844685
1.00794738562707
1.36811623460452
1.83805738093793
0.9529323445914
2.17810990221572
0.901058404601457
1.7862282183782
0.609306957105761
2.19829936774249
2.71711952173169
1.20501390438723
1.30850885990693
1.96024642566937
2.2065087786465
1.0088142416327
1.74984392614591
1.40406814890142
1.29720871879059
1.624641342585
1.79950269633612
2.34313575438158
1.46590228162711
1.74751800517374
0.944241093734691
0.610688111757822
1.64703309115973
1.49711873914083
1.36686495219863
0.347092435785321
1.57119181383246
1.26033217988379
2.04231900021619
2.23670236354931
2.15552485006262
1.51565896264392
1.36903850072249
2.24225783284961
2.25209051919778
1.90511123629459
1.33862713148216
1.23759691474628
2.24583764877987
3.23108999044671
1.98417196665381
0.46611239811881
4.79517051584012
2.54191939131535
0.690818984965685
1.67603612750762
1.42275450599166
1.24429128769288
2.23367563024621
2.49028197477496
2.67241809795407
1.98163852256018
1.37939379831833
1.18518790506209
2.67431441734756
1.60628598468356
1.08790663633434
0.705830226377907
1.39182195239793
1.26821959954933
0.460934677705361
0.935545479031488
0.599680412187286
1.94563478627753
3.13897809900468
1.53372831253148
1.74236468825813
1.38689272218452
2.09146516191616
0.790921513480246
0.492707150502776
1.48092608646989
0.885859067793611
1.68393307592316
0.963302924050849
1.55274020687787
0.550678775612352
0.557591955377428
1.02601002919502
2.00190611842111
1.36960275724116
1.48763107961436
1.26501349121245
1.49158108407197
2.26542470536242
1.57903198116684
1.80963429245765
1.78502485553288
1.30373931971285
1.58828933316979
0.626344560591523
1.74880598107792
1.46050086077226
1.04745609674174
2.1941807447259
2.22318394702703
1.42158962995655
1.97695806399904
1.413194270088
1.66595850292482
1.29951347556643
0.593454733022712
1.8714030060238
0.924464007504667
2.87095809564389
1.28957489602467
1.70812678870341
2.22052211335056
0.49371175985083
1.98850100208319
2.73973587238698
2.06725430631799
1.59750078315089
1.51087102846493
1.71623340682347
2.66516491106476
0.863817390719782
3.54664003713646
2.07383088884078
1.39325474158024
1.1218724846281
1.63880022538708
1.95048660079412
0.657419880089058
0.383329364587301
0.88678292401105
0.67215574759319
2.17710502120719
2.33758521368294
2.7452001450862
1.00867395923978
1.15966512106606
0.376482643693775
2.01217425356035
0.693438170431473
1.61430935955182
0.76084684218289
2.0362672245515
1.49292383583622
1.54869095994558
3.0513387163087
3.43948633635576
1.5463293179971
2.09841310794443
1.30920596213008
1.57348257781607
0.872945117610902
2.23346658239815
0.929546002997732
1.9189977600581
1.74189013841398
0.787043790106231
1.80091960372247
1.14533487187977
0.990598198922911
1.49913795087805
3.86105733322524
1.61548728548208
1.31581520401112
2.13963353498687
2.10756520968397
0.727562349416799
1.117939101092
0.693182196476355
1.60891200101356
0.991563320740343
1.33802021830896
2.12614728375393
1.46657889884596
1.23103748208127
2.46451394548255
3.32268234971844
1.474538640226
1.76986045178889
1.2235644367262
0.968307473631666
1.47404861021171
1.62948451059112
1.77241334299786
1.47431629644844
1.74440454545217
0.676230428895728
0.619266143586047
0.76635671794184
0.594984267041054
0.77402355517191
1.18869684540997
0.780727390577308
3.49375557352568
2.23874196275339
1.62142716142855
1.61179867381041
1.14025008390007
1.64259176450457
1.66384095935542
2.23735442762637
0.125923039545256
2.33762280096298
0.164160243855479
1.4514016562274
1.66226181132636
2.4048481201375
1.91583273197497
1.36006387488034
1.38048807526637
1.35850083284491
1.36751402239576
2.32185388535901
1.60959924678375
1.66066705223341
2.03836037143452
1.46400962025003
2.10373679269928
1.96952718707875
0.789952910998577
1.76736647126018
1.53984967533927
1.68339935836495
1.35157334308914
0.993675036097209
1.57630694663782
1.17751599166882
1.84333027889043
1.70759226414495
1.93124748621381
1.7974522372828
1.23637769455891
0.733069977349441
1.48057278061077
0.658011755734902
2.45474191041387
1.06785295789552
1.59932121062164
0.631693673864775
0.520517178915161
1.04193926666438
0.639057142352124
2.33884970071582
0.93314356592706
1.21622355189102
1.70967962859201
1.02131373283276
1.09671342106697
1.10679340400464
0.526196767883359
2.92527448978445
0.407634336443492
0.657888391966546
1.61787561468442
1.36340261714876
2.5968368850112
2.26916157846242
1.92299523259974
1.01932688237487
0.282083217693925
2.14723341557688
1.13589805126552
1.29939543377555
0.363960618373227
1.26397000282034
0.656638002318298
1.81101676274556
2.05438913768641
1.62731061842996
0.833727810865717
1.05232098211254
2.56020316946157
2.27697285394605
1.98283302673593
1.11766570302776
2.19466257363791
0.838087020814376
1.61417101955462
2.28279154318202
1.62540754590666
0.901956692098995
1.29894214819324
2.68234462205337
0.594009286782791
0.66741245593717
2.16106629637149
0.533156561226864
1.15558411772353
1.76161711915938
0.453488079618614
2.29979903840664
0.913381560199423
1.17494778982311
2.01445126124949
1.72104087465984
0.980095988260116
1.14119340038783
1.93185619727175
1.1685887013073
2.85718336718135
0.7941379414899
1.16996566565665
11.6437163083096
2.68295006275186
2.47909411033562
1.6929209085428
1.98698956314244
4.1420082740348
0.161045638825142
3.40377782714222
0.567309868009883
0.190777120964146
1.66612951182661
1.17103620584548
0.962857920614584
0.579964211539465
0.556131148010406
4.1171195518361
0.298673807495793
0.14208218445348
1.67355917496204
3.80078648792234
2.35749140474279
3.46240662737503
3.02306197094926
2.28442023891849
2.59378949234793
2.60337620675293
0.645760690528363
4.39989934553521
2.97925812618014
2.32277114578569
1.1907102464943
2.58234929336069
2.59535096660322
1.51231073921055
1.32931950563381
1.72772927423051
0.748728734364405
1.41605028014166
0.649839797092128
0.442774056303438
0.18148681874116
0.83782081134871
3.08018187129547
2.60325212996157
0.960289902835401
3.141549328391
1.96177770932577
1.28569346847311
2.85454680606404
1.07989937350993
2.4249180485207
2.34720470579034
1.101726295581
1.79110686125831
2.53964841255342
1.24419979251822
3.01675913850166
1.68681497274245
2.04388507242824
0.725173108093621
2.6681857230093
0.369735322784068
3.6039401575215
1.36512607891755
1.19131343591926
1.52498754257218
4.83624749712117
2.11623768506514
7.4079631216902
0.851625688137649
3.10580602217945
0.919456643994792
0.338530918886321
3.55622405709829
1.54649180868397
2.03851671952412
2.99047213638873
0.286601388762166
1.19508963575765
1.20426379395664
1.14950069410482
0.924672932382849
0.0886046265634839
0.0211190047379712
0.733224076202476
1.11389875527142
0.899095293943426
0.565612036987393
0.156844544755133
2.27854882442696
0.975812121378213
0.473458633791833
0.595608133632028
0.294579849091063
2.60363758597897
1.21534082614109
0.235452185687255
0.101077119163359
0.521911726249308
1.5682517005116
2.39230171628739
1.19819344266022
1.62869836283525
1.15289097693886
1.08777465466938
1.02866197927154
0.644256299668087
0.672545677727165
1.30647385225852
1.09606252369782
0.566110343086559
0.880759410958851
0.314829413795513
0.109394263691695
1.75858539106349
1.50714154014664
0.989187041983335
0.371825964889068
0.350917010474789
1.67351436862232
0.808165292054989
0.629458078591136
0.729029755043645
1.425161673245
0.612066212888321
0.603355929546318
0.458349981710132
0.759926522191348
1.83444058687162
1.05965894379262
1.17411979186048
0.593800748036121
1.60302366114151
0.979321974409213
1.02566508850893
2.23268086685948
0.438560142074195
0.0207975418523722
0.596203058625921
1.37795360796971
0.555511779776508
1.06443395529531
0.597078399412703
0.547295976992002
2.92315136911412
2.69109811228089
0.798459297250698
2.39397695663035
0.543585869614516
0.22748952352703
2.10480772245907
2.29281570759595
1.6394721570642
1.29208740480773
2.28338237360681
0.00801243860696744
1.53685840409732
0.615914712942361
2.59700457931553
3.23099916275321
2.93521210741763
1.61147405841835
1.90552497280767
3.97366025682191
3.51150706707736
2.10746305038647
0.39139007323147
1.11710779308623
1.9937000777746
2.52354396237459
1.26591499717987
2.29868585674152
1.85627352892589
0.903398229899199
1.40413084607995
0.352939445268729
2.96271761226548
1.94234230971787
2.50793230689986
0.0212838293696117
1.12981424836766
1.8325378303622
3.00731569952066
1.15285920469171
2.89197541970654
2.97455979809137
1.19830045471138
3.08304432607284
3.30460957601013
1.37316498585306
0.990996096898831
1.61853003410386
3.46779837367992
1.82446366101841
2.55326331329951
0.437095061308875
2.54115315178618
3.93026891504597
2.48879749903074
3.02215251437068
3.03894665078463
1.30032445101109
1.46479614004972
1.72027986058919
1.43077934355903
0.57423597105522
1.91213320954173
1.25909229965594
3.05436926875293
0.643054560030962
0.37184843676645
1.57250392262145
1.82695217587805
1.8972826814409
2.29681819885115
0.687289056184022
1.96483953913234
0.605258237136663
1.32340063646972
1.36478553659204
1.11981424191355
0.802969755706558
0.542215389144207
0.391209158809561
0.219435517127244
2.66141162751365
1.44236546972275
2.53344439100865
2.11870893172271
2.02276601405099
2.6538787271383
1.29546647554603
0.251869016206935
0.264387186624011
0.482072359643741
0.339798234531457
0.123541083817452
2.6714123843441
3.62762397758551
2.82819129366292
2.83560197954007
0.43289479271137
2.28958787501717
1.87614122187919
0.688380369999942
2.60811877637024
4.09423282401715
0.631669147140872
0.788739188983296
1.35061141387035
2.09021432764987
1.45398342824437
3.38948560197761
1.52001324582331
2.59209731789983
1.24047581023439
0.282203202099964
0.1281444291385
2.62266716760059
1.92418068789334
2.06511574225291
1.29975598079427
2.26302863788546
2.13182444229157
1.33196843809604
0.495653940567202
2.35755330392748
2.11771646382673
3.00706361906045
1.64172775706687
0.911600926294806
1.61266459492147
1.10210617209716
2.57455975162483
0.752081919449435
2.30200403067728
1.74458784440902
0.324630566066285
3.28661822071973
3.21115105425155
2.61144819547142
1.98474489159773
4.04475863570497
4.66327387370955
1.44116544813575
1.20700119750343
1.81398209905892
4.84235568280434
3.78665355118219
1.79209855094068
1.50666214851842
5.72559601403388
1.48794832832206
0.562909853486764
0.867826127798776
1.34019991831065
0.389286248103484
1.12213808050529
1.61020129572885
3.51353769340138
6.1452859868554
0.0264519528360701
3.40833133496587
0.077650155181861
0.000394758612147874
1.83232549499892
0.0324683547604473
0.56074160306116
0.204965896267848
0.0024293311322103
0.445088569907743
1.1702569582741
1.35779856475531
3.2789232716743
0.583214036237356
1.42191297202133
3.59761957874896
3.16258209918533
2.14820767330411
0.120112929450079
0.000394666132406993
7.01539775973694
0.031755720907534
2.43468046106057
0.264176771523535
7.26651483169181
0.0521715401565181
1.14668983669119
0.0531660977544283
1.5912321119673
3.14993150820244
1.3650642936423
1.53839363363192
1.22305797486963
0.982700690085339
0.400629226089553
0.599146900093686
0.0826936606772141
2.53874101741265
0.324275714088741
2.12839009463578
0.612882795176576
0.870132305604943
0.361722993796544
2.30491163142876
0.217189555607454
5.53033272746671
7.54485696430615
6.30136562528196
2.54418895836223
3.84627991405288
1.68511489391175
1.3219635045524
4.94938428316789
0.435567954245671
0.00604819654618658
0.562294584850059
1.28896587978348
1.82133936270222
1.52590986325487
2.09210844231753
2.46633510766732
3.37497908533841
5.87287005898075
2.58095308125235
2.42237795161184
3.7340151059276
5.03866260428573
3.9392664048858
3.48932952362515
3.24388214600043
3.01694191357172
4.64103515070805
1.53137571430963
0.586768478302855
1.32029909863382
0.00133287223983208
2.04213909873182
1.94567105224697
0.0121260177306313
0.137591682106255
0.000394611877655478
3.11216243180601
2.43597581284348
3.84304327724587
2.38467294920985
3.05165119761034
2.37125718815529
0.233432054204156
5.77379430092233
1.81434209734424
5.43901960051133
2.81872027072421
3.02875315466616
2.12169285830454
1.69568747380029
1.80253956325423
2.7260003003829
0.965023806958889
4.48159742522782
1.01560096256117
0.145594428150139
0.491256071505854
0.00133165892875661
2.23925679566198
2.39006454703298
1.22942560543547
0.888355422299515
0.556568720545256
0.869033666604534
3.53753243331564
0.973279414725992
2.94645583019042
0.0364945688837352
0.825532380139551
0.784871705430716
0.0268140998483752
0.00039451947535165
3.43826164131542
1.93476305317442
2.68569071424514
2.10679030742937
0.964993151898828
0.356369994365587
1.72193623901344
0.901868798701728
0.288677639661108
0.197914704901662
0.922650949285763
0.23886700258729
0.249820260685033
0.948786791147909
0.311764436781852
5.04021340724563
4.77434276701442
0.500375010369394
8.83594974254154
4.97828116704348
3.15223274061674
2.79119271996122
3.03362807778459
4.12067609051823
2.7709153471119
3.10149325613119
0.401075895586936
2.24682655731208
0.791199040744038
0.763240029860247
2.34085080928849
0.665910232622626
0.704882622411059
0.770472858713777
0.820996678301769
0.204286980922765
0.00242534557782479
1.07193272581352
0.332376896211431
0.449117699710118
1.0995424417445
0.159323166128093
1.18897694269303
0.100139922815655
0.0152444378893056
0.000394427115967841
4.18491000082383
0.0310736798751251
2.28665554093561
6.23107592896717
3.41812223414665
2.74166189791712
0.950610137059675
1.12231596404616
1.06597177788714
1.90783570908855
2.43758642013267
2.01657028602074
0.645197178558777
0.190574016145186
0.727380769565313
2.57708614506161
0.303683183554769
4.74927011714478
0.544865091103479
2.03394222638228
0.42759128833515
0.349579349241815
0.0705492774833605
0.000394334800517084
4.79753204769445
1.88790062597663
1.02973502157598
2.93361285543895
0.778202875741649
14.5380592173461
2.91457520793019
5.74957678519695
4.41226085675071
3.44285083643331
2.85568348769375
2.84546313279156
2.2367864564973
1.37768590889297
1.24971170472904
1.4968962130706
0.281539865830675
0.483711371346296
0.221144647355356
6.65741108168872
2.74036761824093
3.21359012329137
1.96981096045137
1.6379678633624
1.80722185200953
14.8032359733533
0.85663304668173
5.95812525502497
4.08337070185537
2.97287604054814
2.87136401084695
7.22219060248116
0.192742565606453
0.38082955647657
0.735938545830082
3.68414831590616
4.0804147293005
1.39666644420033
0.00242124564623177
1.98590176500512
0.83068734553496
1.09993575545993
1.7618698873603
0.152278905798763
1.13980431630946
0.0973386744751593
0.0151473111874
0.000394242527941148
3.83120891216215
0.0304203388252185
2.04870498159133
1.35938998466491
6.28046783492122
2.46905992404277
1.7211046552728
3.1487717735517
3.12827595099492
4.52777780508621
3.89286423059296
2.37848981433813
0.680956711660957
0.803672871005438
3.08461093462033
1.09832888077984
1.35906602818607
1.07087718941355
0.531806588356289
0.62930260375845
5.09753031340421
2.42262093713851
4.33390808284912
1.70166075909565
1.38641062658738
0.458800170024604
0.000394150298417384
1.55150110555022
0.555291114566064
0.896559465086748
0.413856366891655
0.200273460568018
0.250616336438927
0.000394058112530569
1.1828208653473
1.13404509953011
3.70123489080724
0.906476667055097
1.11288125439274
2.11508147929071
2.20131216468104
3.16794978245254
2.54498729974532
5.4860746675085
0.797476033567365
4.21698762760668
0.98769880736499
1.5466356385171
4.42596315216097
0.424315831231161
4.71703058226484
2.8185496786697
1.83310767531022
0.2088583639543
0.631078856774112
2.79166310994962
0.750619086660358
1.67818978052026
0.637079656092348
0.177993385488252
0.226047960031825
0.000393965969639353
0.610348566823437
1.49142727231056
3.47884979110825
0.685010251183869
0.862189350645884
1.80258675761086
1.66994938928399
2.61325091269798
1.41501293025868
1.44663458696254
0.371144656480668
1.50422581848869
0.61182195490254
4.03852683691012
0.71134256183339
0.393234398572896
3.89623300702289
2.01510775234169
1.7630656468778
4.45088411798892
5.66213328772839
0.170056283536895
0.788483081174315
1.10562830070952
1.53339850462537
0.152152501034666
0.303062060829738
0.565836817666153
3.35914906218564
0.773741381136904
0.471559152013068
0.0418866556670147
3.25168714346402
2.16799407307932
0.944749242781678
0.00241728647209538
1.21547425558004
1.02416101867619
0.2893724707212
1.22769485969792
0.668498019397508
1.73588125429374
2.98972818677906
0.648597632822605
1.5782890704843
2.2693619774997
1.17441216793806
3.70034142711503
7.80929219043023
1.57348182046357
5.06132888650732
2.47927556294859
3.18972482698404
6.66516246402268
0.877701249999979
0.445556157418162
0.396929510584525
0.000393873869703674
1.22324910779984
0.0297939066797587
4.26141419663143
0.186016314556022
0.00241334022502168
2.93212117719542
0.71392672138417
0.359518134711327
1.02209229590528
0.347937017235508
1.87606899391108
2.62591470406145
0.559843381603057
1.39849626309964
2.13794851940071
1.22881180784416
0.389015495599353
0.000393781813318723
1.8394919926609
2.15861292861128
4.17553108947008
2.37863220908847
7.95524174522328
1.05321171539773
0.840272802178792
4.75464722467341
1.57971634518628
3.94055467961531
3.50180056116714
4.63587933937689
0.545399469355329
0.417208594187373
1.35078719346891
0.950658792658251
3.7141431559745
5.68645930512656
1.90309727707301
0.181377206304984
1.09884389957307
0.616094424094986
3.70294682246877
1.49450620467895
1.01597314598979
5.67140646602954
1.32119752461722
0.162427193699572
0.767685809924691
0.496053286696587
1.85253009831698
3.01835915026829
1.98857793847164
1.62216926849128
2.65922533687708
4.30535606747467
0.126297508342408
3.3858645242972
4.14725634139808
2.18393849899342
0.971547313272656
2.30720974271656
3.0949351297769
0.118327886469242
1.14944071312902
1.99743390651737
3.10895456429376
5.21828988316803
1.0225043838168
0.147065448386039
0.592011076995449
0.415431037648602
1.48744014936884
1.37665860055681
0.464820220697695
3.7096649545439
0.111312547267457
2.9146900026129
0.879786850815824
2.23668994827684
1.47840153103686
0.0285652550610183
1.75873577882758
0.984015661801627
5.7694809312128
0.959443380828158
1.28498077328468
0.352933180518489
0.356144355514649
2.93916981355644
0.927115779448608
0.292194543780641
0.000393689799019485
3.74284084245514
2.93198157257592
1.42226974235585
1.0834536872999
2.14277892462848
1.16088464062237
0.0449583680608889
2.66499543434727
0.25132695172939
0.0314878113805345
3.14332828335559
1.29449461669249
0.642426423343553
0.428272356272801
1.23889558069637
1.44998064288503
0.0436177694845376
1.07705824363571
0.229574848577013
0.0311709376738648
3.82801131238696
0.421146613794555
2.56478856805985
4.08899262171455
1.91109865562413
0.534730548859937
0.000393597828202386
3.96196699633563
1.78816310796217
1.14994518404897
0.0115605797383741
2.5173624677266
1.27875776296368
0.0308603783060872
3.65554143288802
2.31762998595618
0.558157754626312
0.389881415630265
2.72009925437779
4.65744623598207
0.111304830913373
2.0450560063744
3.93748397405627
1.17405042243192
4.72925729650694
2.81399544799237
1.81977878182535
1.36513976624484
0.000393505900240498
2.90926872770447
0.886057339297434
0.82767889267104
0.0114699368757531
1.06240402078295
0.946882792596043
0.0305559463944742
3.17373197991128
1.12769729323755
0.493622459310101
0.357839389808889
1.65949626000974
1.43564308069243
0.105069086658978
1.161260225264
3.65004920862252
7.19697776131426
5.03761909181592
4.40575919056162
0.676718003123439
0.000393414015092795
2.40193121490778
1.62236050565747
1.41618191205268
0.916142116655556
1.99480843530482
0.028621674044709
1.63134091974536
0.265571422914729
5.0055015708108
0.752311293320098
0.303931848930295
0.820011290390462
2.83167650474599
1.10679548609728
0.286311734303784
0.262473216048846
0.237994793147634
0.000393322173338769
2.43276565561859
3.61640396050866
3.03811349628563
3.09676155225826
1.58623733341174
0.830249619933892
1.29671156596255
0.524349756253085
0.000393230373519653
1.24034969136481
1.07063685089934
0.551886069940061
0.510883427256056
1.37185980813295
2.5516972573668
0.0994952400672278
1.24167142798073
0.7678804687031
0.776765774569524
0.0113807043664143
1.76454694706226
1.16897005222593
0.0302574623553246
1.88218379375619
2.24950965283511
2.70640967530285
6.93305000820296
4.28171485000057
0.882513777565988
0.173609575143882
0.000393138617859544
0.9330882298168
0.807859682520996
0.589047149074912
0.452984851882605
1.08298356704584
0.028066437207792
1.27305572067938
0.239050444643788
2.32729162504001
0.650949628436548
0.257574198158302
0.623636012272262
2.40599448946858
0.827132055181351
0.250021213484138
0.235890150287421
0.220817112208524
0.000393046904084501
2.02048655113616
1.88846015236225
0.88600137612903
0.936559243398865
0.738529426790937
0.582034598912153
0.821015631160833
0.447152727203394
0.000392955232980052
0.89265517642925
0.805446005111743
0.464833245369207
0.429038864150281
1.13403844985324
1.99978334788367
0.0944831802571793
0.885017950454088
0.581725392175136
0.573724143238663
0.0112928495485995
1.4196505170384
0.897278917854172
0.0299647535606695
1.91793656159725
1.4347375252616
2.40106365009082
5.41876354261715
1.99933537050655
1.45552113999605
1.45703938432068
0.00133044782411299
2.10252895009992
0.178236806450355
0.0588725135372273
0.428707687795649
0.000392863605124563
3.07992944952479
3.12875147712644
1.32346557627339
1.11306181106
0.647639249441273
2.68581856969498
1.740404818806
0.439558223920981
1.16325436386559
9.6366871807608
1.70699418689579
4.7695277932508
2.00030977652031
0.830249619933892
4.03580768576082
1.78356995586164
3.31353294311614
2.21910719440875
2.10213486797616
0.104520789856197
4.05673996173765
0.494865137802903
2.87736740904363
1.38279073643133
2.3460655339848
2.21185627848869
0.922066258057994
2.05236697837092
0.204802668329645
1.19778476839293
1.86484245452758
0.49266199287552
1.25772844808693
1.82048693682903
2.82427120584428
3.76924447011317
2.97732401373207
5.86562600451308
0.522286026616185
0.000392772019672733
2.25015099791985
3.0507279567938
4.68576346189502
4.58172311119608
3.93140766428114
2.18413009500975
2.88463816486881
1.13358557577039
0.00132923892079207
3.0977746359791
2.24629533910579
1.93700820324804
1.78474019061065
3.81454071756242
5.3041528971241
0.00369706871595069
0.285715234380251
0.000392680477012754
2.35791241565043
1.64340411366814
3.1108279736885
4.54860374242348
4.50602022637166
6.63555524157538
1.88547537935904
1.45552113999605
0.742668517108859
0.00132803221215209
1.73229858971227
1.0814877807029
1.05328929170538
0.959846123637282
1.50538493931746
3.49241079816321
2.72733774677042
2.44072754958874
1.74264725890182
2.33262405940343
3.99472870743735
0.198823785546941
3.23618111027822
0.840399851120832
1.75185519456126
1.54507399691534
0.00132682769312676
1.42081748029981
1.38804628678159
0.0116803885471757
0.116658340994523
0.000392588977299867
3.04858467298612
1.76718031975726
5.64734866483064
0.359569078267987
4.97500924213951
0.524461860027945
2.76064141784697
0.962071488434905
1.35617074412763
0.467268772014625
0.310498401867666
2.30383189989827
0.69419176542295
0.265125593467782
0.000392497519500997
2.04993493505331
5.79443967119797
2.64962024129364
0.577027014704445
0.531820384220182
0.448986423865722
0.614823806481285
0.389889315535791
0.000392406104819831
4.92058503146235
0.0348120073542864
0.0709256431938263
6.56411926661449
1.98990186800565
6.97741344791388
2.24994410381746
0.00039231473259211
2.81890159316143
2.02842240165185
2.80543518185943
3.93945399508229
1.75693126721825
1.63818481291154
3.95453297270106
2.16288452329786
7.80054946076543
2.14848974084707
3.33908953731502
1.10826758218409
1.00036531308486
4.73178444628289
2.02956680737945
3.64443130966561
0.00368893704840244
0.0765984951707604
0.000392223403414947
2.65697389849473
0.466835558102686
4.58002739726729
3.63709733974487
1.58868736991942
1.50418936218232
2.87976886586528
0.885090286584927
8.29207409791969
0.862469166151068
3.54344359707439
2.48313834097414
1.22829319042326
4.54766036599082
1.95550403749771
3.87648260124395
1.7041477304129
2.68761927087091
0.913321309055223
0.300218537187525
5.75013461775052
3.65885961877138
4.73056786400401
1.7532489445619
7.44798166972538
1.70819535146007
0.000392132116430222
2.75191521089535
2.83537241381539
1.4216168250021
0.687588963307697
3.61669473201195
2.8889364311939
2.3097196345505
0.753183607142855
1.87161333121531
3.15422795448802
1.59121618735064
4.21341031447556
4.16561949720926
0.927113474469873
6.6745006798567
0.393172758188607
5.55209670627183
3.44376339857412
3.5064548094364
2.60998322920983
3.07935214206542
0.144347099159535
2.18516625329908
0.157124587844302
0.00039204087122906
4.59977500965452
2.72243995235447
2.24768571792623
0.234804371644469
2.82142161249146
2.51589825330062
5.19718137043553
5.02262307026516
1.56608863786804
0.873906671159046
0.519048881977137
0.000391949668972369
6.05672501567753
0.368200762770153
0.0127945242335754
3.67523869653573
3.55099742551865
3.50824597174589
2.92551040831651
3.77688201220531
2.10086093569026
3.26624877700618
1.90917179538975
4.22460320216522
1.11362641201627
0.00240934358100086
22.6742943664725
5.89111876731924
2.93168711892478
3.59817865661573
1.76868800467918
2.54290852930917
6.66438027087711
0.897130687088477
0.352764365411071
0.323995456191974
0.000391711208118481
4.6258702301484
2.11065601494256
3.83718156534972
3.39798294049147
3.17464635319144
0.0903111456074989
1.05482509888744
0.0542921626190769
0.597220462530555
0.416537535934644
15.4411254510604
7.81265823030735
1.56230388743329
0.708310389882949
2.6484944582363
0.00132597580120433
11.4384646434748
7.84369018051617
4.63035129212501
2.54367159553889
3.56939594282207
1.03731348437791
1.49257671090161
0.740296583269567
1.68164928050673
0.306402281771536
0.275288283344071
1.21633997179344
1.03561897958443
0.22427494030343
0.000391558486440958
1.44865074000444
1.44601141063322
4.23751388277599
0.274549671741376
0.000391467459732631
2.52054617638917
1.02998304843242
1.2975623456861
4.82103583677729
1.82700100235533
3.47363043240459
2.98785813396664
2.13974754274372
3.52864695014346
4.13607385816966
2.24363842409187
1.2136217896562
1.9175495464543
2.16745642656899
2.45522447514011
1.91759219036324
0.555105714223544
1.93325624527288
2.3872151174655
0.360380302618849
1.70150674615063
1.28236424988411
0.982646219070931
3.66871631153071
2.87788172322487
0.732549469033303
0.181113802557217
3.69271174906839
1.13068674460938
0.256620832072102
2.8295742166308
1.73559646071272
0.982646219070931
1.9624854962921
4.31671320033716
0.243859104089408
0.358675730552485
0.289991438525101
0.00132476771094626
7.24300338138296
0.834912163098365
4.6369478385418
1.26084248938156
0.000391376475845044
3.1394727937299
3.04328106557166
1.41017066879542
1.38509202826134
2.45937783938873
1.88708303184492
0.256620832072102
0.729829035540156
2.67421193818224
0.364183928469913
1.23338718281463
1.29579150757677
0.460697850362348
0.123049380976965
1.31195178805409
0.00132356941341181
5.62685932473086
0.557041886802093
0.822864391734665
0.713623389844085
0.000391285534148066
4.95825381755039
1.38842070651156
0.938891950382097
1.33281537266939
0.00132237328121076
5.66122463976126
0.418906593226931
1.88852746810194
0.506655489740811
0.000391194634602274
2.47018916409179
0.871502101915401
0.5453232901663
0.897287163176956
0.00132117930856819
1.46434395436302
0.335914342726129
0.696746559690025
0.393319937054163
0.000391103776965897
2.33039830143665
1.35176359186159
0.837857384777817
0.977879707525715
1.06675441173554
1.21945949537454
0.23417558493544
0.616139101098992
5.37671143285678
0.0360778367916468
0.834108782847823
1.11799541628556
1.81594453974157
0.333207634148864
2.91868584524808
2.43309214258542
0.988965506478
5.27873957533479
2.65541487012299
1.91250944181974
0.894150885113527
1.03642174433253
1.48065171223237
1.10893574534919
0.317545035726541
1.23393044799874
0.602383890841559
1.85882306184481
0.842434550359657
2.30126507539341
3.12897860932981
2.66516416107825
0.416666989140977
4.47504915385928
0.435742701648889
1.04479364887478
3.43952923424283
3.09158851819
4.08923177797485
1.14710575979869
2.55289357064321
0.0411381583556928
13.2239692285687
0.169134351738281
2.96442731638169
1.05814508360265
6.08621837342895
1.23396017554627
1.88164635433132
0.123419813085216
2.03502301836466
0.311569330525189
1.93445188093683
0.300395242188353
0.275791365493375
0.479704157221883
3.09614174735511
0.0431263947003234
0.121420710511627
1.47019696781551
3.26602631538465
0.905535804225415
5.77478966652403
2.85190838951838
4.2589029609997
0.225867672398653
2.52885141550319
0.608235407219377
0.457248786250255
0.37505029951533
0.415512042823909
2.4187825825485
0.966752573420708
1.49253104444799
2.9775649748777
5.30132953675834
0.281858797480502
0.93159637765354
1.0746301868515
1.18208642933452
0.739325583849813
1.00268989630716
2.94967719980335
1.56034884973555
3.62836008220208
0.290330278231196
0.653242256555282
0.0819454104442894
0.327469349533558
0.00218047503427345
1.21242342439914
0.00423495816032504
3.21665063049718
3.00540418788286
0.363100070115264
0.501447150256968
0.269134856657292
0.00598582153800469
0.364267826348191
0.610937484104357
2.35953464565322
0.835302118328847
2.82341960899308
0.644622275814766
3.81819622154053
1.66332975037121
5.89105694389682
3.7767798095064
2.83300613432315
4.00202582766865
1.46830486607132
0.00597786965993091
1.1157284380161
2.45640053857999
2.99785428748767
1.17243629847021
5.86744046699579
1.9761816360889
4.07558766161661
0.00217719391135826
1.88831468248234
0.00422770626633063
4.22203107811426
2.59855451496604
0.317539602266096
0.44035699971766
0.233798752765025
0.00596993888210757
0.317319801322783
0.526973411200195
1.12240994987335
1.77394428135547
1.19693390129521
3.64372088418428
0.38688162185191
1.65667496012376
0.077606716083546
2.74380120034444
0.00217392264829925
2.84993109242305
0.0886665234167216
3.40877587100428
5.05164949292779
3.60611425332378
1.60999943960448
0.788901205825458
0.00596202911847126
0.760759191542211
1.63868301926688
1.9173352942114
0.652699207992355
2.60096546190371
0.628533026903765
3.63336059258379
1.3516667359896
13.2550217357508
0.261326377666957
1.9966032157561
0.00217065875765699
0.401294812855746
0.00422046743762082
3.86387143999663
3.21635194523595
0.28034168410464
0.355997558545226
0.189579901743209
0.00595407353986557
0.265970072453888
0.431748966283021
2.11756606775353
0.536355223452752
8.14864891831528
0.0286159783185818
1.14786393777279
2.78727647557285
4.91968169793603
0.24508628910341
0.000391001094003887
2.44212440160031
1.05335597695078
1.21455537312827
3.22487002786507
3.70497360724262
0.175519524839131
6.27899522806079
2.72577727088459
2.59731906852312
3.00030169864565
3.80408764061828
1.06062015100222
4.6632909801388
4.94439256850379
1.65911071065995
1.49783919081847
2.46411006059883
1.56296934106178
2.87685803407284
3.39324362146207
1.99359741202333
0.164552544820959
2.35863801753819
0.649660687697027
4.49141715403302
2.08692488328751
2.79650681277947
1.24648575576425
1.43752931833143
4.05795772881091
1.34058025831171
2.80516547453586
0.22857041429097
1.44591518481337
0.803511639953992
0.345365607263379
2.09900295430232
0.160747726588067
0.46110822463533
0.000390910323792055
2.53829846171159
0.150974078029084
3.62682164065357
3.32667285359492
1.09392587612067
0.0657481903466893
0.000390819595413512
3.48294259145687
2.37842004312121
1.15669811643993
1.21312210519507
1.03562848099971
5.72052596846631
3.15417576466108
3.51386274651651
0.00367849609628883
0.0742731485234718
0.000390728909028144
3.14066463728265
1.73271816267068
4.24575343956941
2.58353668876913
2.84683214480467
1.89121059039211
2.15725263873068
0.579959390837642
2.87845157176329
1.96699867779793
0.0760498426227536
9.67328744623799
0.0280609885794015
7.13392851261848
0.0275271172999022
4.23526296869844
0.0270131815522904
7.03912866353846
4.22452696992824
2.40918490181314
3.17062806561081
2.52021806828282
0.0269611403200105
0.0351095133597865
0.000390501817175944
3.35765013361866
0.0126306731564646
0.125661077808798
1.41695835174778
