6.38319563984712
4.61674086340618
5.94371237070755
5.23199892726206
5.01818692820286
5.36950890207317
5.29252431090444
5.04266606615249
5.20133382284101
5.26394458168725
5.1784997277616
5.08470819287806
5.10814679288752
5.23982504388323
5.10750246781618
4.99915467666753
5.09293199747643
4.99577694852666
5.01670191091486
5.12042704001458
4.9944641972629
4.99854731482008
5.08834168659488
4.90008543185736
5.03687002499864
5.10585181341573
4.98836767234096
5.0308627523865
5.10219087869405
5.09143389749325
4.77940557221091
4.87077156134796
4.90026392478859
5.01806183114645
4.81358116722048
4.83683787953043
4.96572654491645
4.85915376932869
4.90073182260944
4.94678514696779
5.01109023890439
4.90309338051392
4.74695479535289
4.87160236754656
5.011767802178
4.73982181153121
4.86334507435596
4.71967255269428
4.90630737610249
4.82046137563714
4.95241385245941
4.91261131055283
4.90424863818695
4.93537573845625
4.80978580288041
5.01801344164605
4.60935919796209
5.00221064500092
4.59010525146508
4.75929349431149
4.71927356182202
4.69133281799871
4.68650203735956
4.83060020660611
4.77163945911257
4.77256408004225
4.83328753580472
4.77393001267997
4.84287541132807
4.80314393124677
4.69865400989272
4.90776927488649
4.77762530686778
4.76616989246192
4.8342026281714
4.88222279606029
4.86379348021443
4.79137443712515
4.8675972817276
4.87324072530998
4.56254533842976
4.7983979730895
5.07564537352492
4.78078295116748
4.72756442948837
4.64771306077104
4.60791671384888
4.8942141318975
4.75901207491534
4.87303918339342
4.8073305635032
4.89219734609514
4.84089725515155
4.81178534278882
4.94081756045041
5.03435399407392
4.67440541765487
4.78419014921926
4.91469240093687
4.84213646007079
4.87449347065419
4.86758785178003
4.81598723624666
4.69164734685589
4.73901571820123
5.02541219874588
4.86352151982525
5.00431385974411
4.71240636654255
4.91773703215495
4.74321157504732
5.03810012813003
4.85542558007344
4.89407230765858
4.79718431810374
4.83777632660096
4.93990617329668
5.17541409620249
5.13332128404254
4.80033608596811
5.07025446654043
4.99130144296555
4.91236732722184
5.16066266394755
4.65572338856199
5.2982764374964
4.48809845629231
4.50854515802423
4.76931740779083
4.55137823251329
4.87934678138148
4.75217197817637
4.88090538299222
4.61682268065997
4.83196762020349
4.56422155936206
4.79904010053362
4.63780991864277
4.56236702266282
5.10137601974265
5.38567869351708
4.60178142133967
4.80409867594992
4.97630366162555
4.66511331721041
4.98981125007715
4.64174657504195
4.68896200099592
4.35170840554451
5.13658813434144
5.07088899912421
5.25466848105409
5.18596775436216
5.03833225450056
4.63529192668848
4.69998796992561
4.28427156038894
4.4988447242303
4.85354895642441
4.66835190980935
4.59702085294527
5.25602794634829
4.60176314028574
4.56845116959065
5.09682524142908
4.40105782928758
4.83294624111832
4.65076935362631
4.13154262874702
4.95206610036184
5.040845490284
4.63383090820833
5.10641148833207
5.23666478049184
5.40542071100991
5.25817805239505
5.0446417692876
5.07365445490998
4.78514321968738
4.66720589943376
5.01513952455951
4.98860280620943
4.49146109437363
4.60358050971927
4.27317179757694
4.91735134803548
5.70137489942305
4.52799666080873
5.20873159226473
4.65560447898993
4.52043986372909
4.51784366190451
4.28603998002904
4.5303798103107
5.19333984251537
4.54614866800567
4.09370251748844
4.71720799540356
4.10650922018941
4.88465339187125
4.43951464411075
4.64261357017293
4.36927877041369
4.69504426426505
5.05502490762423
5.24493425876406
4.79938175627822
4.96792325712193
5.1975456762981
4.9018832255941
5.05313853059091
4.54335857596083
4.74410767972407
5.81333706245949
4.26796077508468
4.53381580209684
5.10161692215727
5.19653183355626
4.78266094099085
4.70185546028777
5.09971460389447
5.04328787352426
4.7395828117754
5.13869263545381
4.08849734973401
5.2796499858598
5.19744135335974
3.62176024087756
5.03276986422912
4.40283882776878
4.841567033605
4.07873971721765
5.56723445388785
5.2742800125674
4.69667912692381
4.46591541098964
4.55118619538423
3.9578806739647
4.66805667045118
5.26668390851501
4.79950509919394
4.73952475606197
4.19992039592632
4.97123345843961
5.14901066453946
4.23715870559898
5.04450582650786
5.6085819438112
4.34193833540245
5.70646008884348
5.10647695838609
4.04645332404741
4.95912161600008
4.45118655326715
4.81540799165303
4.49639991572949
4.59098252982015
4.19220220134135
4.40879331490843
5.05069739398938
4.68734256117279
4.89969750112614
5.31251559135466
5.5256126184468
4.57796623644528
6.15283489897791
4.48890542190312
5.54343545482984
4.14423609940294
3.51991332933122
3.98524753330027
4.72778099073661
6.2887248303551
4.33028822890746
3.52050655279605
4.73299068277629
3.79263250361122
5.96896513093206
4.01584694759208
7.02290399944107
3.24092969303424
1.05090138731409
