4.03486858943647
3.82085686281115
3.57014223399621
3.63160624798994
3.55209079821336
3.52113813820985
3.54858413040857
3.52338588518257
3.51337306361837
3.52620123593129
3.51273458991516
3.50200994056327
3.50138918098666
3.49871364030216
3.48859096370764
3.48943681828624
3.48213881441648
3.47696445773641
3.4721613438331
3.45968660120667
3.45534741657415
3.44419089812973
3.45196320821724
3.45627148410157
3.44266557780367
3.44418939009036
3.43508270246759
3.43514118704892
3.42173530405064
3.42122313542362
3.42152275750914
3.41854604351708
3.39905470495867
3.40803633260691
3.40342905561622
3.39749941508936
3.38274763438656
3.37860408904997
3.38072404406156
3.37741488427988
3.39295080922259
3.39216891301592
3.40347039916581
3.39422628864057
3.38165482549859
3.38502640154691
3.37464339000507
3.37945141731294
3.3794865279725
3.39231266849216
3.37699793689446
3.37392259605735
3.38078673061564
3.37734777373444
3.38961631780227
3.3767518086222
3.38930341703366
3.38376769256729
3.3829757256794
3.38184176105537
3.37777619658174
3.36666306510884
3.37657768357948
3.37450533272911
3.37263677216047
3.37205153004504
3.37399855188558
3.36213282090524
3.36269105840978
3.37085323763765
3.37870521706729
3.37817928593863
3.37489497967773
3.37395040377482
3.37616429536499
3.37992684464421
3.37308925807102
3.36625552159677
3.36872731918306
3.39399005874504
3.36757612614792
3.38349174424093
3.39128146481636
3.40576395434858
3.38477262168336
3.3712167842776
3.38635697729753
3.37450417949999
3.36940418049699
3.37623533727804
3.38129839453809
3.37038986592923
3.3818298105539
3.37567497132079
3.37104006462117
3.38199440838523
3.37663234947697
3.36822752923915
3.36232685045372
3.35646226537175
3.3763062284846
3.38486027975391
3.38479000416516
3.36663291196509
3.36532485119267
3.35997225771159
3.37055101945643
3.37798788274968
3.38644492580988
3.37494763904359
3.39104287980478
3.37062646447267
3.37680280891622
3.36704728479246
3.38663845580382
3.37033704890318
3.37378777485226
3.37826414794802
3.384258455851
3.37182873535946
3.38401213072661
3.3949028475634
3.37503004158092
3.38721968345992
3.39013516578275
3.39304219801144
3.37582027420555
3.36155666102276
3.37806345234252
3.36096165130869
3.3564564377153
3.35450021398437
3.37053322525218
3.36650231595372
3.38172954083103
3.36757806213807
3.38676670412594
3.3506568939959
3.34644748619324
3.36651240032786
3.40734044297276
3.40649184922915
3.34943633154193
3.39947061334286
3.38502407959207
3.37794744638324
3.37073457962941
3.38277166553744
3.34667820656852
3.35337433918055
3.36990786768537
3.3470529591421
3.35771150775617
3.37123318441524
3.38265147204885
3.33112468474096
3.35589167534707
3.37319768928754
3.38400211422706
3.36407844730894
3.35657263170373
3.39430478031857
3.38433298762203
3.39151492142106
3.36043631057225
3.343934236063
3.38338818386863
3.35539195532442
3.36459508509529
3.39103554922844
3.36272988635281
3.39239006716118
3.40049781067984
3.3875618738476
3.39780170249471
3.3672236570154
3.40985240259355
3.39016536998462
3.37866505614915
3.35522588079355
3.39758597778529
3.35770165883215
3.31429973061744
3.35732617076612
3.38956655728043
3.37309923436276
3.34964027054684
3.36537328824894
3.40865896000086
3.41707823570106
3.35216078070185
3.41081145196696
3.363701629394
3.36208425061411
3.34399150416964
3.3680416711901
3.3471784936092
3.34929250262012
3.33627643295002
3.35328382139222
3.3569521777818
3.38869853701959
3.3717598256412
3.35805906172071
3.35464977459559
3.37250957345223
3.34617120696586
3.35793592003527
3.41443787266131
3.38048351596326
3.3343022294694
3.37999584956599
3.32621529932895
3.33742688255053
3.4245226379178
3.34380633137531
3.37588973220445
3.41172349594201
3.39130144713704
3.33723338069629
3.32177351637706
3.36440712433714
3.38428817371373
3.34593064401394
3.3832087227728
3.34367465880198
3.4052180498588
3.41357953177152
3.29166692565896
3.27893588143421
3.37830016003746
3.32143536612053
3.33484934101897
3.35686377686247
3.36385785220119
3.38504879710904
3.39623533116579
3.4159509926156
3.4111188546247
3.31605574255906
3.37442280999708
3.35491410149075
3.35394606603069
3.36493101264443
3.3997859922761
3.39513987345182
3.39666930669313
3.40452224977779
3.33810941851158
3.35461498639755
3.39674437998525
3.34226190953633
3.32757381610142
3.34662020080409
3.37820252669083
3.36493527237875
3.30296556282799
3.31897002643671
3.27355010396763
3.3260514367192
3.30624124097312
3.33662899705501
3.36939001667514
3.35716184713086
3.34768084740452
3.42677228310751
3.45377111807243
3.4372460271704
3.41028346686449
3.4394406175946
3.39963598091511
3.33716745502948
3.38639080311733
3.27152071133137
3.43962801044832
3.41714818166331
3.43068432335696
3.26621329207009
3.23749659280025
3.27910615059074
3.44242394954906
3.49356556602388
3.96992648317461
3.60169078717596
3.6751615611557
3.35275633225959
3.1099912176758
3.52651593860204
3.17501271553892
