-2e-04
0.9998
1.997
2.9544
3.7994
4.43200480672942
4.89136994568497
5.22922578029996
5.40452876376989
5.49414904537056
5.58548252911814
5.56884591128863
5.48612582080068
5.49165239726027
5.48356401384083
5.51460968163977
5.52426113806793
5.54632945389436
5.55307136404697
5.53700319780722
5.51953757225434
5.60112359550562
5.57355723746452
5.56869315461944
5.53397823458283
5.58225372769494
5.61614416193532
5.55812795618621
5.60564800806858
5.61016083737554
5.61677419354839
5.58751306165099
5.58489569580143
5.62889896027726
5.59827213822894
5.63374149659864
5.57127162867344
5.60454797559623
5.63215488215488
5.65632118451025
5.62743972445465
5.650014522219
5.64591896652965
5.66109286354136
5.67068394094607
5.68869936034115
5.63007380073801
5.689109525287
5.68601003764115
5.65452818239392
5.6573896353167
5.65182316876412
5.6655812438945
5.68299901348241
5.70431893687708
5.6758389261745
5.68006756756757
5.69172932330827
5.65746809244567
5.69637883008357
5.71217971217971
5.67233439603259
5.65391490883089
5.67423423423423
5.676
5.68428781204112
5.67086264346538
5.6883165360209
5.65449755363192
5.68147304479878
5.66756134969325
5.65855542680572
5.62903853639548
5.63347706781654
5.67944664031621
5.71867517956903
5.75875956504229
5.73403822692151
5.71428571428571
5.72125723738627
5.70607966457023
5.72093023255814
5.71945508727118
5.74989274989275
5.72841105354059
5.77084242688782
5.70352422907489
5.66710992907801
5.70121130551817
5.65268380694632
5.66666666666667
5.65287356321839
5.67996289424861
5.69485981308411
5.76154571159284
5.69197911722829
5.68103448275862
5.63442940038685
5.6990243902439
5.62469257255288
5.67064083457526
5.65429001505268
5.70364741641337
5.63748079877112
5.60824742268041
5.75651720542232
5.71239406779661
5.6831629908553
5.69853340575774
5.69090909090909
5.60044767767208
5.62031782065834
5.63009764503159
5.64298194525335
5.65325443786982
5.61713600958658
5.58980582524272
5.55905998763142
5.51835443037975
5.57722007722008
5.50594451783355
5.44368131868132
5.36090775988287
5.32234726688103
5.32332155477032
5.14355948869223
5.11875693673696
5.26838709677419
5.26725403817915
5.20661157024793
5.4089219330855
5.57926829268293
5.71641791044776
5.7012987012987
5.68995633187773
5.73289183222958
5.75784753363229
5.73981900452489
5.50229357798165
5.67511520737327
5.6093023255814
5.49648711943794
5.58133971291866
5.54106280193237
5.49754901960784
5.7037037037037
5.59553349875931
5.74
5.63358778625954
5.62113402061856
5.69010416666667
5.61679790026247
5.58933333333333
5.56756756756757
5.84239130434783
5.73901098901099
5.79329608938547
5.77310924369748
5.62994350282486
5.67151162790698
5.62058823529412
5.67964071856287
5.46987951807229
5.61585365853659
5.53086419753086
5.40993788819876
5.50625
5.47784810126582
5.52866242038217
5.62379421221865
5.66666666666667
5.53114754098361
5.69867549668874
5.7123745819398
5.53924914675768
5.73010380622837
5.63986013986014
5.68904593639576
5.61510791366906
5.61454545454545
5.57509157509157
5.54981549815498
5.62921348314607
5.56818181818182
5.70656370656371
5.68482490272374
5.58365758754864
5.56299212598425
5.57370517928287
5.65322580645161
5.45528455284553
5.55327868852459
5.71604938271605
5.55186721991701
5.76050420168067
5.57081545064378
5.62931034482759
5.43722943722944
5.51754385964912
5.51327433628319
5.75446428571429
5.65315315315315
5.77027027027027
5.81481481481481
5.70560747663551
5.48584905660377
5.6
5.45098039215686
5.57920792079208
5.45959595959596
5.45177664974619
5.61538461538461
5.42564102564103
5.48704663212435
5.5
5.5
5.72043010752688
5.65760869565217
5.65193370165746
5.70786516853933
5.55428571428571
5.5632183908046
5.5606936416185
5.63529411764706
5.69642857142857
5.64071856287425
5.57575757575758
5.52173913043478
5.47798742138365
5.49044585987261
5.80794701986755
5.7
5.28859060402685
5.45890410958904
5.40277777777778
5.38297872340426
5.38129496402878
5.63768115942029
5.55147058823529
5.62962962962963
5.66417910447761
5.60606060606061
5.29007633587786
5.4921875
5.58267716535433
5.53968253968254
5.384
5.63414634146341
5.49586776859504
5.41666666666667
5.68067226890756
5.57391304347826
5.43859649122807
5.57272727272727
5.45283018867925
5.1747572815534
5.39805825242718
5.42718446601942
5.42156862745098
5.49484536082474
5.81052631578947
5.82795698924731
5.65555555555556
5.8735632183908
5.76829268292683
5.67088607594937
5.3421052631579
5.35526315789474
5.48648648648649
5.38028169014085
5.77941176470588
5.74193548387097
5.51785714285714
5.28301886792453
5.38297872340426
5.34146341463415
5.21052631578947
5.1
4.84
4.8421052631579
4.54545454545455
4.57142857142857
3
3
3
