4.0353599525473
3.82308962867762
3.57269475346992
3.63226142473058
3.55148344685273
3.52041005240859
3.55186740409035
3.5273811312929
3.51572468849957
3.53671105228235
3.52426142098511
3.50222426946132
3.50307417222315
3.49840928576003
3.4894737570538
3.49847538860658
3.48301252138408
3.47170165268995
3.47868151422603
3.46833758559063
3.46049573368072
3.4474599560689
3.46018038488357
3.45184143535032
3.4433070206054
3.4516503828044
3.44321685749997
3.4368928111131
3.42870092333547
3.42813002573518
3.41996769233686
3.41860662529025
3.39683068705654
3.3984731625401
3.40681527134452
3.39625541368863
3.38560998884567
3.38005738377853
3.39762920215559
3.37899040603502
3.39233242166937
3.39323653725502
3.40457820088716
3.3952617458976
3.38007947708689
3.38052326193517
3.369737016764
3.36846571849349
3.37246267981593
3.38639239719211
3.37163066633136
3.37768325637271
3.37558102574744
3.37323467367857
3.37577621645191
3.36903092408804
3.39302158194389
3.38603143368144
3.3806245438924
3.38106052156146
3.37262839274061
3.3747341116177
3.3712353326022
3.37058433407595
3.37386624864718
3.36694588393945
3.36871156514516
3.36184317083111
3.35255854342057
3.37025180626199
3.37180512309708
3.37184015437284
3.36566978288484
3.36965518241808
3.37673134491163
3.38240156071685
3.3784651502065
3.3659324055729
3.37067315958731
3.39735525171176
3.3677627997797
3.3835434509764
3.39854778604393
3.41276108023681
3.38053524726441
3.36537659548385
3.39772561575165
3.38107081223038
3.36504989187463
3.3862140873316
3.38519112537129
3.3640467630058
3.37291268888717
3.36969120251232
3.36949257005786
3.38491336085398
3.37801440725552
3.37982156072694
3.37256504444788
3.34574516404087
3.37934612460022
3.38629134671016
3.38820176629479
3.3693746255261
3.37489652865938
3.37440661083629
3.37665369712146
3.38030872807255
3.38004337079435
3.37608298898343
3.39301159177229
3.37219965654033
3.37879966779629
3.37297821000245
3.40183986824715
3.37939894095406
3.37547485027279
3.38522199335473
3.40269504243197
3.38844179780214
3.383525461163
3.41714681340521
3.38336018869526
3.39479588079118
3.38848066929707
3.40333996491347
3.37619189351568
3.37246835501506
3.37560108530143
3.37693772636856
3.35969288476461
3.36851079024389
3.39500948829223
3.38901477700314
3.4161201997116
3.38202405971377
3.37411911611361
3.35278046838154
3.33090914068328
3.35184876744812
3.41636490087011
3.40497424387224
3.36130860099142
3.41939460817834
3.39776422583387
3.38490979387781
3.384354447441
3.35883481761213
3.34134774255248
3.36026784113121
3.38955305130079
3.36013126493259
3.35041585805036
3.35350283120611
3.39834646122217
3.29071619385205
3.33074065742345
3.3630741446967
3.39236270545527
3.34958450642222
3.34433444595477
3.39154631028555
3.38287081198809
3.35416418454743
3.33287038136339
3.34307589472443
3.36795071996091
3.3485044246885
3.34237161439607
3.37764950953114
3.34490268541858
3.37680230519288
3.40170678281515
3.38336621948382
3.42897771789569
3.37135119713403
3.3952271005359
3.40373201474422
3.38229788697782
3.35730352101762
3.37570196357224
3.33232018988857
3.30081039169222
3.35007284628559
3.35116852704243
3.36045480655263
3.34108977276099
3.36584380049272
3.40533122016842
3.44812261831238
3.36261846019229
3.42438326586492
3.36115963422528
3.35531977177687
3.32237014439397
3.37224905016932
3.3302988216602
3.3590217497871
3.34260000559874
3.36138880225634
3.35786017927663
3.4003967559102
3.40201489838029
3.36612489168424
3.35734826212184
3.40029314148839
3.38131473857718
3.34746286996377
3.40167480856742
3.38098081187517
3.34551984453913
3.38053803490084
3.31946823761745
3.3618863112458
3.41654740639684
3.34689258964314
3.38309329154286
3.41846309841597
3.40619764725765
3.35205059459708
3.31942085275164
3.38145178509465
3.41730309397774
3.40742217736938
3.42012569382691
3.32756183857664
3.40613362379877
3.45919194145315
3.30390732507755
3.33285578907538
3.38680823675921
3.32036454751416
3.33224274908667
3.35136517877087
3.33831316087747
3.3360441485291
3.36755834576863
3.40415868804683
3.38004509829903
3.3255250011684
3.34418138495546
3.321939522139
3.33664529652622
3.34911738289136
3.36648648476503
3.38466686818927
3.4076713065112
3.36285086530155
3.32586964544107
3.37181797788008
3.40319468539561
3.34000335931276
3.35887982670793
3.40491105743393
3.36226851029638
3.35155481403539
3.33523540151883
3.33947594880269
3.33472303041978
3.30890619843262
3.32807070705588
3.39847704219115
3.39625887154331
3.35720195761882
3.31831022948424
3.3779467775536
3.45156027056933
3.43541477330153
3.43021905947781
3.44252767136977
3.39866553299932
3.30583454772469
3.3892361780301
3.23874015226691
3.37857035240518
3.41132514352013
3.43538203124857
3.21736619336622
3.16453896004782
3.44509451831461
3.54383283249372
3.43012449370169
4.00629995287139
3.60169078717596
3.6751615611557
3.35275633225959
3.1099912176758
3.52651593860204
3.17501271553892
