-0.000142857142857143
0.999857142857143
1.99785714285714
2.96242320331476
3.83280937410689
4.50185979971388
5.00244358200374
5.37673812282735
5.60592354829297
5.7205298013245
5.82387125614663
5.81556760012045
5.74821672484444
5.72749540722596
5.72686474775611
5.75968144909432
5.76484523057486
5.78392200735177
5.80373831775701
5.77766911165444
5.77062706270627
5.84140233722871
5.82678360600439
5.81784069588948
5.76851532897003
5.81331479228229
5.87251975417032
5.80021253985122
5.8548647195843
5.83701957940537
5.84038849184534
5.81375092661231
5.82830930537353
5.86165186165186
5.84630089848977
5.87613351340922
5.80716790027269
5.84435261707989
5.84503680127313
5.88100040338846
5.84480651731161
5.85440691927512
5.84613783052259
5.88898287164305
5.8797265541551
5.93566493955095
5.86820859698887
5.94098216251927
5.89197599466548
5.87859066427289
5.87781058369294
5.87557286892759
5.90721888014808
5.89675309507125
5.91601792875678
5.93333333333333
5.91890595009597
5.91248484848485
5.88649706457926
5.91171393341554
5.94582504970179
5.92224730373715
5.89116679321691
5.91653905053599
5.92355212355212
5.88369678089304
5.86829012830584
5.85895404120444
5.8478550492939
5.87577305727346
5.9056399132321
5.8821438337435
5.85828508409154
5.86836989725076
5.91316526610644
5.93531073446328
5.9811697574893
5.96657060518732
5.97179412619948
5.94604105571848
5.93766696349065
5.944028733912
5.96291829966837
5.98693009118541
5.97861289337
5.95217525455106
5.92164179104478
5.89041953663118
5.92972459639126
5.89589302769819
5.89874638379942
5.89805194805195
5.90864440078585
5.90455746367239
5.96872920825017
5.94669795507878
5.90764546684709
5.86855582109935
5.92906336088154
5.85168461271275
5.88787666433076
5.89246551114255
5.91809728183119
5.85956678700361
5.82672005824536
5.95798009583487
5.93787425149701
5.91695108077361
5.88595484117872
5.89887640449438
5.8565815324165
5.86552274541101
5.88646464646465
5.9
5.90327936903279
5.88898233809924
5.86499148211244
5.78837814397225
5.79040852575488
5.83371194911404
5.73841834347216
5.66407766990291
5.5761316872428
5.55292792792793
5.54495073891626
5.35890410958904
5.34544049459042
5.42533936651584
5.42798353909465
5.43786295005807
5.6156862745098
5.76102418207681
5.92974588938714
5.93759512937595
5.98771121351766
5.97352024922118
5.99050632911392
5.96634615384615
5.77508090614887
5.90243902439024
5.84893267651888
5.78181818181818
5.81956155143339
5.80612244897959
5.79001721170396
5.93576388888889
5.82167832167832
5.86243386243386
5.82826475849732
5.83636363636364
5.89889705882353
5.8462962962963
5.84831460674157
5.79924242424242
6.00959692898273
5.93592233009709
5.93885601577909
5.94653465346535
5.82470119521912
5.88594704684318
5.90946502057613
5.94791666666667
5.8109243697479
5.92993630573248
5.84334763948498
5.74784482758621
5.82900432900433
5.75054704595186
5.87583148558758
5.95730337078652
5.96613995485327
5.78767123287671
5.8735632183908
5.98839907192575
5.91529411764706
6.02619047619048
5.99278846153846
6.02184466019417
5.96560196560197
5.9727047146402
6
5.94191919191919
5.88717948717949
5.86269430051814
5.95263157894737
5.88859416445623
5.85066666666667
5.80053908355795
5.80108991825613
5.87222222222222
5.76553672316384
5.76353276353276
5.89337175792507
5.82991202346041
5.98520710059172
5.81381381381381
5.82175226586103
5.72948328267477
5.7638036809816
5.76851851851852
6.03426791277259
5.99050632911392
6.01277955271565
5.98032786885246
5.88448844884488
5.75333333333333
5.84982935153584
5.78424657534247
5.87931034482759
5.74475524475525
5.84098939929329
5.91071428571429
5.80286738351254
5.85559566787004
5.78181818181818
5.81180811808118
5.93308550185874
5.89056603773585
5.78927203065134
5.96484375
5.86111111111111
5.824
5.875
6
6.00416666666667
5.88235294117647
5.75744680851064
5.78695652173913
5.79646017699115
5.85267857142857
6.14018691588785
5.86792452830189
5.58767772511848
5.79227053140097
5.71212121212121
5.67179487179487
5.69633507853403
5.8031914893617
5.81182795698925
5.78918918918919
5.77900552486188
5.69832402234637
5.53107344632768
5.76436781609195
5.79651162790698
5.78947368421053
5.81764705882353
5.85714285714286
5.64848484848485
5.76073619631902
5.75
5.76129032258065
5.6948051948052
5.70666666666667
5.69655172413793
5.54609929078014
5.72142857142857
5.6978417266187
5.6962962962963
5.7890625
5.82539682539683
5.7603305785124
5.56779661016949
5.89473684210526
5.9537037037037
5.91176470588235
5.57575757575758
5.47959183673469
5.63736263736264
5.36781609195402
5.64285714285714
5.7051282051282
5.57746478873239
5.50769230769231
5.6271186440678
5.4
5.34042553191489
5.26315789473684
5.0625
4.86363636363636
4.5
4.625
3.75
4.5
5
