4.55727642832443
2.79427245584528
4.78906628135697
3.68044464851924
3.51500783918734
3.46821411228742
3.27933335824968
3.27102337933339
3.2404569839686
3.21980585613756
3.25558834624899
3.30646865599355
3.29763865360166
3.28886040048248
3.30215273080696
3.28871446173681
3.30583599489097
3.28166547202631
3.31789254606641
3.3167494647009
3.29927002046193
3.32510130108119
3.33117825787013
3.30424280101591
3.31275244652622
3.31038399678833
3.31785900996101
3.30503933901788
3.32377040133581
3.30679980246059
3.30215132241615
3.28617563439425
3.29437960929908
3.31695790016445
3.30650336977146
3.30855538079477
3.31709918224298
3.32929795494555
3.30032176150042
3.31092875655858
3.29845946695814
3.30901964864288
3.29037449071168
3.29900611169486
3.27270801454558
3.27923265800717
3.28849434134984
3.33358082619888
3.30246038228137
3.29172869463901
3.29498359994815
3.26797716208466
3.31617314784387
3.31092145929677
3.28878121775929
3.30741793521275
3.27686971024523
3.30721313602091
3.25486958249046
3.27695672573148
3.29767202753418
3.29570224046841
3.2995241796406
3.31808686389158
3.29246743195473
3.30458533962926
3.27568944856668
3.30443520918636
3.28671735570737
3.28043980002604
3.31612222183685
3.28753224883054
3.29044592391739
3.28236921809
3.29517154641243
3.26341985497386
3.31627267488465
3.31636857812744
3.30931960372733
3.29530297264166
3.26388569963524
3.28086048087769
3.23701878266938
3.25324458718987
3.27266012364111
3.28779463381167
3.27993950989939
3.28912789651608
3.30944545726938
3.26766670884669
3.28364600152923
3.2633436016629
3.27332987408542
3.2739446239338
3.29163368663212
3.30115993945589
3.27527930976461
3.25575266834397
3.30014840726832
3.22891668494409
3.28162772957658
3.26839764977814
3.2574406139371
3.28496774194599
3.26418291098797
3.2861490918014
3.29064752698237
3.26352492742909
3.22186729466764
3.24765006842633
3.2332589430316
3.25228598975272
3.22418147735101
3.22454651092207
3.22673571887768
3.25746375446476
3.24941939987737
3.20826834161057
3.22856341377954
3.18150015437408
3.13168661423679
3.10401966272266
3.01054094891139
2.98220416475946
2.95682816340703
2.86064726796359
2.89072587550782
2.93523142310511
2.94244183981173
2.99263375710182
3.09313160120552
3.21075111967606
3.28800824484294
3.25586268091798
3.32119327992695
3.36429686571502
3.29745409766647
3.35524855008247
3.28966727965353
3.28105267414823
3.33236900730767
3.27071908372058
3.3020273925509
3.35518529679354
3.24557627443443
3.39353861342673
3.3470493039797
3.29679284453942
3.27565895233595
3.28318575951686
3.2780601781746
3.22473307284757
3.29737026668862
3.24265091706683
3.24939035847154
3.2823732908883
3.3972594277143
3.26854158280409
3.35065045650708
3.32770965521027
3.27950742733684
3.31065374493593
3.31616758565401
3.3262618422367
3.28286205872001
3.26078369136175
3.3550748828775
3.23708285941956
3.25536437221718
3.2329803078116
3.3776796048177
3.20170900133832
3.30426988438594
3.33778129989987
3.2543496115701
3.24972665524195
3.30405770023331
3.25362215666129
3.33222653066015
3.33380437559819
3.30029262292587
3.2978070703692
3.26936471032231
3.29328303978445
3.30904348459569
3.2966728984318
3.33681862120656
3.34006763806206
3.33717238838469
3.27022032033284
3.30304662335492
3.33779409788522
3.38719028459241
3.28675600185897
3.33032641411729
3.27396233533518
3.30627662589187
3.26880803195406
3.26451491853044
3.20471635498116
3.34626672419613
3.24530581836794
3.3242900750246
3.32897917282397
3.34562122478663
3.16469230638842
3.31037049524947
3.29740806750571
3.28851258341986
3.32194394157274
3.3713429041341
3.29007112503276
3.26687869831122
3.32472027782388
3.30147427133455
3.2389989951874
3.27170533266757
3.18500319386587
3.19200275714005
3.30381569305858
3.2951883741065
3.28878673907181
3.32515992239379
3.31129107723634
3.3539855164893
3.3833556966207
3.30798469191751
3.1805797520849
3.23477631036544
3.25737054683568
3.36540880884544
3.27988183465525
3.19235041915564
3.25469966736325
3.26392908335057
3.19043514489743
3.1487556437102
3.09532704140478
3.41642686683512
3.32743684313267
3.25314774667622
3.24557691555049
3.3487212757647
3.32849218503003
3.23517897945459
3.28299367836853
3.31520610369029
3.36900573272843
3.2344792730197
3.34611229173402
3.33968033364711
3.3930597027305
3.1828476514736
3.30445367524723
3.2365971837221
3.1871807478311
3.34010239175006
3.2319276968354
3.33712343821281
3.20136773863647
3.25453599973785
3.3684193851384
3.21432823425945
3.2523867164536
3.55231973902182
3.52952261623141
3.18599679577111
3.19905874457169
3.17685707016045
3.25827667919837
3.32499103374026
3.34732091380039
3.30344947855832
3.17574155622722
3.25393654461016
3.23607937445778
3.0354240983362
2.91838794873228
3.30349447723447
3.08396946954432
3.0005781663222
3.26224831986383
3.2174651549551
3.84932190669447
3.94519258116517
