-0.001
0.999
1.992
2.869
3.542
3.93987975951904
4.18592964824121
4.3951367781155
4.45528455284553
4.44728761514841
4.48595213319459
4.46729957805907
4.44349680170576
4.4774678111588
4.44312026002167
4.50881057268722
4.46265328874025
4.47105561861521
4.48623853211009
4.52771362586605
4.52774498229044
4.58283671036949
4.63691194209891
4.59878048780488
4.5958230958231
4.51425030978934
4.5369211514393
4.47661188369153
4.54123711340206
4.50588235294118
4.5026455026455
4.47459893048128
4.53188602442334
4.51724137931035
4.47826086956522
4.4887323943662
4.47807637906648
4.38746438746439
4.47322720694645
4.45870206489676
4.57355126300149
4.50526315789474
4.50076335877863
4.53395061728395
4.49689440993789
4.50078492935636
4.44426751592357
4.59420289855072
4.51219512195122
4.64590163934426
4.56810631229236
4.48735244519393
4.58503401360544
4.53859348198971
4.59827586206897
4.53321678321678
4.54991243432574
4.58436944937833
4.55315315315315
4.54710144927536
4.59306569343066
4.46886446886447
4.56610800744879
4.44256120527307
4.55576559546314
4.52
4.51346153846154
4.56201550387597
4.58869395711501
4.57647058823529
4.52988047808765
4.56653225806452
4.5234215885947
4.49482401656315
4.55765199161426
4.57805907172996
4.60767590618337
4.56896551724138
4.53695652173913
4.61925601750547
4.52980132450331
4.60538116591928
4.49886621315193
4.57305936073059
4.58198614318707
4.58101851851852
4.54716981132075
4.52955082742317
4.64593301435407
4.59036144578313
4.52173913043478
4.53808353808354
4.59553349875931
4.50125313283208
4.61734693877551
4.57179487179487
4.56443298969072
4.38759689922481
4.56692913385827
4.55291005291005
4.57486631016043
4.64247311827957
4.62771739130435
4.56473829201102
4.58171745152355
4.64245810055866
4.52974504249292
4.56410256410256
4.48850574712644
4.60982658959538
4.46198830409357
4.42729970326409
4.47447447447447
4.47239263803681
4.49532710280374
4.42675159235669
4.41346153846154
4.52614379084967
4.42434210526316
4.42809364548495
4.44178082191781
4.26618705035971
4.33204633204633
4.14224137931035
4.18779342723005
4.05882352941176
4.23493975903614
4.42666666666667
4.41044776119403
4.328
4.47747747747748
4.47169811320755
4.40816326530612
4.74736842105263
4.56842105263158
4.62765957446809
4.64893617021277
4.82417582417582
4.52222222222222
4.80898876404494
4.57303370786517
4.43181818181818
4.48837209302326
4.66666666666667
4.6144578313253
4.37349397590361
4.39024390243902
4.4625
4.71428571428571
4.68
4.36
4.41333333333333
4.48
4.42666666666667
4.7027027027027
4.63013698630137
4.63888888888889
4.92957746478873
4.58571428571429
4.60869565217391
4.76811594202899
4.76811594202899
4.61764705882353
4.52941176470588
4.61764705882353
4.57352941176471
4.69117647058824
4.59701492537313
4.64179104477612
4.65151515151515
4.53030303030303
4.53846153846154
4.89230769230769
4.78461538461538
4.49206349206349
4.85483870967742
4.70967741935484
4.73770491803279
4.85245901639344
4.65573770491803
4.4
4.46666666666667
4.86440677966102
4.37931034482759
4.83636363636364
4.68518518518519
4.44444444444444
4.37735849056604
4.50943396226415
4.63461538461539
4.38461538461539
4.52941176470588
4.58823529411765
4.49019607843137
4.72
4.6
4.72
4.74
4.62
4.44
4.54
4.44
4.86
4.95833333333333
4.54166666666667
4.85416666666667
5.26086956521739
4.78260869565217
4.58695652173913
4.84782608695652
4.3695652173913
4.47826086956522
4.45652173913043
4.28260869565217
4.3695652173913
4.45652173913043
4.44444444444444
5.02222222222222
4.97674418604651
4.95238095238095
4.65853658536585
4.39024390243902
4.29268292682927
4.375
4.7948717948718
4.51282051282051
4.76315789473684
4.76315789473684
4.63157894736842
4.81578947368421
5
4.51351351351351
4.21621621621622
4.10810810810811
4.27027027027027
4.16666666666667
4.17142857142857
4.57142857142857
4.38235294117647
4.88235294117647
5.14705882352941
4.91176470588235
4.94117647058824
5.02941176470588
4.97058823529412
5.6764705882353
4.72727272727273
4.90625
4.96875
4.51612903225806
5.25806451612903
5.3448275862069
5.10344827586207
4.82758620689655
4.75862068965517
4.53571428571429
4.92857142857143
5.10714285714286
5.07142857142857
4.59259259259259
4.92592592592593
5.03703703703704
4.96153846153846
4.88461538461539
4.92
4.73913043478261
4.90909090909091
4.86363636363636
4.28571428571429
4.9
5.42105263157895
5
4.47058823529412
4.23529411764706
4.13333333333333
4.25
3.8
4.44444444444444
4.42857142857143
4.6
5.33333333333333
7
