-5e-04
0.9995
1.9955
2.9165
3.675
4.18837675350701
4.49396378269618
4.72828847130523
4.89438775510204
4.90005125576627
4.99636174636175
4.95700052438385
4.84761904761905
4.85683760683761
4.86810810810811
4.92467248908297
4.93101545253863
4.94054963544588
4.98242630385488
4.99427917620137
4.93313953488372
5.00471698113208
5.03688280785247
5.03013863773357
4.98298906439854
5.01348865726548
5.02288188002474
4.97251717676452
5.03286978508217
5.02182284980745
4.98382923673997
4.95484293193717
4.96156394963552
5.00335345405768
4.95637355146558
4.9532967032967
4.89709944751381
4.88517745302714
4.96546863988724
4.97060931899642
5.02817919075145
5.01756954612006
4.93694362017804
5
4.99543726235741
5.0824345146379
4.97741433021807
5.07154088050314
5.05011933174224
5.1139646869984
5.04951298701299
5.01394585726005
5.0546357615894
5.01170568561873
5.05378151260504
5.00596760443308
5.0180412371134
5.0566695727986
5.07400881057269
5.0851818988465
5.08228980322004
4.95675675675676
4.99179580674567
4.94020239190432
5.02685185185185
5.00746965452848
4.99811498586239
5.02656546489564
5.0287631831256
4.98549323017408
4.98923679060665
4.96643632773939
4.97806580259222
5.01911468812877
5.08215010141988
5.0688591983556
5.08636836628512
5.09348739495798
5.08695652173913
5.13034188034188
5.01414581066376
5.18461538461538
5.06423034330011
5.13296089385475
5.04288939051919
5.04441913439635
5.03810623556582
4.96990740740741
5.02690058479532
5.00824499411072
4.97146254458977
4.98315282791817
4.9769696969697
4.998778998779
5.15679012345679
5.03850931677019
4.98503740648379
4.92857142857143
5.04320203303685
4.91399229781771
4.92996108949416
4.98823529411765
5.02248677248677
5.00537634408602
5.00945945945946
5.06377204884668
4.96551724137931
5.00140056022409
5.00706214689266
5.01285714285714
4.88840579710145
4.85567010309278
4.85863095238095
4.9468085106383
5.00462249614792
4.96081504702194
4.90995260663507
5.0128617363344
4.84729064039409
4.91666666666667
4.85641025641026
4.66370106761566
4.65325670498084
4.57995735607676
4.66276346604215
4.4813829787234
4.62874251497006
4.7804054054054
4.69318181818182
4.58847736625514
4.84862385321101
4.89162561576355
4.92268041237113
5.05263157894737
5.05291005291005
5.12299465240642
5.01075268817204
5.03825136612022
4.7877094972067
5.17977528089888
5.13636363636364
5.07428571428571
5.05847953216374
5.09467455621302
5.05952380952381
5.08333333333333
5.03592814371257
5.23636363636364
5.18518518518519
5.15189873417722
5.06329113924051
5.05696202531646
5
4.96129032258064
5.14935064935065
4.91447368421053
5.1
5.28859060402685
5.12925170068027
5.19178082191781
5.21379310344828
5.26388888888889
5.02097902097902
4.97183098591549
5.12765957446809
4.94326241134752
5.07142857142857
5.02877697841727
5.2158273381295
5.16788321167883
5.14074074074074
5.11194029850746
5.24626865671642
5.26119402985075
5.04580152671756
5.36153846153846
5.2015503875969
5.20472440944882
5.26190476190476
5.15079365079365
4.992
4.95934959349593
5.13934426229508
4.91666666666667
5.33913043478261
5.19298245614035
5.04385964912281
5.0353982300885
5.11607142857143
5.0990990990991
5.14414414414414
5.08181818181818
5.22018348623853
5.07407407407407
5.10377358490566
4.98076923076923
5.15384615384615
4.84466019417476
4.84313725490196
4.7029702970297
5.16
5.05
5.44
5.23958333333333
5.26315789473684
5.25263157894737
5.35869565217391
5.01086956521739
4.89130434782609
4.90217391304348
4.90217391304348
5.09782608695652
4.85869565217391
4.92222222222222
4.91011235955056
4.84090909090909
5.16091954022988
5.58139534883721
5.39285714285714
5.33333333333333
5.075
5.0875
4.9125
4.94871794871795
5.35526315789474
5.11842105263158
5.18918918918919
4.78082191780822
5.05479452054795
5.24657534246575
5.40277777777778
5.22535211267606
4.77464788732394
4.72857142857143
4.82608695652174
4.80882352941176
4.74626865671642
5.01515151515152
4.73846153846154
5.18461538461538
5.21538461538462
5.06153846153846
5.04615384615385
5.14285714285714
5.15873015873016
5.50793650793651
5.20967741935484
5.36666666666667
5.13333333333333
5.03389830508475
5.45762711864407
5.47368421052632
5.08771929824561
4.94736842105263
4.85454545454545
4.60377358490566
4.75471698113208
5.0377358490566
5.01923076923077
4.86
5.26530612244898
5.25
5.23913043478261
5.42222222222222
5.23809523809524
4.825
4.92307692307692
4.87179487179487
4.78947368421053
4.7027027027027
5.34285714285714
5.03333333333333
5.03703703703704
4.66666666666667
4.75
4.61904761904762
4.21052631578947
4.5
4.875
4.92857142857143
4.875
4.2
3
3
3
