2.80450980445836
2.58328673724061
4.24582454984135
2.85964277555012
2.67442838945654
2.6712626751869
2.47316550175379
2.48665728214583
2.44829189334729
2.43986526775076
2.5089994855588
2.56616750980102
2.5673603295205
2.55944965993242
2.55716831259658
2.54163713830748
2.58692853382315
2.54407873751227
2.60306239480977
2.58612497389365
2.53206117565213
2.56108910656836
2.57659674032813
2.58578702956379
2.54738238198188
2.5417074529435
2.5607761619495
2.54150595123722
2.58074206289472
2.54547723233569
2.5355685576998
2.52795809675664
2.54776760553491
2.56507164485923
2.51173715829
2.58044882231337
2.56989296857108
2.57347397049107
2.50159834314794
2.53358152007009
2.51766884593872
2.54171080724923
2.50846067221633
2.51048708183333
2.47523306206611
2.50068403725483
2.47937150774801
2.56785675669305
2.52378132279419
2.51407686695545
2.47405085457597
2.49330233559847
2.53376489817705
2.50826235650337
2.51128678913977
2.52632404746443
2.49450016579372
2.50400186348829
2.43143612916586
2.49590920855362
2.51557462757244
2.54286056808499
2.52140294167835
2.49731482472648
2.52739093947033
2.53944974387407
2.51022435760883
2.52533190504885
2.47957896419017
2.48838103572945
2.53046578131778
2.50517898768833
2.49230371565377
2.48618602961602
2.48515104957244
2.48122157682855
2.50357871785428
2.52050023741798
2.4854105113661
2.47389020740858
2.42995458282829
2.47092312841016
2.43172677371345
2.47279218505447
2.4727502267124
2.49022374325801
2.49936342498581
2.45759522544419
2.56415083527725
2.46074448217617
2.48893778162358
2.46517669899568
2.44724993625055
2.46570860829887
2.49677241225156
2.49975289585863
2.5057912803764
2.45800946064092
2.52892113763336
2.4042517132146
2.48616923091614
2.41050855407697
2.45891637028525
2.53278380103049
2.43332548992827
2.52067531573296
2.49944238526669
2.53042325900446
2.45732166384795
2.4687080209381
2.46789304102895
2.51565550065788
2.41529431822063
2.4622686163548
2.46985091566648
2.50707869200072
2.52313249953946
2.53495457820473
2.51350935427531
2.52183036353237
2.58794909511819
2.55046552256209
2.48938004142331
2.50942275295043
2.63762136802985
2.43052104421037
2.3654757597282
2.46174850473308
2.38796694742687
2.30928857623473
2.32939161867052
2.41270773748141
2.48771574679593
2.50670420204077
2.5165480650344
2.61337588243366
2.55729697550926
2.66253343209436
2.48570335071069
2.57061852399695
2.58710391681422
2.55894887673585
2.63625695058451
2.65378549737382
2.48572467776825
2.65794228116077
2.62451147985668
2.59316517045414
2.54001610202793
2.57504446281183
2.53343913596573
2.50055964340119
2.56632336565245
2.46648837753964
2.58127492552688
2.57550581201596
2.53019306544688
2.57086029515474
2.60193780264156
2.51026764918291
2.44130455691777
2.55280569792971
2.56864808514729
2.5436630549189
2.6057552767402
2.57764038961669
2.59732713107619
2.42751587859077
2.51524366070014
2.47514009320083
2.72303608905532
2.44602348607727
2.53014474476097
2.57169540994198
2.35192240588128
2.52077930253486
2.51400709839608
2.62215546385726
2.58996362831756
2.6066663404571
2.57784726718031
2.58882889352341
2.64805468690593
2.49351208566453
2.56129351336413
2.56654878082071
2.59062770297343
2.50569077035288
2.5409719806744
2.67736775839349
2.56477448515047
2.59877665796883
2.58584067708753
2.50164257231732
2.63802690066821
2.60482450778913
2.62412927357093
2.51486673037358
2.53269620594865
2.28987498267346
2.5010792197032
2.51927537201894
2.50473486279059
2.61034058950152
2.69824338338871
2.41803739363024
2.58460713617273
2.49902070446239
2.51164897016615
2.50865978800679
2.66652869816399
2.55350652390796
2.61293287034613
2.63224617919687
2.39351798755181
2.36422594531147
2.56637851027032
2.51024501489471
2.44522131148497
2.48914532488275
2.59584406933266
2.46840258189298
2.5192554312541
2.56205843824902
2.61113928618354
2.6928276587904
2.47939883682438
2.35457786131555
2.53405846873247
2.40351502625574
2.6277679775475
2.61664219086106
2.63296984799642
2.54729926827999
2.63070294850156
2.45407670683036
2.2954475340706
2.46403341259155
2.69807503586567
2.56369173652506
2.65069110472796
2.50621318490541
2.57167048114656
2.53338140396568
2.51650788149844
2.55403889456092
2.46082124069664
2.56326970185231
2.58628248717151
2.75731566384071
2.41404498250235
2.73714977784215
2.28594791008053
2.73338853737462
2.57039858240492
2.39014211813362
2.52490077040405
2.62395066940457
2.4499727533331
2.47470225705702
2.70912976700455
2.67733631866989
2.49770017616136
2.55862121525868
3.07079961945083
2.65412408506125
2.61686345283575
2.44907207960218
2.60418801038403
2.32024259295308
2.96837650167386
2.90959261562038
2.89086913044227
2.55385357785202
2.77498339451445
2.50972877316853
2.69778905978919
3.33081402628881
2.8471182418719
3.08341195354412
2.67870847755157
3.68662479450006
1.93711512287317
2.718387458345
3.1322041404899
