3.41787391935517
3.46046597115083
3.29531946444773
3.52514954297756
3.28783919679511
3.56812125991478
3.58559931449847
3.53200250622557
3.54340643889157
3.46521786378145
3.51514836170069
3.39954134331204
3.64626055751361
3.59329438008272
3.6372812697403
3.38971119265
3.60014023404932
3.41276120295392
3.81443598700333
3.7335241841927
3.56186299948036
3.42497099364478
3.54763872612738
3.27138698808473
3.39496437589628
3.37369591040926
3.52233955248951
3.44397121700183
3.20263740789507
3.3979604887394
3.64229105595303
3.06173800902689
3.8992878698927
3.14546333268412
3.38776005930381
3.18077666346698
3.78974781946496
3.43410697677404
3.77549415448877
3.57594997003206
3.48153364756435
3.39586392999572
3.40688208288665
3.32644227131411
3.15716754252895
3.36652830249491
3.33931837462003
3.86544251597415
3.34588418384464
3.45025947847925
3.6652782420913
3.72394043226117
2.85782957509577
3.23299104455702
3.43593744450929
3.33426135921297
3.32774657476074
3.67405821167279
3.22231663817001
3.71965364943256
3.6762677404445
3.34876733616646
3.40068205066986
3.3605982396101
3.18741993570196
3.29794268031082
3.73666743957462
3.16370172441524
3.41694242309889
3.45018791837171
3.1254360572606
3.30235400399357
3.63478820055624
3.56634165044736
3.61340319248567
3.2904253964797
3.58067239979875
3.25580870221008
3.43040436591754
3.37145912872339
3.27351713394072
2.14541895417777
3.2579744982807
3.20281575493785
3.44126908779581
3.45099078474758
3.72511691540699
3.47414681893146
3.36834914725511
3.54765195505982
2.8414949520386
3.36947211461423
3.47992716160432
3.657854866996
3.52375597671098
3.27015104049509
3.61737632956597
3.46531421063231
3.94657056594445
3.40030784960377
3.54298275358764
3.39041618189432
3.70707774911187
3.47514090917676
3.52183387241586
3.39726357725129
3.96096140362524
3.59918292976009
3.44900225556985
3.38493680641524
3.76704778458565
3.57956806608175
3.64646714170076
3.80864034211197
3.43229344302792
3.23824984623928
3.82458529664313
3.98476867993919
3.43737306272868
3.35089140792973
3.76266405555604
3.45884120005121
3.55366216961569
3.34316734877328
3.2059767044984
3.71449336220623
4.11767002199333
3.72731590032964
3.37379023793957
3.85986507317868
3.44920679475584
3.47208556187558
3.0820041060058
3.48240081464115
3.51481731262101
3.6295685113119
3.45881095359645
3.57190650163392
3.54315872004497
3.4004246528867
3.36414574998645
3.46494828950785
3.56773461185045
3.41180430561463
3.39380726168175
3.23344439302261
3.88677704898772
3.90674144040277
3.36774949131883
3.19607623426007
3.32664355814069
3.22335611136626
3.5083988407357
3.34205878960396
3.62073150165436
3.88417221412901
3.35917560861042
3.19540560110382
3.32679745302592
3.6466237745656
3.32626598205768
3.40536948653538
3.46455687308718
3.51672935423114
3.45452588239311
3.41464630102697
3.35216894249472
3.52873313999474
3.5952990731238
3.51646627130024
3.30289625067827
3.69904763000336
3.5858625215186
3.24675495140673
3.51548807585932
3.59745102015948
3.68843815151409
3.45784916236351
3.41888978165213
3.57903762192288
3.21199494116196
3.69612624284379
3.53627140325096
3.46979773248081
3.59404027228788
3.16373400267514
3.50410207147357
3.59900134386987
3.47530423855567
3.42693834117497
3.60431440676511
3.25319477426792
3.45904143890982
3.56578090020236
3.29490635875225
3.38241784813938
3.65932017806095
3.4784488904427
3.59049407010961
3.55931227903945
3.54217195453629
2.6115047776582
3.34603914520875
3.49491196317671
3.44417970849217
3.39871858066539
3.62488440072605
3.15900193045222
3.38870591485909
3.45124772979686
3.61671206251835
3.61907968750262
3.51238358846535
3.54553416502203
3.23877196554258
3.50330760702638
3.50907108204909
3.44587698066181
3.44521557354447
3.52521672106845
3.75852858150786
3.55811072552702
3.47738680916848
3.24298734726513
3.51501574497618
3.35959690899172
3.72776723452311
3.97686364444716
3.6361499372376
3.85056346082127
3.60212625890907
3.63127401138663
3.61550802077024
3.38393107565587
3.50058109305098
3.51297491539388
3.12352269877296
3.49062324214409
3.56756612595141
3.36304782698287
3.07880350976078
3.7324377007373
3.4731876089922
3.70958338089219
3.34418986645245
3.19538637174185
3.46062336714803
3.33517448479234
3.18979739253432
3.23571817789346
3.14146845829566
3.48433914706432
3.18871059289009
3.44904076177765
3.1726175953857
3.34810635838678
3.49747361601156
3.59210664178729
3.48127963161919
3.68381454785798
3.79077232739845
3.80181930791231
3.600171619746
3.58448579563468
3.4116693753179
3.35405893554273
3.40755135047538
3.22429345191316
3.5363477992563
3.44352946472086
3.57488018836926
3.39031866098694
3.54991134878988
3.60887801058666
3.51979420410045
3.42825709428174
3.5897472917711
3.58915459554082
3.6534931974264
3.50505859590263
3.11010196976726
3.24062666789788
3.53706733042082
3.48221569812688
3.38998710798988
3.21991000677019
3.56002648471563
3.45942805030342
3.1668723304307
3.483349923671
3.39854683392682
3.47903406357776
3.36887607040282
3.58300648102677
3.64476096131907
3.42002923715284
3.37410802842843
3.21267993095952
3.58263164142565
3.41888198508341
3.62941769693658
3.61339374096657
3.23233948440886
3.20253758969515
3.43030866010037
3.3692264186503
3.3301774108727
3.44742800379647
3.43707374448526
3.27805855703824
3.55385752447986
3.4305590909154
3.47751245427565
3.44937811339198
3.27611047099544
3.36449535373434
3.59034146486506
2.76505138448003
3.36925402587573
3.50229067058106
3.31915883689834
3.21908061857555
3.28746928208176
3.45876289155626
3.70195736826879
3.9519701326057
3.76737942061229
3.51812260334452
3.37464098686855
3.3357187152627
3.42236152815145
3.53656909104828
3.69862021900027
3.58828841891244
3.48476967562388
3.41994932151418
3.32881743147226
3.42982311470656
3.38188594988737
3.84406578571562
3.86289210236621
2.98534594285593
3.39155132073158
3.80468023559195
3.42723511271925
3.58692705378728
3.75291212249442
3.59801762972551
3.35857153005175
3.43172709411813
3.47660741705889
3.18341077308529
3.35447348196403
3.33143827407568
3.40893931029856
3.70776105897369
3.62897443892133
3.61660402039587
3.34829866103844
3.1485406210159
3.44199410998474
3.67438930805154
3.4981654369216
3.58412268364612
3.501183310047
3.34484425827286
3.44960573527672
3.1985516363945
3.44273013914523
3.34456335426767
3.51752632399769
3.2134476565206
3.19861421594012
3.12592017025037
3.75555558574306
3.37188615402272
3.52236218115493
3.42982051695112
3.45903338356669
3.33060266973464
3.66572609567349
3.46776460073305
3.27815888059821
3.19219858671959
3.4931742317328
3.65226088256531
3.58728450370374
3.43045244752196
3.43556579868957
3.42384140637065
3.65327684140966
3.62229208126647
3.41444237828127
3.43707601869099
3.40589585249512
3.23713675334633
3.6176770152065
3.58610319382434
3.43306678394003
3.36554235366197
3.43810494989599
3.54707094008376
3.4329825366406
3.61607887619592
3.36568351971241
3.40000717512319
3.47225873159987
3.43106711626844
3.59121880333932
3.46729164984359
3.42287632133874
3.32157899600772
3.39043530862388
3.44665370393955
3.13305699955301
3.4694104293727
3.82752694048614
3.53802377802682
3.3557287999049
3.47121317883643
3.32354099844446
3.41052961936395
3.11941715317139
3.20005899281445
3.45251582752259
3.64145199203985
3.45820343830268
3.47044100019386
3.54175399565475
3.5893437813738
3.77818782152234
3.29873744407242
3.40793153560028
3.37892151917813
3.27619071419032
3.33821283724451
3.49458769420127
3.33463178476489
3.60997838346223
3.46359777022636
3.41717851043952
3.4557873841242
3.48804686811374
3.17193177300215
3.43772727236676
3.47102255146009
3.49772095055942
3.62165026864665
3.25110830325864
3.06614936887426
3.42149118516018
3.1739596254344
3.0451826735699
3.18069156538465
3.36331401045875
3.44763512682416
3.74735788493021
3.54031954776706
3.35043763914164
3.27412773135743
3.5054470800455
3.59706106549905
3.34578122040221
3.32091704256784
3.35131380430698
3.1986183823865
3.57996042722706
3.5598454020483
3.61900695860357
3.45744715265267
3.5437489626328
3.43341774732031
3.49247097515347
3.47600459325963
3.48637127879881
3.84751712228064
2.27562906848912
3.22194789016759
3.45679802643624
3.37099848832329
3.65194257296421
3.41148736862982
3.6245170564741
3.51889408608299
3.52851336758081
3.56704021440471
3.4283990294784
3.4480929922576
3.38557686520547
3.23679573067947
3.34476107608271
2.90911018429952
3.26682336436633
3.43569118503585
3.63445046674802
3.39507029341836
3.87367897105203
3.71011080944648
3.49468844294426
3.50736329155574
2.64910911070378
3.2954261567673
3.09743651725274
3.43303989314841
3.2283600556121
3.3891350380837
3.650448516801
3.25221102581947
3.36545224092747
3.38581972308135
3.22500098449179
3.34186644220818
3.69755146968166
3.37447242480269
3.43165170828776
3.46335226459907
3.52224265614494
3.43282003750059
3.46663116775361
3.33628651244327
3.48580423366282
3.46207920333437
3.53332041391157
3.46646846011235
3.29679821795486
3.26249011591678
3.35541427988919
3.1186601108618
3.16098275563567
3.30339091129819
3.53286287235619
3.37783666231787
3.44263602235274
3.51687430782245
3.5629147185574
3.33122666518285
3.34113590004113
3.53712432795883
3.49628596736976
3.48170153740007
3.53184757377507
3.43469137121377
3.68529696676564
3.16800937055927
3.26597488125882
3.44115490643951
3.61315867338306
3.72343065173398
3.46487588036052
3.32393167358591
3.56945545614339
3.6198649390362
3.09266451381876
3.39857866519136
3.29011254161117
3.35768580835927
3.15060948642622
3.3027672977327
3.25099579619398
3.5678271828441
3.60579440951178
3.30050242471831
3.2438850867028
3.59910501617935
3.45895444545764
3.26577237409572
3.47847949264477
3.69750693536789
3.30753007303675
3.49639777160542
3.45743173110858
3.41661641115726
3.37986609902123
3.23911739945043
3.39747918547404
3.54526696045053
3.31987157513196
3.35233152850179
3.56150840341587
3.94288229153783
3.52726930910884
3.42887467509918
3.31003667171656
3.42881436284652
3.59554132996583
3.50691554951284
3.55280148400725
3.24302200237486
3.44012080338755
3.60955134014642
3.66954274989707
3.40085356219321
3.33639340163306
3.24291256297381
3.3207350343862
3.44307826729097
3.5265885699921
3.43043655203513
3.3522709675004
3.56659385228119
3.22007334720277
3.51804462283768
3.35647246203173
3.28897262641249
3.40092675431855
3.23272087245614
3.51803447644424
3.35499365356325
3.50815131076722
3.49695406988802
3.21054584224137
3.29442980123037
3.28308250143128
3.56606751934578
3.61084701536154
3.59642095120019
3.58373759367652
3.42038942567337
3.55346990582033
3.13691604573214
3.79735252774037
3.62260172342728
3.45439674698616
3.55068367141389
3.65923014703544
3.51032435590978
3.56541335540212
3.29957935647061
3.25754833126421
3.69442440582996
3.20422821605872
3.83254037983244
3.39956799337225
3.40531938699478
3.45670648503046
3.51792239624611
3.5454686479119
3.4005290918837
3.54860051544747
3.53144334919865
3.17380562744098
3.76608713151848
3.34666801063143
3.39486990754883
3.82893527152752
3.79110808925514
3.49653856052822
3.38132440881269
3.46721255731316
3.62643346604328
3.70587671700973
3.50141580904188
3.51538349789793
3.740186550727
3.56200888639242
3.90519888445512
3.67633460530013
3.73594442584667
3.49070577080372
3.56047651279395
3.37714906144249
3.55664886477357
3.30979549536356
3.3199284324632
3.61114615230109
3.58420768351135
3.72000503607622
3.46142776370809
3.4270268185217
2.95743139919435
3.27119607074061
3.25434101544575
3.13334703833253
3.24451856096761
2.95526445336498
3.53622625626345
3.47344332465336
3.42343150080981
3.41390711232512
3.53480367715501
3.44607135684355
3.45378151839226
3.33826150421413
3.33769720057381
3.36100540006018
3.47822684892349
3.32314756454865
3.28380451315564
3.38403883858782
3.3879258688211
3.39966943181365
3.28394464593524
3.41536672880727
3.41572872370227
3.61255789287551
3.34806055446044
3.31176135026175
3.58802877291696
3.39431068897441
3.65591040183742
3.49630537907631
3.21537299639016
3.31878600765686
3.40920689512466
3.61912542631776
3.33390424299029
3.14885049862612
3.22875921804816
3.66097507778362
3.57557969608037
3.46902959841015
3.7310030029305
3.56029727465653
3.1668384497032
3.28335243643409
3.64621015284425
3.8067469451796
3.42699076696551
3.66555548371207
3.44224666234032
3.40232871180796
3.38667096166141
3.43150764805037
3.3239047667501
3.2920907842574
3.47370066211519
3.66712358442153
3.5009885707227
3.09297274770988
3.67214408184283
3.28285623166703
3.40403782527026
3.5243082199115
3.33308629455493
3.70843363259494
3.54832683250612
3.33283009146726
3.60795414630684
3.59537456835269
3.55729591389885
3.47352790705712
3.57552214430248
3.53364111524146
3.30572031567306
3.5598173351927
3.44399269567399
3.4225165601264
3.4041819149901
3.44262141070602
3.46194521381114
3.44274807205553
3.59878421495098
3.70123710589111
3.75223249369639
3.45270482192512
3.69516653247955
3.53608152448867
3.33512337022515
3.45075808214241
3.29197301098024
3.37733792502181
3.59861176966917
3.99064658706842
3.58574193941357
3.45142288639254
3.20185786819029
2.99409639046162
3.38038797583621
3.54392926132168
3.49674691898242
3.55578178125239
3.49681512984364
3.73032341008931
3.81357483299666
3.37677864994403
3.31902779651768
3.3833846158662
3.4845398202024
3.55598366285051
3.39981280729687
3.35875400463101
2.82501075380992
3.56158392956213
3.54236184587488
3.47228375055846
3.37743204316432
3.23498085244921
3.49512871212
3.83411188655294
3.32160050565167
3.49417520808328
3.18182705846331
3.31829077136636
3.19787094453296
3.28112919260269
3.34913928971342
3.46066363582835
3.4319793947531
3.35683951573207
3.57762133085499
3.20240840346566
3.30865202606254
3.38035764828875
3.56239371417443
3.42280484033406
3.38341315883265
3.62427705196567
3.21339024870598
3.47331960709904
3.4137723076807
3.24137859463996
3.26473637047738
3.26211092281219
3.54410346480375
3.61785836252098
3.32100926666856
3.24606815828943
3.69083514666094
3.32577627195272
3.17298662923817
3.38466225698617
3.5678808692154
3.78030568433692
3.49981854687836
3.4885404471723
3.40830367259027
3.47472957436721
3.26613980841907
3.36663470838132
3.30428753177575
3.24444292122514
3.69136821283549
3.43899188127793
3.69801446706347
3.47468950105551
3.44902919373131
3.65311151025311
3.421118422878
3.68159311615299
3.65959421590378
3.1245486476505
3.23085758386006
3.76186655932433
3.5868710826645
3.63940673178964
3.49120904646396
3.31038549164651
3.62409396665891
3.46269759486126
3.73243932196421
3.78005711423549
3.34572465493198
3.4235793650952
3.40275974700081
3.47726251050812
3.10235521870952
3.29937793266078
3.64648606246387
3.55770687983503
2.09160961266609
3.37485060186378
3.76415171271332
3.87680414533401
4.31213118427832
3.96791948783425
3.33556946256396
3.49829243025665
3.78010331021023
3.82204057328901
3.49455436711454
3.20591114351082
3.38560618977075
3.66871222597562
3.39591551240328
3.35459689386707
3.18449884109142
3.25470037736395
3.42466752916345
3.94031879851882
3.54270045926373
3.4333040325063
3.27078462956913
3.66208612764723
3.44944734103656
3.41594679685201
3.65633720702426
3.81815326271013
3.57571601408797
3.5070474922004
3.50743932342607
3.42775140696294
3.75552169660429
3.55675699527156
3.22108535014588
3.61877017629809
3.36967586186921
2.99208548879121
3.46902979821206
3.53955378215677
3.4501236219494
3.23350189283108
3.42069038813642
3.47254903276781
3.39282625178099
3.49234626311119
3.82165115891893
3.39956107501329
3.36878277483919
3.51786708357565
3.51506717888738
3.58327289672266
3.33836587872277
3.35965216559528
3.49432082141686
3.35437484902433
3.61130485939787
3.30007199593024
3.40381914878428
3.42225364405821
3.55298522664156
3.55640982999562
3.33013072794395
3.33357917225082
3.55202357569751
3.79908471117761
3.46096493915475
3.50537428508981
3.73377810689922
3.43458927445011
3.61926762922801
3.45400875414216
3.42824681780474
3.4988017585277
3.48211304294215
3.43448918065223
3.45597242669151
3.60150911515893
3.34783087636588
3.50085998179518
3.44336758360864
3.36235376679504
3.63887449641475
3.33492549515664
3.39861691512651
3.48540510950576
3.68160050690734
3.54489063279707
3.51594764144592
3.43992303806278
3.30309504247975
3.43438041356407
3.45566591980212
3.62176583742307
3.4493039665278
3.44717825974047
3.47934187083837
2.97991805506602
3.44908871316544
3.4621389145592
3.36131711098212
3.49327212334546
3.37115362273395
3.4524731822517
3.44995891303098
3.62271184722197
3.4083007488863
3.52759121480334
3.53389534872963
3.37337792454483
3.25814392673665
2.97026219162223
3.40421085185011
3.4053839732534
3.42244720828084
3.77339697808942
3.70554421290515
3.80425233966723
3.28986822650933
3.55061847680294
3.32782717216924
3.63106413679138
3.57664706915234
3.49953279403077
3.43017166313232
2.84289887791801
3.08066962923636
3.65657902112195
3.46796222250815
3.35189127623468
3.08568243429565
3.64202473045172
3.84998002952196
3.36159827544375
3.50686858444944
3.63137377241486
3.42825193875752
2.81249945527863
3.26219352483739
3.6417101060631
3.6179138254434
