-0.000111111111111111
0.999888888888889
1.99822222222222
2.96677408600956
3.85430095576795
4.54528259902092
5.07433489827856
5.47640500056313
5.73777374333371
5.88372625314717
6.00776001853139
5.98959064327485
5.92814230180233
5.89794463585601
5.89882381180989
5.9221078134464
5.93181539968172
5.95351431759018
5.97649412353088
5.96093058540903
5.94125927821858
6.00025876568767
5.98079435589234
5.96751617588802
5.93620712665154
5.97559002022926
6.01716621253406
5.96324339207048
5.9949860724234
5.96279594137542
5.99629945915172
5.97926864382378
5.99257425742574
6.01131188482445
6.02406059705926
6.03362858429665
5.97907505686126
6.02681170522445
6.00154894671623
6.05540731439334
6.03870558375634
6.0221189293156
6.02444552371701
6.06438896189225
6.05246554872987
6.09174773565918
6.06109979633401
6.11925976696367
6.06603284356093
6.03734729493892
6.03899770601729
6.02637675993584
6.07958228303925
6.06197746274082
6.05102790014684
6.06173526140156
6.03529411764706
6.0382730015083
6.0188248716486
6.05814622913068
6.08370470838985
6.06864854292979
6.05034550839092
6.07870093644152
6.06547499497891
6.03421745292569
6.02145045965271
6.01607584501237
6.02391349552922
6.04428121720881
6.06260575296108
6.0362782757149
6.02064960206496
6.03360797918474
6.06883741258741
6.07833186231244
6.11727982162765
6.10935738444194
6.11419472247498
6.08178267861245
6.09593495934959
6.07731958762887
6.1112160566706
6.13193617527983
6.13786500718047
6.11497584541063
6.09965886939571
6.06526005888126
6.08110119047619
6.04338070306657
6.06952141057934
6.06539440203562
6.07911636270229
6.07544723878662
6.13610240334378
6.11538461538461
6.06304868316041
6.04297609454741
6.08146143437077
6.00245834471456
6.08179564858166
6.02642559109875
6.07110736368746
6.03322919625106
5.99770180982476
6.10532441082339
6.08439067571555
6.05773257553096
6.04013277006638
6.04916030534351
5.98698481561822
5.98962916404777
5.99236155315086
6.03518398967076
6.04715127701375
6.04308916141863
6.03121852970796
5.96302636083533
5.9513986013986
5.97110239029611
5.89574155653451
5.77638095238095
5.70592981040742
5.67927848658161
5.67021276595745
5.46759507230852
5.47252747252747
5.52530292230934
5.52276422764228
5.61346863468635
5.75258799171843
5.88413948256468
6.06264775413712
6.0734055354994
6.06219512195122
6.08271604938272
6.06015037593985
6.06234096692112
5.94473007712082
6.03225806451613
5.97653194263364
5.96062992125984
5.95180722891566
5.98245614035088
5.96448087431694
6.09090909090909
5.99583911234397
5.98601398601399
5.91784702549575
5.93217893217893
6.00145560407569
5.98674521354934
6.03443113772455
5.96822995461422
6.13914373088685
6.08049535603715
6.12401883830455
6.11496062992126
6.02056962025316
6.01129032258065
6.04404567699837
6.10378912685338
6.03322259136213
6.10402684563758
6.0321489001692
5.99149659863946
6.04615384615385
5.98096885813149
6.08245614035088
6.15985790408526
6.23035714285714
6.01992753623188
6.05828779599271
6.12154696132597
6.09345794392523
6.23908918406072
6.16283524904215
6.23359073359073
6.18518518518519
6.12820512820513
6.1049504950495
6.09218436873747
6.07113821138211
6.05122950819672
6.12448132780083
6.05857740585774
5.98529411764706
5.99360341151386
5.97413793103448
5.96491228070175
5.93777777777778
5.92600896860987
6
5.98850574712644
6.12529002320186
6.03286384976526
5.95508274231678
5.85
5.88192771084337
5.84503631961259
6.14146341463415
6.0997506234414
6.15151515151515
6.12403100775194
6.046875
5.92105263157895
6.04825737265416
5.97304582210243
6.04878048780488
5.9972602739726
6.06944444444444
6.09831460674157
5.98591549295775
5.98011363636364
5.95428571428571
5.97109826589595
6.1656976744186
6.03846153846154
6.04504504504505
6.19877675840979
6.08411214953271
5.98746081504702
6.07911392405063
6.21221864951768
6.16013071895425
6.07260726072607
5.95986622073579
5.99317406143345
6.04498269896194
6.06271777003484
6.29818181818182
6.05882352941176
5.85608856088561
6.00749063670412
5.89147286821705
5.83794466403162
5.97991967871486
6.02469135802469
6.06666666666667
6.02092050209205
6.01282051282051
5.87068965517241
5.90434782608696
6.0704845814978
6.01785714285714
6.02714932126697
6.1
6.15668202764977
5.98591549295775
5.90952380952381
5.85507246376812
5.91542288557214
5.835
5.98969072164948
5.93582887700535
5.78021978021978
5.9171270718232
5.92777777777778
5.94318181818182
5.97633136094675
6.02395209580838
5.94409937888199
5.82692307692308
6.00666666666667
6.1048951048951
6.11764705882353
5.72519083969466
5.83720930232558
5.83333333333333
5.71052631578947
5.93693693693694
5.79047619047619
5.85263157894737
5.61363636363636
5.7051282051282
5.5
5.50819672131148
5.42
5.26829268292683
5.28571428571429
4.5625
4.6
4
4.5
5
