-0.000333333333333333
0.999666666666667
1.99666666666667
2.93866666666667
3.73433333333333
4.30040053404539
4.68442211055276
4.95070898041864
5.11800610376399
5.16223585548739
5.26044905008636
5.24764562260202
5.13462214411248
5.13387784090909
5.14531754574812
5.19037278320666
5.20234604105572
5.2220566318927
5.2210960960961
5.23805913570887
5.19269230769231
5.2568093385214
5.28223270440252
5.26462395543175
5.22508038585209
5.26390580592773
5.25563293732077
5.25754443985118
5.2822445561139
5.28396106644097
5.28883183568678
5.22626788036411
5.25317564607972
5.3203367301728
5.24348607367475
5.2751586582049
5.21014161717679
5.22063565177338
5.26166044776119
5.27014218009479
5.29856459330144
5.29477250726041
5.26225490196078
5.28535856573705
5.31372549019608
5.34150076569678
5.27207021166753
5.32743362831858
5.31631578947368
5.37247608926674
5.31219774314884
5.31307650569723
5.32383561643836
5.30769230769231
5.32998885172798
5.28764805414552
5.32612407512806
5.35083669936526
5.30250145433391
5.35428907168038
5.37492607924305
5.32479141835518
5.28236002408188
5.27107337780473
5.31334149326805
5.32674490426189
5.32316313823163
5.32266164469554
5.32425585813806
5.28662827895074
5.2934712346477
5.27278645833333
5.28007889546351
5.29747675962815
5.32238605898123
5.3224711473184
5.35989010989011
5.3957033957034
5.39230769230769
5.39295774647887
5.32712956335004
5.37906137184116
5.29992737835875
5.41305942773294
5.3542899408284
5.36377245508982
5.34568835098336
5.27984790874525
5.33435818601076
5.30828814872192
5.2415949960907
5.25811559778306
5.276
5.28421900161031
5.41578519121237
5.3461853978671
5.31296449215524
5.23963515754561
5.36607892527288
5.24406779661017
5.23715753424658
5.22857142857143
5.29807692307692
5.26501766784452
5.232
5.38219424460432
5.3436928702011
5.33704735376045
5.34424695977549
5.37440758293839
5.20365033621518
5.2
5.1742125984252
5.248
5.2530487804878
5.24819773429454
5.14598540145985
5.23354564755839
5.12608695652174
5.14790286975717
5.12272727272727
5.0188679245283
4.9735182849937
4.95423023578363
4.97408536585366
4.71114864864865
4.84321223709369
5.03311258278146
4.97080291970803
4.88172043010753
5.12238805970149
5.23127035830619
5.33676975945017
5.36140350877193
5.38652482269504
5.39426523297491
5.37728937728938
5.41851851851852
5.18045112781955
5.40754716981132
5.30038022813688
5.23282442748092
5.25390625
5.26482213438735
5.284
5.33333333333333
5.26209677419355
5.4349593495935
5.38333333333333
5.28936170212766
5.25541125541126
5.30131004366812
5.24336283185841
5.18666666666667
5.35714285714286
5.27927927927928
5.39170506912442
5.41666666666667
5.29906542056075
5.33649289099526
5.34928229665072
5.38048780487805
5.1871921182266
5.34825870646766
5.245
5.15151515151515
5.26903553299492
5.16326530612245
5.31122448979592
5.29533678756477
5.35602094240838
5.30687830687831
5.38829787234043
5.40106951871658
5.22404371584699
5.39010989010989
5.35359116022099
5.43575418994413
5.3728813559322
5.36158192090396
5.24
5.17919075144509
5.32748538011696
5.12426035502959
5.45121951219512
5.38888888888889
5.2283950617284
5.25465838509317
5.32704402515723
5.35031847133758
5.09554140127389
5.23076923076923
5.38064516129032
5.24675324675325
5.43421052631579
5.33557046979866
5.43918918918919
5.12925170068027
5.2
5.08391608391608
5.38297872340426
5.25714285714286
5.46428571428571
5.38235294117647
5.28148148148148
5.2962962962963
5.41860465116279
5.13953488372093
5.3125
5.2992125984252
5.2755905511811
5.3968253968254
5.15873015873016
5.24193548387097
5.22764227642276
5.21487603305785
5.43333333333333
5.60504201680672
5.55172413793103
5.43362831858407
5.22522522522523
5.2972972972973
5.20909090909091
5.26168224299065
5.45714285714286
5.31730769230769
5.31372549019608
4.99009900990099
5.16831683168317
5.1980198019802
5.42
5.33333333333333
4.96969696969697
5.04123711340206
5.09473684210526
5
4.83695652173913
5.1978021978022
5.04494382022472
5.37078651685393
5.39325842696629
5.375
5.15909090909091
5.26744186046512
5.25581395348837
5.46511627906977
5.32941176470588
5.51807228915663
5.24390243902439
5.11111111111111
5.46913580246914
5.34177215189873
5.16455696202532
5.0921052631579
5.02739726027397
4.74647887323944
4.95774647887324
5.09859154929577
5.07142857142857
5.1044776119403
5.39393939393939
5.453125
5.29508196721311
5.58620689655172
5.44444444444444
5.23076923076923
5.08
5.08
5.16326530612245
4.93617021276596
5.44444444444444
5.25
5.36111111111111
4.97222222222222
5.06451612903226
5.14285714285714
4.88461538461539
4.72727272727273
4.94736842105263
5.13333333333333
4.55555555555556
4.2
3
3
3
