5.45022710621001
3.13488373309611
4.78466346289075
3.55426800133205
3.48677107823023
3.52969641792634
3.3831162520116
3.33743678841255
3.37217824276453
3.36122095936588
3.39760855071674
3.36698202803356
3.35532610196798
3.34320134273737
3.36730414217032
3.35723205821429
3.42049681352967
3.3084193778485
3.38678893426633
3.43933514662064
3.3610742644632
3.31847950005924
3.4016537361639
3.35253448578712
3.38499678081232
3.39922666089195
3.3669295914888
3.39174626747935
3.4555178585174
3.36981072831675
3.37438807819538
3.36291283722817
3.37042097754641
3.38152412516384
3.41039999285841
3.45641783252881
3.42008242245445
3.39032813186651
3.3927703848461
3.37233917626668
3.39628480729097
3.3869927271513
3.3386893558114
3.36624124235692
3.48132615624492
3.35811501725546
3.34146593284865
3.38288508717451
3.32677836421025
3.38901636673171
3.36635455761644
3.36214971569719
3.40962230396423
3.36330765007821
3.44776964723174
3.350543822972
3.30507902076424
3.38307701288869
3.33431244797996
3.40552979586644
3.39161028125518
3.37630753213868
3.37615745099602
3.40435401734094
3.36702294066135
3.38065253945472
3.32947078558068
3.43186267056577
3.34994639906677
3.34850819524533
3.38552680670686
3.3219844348742
3.42200460044618
3.3674933179266
3.39696303459904
3.32651732576578
3.37706108260473
3.39655172232532
3.33514538864262
3.37840558282966
3.34523207258935
3.44371860197857
3.23409826194972
3.31798551164952
3.35958547158501
3.42020492581364
3.30906174604529
3.24145080112301
3.35071492967947
3.34490619017501
3.35974670399007
3.2003025935514
3.32276379467259
3.25191182310469
3.40017266135751
3.39422146055974
3.38827223911001
3.3990415709513
3.4032228830446
3.28097339882523
3.4464700953544
3.31079600136276
3.33244792828585
3.33141476721725
3.28405468639132
3.34254961308429
3.37871989873948
3.35943622436477
3.35788321370652
3.39066132270773
3.25290128905567
3.32521322924203
3.34972756480378
3.3432058718215
3.28303045916159
3.21572406547873
3.28203075623061
3.3989538183214
3.30394867056404
3.30162000178037
3.13940239047502
3.18402322607091
3.03219669489801
3.07306824886834
3.1427875515823
3.11966888997391
3.05454384763106
3.06171668798376
3.11122109160282
3.03960912026055
3.10706527726132
3.33943551284433
3.25009729497666
3.47930791554177
3.3608361543957
3.38697529024181
3.34856537680635
3.38617409828811
3.28800420897052
3.45984794050522
3.35729457683973
3.24342052868755
3.25349444333296
3.51207409781039
3.39253591157213
3.31238622221029
3.1810277214821
3.39477934953164
3.37306866043806
3.46244373647759
3.33645800666079
3.3920219051221
3.23919510550866
3.35323248816177
3.34761573155165
3.20467816586848
3.25535539336414
3.39841766440781
3.15091784003977
3.35970242432891
3.40357916517419
3.32649499876433
3.46008213417329
3.33738994190642
3.22625314040431
3.38391970278698
3.58637383669869
3.27716423611358
3.34454658150572
3.40759520796996
3.37887968392696
3.16590134963755
3.52486037053329
3.28883842842164
3.21173647742601
3.40708106655052
3.1424989504373
3.23386416193217
3.26145601718804
3.60179640258068
3.23596430151714
3.29970921832334
3.27813148509697
3.1150984794197
3.19109526699105
3.00214248381667
3.44830924970567
3.36300612930072
3.47928846637126
3.62504516303878
3.29318224885512
3.43116916213058
3.50180613704624
3.40701022641371
3.41894566970527
2.98052522038369
3.19466207377431
3.40475308943548
3.30126835537795
3.1467377250857
3.25632920820948
2.9781550913802
3.14787490898975
3.26141651665994
3.09594957705033
3.26680897620607
3.44526668422433
3.44654480960932
3.19270113555681
3.44683281670285
3.33810738273705
3.42002292692055
3.35461471382378
3.4427409400511
3.02222356907061
3.16272197405
2.99538434408856
3.16463762784651
3.41707642678669
3.35215067643932
3.23788732488959
3.46940147535188
3.10599849514415
3.10805766877588
3.63004141836362
3.22748378999948
3.35235686669659
3.16382962490628
3.29392311513847
3.33301583819614
3.49449493761667
3.1335387918576
3.15047047925543
3.20672998774319
3.26356795143814
3.19049805264667
2.85860682996422
3.51807156428754
3.43692573232303
3.19521348729052
3.50490533695759
3.25289521603747
3.2460088802128
3.15707082461136
2.93520507220068
3.44623343049062
3.22827789732565
3.16970980679068
3.09146449388813
3.04332090343487
3.22963277787902
3.52212701009343
3.55442963122157
3.31305414315974
3.17783621932232
3.38106908678127
3.43314264315241
3.08369198319888
3.52349428292971
3.15077975581372
3.01704179931899
3.42479127856124
3.32646726332606
3.07094997521328
3.1708025166297
3.57320535487669
2.79165548319287
3.48118380355106
2.88630267366842
3.17699731332559
3.4426798173867
3.34543429685924
3.22307504560384
3.0946333435344
3.31891858990896
3.17620895391605
3.20253351702076
2.98667303964137
3.66743226464418
2.06675482424626
2.78752300761333
2.85729711033727
