6.61679236319181
4.47181641121367
6.11661206398757
5.13662662795912
5.00019831814416
5.42023855912809
5.20213476176407
5.14173922914744
5.20407113527412
5.15215554634618
5.10515126390321
5.11202153872121
5.11398710307535
5.11054091700526
5.13241009877929
5.05374229785108
5.06689121451444
5.0369641216236
5.05165194683093
5.05007477422888
4.97030163477776
5.07928017385303
5.06249366973913
4.9601399174993
5.0276860627374
5.01086432409664
4.99397606239307
4.96158280585638
5.00324944478565
4.98512614386948
4.98621781129248
4.88969163088866
4.91017923063775
4.94214647935965
4.91478999577703
4.89453719370389
4.88903336726732
4.90978776463315
4.88270117480229
4.93694354455312
4.96256680185198
4.95453088766507
4.85885919278665
4.86606291779444
4.89607629486472
4.84274096039288
4.86576491450927
4.85394936421063
4.97395295759589
4.85879014017788
4.85935163211281
4.91138943360108
4.83093591479371
4.93715475783354
4.87467339007744
4.92193173128142
4.85723053793509
4.88813063252898
4.86291535903028
4.83825969468333
4.77232077655906
4.83812231704946
4.81905861329696
4.85792205324083
4.79292139243705
4.8898573177258
4.78078887745096
4.81628423071249
4.85691653842379
4.91561570263959
4.85765601132477
4.81814296946453
4.88906695401781
4.87741375524314
4.86113488116658
4.84916852681408
4.8219108718884
4.84866535950675
4.91961450264158
4.84766376445116
4.87091739699943
4.9275476829017
4.91989372768601
4.87383303715243
4.70855256556673
4.8824730787033
4.84630457266372
4.79005673982464
4.82792754225078
4.84434195138686
4.78736063514651
4.84438837176107
4.78645006353253
4.83953672527055
4.82449619830831
4.82297500465929
4.8151049608698
4.84718117008776
4.74011040514071
4.86986144583966
4.91046068000896
4.84296843526005
4.75429325871866
4.77466044574781
4.79570901040601
4.83066752887672
4.82114243174137
4.91778759487386
4.80778009994928
4.90428427248956
4.82078261856311
4.78029399038354
4.80584107512991
4.82870463708112
4.83670365254916
4.7795404058654
4.93660430361759
4.9099616730236
4.90488580687576
4.97568985274777
5.1022472484687
4.95648049269119
4.84389242248528
4.80340586520828
4.80394579112594
4.74308872610382
4.62183008033359
4.66491856264619
4.59625410898791
4.49124470649339
4.52892568699517
4.76044997716333
4.68978653561351
4.83503761138492
4.79271554475431
4.76406351773893
4.6543848094097
4.64848911425525
4.74107816961636
4.87559581402901
5.04484911230005
4.63253342690196
4.94520073035935
4.79006741109754
4.6739730255624
4.75036454406719
4.84362804860228
4.80119242451072
4.7122664550006
4.90734444277169
4.79911596425847
4.60169269528135
4.70710709744495
4.90482372136922
4.56161214828986
4.74599049106748
4.82745342628514
4.8321118905431
4.74985974282755
4.77121637376611
4.9244957062432
4.9357300433321
4.80049135552836
4.46897543184555
4.85997092531749
4.84003976368507
4.73021287073842
4.81500930022842
4.90507554415977
4.74877317024801
4.8544010356926
4.81416252436812
4.85774610098896
4.99093582425406
4.70236376691753
4.94017411589552
4.85858264194156
4.73986371441507
4.71376532765025
4.84501607976554
4.78544040987437
4.65906438390218
4.80600894197166
4.85529977734932
4.76663852740393
4.78832420475761
4.81967862193271
4.91733723098122
4.97632794759528
4.63068786894072
4.70251362291076
4.85443663953335
4.7284848411829
4.76477432112771
4.71015586946393
4.6124936308266
4.92047934105016
4.57529743933375
4.8147146926794
4.9784943389841
5.00812391562377
4.85835690376503
4.85639254890538
4.71400370219722
4.84190179085526
4.74754967077634
4.7058473033916
4.92765024692337
4.78256202640274
4.61417532197516
5.08053729231654
4.61254998603273
4.69220155852018
5.13184596527703
4.58401117204511
4.95478766931588
5.09493188524104
4.99380543795781
4.58429756884596
4.78078643306412
4.83539732643568
5.03294783284858
4.84753402101564
5.02297884508305
4.54469362749792
4.89435787814777
4.95169159367937
4.37135470749899
4.79882021810823
4.81670632612622
4.52127173543854
4.85351944317298
4.76944170138869
4.75347164254795
4.96594883679303
4.78937841587936
4.90467926133425
4.74150934314532
4.6774795136241
5.12526547979235
4.92759125616828
4.54296892547733
4.74785824866022
4.825213710052
4.90154601382532
4.94554590448569
4.84995344085355
4.6374764469085
5.05507951971229
5.03801519972298
4.5654992686417
4.6168268411343
4.72259487708367
4.74701241712435
4.92859444015515
4.46667793623679
4.94966943372138
4.50196679849832
4.75566829088308
4.6542765755695
4.68437424517041
4.94608895142475
5.12064921246163
4.66776767001204
5.23993461529684
4.97655057649408
4.92414063043275
5.31826835714727
5.0844770472005
5.1333899821925
4.64249970387276
4.8800732081622
4.35139454794277
5.39648248120648
5.49498642025453
4.91112106353646
4.85247875568637
5.12670338464446
4.78816494054266
6.36757350716499
5.68707896169391
6.44157312367014
3.65728047007827
4.36861855767505
4.91781007240349
5.13306542158905
5.38115149305793
2.10475766633272
9.94720320924604
