4.03640762734254
3.80818078020349
3.56502816443007
3.61261039373409
3.54478676942517
3.52216455423644
3.55021271770056
3.52358376011507
3.49970993356882
3.52444703831773
3.5229531178091
3.4985763461807
3.50069431803823
3.48853076886735
3.49880637223184
3.50114933648593
3.48421109532875
3.46279761794067
3.47017565918034
3.47233123078248
3.45583687228041
3.44282062602372
3.4578276821938
3.45476837389508
3.43278081313031
3.44011482312816
3.43598400975566
3.42967778269563
3.4399953107006
3.43661138525787
3.41966660176672
3.40621324332732
3.40563921779042
3.3972015371781
3.40933370589325
3.39891669719073
3.38729230472658
3.37628993854265
3.40034994424116
3.38963266530387
3.39443800738919
3.39787731807502
3.39872052436726
3.39314121997847
3.38377293773444
3.38910430092852
3.37430655659244
3.37032766540777
3.36871233813283
3.37044510356142
3.35480062634249
3.37070758889583
3.37909356113779
3.35382145408884
3.38179388810689
3.38229118818822
3.39214114337158
3.36783919146677
3.39352725141425
3.38014857966078
3.36344938038482
3.3891772539693
3.37946069275437
3.38604111202894
3.37225275234376
3.36855862990256
3.36421305876678
3.36179285481327
3.34855682094695
3.36544490563719
3.37542910191729
3.36580609536813
3.36398910922437
3.36556742496215
3.36769298791128
3.37574954899944
3.38824263428646
3.35545243828559
3.37595962872788
3.39641769445374
3.36632313869383
3.37292769949985
3.40162469622641
3.42135209895357
3.39070078942321
3.36910214238666
3.37590182181308
3.36465778848805
3.35559457095215
3.39252627316501
3.3877993254766
3.37222192408257
3.39483940177315
3.38285687462606
3.38146405912911
3.38827380876982
3.39862946649422
3.37226857257101
3.35840377681721
3.34448587769987
3.36943511532964
3.36193146108593
3.38691735324772
3.36316103548352
3.36165606649196
3.35353562378933
3.38745424416767
3.39238936976207
3.38724752415397
3.37023553087105
3.3869212312862
3.36984967598661
3.36746949321234
3.34916505566935
3.40965209204489
3.39508769166096
3.3964193752676
3.38405301532925
3.43614578805293
3.39431344011262
3.3689253013201
3.40016447835904
3.37037002407097
3.39523018970365
3.42349509538633
3.40296809755225
3.38009930085581
3.36988823731125
3.37106985951739
3.37750376569472
3.37316357273019
3.34672081593498
3.36103023556455
3.37142834438928
3.35155945052157
3.33171805833297
3.38437142344575
3.36539197271407
3.30581167296255
3.34051248819352
3.4492552910556
3.41909252755175
3.41036629770528
3.44191676626731
3.41652722190046
3.38854429695431
3.44664931189507
3.35219980293585
3.30569340911829
3.36571877022025
3.38046768459365
3.32368471781259
3.3818950045156
3.32970065723062
3.39589050966879
3.29121510026296
3.27885628503706
3.34883043978074
3.42094310418679
3.35651062831725
3.36684449171835
3.36254090159969
3.36695707948773
3.33417622615758
3.37327579802156
3.36311256778197
3.29904498617925
3.31101320885565
3.3194676108247
3.35616845113455
3.29065080452945
3.33025275515877
3.38856302668
3.37255507848561
3.40273242809896
3.38050710392845
3.39237346962371
3.43611852849584
3.41589343876159
3.33967429552782
3.3296709510676
3.34805813653463
3.31762536440863
3.34798807408948
3.33746720202024
3.37265267449003
3.30643562879808
3.43959815603692
3.40191816218485
3.472838150383
3.35622873049336
3.42848517231402
3.34540614526732
3.30134367690506
3.34331252095249
3.38374790566888
3.29226169435342
3.25358280795857
3.34910444123871
3.3309537709895
3.35045036879679
3.40936988419384
3.40627634831149
3.35758925349222
3.41204812572747
3.41696287953767
3.43846538141282
3.35459439080697
3.44680626671631
3.38839051544329
3.32875413015565
3.38346701886895
3.26428289770496
3.36371479178036
3.43873787017635
3.361285921192
3.39068476337656
3.37487054150612
3.37723848892679
3.33154362767127
3.36268110662106
3.40263758264782
3.40037425172604
3.42269626701627
3.46006429485903
3.29313367599158
3.36937347543483
3.46007093471962
3.30741334040478
3.38563485633475
3.36894514871352
3.30281054265501
3.28108470396051
3.41088563129558
3.36231125117726
3.30890602272894
3.3341347966491
3.35424082846763
3.3404452380414
3.33513127365279
3.38988368032928
3.2879652308723
3.32534099790466
3.26886872464273
3.34222536374232
3.36760478921673
3.39903702392841
3.29961207516095
3.32821177665426
3.46039706187131
3.53755098492954
3.45382909552403
3.44032622569716
3.38647145266215
3.37831798601331
3.4366317172412
3.38189452209673
3.31719353521316
3.32659857683514
3.23399064078409
3.29761356544592
3.50710763138227
3.42639135844591
3.31592128593816
3.34334844126232
3.46983034089234
3.50664682736411
3.42470529143823
3.35715137459642
3.37094741448068
3.38766294949604
3.33570863822726
3.35519802032892
3.33996688455547
3.38868868262215
3.41595052059685
3.48180409741901
3.20653420504384
3.15631086960207
3.31318571439171
3.33448027024232
2.89420631692758
