6.6228109453821
4.46932057422757
6.11063412915419
5.13479859200064
4.98779589111271
5.41401996969228
5.19775976660126
5.14087782991046
5.20664290815968
5.17193214082929
5.10056529964573
5.13278305724286
5.09446848512844
5.1171239686238
5.13591920702343
5.04986982060621
5.04561447557884
5.02798837768146
5.04377240587791
5.07628615939925
4.96798782968484
5.07158841527498
5.0691807474214
4.95672467153864
5.02777118017644
5.01825264772408
4.97593628748538
4.96678182672972
5.00528965981748
4.99894505916013
4.99045740900384
4.89550131685132
4.91078497479299
4.95747995711507
4.89600936712133
4.8769926491387
4.88676221573693
4.91889217228007
4.89505555094354
4.9555734902604
4.96350331723762
4.95422408252941
4.85116738791733
4.87924574868675
4.88761809775971
4.84380025525106
4.84761445947603
4.84140984085845
4.94798731483805
4.85917543551201
4.8730121962857
4.91014810242286
4.84706980558699
4.93244970883053
4.87891190278233
4.93882448718638
4.86830578129832
4.87984810874457
4.86063900609065
4.82687548657084
4.78105358474522
4.80014932902819
4.79996826416615
4.86021247444267
4.7999664152499
4.89539767129858
4.78801586932767
4.80269315445913
4.85119370556128
4.89875600479325
4.85168607050489
4.79806901556664
4.8791179188689
4.89463744900507
4.8465415764973
4.84893896486696
4.82393721011453
4.84009754719252
4.92716604104818
4.86163555891045
4.86913784364175
4.9540222215654
4.94284202695108
4.85207858241467
4.74126856751519
4.87876770164873
4.84209904723938
4.80278730163716
4.85841151858714
4.83191401847036
4.79231582780212
4.8333640997837
4.79632381971448
4.83276233742481
4.8260526488117
4.80690847179474
4.82785801308768
4.82882255681074
4.70445290074358
4.87470930290802
4.90903546625149
4.87364005547028
4.76631316248822
4.78332566220382
4.8108215983018
4.81440045630573
4.83408164205537
4.91573122161079
4.79656494232941
4.92210584226354
4.81429442477532
4.79193023104265
4.80560980006073
4.82170368967201
4.85896724932819
4.75960887812633
4.94116436194068
4.90953501327733
4.93935141364011
4.93416724606137
5.13778718372629
4.92832704462065
4.84022169817537
4.84482101972477
4.82691997527407
4.73974307174426
4.62837912949882
4.67272710089843
4.60851534682124
4.52588438079372
4.56987005278503
4.74388725233904
4.65799614068242
4.87198504104397
4.80458632025916
4.7153621253756
4.69886864741459
4.61379752049451
4.76186959909853
4.85729028785246
5.00468847797064
4.64481681759458
4.9544379611956
4.77543307803314
4.6224081796887
4.81594264262941
4.82003460667542
4.82145637261799
4.70135727137267
4.98373751558147
4.78014496258908
4.573854981339
4.73592410996764
4.95179249818763
4.51998524933857
4.77924405433462
4.84508634660618
4.81161833060543
4.80610984228613
4.70888023292359
4.85942721664101
4.9700253464632
4.84009456625973
4.52131568633887
4.91819982021781
4.86447633433143
4.74004202424291
4.78715325839779
4.87650950380304
4.78560521425674
4.85799653103489
4.84833426059043
4.86405839596833
5.04294206540448
4.74224002842172
4.89077087166679
4.92194171647701
4.71072358180958
4.69810579906356
4.84117084711682
4.74629177906749
4.63792649326313
4.79935782523262
4.72794147724605
4.79288792667446
4.72403408248605
4.8645221226601
4.92938226937931
4.99892647577308
4.59469272734571
4.72602323819875
4.83811593171589
4.68070806152916
4.74404975175123
4.78547403904744
4.57799691136267
4.93391179295511
4.61971839153212
4.90227634219018
5.01786319229884
5.08379325130953
4.93399472955234
4.84523479825095
4.79543840791522
4.88410660655193
4.79505013280866
4.68011490286094
4.78057264166321
4.79899134799692
4.50653165545601
5.07272293199711
4.62456563327446
4.76143064260152
5.11722323448471
4.64844386526103
4.91925102657791
5.0091825890067
4.96414742506787
4.64998191525382
4.7811632844359
4.82161207444693
5.052691182716
4.7658542137509
5.03678045242818
4.49676990538196
4.90602005716122
5.04314089513904
4.26332502524767
4.8260225953679
4.82232819743864
4.48722679715138
4.95047678422276
4.76032987369945
4.76715525269245
4.97706349741056
4.76491717806081
4.98740749361724
4.68453045137522
4.73875374397332
4.963983243194
4.86204553828344
4.53134547571643
4.91829276594961
4.75088697744447
4.93085095410557
4.98960415105666
4.91226043923954
4.64147675103669
5.06709618475141
5.09325038747726
4.63533730571918
4.6891415282174
4.83408393599813
4.59692474300196
5.01460986620116
4.56966212589131
4.91142233639956
4.59708602023342
4.75477019277908
4.4907612039962
4.8062847629805
5.00142579830121
5.15990880396705
4.64116454900364
5.10858416981036
5.02695476137764
4.89986935638072
5.29154505687439
5.06676345019477
5.20479812949771
4.63192764734114
4.97208375689553
4.31466333377313
5.25516191779771
5.49696917400526
4.96604260882451
4.90947998023883
5.08514300712628
4.71320985043751
6.79301088672101
6.04479027017282
6.44157312367014
3.65728047007827
4.36861855767505
4.91781007240349
5.13306542158905
5.38115149305793
2.10475766633272
9.94720320924604
