4.75679057483501
2.79940952787037
4.78803928043297
3.6404824535819
3.47936214976239
3.46760314510261
3.27162622092285
3.2645255559136
3.2283531439085
3.21222898406164
3.27189378554089
3.30408583365285
3.30639775961532
3.3019455385266
3.31996136080011
3.29632075023945
3.30801625086021
3.28126417400988
3.3328665994991
3.32909721473021
3.29870954300807
3.32730027591675
3.3225313666457
3.2795127650544
3.29161076345809
3.30212243767243
3.31247113009313
3.29201457238732
3.33519088052657
3.31570269740706
3.30273633873311
3.27768356450076
3.28349878370981
3.31135746680463
3.2906128085122
3.31507987103935
3.29802616935752
3.32558218711749
3.29701364031286
3.28846800083909
3.28263264759482
3.30806215493369
3.27305764539978
3.28715608522163
3.29064317555454
3.28102564815426
3.27446234988103
3.32823813260879
3.30809333666682
3.28684295685399
3.29764806999579
3.26514551628643
3.29329022966114
3.26572470494926
3.27873853220789
3.29472061539532
3.27967095556827
3.3147764101206
3.24413310872381
3.27709266280576
3.30260074959771
3.29953488688678
3.29862107270237
3.31371944343022
3.27098321517279
3.29968165481397
3.26362211802241
3.27990440427698
3.25806749631878
3.28086709303038
3.29066378833048
3.27431054551311
3.28777696858699
3.28386928477328
3.30354387844167
3.26830798107106
3.31034408828616
3.32572476892284
3.30163536987294
3.29011603029618
3.27369845171373
3.2739679913511
3.23669992463409
3.26313905320234
3.2676561873992
3.31489763661478
3.27399796325905
3.28820302886357
3.31083097921556
3.28087571867844
3.29206449674299
3.27099739829936
3.26673211247124
3.28488434225516
3.25052047917126
3.30331945889232
3.27950183948256
3.26318397139399
3.29805980883754
3.24082223802648
3.27730655287299
3.26941591061653
3.26059822542361
3.26474498530489
3.24209607752972
3.27840167550978
3.25360812763369
3.23990487086864
3.22500502293287
3.24880793717395
3.22141078027108
3.24223455572727
3.25027776718161
3.2235440000211
3.21838454726309
3.25098158750098
3.24698941707011
3.19905146181099
3.19338543968008
3.20643317360391
3.10114595698166
3.08333655288915
2.98371136436916
2.98340658761257
2.92695165798197
2.85268239534147
2.87145388957144
2.93741360715148
2.94776655617891
2.96112461322852
3.0683584392747
3.1824143047318
3.27983114406937
3.22233745698464
3.28356709852042
3.35678742120483
3.26332613744924
3.33745312141368
3.23227437819401
3.27791857312018
3.32712890096245
3.29498554988517
3.31158640392958
3.33682877291946
3.21653129611735
3.40110984177634
3.30255301717189
3.30883990109511
3.23827064595834
3.26189686586273
3.27336571249106
3.22484825178773
3.27782578129314
3.19862759316889
3.25333181205203
3.33442615766276
3.40671045754607
3.2758150793383
3.29629346377497
3.3225725988456
3.24819119597665
3.35899262342997
3.28570311487804
3.31327966805622
3.28305600294231
3.19384801545758
3.36862336407345
3.24370815469835
3.26889291519965
3.22796574743939
3.32748507892054
3.19333409414565
3.31301215471338
3.34515026644291
3.20432183971634
3.27309021793585
3.31249585359065
3.2591328824572
3.24621353726877
3.30783345615381
3.289794881878
3.29427331829447
3.2846505659675
3.32304637578225
3.29497704479979
3.26007427786583
3.35113469187595
3.32956981027833
3.27011433063801
3.26276123989227
3.26021875798709
3.3728999757457
3.39630786553129
3.2416873338411
3.24639576941292
3.17517234025265
3.28274275078352
3.25170082351493
3.28098459598737
3.18569617092224
3.33673477159461
3.16949202871982
3.28012474940534
3.32685680686623
3.33961155296036
3.14389240069462
3.28586938435498
3.34062594934555
3.32315099875597
3.32291519332667
3.3231604630226
3.29527233396677
3.24992186369348
3.30788504450962
3.25249746780196
3.2425351349674
3.32973417435702
3.16597156364352
3.16472230975051
3.37380056380681
3.28529636453339
3.29999025492909
3.23912883731289
3.28222655558578
3.35430227748928
3.3544776382496
3.31179889588701
3.13958185758691
3.16037693798768
3.26380593618849
3.37691655593132
3.31090480068309
3.12482780584232
3.26500322570962
3.2835081404656
3.28092187545216
3.13687557185247
3.02349118063427
3.46509105804003
3.23943025345849
3.21082699650969
3.2987494461509
3.23453139057537
3.27148812300839
3.28510602591298
3.29662349931628
3.23354084919353
3.27961696325265
3.15890686721301
3.34488937211587
3.37350911336872
3.4216164184104
3.26914823497143
3.3094254244304
3.23937827614717
3.240413107798
3.32052395304484
3.11651786524196
3.36013211594847
3.21247141139507
3.2327428104816
3.40291181310285
3.17140831226993
3.25115756581363
3.50490664265637
3.53026567794093
3.21527329101523
3.33056057931717
3.1484259697292
3.17747979759583
3.20586672803073
3.340610118051
3.17918622675229
3.12547858538415
3.41144725941402
3.32465738252686
3.12740493142829
2.94790939248244
3.39497876749884
2.71958610644401
2.99846458542154
3.18851370887309
3.35429546959712
4.13758221751672
3.18858123757661
