6.612036028899
4.49405073173399
6.12153274847415
5.16845456418157
5.01074629964157
5.40430479241316
5.17859611765289
5.13005098409762
5.19424217247487
5.10627619239742
5.10156443000235
5.13650626602691
5.10638487708734
5.1121278799788
5.11922887121198
5.05065011911442
5.07068001710592
5.02718464864234
5.02118335289392
5.03952454381868
4.98144748386487
5.06680399000353
5.07916877672865
4.96209729315843
5.01132364378304
4.99180151416604
4.99786714349804
4.9683042730349
4.98186146430636
4.98465021332676
5.00344466190007
4.90790916663501
4.9364164725904
4.94208063423245
4.92973054259525
4.8785307176619
4.88160919077468
4.87611120004905
4.89775530740103
4.93557314687192
4.95210171398269
4.94400993867765
4.8796360355648
4.88079605518987
4.90798869059468
4.84888508341541
4.87489476412362
4.87013262476345
4.95040572637028
4.86010473934557
4.86420470413229
4.92142012042085
4.84892705236116
4.94627342512167
4.85245998553673
4.91112935717269
4.86059737258428
4.89416224553466
4.87584699552826
4.8375484262947
4.7625018518599
4.86583601444974
4.84628984005128
4.83381810622172
4.80297938178635
4.87501598002359
4.77152655747636
4.81138945103577
4.84032606243053
4.91303373163688
4.85528722191289
4.8500475208838
4.85703018928823
4.86352957733794
4.85218670872434
4.83456455741326
4.82671669061105
4.84251884214068
4.9216371939299
4.82959076770751
4.90564128379701
4.89996317035186
4.90104115186323
4.85660354387936
4.75255350679226
4.85869674614278
4.81677201392059
4.80904663871373
4.80965050105129
4.83449898997254
4.77813564436852
4.856763360565
4.79720820578029
4.82519024169225
4.82867478927567
4.83759100535726
4.77775802312846
4.82740857601183
4.75378873727291
4.87002184711994
4.93013603586372
4.84297136311223
4.77561827290333
4.78946766982184
4.78277836471678
4.81737274891726
4.85109438040563
4.89808264522196
4.79330547865044
4.86733148507608
4.80278034914911
4.7691970278413
4.80056707383671
4.83102327089333
4.82853715741159
4.7981244998441
4.918330319838
4.87704419402501
4.90936568566307
4.98901615626707
5.04865291487516
4.94084491573095
4.82197634771157
4.87348928491487
4.84820807467224
4.75485447229556
4.58595505869467
4.72926794097906
4.598613924556
4.53349737690114
4.53836409297816
4.67943551554329
4.67959865839864
4.83326020878992
4.77350433201544
4.7687989830826
4.70542881313849
4.66890555318434
4.76843243708128
4.88124630665978
4.98876267921654
4.61873849342104
4.954803522224
4.75940977193405
4.71648134093748
4.71111086907552
4.85149092168405
4.77032692036263
4.68146645676913
4.88051695836804
4.78951205513906
4.65525863598331
4.79836844033986
4.85888961651811
4.62767752649346
4.75100031405159
4.8478975448255
4.79058400327471
4.81783575716627
4.78722874775152
4.92012489814116
4.93941292344038
4.82665582184079
4.63927444165399
4.82884872243407
4.88446216978416
4.71649126634731
4.81548411945308
4.870687957276
4.69961055371986
4.91174623405659
4.7915866988272
4.87647230055265
4.91135058035597
4.66180163515692
4.99391053776818
4.85638217535832
4.72098244720426
4.72336391746373
4.88685496997968
4.7952861532605
4.71633124153863
4.86943012328288
4.85202417363552
4.88150844360711
4.73031280017476
4.7979045368946
4.92905235223787
4.93049220032257
4.60314331563407
4.74884825366098
4.73744208298269
4.74503554952948
4.71083269324199
4.73828561824815
4.71929310420334
4.8336183414607
4.62478144618883
4.89360751622895
4.92005375023838
4.91656512422802
4.75802233713888
4.86393987430423
4.77748415963012
4.86182943870665
4.7466865976618
4.80270638525871
4.95426955795527
4.81488009445731
4.59464871842974
4.93875221227279
4.64314231118866
4.65419479084303
5.1448070581878
4.57673054633637
4.86458548619487
5.0192024910572
4.88792068713551
4.65389232382197
4.67881289887704
4.7900469519321
5.02521028205909
4.69722087562754
5.03457612994306
4.58513795458465
4.95901879213696
4.9083531306116
4.36776969559086
4.71480717991574
4.81780927605191
4.56504180190437
5.00614833575548
4.70472159474254
4.8328322885546
5.01579991534964
4.89370701752107
4.9303914195155
4.78993340191364
4.57074476732277
5.12628710097055
4.86432488959793
4.51663816682223
4.68030016921198
4.81782156223718
4.9926824902236
4.9890756214722
5.04342861278694
4.68444082446214
4.95669654180235
4.89348030958597
4.6310789498675
4.65347487030357
4.7289369111586
4.78199808966621
4.99243886785173
4.47859596548799
4.92234150733444
4.56461490192803
4.84513329437422
4.61608922445154
4.68147675397307
4.91277165036389
5.10578241929629
4.79351111554918
5.1522821789718
4.97071501459746
5.02836837704201
5.19803361566148
5.14290285504353
5.11932020052506
4.77201290494891
4.95844716301672
4.28031668556828
5.44729395391477
5.47462463533224
4.97136348928702
4.77608248797218
5.04944945749366
4.91598786375621
5.97779541792348
6.01136450881173
6.77797898953993
4.07878289920274
4.36861855767505
4.91781007240349
5.13306542158905
5.38115149305793
2.10475766633272
9.94720320924604
