-0.000166666666666667
0.999833333333333
1.9975
2.959
3.81980330055009
4.47137372725755
4.94954743546765
5.30440655073443
5.51129991503823
5.61369863013699
5.70952628839146
5.70150824272185
5.63779388368393
5.61431376048545
5.61600865332612
5.64932702801019
5.6509017298491
5.67219839641991
5.686230248307
5.67320137038447
5.64656003083446
5.72654573824849
5.70825941257638
5.70135566188198
5.66975432944019
5.71242627618467
5.75251591702608
5.6851046198467
5.74538590604027
5.72723413288049
5.74774581365393
5.7077724706904
5.71309497696863
5.7452934662237
5.73000224064531
5.77506775067751
5.69735642661805
5.72957422324511
5.75191994414708
5.7725878744987
5.74708263872351
5.76283441793203
5.75877192982456
5.78371690175699
5.7855536115971
5.84444444444444
5.78633350331464
5.83809523809524
5.79994797086368
5.78466386554622
5.77125398512221
5.76199410345752
5.78291430116248
5.78247816593886
5.82138919514884
5.82169680111266
5.82016806722689
5.83007646559048
5.7774921451014
5.8186006334581
5.84561810795125
5.82273659537064
5.79804849201656
5.81292820971105
5.81135476118955
5.79751439830252
5.77652094160807
5.78192473781616
5.75707620528771
5.80357703169125
5.80208993033566
5.77760051052967
5.74469453376206
5.76003886010363
5.82598759386223
5.83404675666776
5.87271518777002
5.86433848220282
5.84198033231604
5.8421052631579
5.83246798200069
5.83501918381584
5.84931506849315
5.87119603680113
5.86446104589114
5.86309737693137
5.83303151032235
5.78110178766873
5.81868537666174
5.77934621099554
5.8053263315829
5.79810606060606
5.81001529051988
5.81996915959907
5.87723387723388
5.85211267605634
5.8083596214511
5.78639618138425
5.8448275862069
5.75030352084176
5.79166666666667
5.78153338829349
5.83215326947105
5.76557239057239
5.73367260390161
5.87129987129987
5.82970383275261
5.82332155477032
5.80803571428571
5.82398190045249
5.76594768242313
5.77389277389277
5.81170363378952
5.80535628885701
5.80388349514563
5.78761061946903
5.76777722526106
5.70814365199798
5.6962156557802
5.73083024854574
5.63083604777416
5.57029926595144
5.4757048590282
5.43766404199475
5.43971119133574
5.25961538461539
5.26019945602901
5.36114044350581
5.34647550776583
5.32345013477089
5.51515151515152
5.67880794701987
5.85514834205934
5.83836589698046
5.88709677419355
5.9132007233273
5.88786764705882
5.87337057728119
5.63088512241055
5.78071833648393
5.73231357552581
5.62692307692308
5.68039215686275
5.6699604743083
5.664
5.8366935483871
5.70182555780933
5.78893442622951
5.71933471933472
5.70168067226891
5.76857749469214
5.75
5.76839826839827
5.73741794310722
5.98241758241758
5.88418708240535
5.89342403628118
5.84772727272727
5.71853546910755
5.74647887323944
5.80285035629454
5.83614457831325
5.64077669902913
5.7671568627451
5.70719602977668
5.64339152119701
5.7468671679198
5.66751269035533
5.74871794871795
5.78701298701299
5.85117493472585
5.74142480211082
5.81117021276596
5.91666666666667
5.77868852459016
5.92817679558011
5.85474860335195
5.90704225352113
5.84571428571429
5.86127167630058
5.90988372093023
5.85923753665689
5.81008902077151
5.77245508982036
5.8109756097561
5.77230769230769
5.7283950617284
5.65625
5.68454258675079
5.80511182108626
5.6461038961039
5.66339869281046
5.81518151815182
5.72147651006711
5.87118644067797
5.7551724137931
5.73611111111111
5.64335664335664
5.7208480565371
5.64768683274021
5.97841726618705
5.86909090909091
5.91575091575092
5.93962264150943
5.85171102661597
5.69731800766283
5.77165354330709
5.6600790513834
5.74501992031873
5.62753036437247
5.64489795918367
5.80658436213992
5.67901234567901
5.71369294605809
5.71966527196653
5.72765957446808
5.90128755364807
5.80786026200873
5.76888888888889
5.93665158371041
5.73732718894009
5.73148148148148
5.69158878504673
5.87142857142857
5.84134615384615
5.75728155339806
5.64532019704434
5.63819095477387
5.60406091370558
5.70769230769231
5.99465240641711
5.75135135135135
5.43478260869565
5.65
5.58045977011494
5.57894736842105
5.5952380952381
5.68484848484848
5.7239263803681
5.69135802469136
5.74213836477987
5.5796178343949
5.41290322580645
5.67763157894737
5.76158940397351
5.68
5.6510067114094
5.72789115646258
5.57638888888889
5.61538461538461
5.6830985915493
5.68613138686131
5.55882352941176
5.57575757575758
5.515625
5.41129032258065
5.60162601626016
5.5655737704918
5.625
5.70175438596491
5.77678571428571
5.80373831775701
5.67307692307692
5.94
5.86170212765957
5.76666666666667
5.33333333333333
5.36781609195402
5.55421686746988
5.3375
5.5974025974026
5.76056338028169
5.43076923076923
5.30508474576271
5.52830188679245
5.33333333333333
5.38095238095238
5.32352941176471
4.96551724137931
4.8
4.54545454545455
4.57142857142857
3
3
3
