4.03382968903769
3.81906918456619
3.57121128664898
3.62634244331867
3.55573779279644
3.52733474410191
3.55060819686319
3.52648178454395
3.51422632201887
3.53901779029119
3.52099430936028
3.50658488030302
3.50588478114707
3.49971065320071
3.49383006927807
3.50007385324535
3.48433677670063
3.47077274873218
3.48077799680609
3.47227300267742
3.45437541755074
3.44891781375636
3.4609915669697
3.44939856916068
3.4392846046388
3.4459621538345
3.44023568111555
3.43729008835247
3.42911669529953
3.43257882798358
3.41555218057915
3.41617016960321
3.39628288705777
3.39512414359602
3.40850212702047
3.39152185497346
3.38231518288062
3.3732672737236
3.39004827342137
3.38030771897238
3.39715963551552
3.39326519045211
3.39150652700302
3.39213312361218
3.38156173361461
3.37690505906087
3.36661714216068
3.37010006332651
3.37419801975938
3.38700129049056
3.36847127217639
3.37236734577075
3.37501167775375
3.37258185399936
3.36445461162965
3.36201638894753
3.39228834583514
3.3915711928209
3.38054145689551
3.3849801340446
3.3759400753437
3.37736575907421
3.37900328151148
3.37448582573317
3.37905296180277
3.3695645317176
3.361061754997
3.35943163465168
3.3487533471818
3.36245987421262
3.36581278149634
3.36947004355294
3.36193231021705
3.36676962634765
3.37267246623957
3.3804001595543
3.37694059238466
3.36812929649593
3.36884592615403
3.39476776588961
3.36236304429022
3.38424492413821
3.39509010945355
3.4124221801038
3.37509721737318
3.36046261905305
3.38661752100225
3.36941022681694
3.35874271895158
3.37851946408167
3.38333056978907
3.36324412924972
3.37357509732134
3.3645050456221
3.36678188373139
3.38853775247195
3.37772188179923
3.37961469409752
3.36378277879683
3.3423427154073
3.37621072556642
3.38195569438861
3.3882557696217
3.36256425488056
3.36690792912279
3.3618493585561
3.37091963320169
3.37740734660697
3.38605186240948
3.38296545616503
3.38516655597675
3.3590223148093
3.37553356935767
3.35533747459447
3.39043615285965
3.37778896286049
3.3721164163263
3.37442098467315
3.40614057864606
3.38560152517021
3.37625428067934
3.39806894513161
3.3744289650053
3.39081617406343
3.40200626160019
3.40244087193168
3.36661670900618
3.35692410573413
3.36658985518808
3.38352371962349
3.37303368778586
3.37277379045361
3.36958807740894
3.3789426965173
3.38487526084965
3.37112474307437
3.38315205188625
3.35765420423982
3.30978344725
3.34579522054711
3.42693448838186
3.4115490152855
3.3714035522447
3.4119435801186
3.40178965418952
3.36453380052609
3.35804982261073
3.33848789219104
3.32888194473788
3.35855302333399
3.39813329999675
3.35753140738765
3.36282688976486
3.34668778556213
3.40335971161188
3.29041945621459
3.31207233019601
3.34484621047607
3.39452721236863
3.35324145814102
3.33543932785534
3.36220477160137
3.36161723728556
3.32698641654233
3.35117463428453
3.37118248720229
3.35109707865365
3.32779829397631
3.35690264905723
3.37616406285606
3.32692849903697
3.37352217917836
3.40987245741235
3.3905495815158
3.43047522425468
3.38814933308692
3.39798833547357
3.41292200834248
3.39360147610059
3.33077476039623
3.37058495107833
3.3452824042094
3.2923160106102
3.32279600156653
3.33888982740035
3.33612243279054
3.31837680763612
3.39210410159029
3.41539192436647
3.49042465990305
3.37191228669778
3.44119117045812
3.35975201765337
3.33187310520293
3.32088993471067
3.38374215729477
3.3286211722526
3.31513938542679
3.34053277470007
3.34826845888494
3.3780346547821
3.42986118397164
3.4339402839669
3.38312297291347
3.37270532626812
3.41059225179029
3.41364405228287
3.35344550624748
3.41874234004212
3.38791561057727
3.36755387385125
3.40275576908681
3.30513531917673
3.35909149834533
3.4237582433761
3.36778197103184
3.40217680926974
3.38530317574132
3.43021361007138
3.36724920652488
3.34049555786427
3.38686615640742
3.39171037225462
3.40931284089607
3.42654520970053
3.31261479511305
3.38809777155677
3.42103765376064
3.28167379955673
3.32823093295015
3.36097018801661
3.28356560435417
3.28870871092209
3.3454040615157
3.35321247436603
3.33345870277862
3.36756359658022
3.3926591534253
3.37419659945149
3.30906181421244
3.3361371168514
3.27795580715283
3.31174587501647
3.30079224351059
3.35712244730175
3.40961516923254
3.41980388966661
3.33652464520391
3.35778851873099
3.42458701656218
3.47782362346917
3.43033080879539
3.43051632253785
3.38743426970634
3.36109907570484
3.37250632011158
3.34920936597526
3.35102886093513
3.34858807517099
3.29997105110523
3.3104776744384
3.47691773712681
3.39946559678311
3.37633826460142
3.3417369622231
3.4426718507004
3.45604472161213
3.41544808986372
3.39839235104019
3.42797346877248
3.38262528088775
3.27851968436035
3.38334795971646
3.28048975987101
3.43190199994315
3.46260413614555
3.47466130648049
3.30000858017012
3.20951411886479
3.37584530883487
3.38331095151873
3.43012449370169
4.00629995287139
3.60169078717596
3.6751615611557
3.35275633225959
3.1099912176758
3.52651593860204
3.17501271553892
