4.11848058037008
3.72105397302515
4.02884385805432
3.78405847555706
3.80898028755575
4.18106847425927
3.81463168632154
3.77414556044553
3.91182729817618
3.68068205165844
4.03080461829593
3.9224691052061
4.11798700456268
3.70710400520084
3.73357558303
3.96521996564343
3.83942676611597
3.69678863478322
3.60211832270058
3.53841435672887
4.25077640474511
3.69366259785623
3.72188371184625
3.84430345180116
3.64067221291269
3.70590386693614
3.46361239096678
3.89886831887435
3.68892782846593
4.14133936453176
3.66132899260178
4.0448397302195
3.7142421747781
3.6186498974938
3.7160831338838
3.83934605409728
3.5276919143368
3.91508775846069
3.37564457044181
3.86468890092765
3.57523945383147
3.97148348648989
3.67286742006178
4.1962480700231
3.61965561508464
3.57742112981926
3.44089945721396
3.26511953986822
3.46704202451587
3.79054733202387
3.70293809689952
3.66732645670802
3.39260599129393
3.31051901376079
3.31399942919374
4.21487965448582
3.95193262785716
3.31539973438292
3.68343763972251
3.98810716508892
3.82106772118815
3.73898237468462
3.56623377842704
4.47886116313687
3.5095942940255
4.0948520665898
3.35932253229319
3.74366277474529
3.85604749660622
3.40496210897361
4.21462806734265
3.89881454446219
3.6981770742186
3.50587316845262
3.61967581403348
3.26381224268821
3.92504791482496
3.92829656441829
3.48688077178504
4.09737373674676
3.31807341832801
3.41165763608562
3.68250298769057
4.35715801442912
3.5171553239998
3.50098025428315
3.28975595656535
3.74109948036413
3.43501708673109
3.39703839187865
3.46139455398758
3.49130865104234
4.03361707380883
3.17880940277175
3.41796216704876
3.60359378510578
4.65723206850108
3.89513949499014
3.54087544527231
3.83540641719916
2.86656801609211
3.63782597994136
3.89810450202774
3.45580099298354
3.45482794850127
3.8522777894118
3.36794526900452
4.00073704130026
3.6082837408616
3.51778006522402
3.90568043586622
3.47518787565515
3.48252728787397
3.78883503240605
3.75422840176196
3.76568572807661
3.76035139083792
3.50244301984012
3.48282809548047
4.6692098599482
3.38093644089772
3.47369655107251
3.46988430600854
4.28671671631964
3.62616425736109
3.3320130630693
3.258478241722
3.35856604890931
4.14944511207603
3.29240871512156
3.75615131004148
3.63022368380724
3.45392498523778
3.42929723344662
3.30703719671473
4.11691468187041
3.88676311449655
3.45347005378245
3.4048832750661
3.49249432294389
4.59419106508539
4.01499286917418
3.4273367328141
3.77373388146746
3.93092758839849
3.17176170215153
3.29504279727353
3.49896748431067
3.4036359766774
3.78408926219032
4.23244541928377
3.66122490689191
4.1767034155468
3.23943301853364
3.9372713053178
3.45602021535418
3.64339036250252
3.64524894650695
4.06196138744538
3.38404206793194
3.26164156833677
3.9918994036403
3.41660196069754
3.22008595537777
3.5403636198187
3.57119932961332
3.27684176127061
3.59228764991861
3.39105446278567
3.36364118519706
3.3570368981466
3.50666307192145
3.68461143793524
3.49590076804567
3.22720582867194
3.34917463324311
3.76998041006303
3.4041663405584
3.45533871638544
3.83896276951295
3.20123587898138
3.39450347621037
3.62225368240487
3.34148611966753
3.48117364447525
3.24353403914507
3.83787984791129
3.39250297265478
3.71823455478363
3.47802334227966
3.55247846331066
3.249410623931
3.3916567936263
3.53001397505433
3.68065395127318
3.08553498275064
3.4462158729252
4.62310109886454
3.18452536494613
3.80252383374292
3.61334766382959
3.33066062778183
3.35729808465792
3.11587245638384
3.39509631210057
3.73305221596769
3.99394654047565
3.56591472921049
3.19391485734168
3.65883525446894
3.59910177102039
3.5668660910232
3.50763903115392
3.21622232625022
3.47964316157216
3.50155595479043
3.54495189228366
3.97667792390558
3.51288643145843
4.61736631336363
2.86747712386798
3.281925868544
3.34775850297593
3.61300893274667
3.3370760699649
3.52985380045367
3.55014287173569
3.38201753560963
3.37287892271683
3.62408058953447
3.47432082984563
3.48208296462809
3.33147316180685
3.60567852139321
3.53558750437028
3.61352254038785
3.85362536965011
3.54929764933865
3.49105847528926
3.72857922413263
4.02859647169857
3.24700176130249
3.21622836385346
3.35532867651771
3.79558881631156
3.43865973291521
3.97939086151082
3.48968698686219
4.00815470967404
3.4133720794588
3.99461536368232
3.32317508389017
3.46338782885077
3.92089770830812
3.84312860446947
3.72922296045157
3.47939235771565
2.98456805134606
3.3434399432295
3.44333675182853
3.1824757130088
3.4548403759746
3.07451662393353
3.3772843962499
4.28984073275761
3.81236451770751
3.4933605983076
3.47984444554966
3.41226451632739
3.24767076278039
3.42874534460216
3.04517134031231
3.86924630846666
3.42693965527074
3.60328239348123
3.53535301335979
3.36767194764842
4.1037903452516
3.57697173530317
4.20800634985011
3.43003705079763
3.08440296349394
3.31194415899963
3.32295555932999
3.25240461065134
3.46288724159213
3.60665376078194
3.48129385589094
3.32244804224691
3.29752395890205
3.3688006946784
3.31931831586626
3.56254238469504
3.2480840640096
3.40308787884
3.31865183191164
3.73347759271047
3.57121713373894
3.47981503448986
3.07357918938718
4.08011040976021
3.57835179090872
3.77466708881386
3.16894179930357
3.80979074627862
3.44907134783877
3.40541454486744
3.45410307152565
3.4139262053627
3.49148429145348
2.98969920864561
3.34045374797611
3.36701823373113
3.28262931165469
3.61417988958839
3.70340384913028
3.73305794714964
3.48285247540029
3.77214325263807
3.13643878575288
4.5007432641665
3.70620758020359
3.48891321962372
3.70022621533625
3.25281494167833
3.31830308122158
3.52493874623347
3.30582906354208
3.24955508636792
3.44451171677646
3.29918218019539
3.25424708617406
3.96342917877491
3.57997250979244
3.00581785979632
4.15773790879201
3.55288620921709
3.22905987556746
3.51210599444155
3.38989546058016
3.50398316055997
3.04348662237499
3.40956988312917
3.21903938056693
3.41803370870168
4.16231697181674
3.66392337995572
3.0649933179207
3.84335438299894
3.70061490580465
2.88739472711788
3.44378145909645
3.56373412076424
3.37286973651584
3.24869322037728
3.97118045003822
3.30041863077079
3.43236905672894
3.83310671932876
3.63448969448136
3.50386819887048
3.73106404514898
3.06847214760062
3.21331661593142
3.73160275591247
3.65754451581424
3.46394973348893
3.91105460786476
3.74724064196097
3.30874998428905
3.40765423762506
3.28589089253073
2.88271159565961
3.57545811146969
3.52204311676497
3.12104890880343
3.39269150557593
3.1809271283291
3.30549786521902
3.50166265789527
3.32888418869404
3.24601172374184
3.56077611273936
3.64610060684314
3.41732463478604
3.83649798941693
3.47805122453464
3.65633534110754
3.57577478269141
3.41385669852752
3.75457163756102
3.18673329544687
3.52085032980075
3.32330114208245
3.92755973264836
3.20927980590499
3.87630558983159
3.19943049615388
3.28265777139616
3.2783292937124
3.43432521014591
3.54509078492975
3.2159848930985
3.40632669174585
4.17377558229084
3.70367039711408
3.27517033686714
4.16062181648315
3.47302578557404
3.47314482879098
3.51233053242699
3.50494154439241
3.95736082009525
3.58955930314734
3.47720953641605
3.38355282569625
3.29691774094028
3.3853918957775
3.63793686042199
3.4964005885445
3.48114768086557
4.30790340400602
3.11850892051324
3.28709014112204
3.70538480742975
4.35625339330179
3.18801157790649
4.09212867068276
3.30767298836767
3.38554102315239
3.71884013918825
3.45918535120032
3.48169036151083
3.00754899409223
4.07678869502721
3.46238522775289
3.23602312010604
3.64046772366318
3.77187304664336
3.54811372787083
3.50206480236574
3.67841107019381
3.1981128387355
3.23119228672116
3.08239838852667
3.6397603688006
3.3814778500871
3.30304097938623
3.46358276875025
3.45338408792965
3.21873541160006
3.38947077343864
3.36386591979943
3.43369643220229
3.30908345803902
3.31612935509664
3.29389881221701
3.17322729074786
4.04116518555231
3.58784064908439
3.58541842493659
3.29204911091438
3.8302355049819
3.5083783102885
3.49753074887536
3.23050300666634
3.10087711874567
3.59071759865714
3.54803828865282
3.64611945594618
3.86245693520253
3.46871019867006
3.34758738692434
3.37818572828378
2.95734268605195
3.65467777665874
3.43271440760233
4.02829541507716
3.24162019910523
3.23218053192374
3.59975202583903
3.59515211051298
3.44613924082423
3.58278319759441
3.49856349585972
3.53588089823743
3.56416272763065
3.63855811383446
3.50405912774466
3.5775836578123
3.46908138258062
3.60851262782443
3.0260076442626
3.28990573247063
3.93082798782879
3.35824156007168
3.50909228934082
3.59039094710833
3.26099250879715
3.14334640965115
3.38308519014389
2.79159111078414
3.28863019695393
3.39631246893961
3.22503246712619
3.6188531465471
3.34245436720634
3.43714729097545
3.23622931490801
3.4505750112832
3.18926238206302
3.13929534469911
3.64713719918178
3.28833160154281
3.91975568601994
3.32895393429259
4.17330692401923
3.27948571700152
3.21983380523357
3.39217780587706
3.27354768852088
3.22801548581347
3.488309649292
3.40724915458823
3.68613001025499
3.5374460993325
3.16850162195972
4.27652650749644
3.260403018054
3.16906007047895
3.65465189977795
3.46561133616873
3.93572110267376
3.29721539153211
3.47555350923875
3.88175192420954
3.80790937830261
3.97476114068281
3.92302593518252
3.39184013491335
3.22114370026388
3.06596120939851
3.51566890029176
3.38701401136535
3.40117137164308
3.28670951215718
3.38997258319634
3.4690873544176
3.79929225646341
3.58848233168817
3.30101977779112
3.47048830973159
4.42900231371431
3.31289902229352
3.49674348582232
3.47124432744308
3.35335313623588
2.98970429490609
3.66802897562036
3.83877915967495
3.24953567600826
3.40586017528504
3.62318644357996
3.90870314484812
3.83951837256627
3.33899692013255
3.28750826130157
3.59343603816681
3.57846348413596
3.66566407528972
3.57975713854135
3.7580532013251
3.54390533978236
3.73238056463467
3.27182870683504
3.42300842337494
3.27295887526326
3.35269804134805
3.0351268839093
3.47112304062595
3.34012687083017
4.04287398992219
3.33958695520702
3.62838850702494
3.63927924809622
3.79583241915488
3.56445161864198
3.2402560913714
3.92603534297405
3.23730299331076
3.00165054648047
3.35306333824548
3.30431939160221
4.03478845598
3.93521615310938
3.39106978883499
3.52271136426106
3.29981149483833
3.27313989155716
4.12239886015287
3.15566448471476
3.79655354039438
3.25369897088155
3.43066753859225
3.35757036568077
3.50998926294454
3.25354834534599
3.31512148505665
3.27658814436609
3.78793814292982
3.23803219015185
3.26982882709029
3.87726665841058
3.16225613579212
3.71708420231104
3.25932278273799
3.34141073083723
3.39242507089793
3.01869443690108
3.38428078849631
3.57411830667685
3.64412174163078
3.37635222372904
3.13347598133276
3.60804389118165
3.50885148422093
3.24407337533775
3.66175420088291
3.59786200060269
2.96726575095716
3.49622968135123
3.96862139284965
3.57099504429779
3.10654505539513
3.14130356686886
3.23712283128661
3.18260322810776
3.40738690984052
3.30873161725291
3.2592427578278
3.12129515516149
3.36981443438126
3.87775108886679
3.44385039950382
2.80695706839804
3.73843759916393
3.20622060640148
3.02054292687122
3.01844548518747
3.17316608566085
3.35331906145024
3.25878364094434
3.17472711771593
3.4232826662975
3.72412427321577
3.04818368900855
3.05161912767471
3.30548707408964
3.43839899594744
3.26007035438608
3.55060551579505
3.12223065760137
3.45113058497307
3.94330301250085
3.27731175205565
3.36613365568961
3.31112297145279
3.05061200917886
3.33220112337355
3.50825215718667
3.15667565123214
3.17949659421293
3.5314450106733
3.29968677487447
3.69373918820926
3.53464507552585
4.60219363809878
3.79534009994612
3.24735896617013
3.37644372049365
4.06266115027413
3.34054567545006
3.36884805759041
3.29947778186717
3.49077730456817
3.34105206757668
2.94024604564801
3.28181484472441
3.18800766111177
3.42719017158188
3.2066046572576
3.16875845495236
4.10862570642711
3.58894482711167
3.15310947859819
3.31814629362191
3.20322068111518
3.03264052633676
3.41962418133394
3.07376206040334
3.08318546001083
3.44312600482732
3.45359558808859
3.39672298109943
3.69699870518786
3.28652160873472
3.17040252785863
3.44229157488664
2.99087348979159
3.11654147985807
3.33605944951666
3.43586873629179
2.95081057407901
3.06802245649028
3.4922293782412
3.36744897355682
2.88481470909839
3.26663103613617
3.17748739962762
3.44272842030445
3.37933396492283
3.36401612073625
3.82114725339352
3.14963648047008
3.71678871961073
3.3060110122705
3.39449980418721
3.31985588587586
3.37988980323872
4.61336996145901
3.53875825922557
3.27712298974958
3.1306440213794
3.38983632465367
2.92805007730424
3.42401852785732
3.28671131507686
3.3368844536388
3.31971092759473
3.2161464956427
3.23343440069596
2.80891452020868
3.45422644561941
3.54230517872991
3.43755600475256
3.29583597289869
3.86555809951939
3.45629392984629
3.52681920492486
3.44171180969545
2.95194261921734
3.15203031820758
3.24127595301469
3.2582085866627
2.49649848846859
3.00500614179012
3.06138775777339
3.16570744658597
3.21859531331569
3.75680949042694
3.00058054986264
3.30947734101193
3.12441546148872
3.57288976202141
3.22770478377144
3.46980292560666
3.17647972670251
3.29180352101446
3.35817406073393
3.38326615583762
3.98593546811555
3.99668750675243
2.96403933687664
3.5779624512152
3.64512523127513
3.66737626641587
3.19232957279872
3.27606800145384
3.84671546338579
3.15723296059947
3.13587555226155
3.14659347493931
3.53718017666887
3.90415121764623
3.09811648579141
3.38499424698069
3.16645895267981
3.49581570627254
4.01911837220848
3.51901984162987
3.64886373159571
3.68456746230097
3.01117866459729
3.01097517031938
3.36280139498323
3.87679520876801
3.06341705094126
3.34148435539046
3.11514697595075
3.41055525976081
3.36179144754366
3.53164416748297
3.28136723883819
3.26157930600715
3.44871980323014
3.55531467166551
3.44803188199752
3.79371755715149
3.96228997561842
3.32694151478531
3.97649169175833
3.06875099105284
2.94595268059853
3.32545965608588
3.5452428170869
3.66340352256235
3.42675773664191
3.28151418292489
3.51534855861699
3.48732346470219
3.25991623977149
3.33735918061869
3.43123938551141
3.23731258887752
3.82792779529444
3.19163272434699
3.3860645621531
3.43172552305969
3.3829682707701
4.21990936987767
3.34273802166128
3.91370394965835
3.42099438549834
3.50298231109696
3.44315820700316
3.4369419820969
3.58641730362149
3.53922841338939
3.79968731647788
3.60741088513622
3.52052088109172
4.41255010786521
3.05298479427998
3.09949519121825
3.16834614156043
3.69093256551037
3.06435632279051
3.21682325840363
3.88688484419093
3.06529965757751
3.42799074256395
3.42582945844027
3.02980688505539
3.43512594196858
3.097721625779
3.61924929495913
3.30195469475656
3.1623531057596
3.76414842465657
3.29190030679882
3.2268231082194
3.97712349372008
3.1700983451999
3.67379926588521
3.34723021628409
3.9456100093323
3.4379053900109
3.11742276072397
3.62750753750074
4.24758177965465
3.78297840427952
3.04467531677349
3.5101912613466
3.29553964769802
3.0891972754931
3.16080923403877
3.61191448212115
3.71573545371747
4.08696147885794
3.21236082652841
3.57016856876215
3.38221247677487
3.94263987318655
3.22940121688267
3.58820571981996
3.29262767669744
3.53829378476734
3.40596173943362
3.39599226969243
4.28227236842467
3.2035793364909
3.40082248047637
3.37606024219599
3.2724389312918
3.36431759294461
3.80639018748644
3.08902786133581
3.72422251030918
3.17659229990594
3.42679290120106
3.89314586173995
3.38284801372161
3.21943691417299
4.51275093563589
4.05008820606467
3.37099058562462
4.53006849123394
3.09976512877381
3.23594602508551
3.5465700275359
3.66071584104996
3.74793882337704
3.32147601443795
3.68742839965437
3.91943519017039
3.26642243407579
3.5831587013747
3.47841937487887
3.20385379129856
3.01229851641086
3.23062789809957
3.37648431605171
3.12225107953405
3.71457900178024
3.13222195331365
3.22565832848357
3.48806236589074
3.32216299861457
3.34226655635555
3.50825573000875
3.13688810090631
3.4652615945534
3.3830550009118
3.73562778829772
2.94380937873838
3.29458621578994
3.24798278351645
3.27399604845462
3.31748497650482
3.12216018790093
3.22565535469473
3.74109159488021
3.45985457192419
3.32330014838896
3.23209685902096
3.16841863575395
3.20444006540591
3.24731430811974
3.56417991518025
3.56470979807478
4.2657833047537
3.66979415988101
3.09391354981277
3.72066028959318
2.73523682827413
3.56015967537953
3.34305430552778
3.21028750443667
3.49353882665436
3.35927759224079
2.96679047769876
3.4823508908936
3.69889565650296
3.31853042907663
3.37729313573122
3.23460167852146
3.28340628846726
3.31592382530193
3.1464799296043
3.2519553009396
3.47682040358832
3.26603473842994
3.90327677115081
3.27594191504786
3.16847704841549
3.56733991508487
3.32818503548739
3.29230104980624
3.45017485193143
2.97452662165432
3.42249921300237
3.34046206867747
3.06474866458445
3.29748253642347
3.24475645844082
4.31238519883703
3.31341995132809
3.18289209662035
3.33846892078573
3.22345761945662
3.33437898821278
3.20957202295437
3.82882821663421
3.30066502783528
3.07861302873899
3.51903219854056
3.26870099805637
3.62244399947786
3.91510394755043
3.26418007207778
3.26653024665301
3.19006589764658
3.51770463409771
3.68833229603953
3.26740604965887
3.30855280354565
3.31808787542831
3.70093302123479
4.20935471353113
3.4986880907719
3.36699012388478
4.43427289757721
4.12233677579865
3.67729438013546
3.10187634329749
2.8764486014119
3.6307926292974
3.79728941684805
3.66637583536574
3.17533214444633
3.27495435543853
3.20771281325743
3.19738054028299
4.10747835798876
3.37485675855818
3.13665024704979
3.47969469054623
3.17762380332839
3.32304869984095
3.67923976727325
3.01886240070842
3.13225837689771
3.74423853749947
3.61634815618925
4.47395418344811
3.15908427570694
4.25372210179604
3.35115848155972
3.55141311303778
2.93561568545528
4.42366222920048
3.74945451012529
3.9443932016859
3.2231057215417
3.14673395295349
3.22537943228494
3.66586334403573
3.63213080346365
3.32656951022162
3.76893360185895
3.36730388271919
3.43277855578111
4.30263346867692
3.26500304177989
4.29431240703602
2.93398067896834
3.23758720851952
3.09219664762639
3.21980902473413
3.35387651208377
3.30748795900526
3.38267780119794
3.38637231323189
3.32481464136723
3.51975033578637
3.49165147694752
3.1562022561792
3.20163601387222
3.31891111719483
4.44787490186466
3.11518415528909
3.16166145022098
3.50559121628452
3.11585267045841
3.2427975120176
3.29535891810114
3.10640535789108
3.44157024260335
4.07299931091081
3.18287459744349
3.52299399360588
2.99769157588023
3.20358437553452
2.95802323612912
3.79942237960729
4.24855102311038
3.12892421110837
3.40672032117633
4.06870924764162
3.40888556545323
3.27805817616335
3.54141205028695
3.13102218322135
3.3819836712961
3.44749491674152
3.32836809533882
3.2800547210975
3.0733776202329
3.62196685176452
3.24551770940195
4.20793714837837
3.22852309366422
2.88093298340815
3.64729472483675
3.33306771092386
3.4168066211932
3.99655838874112
3.44590939307609
3.55716594441802
3.24728134289637
3.19272114810458
3.14506843976694
3.74415722067298
3.07911881819818
3.01088162233263
3.27935880420032
3.13170371596701
3.33914397804887
3.11644492375556
3.16578949548193
3.32432526181743
3.57888821725371
3.75492834301387
3.25649165436142
3.32561261426428
2.89943355229813
2.70436171133057
3.05576977221048
3.54580090040452
3.5360235630935
3.25742271272161
3.28494851079095
3.13473727343299
3.41428878803517
3.5107135653854
4.24339411644351
4.53822409538016
3.58501994001101
3.64773115200107
3.2468143053145
3.17348863276947
3.95087350526014
3.20432307089554
3.44503394100624
3.36960687569203
3.33096112288792
3.8075696857069
3.25745082588178
3.40784149988881
3.78526764604966
3.07996201340999
3.47122073399424
3.2824970328399
3.28846279848463
3.41051742160581
3.23834522342056
3.33144226425138
3.67919032854453
3.6203364034489
3.41968375364009
3.86768397883413
3.17081439913381
3.06365182161596
3.20434839131877
4.08260853981282
3.34655473202174
3.84517777897438
3.33138681009
3.11056117838901
3.86682460047089
2.84633455818266
4.25594397573431
3.36255206424367
3.13394460856014
3.21724668749183
3.49535382264254
3.03646736770595
3.19460099322351
3.16549863482044
3.72586321387916
3.79539660546898
3.08609342338632
3.01198404869901
3.32927203305595
3.63545507516396
3.50931812869048
3.39520013792253
3.20371773415557
3.05221114018662
3.2470485643758
3.37891720891964
3.31952947158968
3.48733393827192
3.0203086637143
2.87737767587373
3.93108422648842
3.12831924753299
3.19317039345186
3.30652265929272
3.89987849902058
3.55950687744562
4.1809730386639
3.55364433894752
3.5120735421895
3.75300586111058
3.52944391514743
3.59784308621384
3.35131801153659
3.41744929653621
3.49298303137517
3.42483345025229
3.10816757566534
3.21480213051407
3.19438935079185
3.81387698939415
3.35054396417474
3.29563121663759
3.88461011762388
3.35101420274245
3.13299623544875
4.12644211909137
3.77325104531708
3.96980599029604
3.49446790704205
3.2089994157853
3.35902126741796
3.30994958155869
3.90418800497117
3.5077161620209
3.45862252934243
3.40005305806729
3.51371059389025
3.68456762451182
3.62399726767247
3.47535028348693
3.27366850713905
3.62736723594324
3.27083519776034
2.93741878363288
2.9644808024686
3.36033287863962
3.15587375598598
3.5398315912564
3.58752263296346
3.18043950845736
3.5079799474376
3.07206430516576
3.71141251962668
3.00383350622716
3.52761962477245
3.22450882091323
3.77011781478501
3.29595253933552
3.63224854066917
3.17785888008802
3.11405743701986
3.36881141981601
3.44574600156097
3.34232501752901
3.28480945045543
3.86187498015275
3.35095458757753
4.22426989092417
3.28853505694559
3.65928443127377
3.17821964275553
3.29214551851013
3.16290586659082
3.64995545032935
3.93801937180755
3.09374121954365
4.01297052997689
4.09015089836956
3.50484450437037
3.69833251213484
3.42403801271841
3.25147736259826
3.25719754016902
3.46398795126708
4.06764507376084
3.80321956887722
3.38036639848093
3.29416328714843
3.15939302751109
3.13459218860256
3.3607847778828
3.52121225743934
3.36373861258852
3.06314993242269
3.24197340397936
3.27030982495222
4.1529758242236
3.45216446224211
3.25583082868115
3.30674189837175
3.26598927064605
3.5759464607797
3.38946973372254
3.30419803896908
2.55013948021634
3.13557633879427
3.15181781575979
3.23801886256812
3.02309507253423
3.18839951172359
3.46564275615054
3.34034403247469
3.24564042646205
3.38705652350667
3.59461497345032
3.62956419820551
3.87122672921867
3.16674942859224
3.39247688873806
4.38983222211461
4.14484864166552
3.04877368813865
3.12317456737913
3.32363544275952
3.07773723623247
4.15225236465847
3.1634329411796
3.53597515532394
3.32044059364494
2.98397720546243
3.43326286878985
4.49618206322856
3.53826230186824
3.97356029662118
3.56405807906917
3.72594574061286
3.26157029729578
3.13453388773391
3.47047591129802
3.34524745695451
3.59085708495736
3.49794586747746
3.78810315675368
3.22578077496389
2.98277050105238
3.8104833730386
3.23175227933378
3.80335821248178
3.03927734468245
3.48108556978749
3.70155244871419
4.03915864985529
3.44646920038435
3.33584945338208
3.634995219673
3.95355884715319
3.10917096191089
3.16313710971976
3.85865886916168
2.96148958370316
3.10406181092706
3.75780411382599
3.21970648258172
3.38705859430045
3.6634858787055
3.12665680958598
3.8530663452276
3.37841340531562
3.1857849428895
3.17267531389125
3.16167116911885
3.22547435194829
3.41902829731305
3.02105535908965
4.42473171726107
3.27626690022565
3.11869772407492
3.50592418432458
3.7184448151307
4.41811802429506
3.30543448075105
3.77398985816053
3.40679176500221
2.86856426046055
3.90242051662857
3.45974324412623
3.49438649489228
3.66837746627367
3.60633563992401
3.21983626373462
3.02319764229798
3.19330621314035
3.66866558960422
3.27578404600146
3.95835911870007
3.98080105146949
3.48309261148963
4.56367502920112
3.61659015917024
2.83570655430631
4.04353294290257
3.66046133266627
3.50696709133416
3.36963152611299
3.4348559630787
3.22270267123556
3.12690746282056
3.32319556725594
3.24380492370049
3.60907977550283
3.7898951081503
3.39922212476277
3.18563120829799
3.45617131031241
3.01617344675118
3.16425874093278
3.45233837108983
3.15403499077156
3.22107472532538
3.38231876199608
3.01184564732522
3.33668834427705
3.04864908674337
3.28169021525604
3.41389741120448
4.03716587662688
3.61830710160219
3.71666357846406
3.22354071049829
3.54664760999665
3.38690247276963
3.03536002103887
3.21712796000033
3.77226854339197
3.42274462819809
3.63374620582135
3.31562592116548
4.14259189722766
3.22237765075435
3.01645997453179
4.50946033596146
3.12971361828295
3.53474899774762
3.43417004737562
3.21593793584767
3.5714578964583
3.37182076849294
3.2466680119609
3.95252202977945
3.42677304067246
3.35607775504972
3.4932688232077
3.08726411649398
3.63620767629937
3.23455333885926
3.25944682613921
2.76243161232897
2.68154307930454
3.13420138486772
3.36149850978774
3.32757165719974
3.52292818527334
3.11106658550069
3.36449336873496
3.39101084205178
3.39286277467554
3.2978750025842
3.10256692217821
3.31493936998042
3.14558230207843
3.45012482046102
3.18639299267855
3.28963425923189
2.84016017331018
3.56432377405032
3.13826342531574
3.07928479387938
2.98702769661786
3.42440868546125
3.62413120895854
3.53602633910251
4.02511377931388
3.20950644126139
3.45320476241696
3.63026147607999
3.24642595787859
3.34426322249765
3.40886805516191
3.23019956532884
3.42937862603538
3.59277788765305
3.29991489816977
3.08738233090967
3.61004608619765
3.33678632833338
2.88036114179746
3.16359445026664
3.7107229968281
3.1952393548556
3.23191324835225
3.68306515793747
3.42826028350324
3.45520186071443
3.71668571660638
3.31628881390682
3.23820721891495
3.36702144151764
3.39502100054215
3.66949195402064
3.21638483745053
3.34238387934285
3.1024240797515
3.546464249315
3.23154721991322
3.3106480346345
3.37435088978303
3.52162181494375
3.10116934191563
3.27336176693453
3.24687311027732
3.38191913394943
3.38629949438095
3.37546078031107
3.56444676431036
3.535131247734
3.32799240287949
3.3803638462699
3.26094286621131
3.32646745291927
3.14727059078312
3.36954872694349
3.27949197847719
3.38614462925573
3.21368098501698
3.01734091271768
3.00149527956539
3.3433293861591
3.09788653960232
3.43568416104229
3.38554481236707
3.18674129893238
3.1801907408367
3.42622826641253
3.16693862227045
3.0744827433337
3.72695255136785
3.60537643658504
4.15616822473576
3.62643090716091
3.47858747457703
2.92894763068497
3.35707530745361
3.09905621215703
2.8030764136822
3.53969240221625
3.49648230592277
3.4577341141927
3.98207766225466
3.20069388153109
3.28108145855505
3.32967835620612
2.9241616400223
3.18128826056806
3.638750485972
3.36406353700433
3.69535717630689
3.29555391781728
3.49795750160674
3.40646174991944
3.11897488920064
3.43992379766504
3.90398913870829
3.62046713704039
3.59170451448022
3.01915734089027
3.05544973665207
3.39019002107725
3.39336511328035
3.30781296739799
2.94962283520012
3.30357541845792
3.21523169772587
3.38055879932194
3.87022081606838
3.08355138482769
3.3842832062722
3.36658360704099
2.71860253978101
3.27139366406264
3.2628379943749
3.35418423769511
3.08404398051897
3.23544564746189
3.34036870968379
3.64684122741457
3.42787156838869
3.19748403909486
3.35344953088499
3.23745343275308
4.33638709461004
3.81430987636064
3.40509524713219
3.87674287188597
3.42696521987018
3.71620486592723
3.24500898940509
3.07543184376268
2.79111807079177
3.71177323886099
3.52077467432666
3.06335853549999
3.14826686195646
3.35179526864145
3.80373799248418
3.36336902936777
3.80150925551679
3.09555397745364
3.25451582631381
3.12473433503339
3.05251801220264
3.05217183751451
3.17311466444515
3.46375016965731
3.3707863325355
3.1637498053892
3.07502602270754
3.47733616608738
3.41662001521639
3.28974407310501
3.97746531414578
3.39888547234905
3.76878077647024
3.16789930655589
3.78309397276803
3.38482836118493
3.32306153563726
3.08775750064447
3.61722437392368
3.19879736791679
3.00663133435479
3.63430802077935
2.95858652404403
3.32049123696677
3.36250849344689
3.24167783680151
2.99584590169538
4.6585477823151
3.44538814398078
2.88512635818977
3.08742441219919
3.22779198966948
3.48227932433239
3.07705976827396
3.50039422861998
3.38255859892263
3.27705984716503
3.52406861296835
3.34619972967938
3.18719403573419
3.40388592404112
3.23428190873899
3.19404779431406
3.67535942062868
3.37547100284494
3.52942608006346
3.29601530644213
3.59537682782848
3.59240630286126
3.66526278923587
3.40847362740425
3.09599394115125
3.43765862686066
3.2486637539271
3.10169214163008
3.13616322902024
3.13083233214517
3.12469553757943
3.41034631046128
3.16447820605798
3.17016347159505
3.30310103163635
3.42357098330526
3.43056048854992
3.56837528046446
3.19974095006639
3.28971241750581
3.35186189383213
3.21867757523695
3.14642905202648
3.65416830559951
3.09321204486153
3.58248636016597
3.42818850216503
3.27984701684227
3.25143884410574
4.15718497513138
3.18129150810625
2.82101411874557
3.70521531984451
3.0094220285706
3.10548319874567
3.61590669878385
4.11594245249579
2.81817459181878
3.14213245119235
2.83903188864798
3.21943294868826
3.3120412997308
3.57632442219797
3.25341294218766
3.55400842423905
4.05096556867904
3.21716267817288
3.92587043018871
3.42258593465628
3.35762904710703
3.29727473565009
3.19579588138586
3.71092999780812
3.45724454638182
3.22495086214028
2.57074041628795
3.76553103253137
3.46740553791493
4.0652749955418
3.13339817051324
3.29208312626741
3.81153641906078
3.53140044413794
3.07508467016325
3.16010162385679
3.64279107646865
3.29504466178871
3.42189218953203
3.9038176961644
3.2123081468893
3.21484645778741
3.48834196803741
3.07401225484035
3.6156745850579
3.25680445413802
3.20123185904829
3.12816794050832
3.17219854744538
3.78286307042533
3.39312839335224
2.3670145425111
3.33281086097506
3.15431298574081
3.60045018622941
3.91078435334825
2.90498336276834
3.15808629011994
3.12458513980512
4.13479480220687
3.28836376327223
3.31832735541172
3.98911978737599
3.08742914653787
3.24506941819806
3.48258436292339
3.27827911006455
2.97012684847464
3.32885368842829
3.37176205312085
3.41961685404399
3.3913771111799
3.46553723232752
3.01791177317171
3.23191387922039
3.37015402536941
3.67095495990042
3.6947152501629
3.43523393619676
3.20093381808655
3.41821223616369
3.44576318366437
3.41980792330213
3.2630699161759
2.89036232204868
3.24029763609658
3.46909074694337
3.0226078663779
3.42030161542487
3.44682540917335
3.3420430056172
3.25323518590307
3.28919187455101
3.4957290075422
3.33148951344703
3.61424730917856
3.39314873697911
3.31213723015367
3.86581742505303
3.87858878695494
3.20661563138447
3.45323493483557
4.1103091898944
3.0868028038539
3.40473680262064
3.58702533934718
3.92550757436171
3.29265795084534
3.12168101977891
3.14148256069085
3.73098258361348
4.13244702724028
3.78741792029062
3.12621320268357
3.86916965519161
3.16149368878613
3.38924638839759
3.36567086275614
3.33784711023483
3.45374382373094
3.75634028105093
3.20137699799306
3.44092271279121
3.37120980315067
3.23475282416045
3.9931706946966
3.42576151635537
3.29510901353426
3.3906746457753
3.4163122269525
3.27138802410297
4.17875148187827
3.15718568316699
2.51578923944357
3.31487885079068
3.24571161625082
3.38783550945822
3.89160900908849
3.38193923560017
2.92665761878492
3.58201621202622
3.74104920522232
3.60279307112391
3.80655075338104
3.33157076158545
4.1706497652991
3.13850819859398
4.35080712147635
3.59009345638481
3.28935264365545
3.33068652509984
3.33809170821804
3.64126757483968
3.28507989187901
3.21168361936231
4.34756658348842
3.38847741955399
3.50004574703812
3.74960683105614
4.45327657446912
2.9926031826178
3.54909761587869
3.71177958567337
3.14434226184348
3.05052096104121
2.73962141547886
3.2346221447671
3.26907564446857
3.99928326306172
4.38316806060013
3.191903726047
2.99374814388755
3.86489818953879
3.94018474016956
3.16978188371169
3.3120803980554
2.97563738524359
3.18027884847556
3.84734297905502
3.18486468534078
3.31364424501412
3.50913086362632
3.16991179781641
3.42310300593415
2.91578968026791
3.64951004972696
3.32117711851913
4.17520743850514
3.26683023873142
3.4062640140783
3.34712842651714
3.09818900335139
3.49928020759753
3.13032312363772
3.0393812850616
3.21517873827908
3.6867540029019
4.20319974429281
3.10821189469695
3.21139607389937
3.58694975073958
3.27805985085109
3.0776905590121
3.53423112039403
3.98890082685594
2.84253829572038
3.12209400995747
3.22958112114744
3.35727104096272
3.42835941021171
3.29933348332022
3.73690560209374
3.06910949636459
3.71724619219757
3.68108502288207
3.43678833708538
3.44014555498724
3.90643071608934
3.50682378045413
3.27664875270535
3.59520053834029
3.57662287646464
3.41363277535597
2.91364640561383
3.50390427670501
3.20535787530276
3.38823256475112
3.4158753659666
3.27849576642454
3.2427355059392
3.45715065224363
3.20065098938659
3.36843721371529
3.80049709265917
3.24940316495724
3.53112546414255
3.38264028124064
3.35686021172253
3.26680514838543
4.2972028329463
3.79193057540954
3.41317524095771
3.01354705222088
3.21047264687218
3.19668400591679
3.36235074894432
3.4410454754579
3.66928970379715
3.22164854185196
3.21102332523531
3.01988907265456
3.25096944409607
3.19258371263794
3.48860924720032
3.04253890048928
3.08983253476478
3.54601229045477
3.56925695296061
3.13619814974853
3.3819784855507
3.16711383053751
3.54939727427229
3.18130533872924
3.72858793478654
3.33114598765727
2.8883979358387
3.50774362905886
3.18514810507236
3.38772467036475
3.34521175229585
4.23892135986256
3.90662085107526
3.31678031904407
3.44355519241188
3.80150677546634
3.07032858463383
3.48587824594132
3.08562690086399
3.54920178705141
3.4496433856901
3.09126569794318
3.9556111553201
3.10360272405906
3.35699853297013
3.37409026263015
3.31713316336952
2.98472470392814
3.6558282387836
3.74740622218856
2.6413727753174
2.73130352933848
3.36509743868447
3.12428483105195
2.74633405024418
3.51801271742405
3.29213478887564
3.9883774500497
3.05489789636276
3.32418086758625
3.32741574373679
3.04994025922435
3.75256304033839
3.04166575910338
3.8913521394233
4.24017498869111
3.58037592179606
3.90559175073614
3.22972675588548
3.46710932102724
3.30919474321347
