6.4034522144777
4.57439136721643
5.99587164811668
5.14326733407853
5.07393795997419
5.39915195608361
5.25347664312685
5.12341061538744
5.14318383350432
5.13962009888872
5.15472461936545
5.13161293079817
5.05791185187476
5.18128478272679
5.13869103538519
5.00313826958605
5.03000944683518
5.06233896802447
5.07414522891529
5.04710643679883
4.9628360012834
5.04746884871181
5.06606155530313
4.90404295335665
5.04949228924029
5.02267380213549
4.95222313571893
5.06121845052183
5.04481838811539
4.97748214678596
4.89067267070507
4.85787687893456
4.94563819764834
4.93267732544268
4.86302918743129
4.84024283796795
4.91943662774282
4.96158603717327
4.85840315727535
4.959577955381
4.98732683264858
4.91737701252396
4.83071341068801
4.86774527232349
4.93760203322116
4.74539177018302
4.8521937044898
4.85026140204021
4.79961584202992
4.81808298423116
4.9035811094461
4.89793615217157
4.87085629351581
4.96434109460429
4.95983624172009
4.89098579913334
4.75022336203002
4.95242356059434
4.78455067468145
4.79210193914095
4.82089446897023
4.77267171909562
4.84836582812085
4.85536549075957
4.74635234847778
4.82759748272632
4.73733370733623
4.7477665098318
4.85093732477495
4.8740926994478
4.73536213458575
4.86723508093267
4.79917553022437
4.81022953720939
4.91484702265294
4.81281103529726
4.79512968155488
4.84456165796322
4.83514278032123
4.84983288221447
4.75735332195362
4.95276196536245
4.91536379114411
4.88147134749696
4.65599436212518
4.84638820002066
4.70772440697385
4.72374404721551
4.90394487898322
4.86109221401636
4.72062337453411
4.89372404121373
4.88719117337414
4.80743996105167
4.88248334242551
4.82343761430518
4.76434319753439
4.78946730678609
4.65526882010354
4.80943235458421
4.83898537383545
4.87360261473598
4.80338583859327
4.79302997722452
4.72690568184225
4.83558016914455
4.86613660687238
4.87570826817042
4.67242919050626
4.90527032478701
4.76709375149393
4.71400545970461
4.80884871646183
4.76207831158439
4.88276724747538
4.80701067462597
4.88738574206036
5.23467501338772
5.08641961738469
4.79423478297948
5.00026389195399
4.95969837052706
4.92896855456819
4.95485563866782
4.77391591049973
5.08403721173455
4.65019833137459
4.47029343781456
4.72413281592685
4.65441356179494
4.58466509667096
4.62276753130944
4.91241742454645
4.39523387915477
4.77110393546662
4.75907285546243
4.59107215765985
4.65342318705061
4.70225519182325
5.18820470784069
5.03433529878186
4.72244963532254
4.64679928549348
4.84558643711335
4.46551233796106
5.14930922420899
4.69078136191534
4.5956279564312
4.796097879021
5.09424144713066
4.74004206617576
4.92314139071877
4.76894074104229
4.87815536179672
4.44077397483746
4.62210779253794
4.45660397389628
4.76835795886922
4.82537490369496
4.70898522983024
4.58853984103082
5.00251789425904
4.50637655026136
4.53187644369986
5.20044796417884
4.53355682276032
4.88774388509564
4.7278278126583
4.64970183204802
4.83896660869391
4.91464173819883
4.81175675734638
4.93595636305109
5.17623931325927
5.00252676024071
4.99453038993467
5.15247163319773
4.78088144595967
4.98598150931067
4.5630343559056
4.86096510592204
4.50998723168695
4.80897518107558
4.4703469795836
4.80573156036851
4.64018747164132
5.47063142417468
4.80758143889126
5.08685816090295
4.3745782069756
4.69871900559636
4.45071514876103
4.56303444233208
4.81067379140103
4.92308888335159
4.30540231968856
4.24106156891116
5.02088656850033
4.67292492092548
4.772649795233
4.81157433235812
5.15758782521218
4.70726113486582
4.93528751188842
5.16143388305189
5.1938896060596
4.79738026787268
5.02461490376303
4.89987009921914
4.61862821387505
5.14347261470965
4.11846949054514
4.54658073287161
5.46385942373024
4.27279978794159
4.95404047176912
4.96267753800614
4.8251374799647
4.43896041268226
4.89639848086773
4.8474924256524
5.0896166043296
5.03053652216305
5.24418248491789
4.20879308396146
5.1902847792506
5.07650689818479
4.10745667722658
4.9225565886827
4.57333027361434
4.69355412248831
4.6750615922795
5.13568587470075
4.8132923615328
4.79144348399046
5.01201568714949
4.5909781513574
4.54827420475711
4.85830180004799
5.15841436248746
4.83198583272911
4.67428735341529
4.82653283486809
4.81295071159564
4.90753610854451
4.83032082577333
5.27587169410705
5.06906164370284
4.56561735450265
5.28106507848596
4.80708922854048
4.31296589348073
4.71496828659897
4.46158034271001
4.73911980042765
5.07932647930051
4.18835430682238
4.59774279704087
4.3272555004628
4.33072788020718
5.29953084589172
4.67582348326552
4.92019942502812
4.64632582341723
5.00809642423709
5.69510110018018
4.78397875922842
4.75894696543408
4.86839741988927
4.96457005373203
4.30475412176674
4.55780804571391
4.88041409577831
5.27264648304808
4.80520272145063
5.09609483939065
5.02033240089702
4.47529830041709
4.4701367951587
7.51123590790841
4.35647561017032
1.05090138731409
