-0.00025
0.99975
1.99675
2.9485
3.77075
4.37531296945418
4.80497612465444
5.11648518612307
5.29029793735676
5.35485523955931
5.45780316800831
5.4405667803726
5.32681121099947
5.32237369687249
5.34323521469079
5.3761242845462
5.37610375275938
5.40252100840336
5.39768557719447
5.39281641961231
5.37019924920589
5.45571470330313
5.43692762186115
5.43596648713345
5.40277777777778
5.47390906316753
5.48029556650246
5.43553898726312
5.47321991178324
5.48052362707535
5.47388781431335
5.41495266079008
5.42475247524752
5.48765843895931
5.43667679837893
5.46541737649063
5.39133425034388
5.42222222222222
5.45929824561404
5.49982187388671
5.47899461400359
5.48766328011611
5.49559471365639
5.50186428038777
5.53631915694392
5.56152380952381
5.49480569449788
5.55961165048544
5.53574234092694
5.53151010701546
5.52424849699399
5.51940177849636
5.53773969808242
5.55779514603044
5.59443752594438
5.52327044025157
5.51901944209636
5.53127677806341
5.50497620077888
5.56968108344255
5.54445422535211
5.51464063886424
5.50695379093764
5.52622061482821
5.54810761513908
5.53125
5.51436515291937
5.54295051353875
5.51272384542884
5.50095147478592
5.48796920115496
5.48424624333495
5.44916911045943
5.4953178905865
5.54947787170562
5.56755399296836
5.60223236935566
5.57501280081925
5.57859358841779
5.60625
5.56659619450317
5.58644610458911
5.54003224073079
5.60530590146183
5.557010365521
5.61466372657111
5.56427378964942
5.51455767077268
5.5453514739229
5.5
5.47383553766532
5.49506101104009
5.48591549295775
5.48583234946871
5.59296781883194
5.52612612612613
5.50302663438257
5.44756097560976
5.52615384615385
5.45217391304348
5.51129234629862
5.46036778693722
5.54539641943734
5.48514211886305
5.44379467186485
5.59067017082786
5.55243820975284
5.52721088435374
5.51816312542838
5.54482279360667
5.43754410726888
5.43338108882521
5.45032632342277
5.46102941176471
5.50597014925373
5.46409674981104
5.43458301453711
5.4204368174727
5.3375796178344
5.40468497576737
5.33195020746888
5.27006039689387
5.21771217712177
5.16869918699187
5.15513392857143
4.93928128872367
5.0140056022409
5.18821603927987
5.16909090909091
5.09109311740891
5.29931972789116
5.47772277227723
5.58290155440415
5.56842105263158
5.56763925729443
5.5656836461126
5.5983606557377
5.61602209944751
5.42016806722689
5.62640449438202
5.47175141242938
5.34090909090909
5.37790697674419
5.37352941176471
5.4047619047619
5.52395209580838
5.40361445783132
5.60182370820669
5.52173913043478
5.52365930599369
5.49840255591054
5.47096774193548
5.5
5.39273927392739
5.64900662251656
5.53511705685619
5.62798634812287
5.69520547945205
5.47931034482759
5.55123674911661
5.50357142857143
5.52
5.38461538461539
5.52222222222222
5.42910447761194
5.25187969924812
5.40530303030303
5.30916030534351
5.4176245210728
5.45348837209302
5.5234375
5.39525691699605
5.61507936507936
5.556
5.36991869918699
5.51229508196721
5.4356846473029
5.62605042016807
5.5
5.55172413793103
5.45652173913043
5.34649122807018
5.5
5.33333333333333
5.6405529953917
5.63255813953488
5.42325581395349
5.46698113207547
5.41148325358852
5.51207729468599
5.27669902912621
5.42439024390244
5.54901960784314
5.42574257425743
5.62814070351759
5.48717948717949
5.56185567010309
5.29533678756477
5.42631578947368
5.36170212765957
5.58064516129032
5.55434782608696
5.69021739130435
5.66666666666667
5.50561797752809
5.3728813559322
5.50292397660819
5.27058823529412
5.45833333333333
5.3855421686747
5.36363636363636
5.5
5.34756097560976
5.48765432098765
5.56521739130435
5.45569620253165
5.67515923566879
5.57051282051282
5.65359477124183
5.60666666666667
5.42176870748299
5.36986301369863
5.36551724137931
5.52112676056338
5.57857142857143
5.53956834532374
5.44525547445255
5.38518518518519
5.3955223880597
5.48484848484848
5.72868217054264
5.5859375
5.11023622047244
5.24193548387097
5.27868852459016
5.24166666666667
5.26271186440678
5.4957264957265
5.40869565217391
5.46086956521739
5.52173913043478
5.50442477876106
5.11607142857143
5.4
5.46788990825688
5.5
5.37383177570093
5.56190476190476
5.38461538461539
5.33980582524272
5.55882352941176
5.42
5.32323232323232
5.41052631578947
5.15384615384615
5.03370786516854
5.23595505617978
5.30337078651685
5.42045454545455
5.51190476190476
5.63855421686747
5.69135802469136
5.57692307692308
5.70666666666667
5.71428571428571
5.45588235294118
5.24615384615385
5.26153846153846
5.484375
5.27868852459016
5.77966101694915
5.47169811320755
5.38297872340426
5.19565217391304
5.275
5.25714285714286
5.03030303030303
4.81481481481481
4.73913043478261
4.77777777777778
4.4
4.16666666666667
3
3
3
