4.5030100974109
2.80356148092619
4.7932320843052
3.68765187577617
3.51928410165784
3.46859150663098
3.27674899865114
3.2724076653075
3.24599324421558
3.21728835273253
3.26113120975021
3.30927987136656
3.3027875964528
3.28624447633774
3.30469589545342
3.29011923478149
3.30898183719426
3.28933359268455
3.32187874520208
3.31166881489816
3.2978802130708
3.32404788704404
3.33051141350776
3.3057813547713
3.31798519786668
3.31103318644889
3.31591325050116
3.30636432542771
3.32335742631037
3.30418704893657
3.30449617801668
3.29068654281407
3.29788949554167
3.30928691964726
3.29885079317627
3.30299344026117
3.3144733776355
3.32218086172786
3.29782960801473
3.30753613124814
3.30022069115304
3.31325688733115
3.29016458676531
3.31090557348177
3.27968004915105
3.27756694320437
3.28706996634906
3.32824212791774
3.29635772936273
3.2879533535648
3.29161693964712
3.26309630864665
3.3186878944071
3.31486210171324
3.28899360222603
3.30047691417847
3.27619570338464
3.31087650696916
3.25592569515687
3.27291797223463
3.29619123846627
3.31082861422233
3.29702925040015
3.31617609641529
3.30007908216012
3.30524937793673
3.27548225492757
3.30828027535258
3.27859582677841
3.28098750917447
3.32668477942711
3.28848719454699
3.29096756208597
3.29022285305218
3.2995521396455
3.28043401096996
3.3090077910284
3.31603450076458
3.29437683048982
3.29656046708994
3.26224413453916
3.27565077608678
3.24447583058778
3.26206244810682
3.26426404451154
3.28563238764187
3.29831414343988
3.28122985226328
3.31387220811336
3.26506518511639
3.28875262454882
3.26887943068637
3.26871683256557
3.27445302089935
3.3006100647221
3.3073965009378
3.27108170578189
3.2520329645703
3.30281003197258
3.24264387136611
3.28519308173721
3.26414083527795
3.24644152990204
3.27826958538198
3.26326354214875
3.28348012285761
3.2913512274423
3.27342071197331
3.21229284914117
3.24763044130392
3.22870067625185
3.26843615750505
3.21589577349108
3.23803552916421
3.24139776582411
3.27069234983163
3.26350759878302
3.21924057996327
3.23882200682277
3.17331041431994
3.1318617478424
3.13147326915031
3.04165423969352
2.99952132127848
2.96896681966224
2.87755504747425
2.88814641965083
2.93147453539962
2.95485916143228
3.0144545721813
3.08071999956021
3.20547290853441
3.29071125469661
3.26620677269575
3.30016735791718
3.3606545344763
3.30286263156584
3.34646321826864
3.3089631042146
3.29390469301446
3.33084738472523
3.27403565052362
3.32106272574398
3.3717531310462
3.26376447004743
3.37631844083747
3.34200907547289
3.29209252169837
3.27702905623453
3.31588673616694
3.29020805170185
3.21909075720988
3.31516842626091
3.25428718232297
3.25871557431943
3.28558518959201
3.36074097286958
3.2612827304022
3.3339768656737
3.31999173465523
3.26726045032146
3.31177811538712
3.30850746264272
3.31737859529668
3.28528699589771
3.2958824920431
3.33327004876184
3.25212280227947
3.24842947570128
3.21545653576142
3.367110575018
3.24243124886836
3.32636318729235
3.3330266981508
3.24182436084767
3.23544108571371
3.32404473272997
3.2671283383602
3.31383894544738
3.33428753285358
3.30500469502737
3.30461291188158
3.3021744174425
3.3163389630626
3.32290324773395
3.29839257418933
3.34297580949328
3.34048027368042
3.31764542514621
3.2830690268944
3.30197076741743
3.32967895891
3.38015289028299
3.282427798617
3.34056690480542
3.26793373611739
3.29356194485325
3.27888090908564
3.23635795535319
3.17329507009174
3.28889340026076
3.21458466541567
3.28947534938108
3.29235307363221
3.36650051370673
3.21083994543699
3.31171625660081
3.31421740100651
3.29621685611057
3.31242902169696
3.36667802754913
3.27566865346101
3.24723496851058
3.33016097313704
3.26544993747947
3.26455317251973
3.28897263073229
3.19848915498753
3.21096620400245
3.30733764388589
3.29100713164796
3.29838497308592
3.33333079116255
3.32986630499142
3.33734055782408
3.39575642080615
3.32967457916719
3.20157693529047
3.24533862758287
3.24332200951729
3.3668049916071
3.2593389348775
3.222559915664
3.2537394568078
3.30668541965813
3.22174545232855
3.14516943956513
3.12090337470977
3.43100847147072
3.36452570061028
3.2655756819034
3.26275543294406
3.3343585773038
3.31632827248597
3.25310575699625
3.28921643329217
3.3013664516492
3.34763939756564
3.23713705266056
3.35609513209086
3.38939928912909
3.37698821083883
3.22448311048114
3.31376366831016
3.2625738627063
3.21315319097269
3.34180469244588
3.25219550204477
3.30533319257874
3.12140379047868
3.26790352798974
3.31689875357468
3.21605784376959
3.23362755896127
3.53068200036715
3.47229170364743
3.2129749518305
3.21543177756969
3.19315903048509
3.30046202590129
3.38682724404489
3.3795148747498
3.34313842427366
3.20033086986075
3.28778063405191
3.26094506746794
3.08580642840593
2.99036555571388
3.29604360059121
3.16919490368697
3.0005781663222
3.26224831986383
3.2174651549551
3.84932190669447
3.94519258116517
