4.66876851029404
2.76364444177029
4.77436139726372
3.64772839394449
3.48597132720259
3.46389811081581
3.26661393669927
3.25866203589344
3.22812739821301
3.21111758683879
3.25996048469713
3.29575383345801
3.29722916143903
3.29543132859976
3.30984120345196
3.29337799371298
3.31208554670307
3.27888422923043
3.32127398023543
3.31369219376998
3.29074380224474
3.3171716291606
3.32081938855638
3.28522644650767
3.28295664171501
3.28955106053707
3.30732054507835
3.29001337297835
3.32665587396612
3.30524563970138
3.29479985215534
3.27661145977333
3.28322092629304
3.31028362380895
3.28322082201137
3.30411694297942
3.29418970381385
3.31922884924775
3.29702538770935
3.293877897519
3.2834459868285
3.30198816246094
3.27875724600851
3.29347002138543
3.27670487379182
3.28363479673055
3.27646772395024
3.32931644457321
3.29489843682901
3.28209964996309
3.28945135257456
3.26625652062773
3.29548915775229
3.28790471415153
3.27847719806747
3.28474482685917
3.25487399478578
3.29885760253019
3.2423494613678
3.27829804313705
3.29937533015237
3.29851429364998
3.2849442020378
3.3044718260386
3.27296028137241
3.2968947558407
3.265325234674
3.27671427560528
3.25601238856677
3.25820777083579
3.29550942046213
3.26558548614541
3.28916365723535
3.27848203599783
3.30136878390789
3.26147619725911
3.30498904478594
3.31495578387579
3.30200910709251
3.28751500124308
3.26205859494805
3.26316988508003
3.23352361828836
3.26877033960176
3.27574303679997
3.29836960486105
3.2524511518965
3.27742468989528
3.31675485982819
3.28721679207973
3.28377036555683
3.26530423026653
3.25829734081983
3.28107324337386
3.26009155295522
3.29374431805565
3.28457356946243
3.25153361117089
3.298245377903
3.23720921879568
3.26080873729743
3.2797881556523
3.26833829516941
3.27622093363818
3.26095143460688
3.27803219339426
3.26840307378253
3.25648391771433
3.21503398934181
3.23009021584513
3.21828203557999
3.23711632817203
3.23471645862383
3.22747918703072
3.21915719067516
3.25180175752194
3.24257469216114
3.18706684231415
3.19082422607393
3.18648012702535
3.09004158469201
3.08281273873304
2.99638345549021
2.97060860686531
2.9171727817651
2.84357389459408
2.84325558872266
2.90326216111576
2.92881382004595
2.95131797005439
3.07226440620408
3.19978550372919
3.27500944006352
3.23946017523426
3.29435306218339
3.33973020184464
3.2572328760414
3.29268337411484
3.25415587705679
3.27361454271066
3.29515087856629
3.2717306795525
3.30028259570837
3.33750750734331
3.2350182310356
3.40703905877978
3.32166861598547
3.28711369381273
3.22025562726852
3.26416094794647
3.27899711555773
3.21762534243814
3.2667281951916
3.19912344814135
3.24340045039053
3.31107519672154
3.39715785725274
3.26984368758913
3.30047321758071
3.34023676935257
3.28375606999254
3.34529405976548
3.30084893899268
3.33100136888969
3.27198138283005
3.21304880570773
3.36067576352126
3.20860879688257
3.26326509536326
3.25313846218236
3.34702321799173
3.21230411189292
3.3130319229234
3.33559899517861
3.25341425748041
3.26179979833394
3.30000875080778
3.25340659571382
3.27122324600134
3.31032210311875
3.26709042224288
3.29841555108037
3.27368185818977
3.27263220926721
3.27914778530164
3.22512248586154
3.33170916793432
3.32288676569923
3.3066461454864
3.27657818973946
3.30746251957274
3.36378238683253
3.40429666244886
3.24731671078401
3.31594503337856
3.19459497723203
3.28885730526577
3.23515999965285
3.2435894402192
3.2001178485958
3.33781351534246
3.20773984536835
3.28684144912673
3.31487459403002
3.33008146800673
3.17028356932688
3.27737090873994
3.3161871718252
3.3069879033783
3.27819556093714
3.33284800556546
3.30357272100247
3.23447844786934
3.36951161099586
3.23812445167724
3.24222349293586
3.28195753722221
3.20743918962564
3.15340469065505
3.33924089856039
3.30797507370993
3.31889458627722
3.28919293583759
3.27869826399909
3.39272602259948
3.35313452379065
3.2989515906726
3.18889943898182
3.19748095616719
3.24080037117366
3.373506805964
3.28075984392518
3.14886370930621
3.26012473240706
3.25111941952747
3.24532695587663
3.11989987705443
3.07462640365856
3.44279163845168
3.29960991429063
3.23571479855087
3.33479469203771
3.31799156191044
3.30918340580975
3.24431690998072
3.28140699145159
3.28121221059923
3.32279422990033
3.15410679261325
3.35750875404108
3.32401093103935
3.40214189886015
3.24301665250017
3.27785819197344
3.24698066654462
3.22350941140226
3.32250600450707
3.15605081781641
3.36063781841871
3.27356989431167
3.25260538314895
3.40922872619833
3.14833749714903
3.21900738504808
3.49589540490999
3.50445116371696
3.17176454884236
3.27881250586074
3.18267599710237
3.21135329612104
3.24846464942493
3.36240194989968
3.1728333911794
3.13514868936891
3.33539161389973
3.24988642171679
3.00550821519454
2.93666322742668
3.43445968651887
2.82084250024045
3.11314997466923
3.40242336713095
3.36535644731946
3.84932190669447
3.94519258116517
