6.50642373749377
4.51023763518838
6.07911602492331
5.15816471700063
5.05395893986365
5.3829729995748
5.18530999497314
5.12263083814523
5.16472650352181
5.15888066097012
5.11510868901147
5.11498619174129
5.08249735073091
5.1543843752266
5.15322519663179
5.04223885288528
5.01014685291039
5.08272672963549
5.10433489757118
4.99658108890906
4.99317298581543
5.07380803268232
5.0830793662487
4.94253664356267
5.01671655746066
5.02759670001619
4.98828868764662
5.00451779520483
5.04675328043232
4.92919811879566
4.95529270504334
4.8900232020186
4.89404830564687
5.00500072932009
4.83560039013105
4.92622510306165
4.82503619255858
4.92295948641432
4.88307233685379
4.95915575793291
4.95294739444166
4.89248156369601
4.87034799132229
4.86900028808975
4.90429707287767
4.82019786123339
4.85810665730829
4.83323107310641
4.96564324124017
4.87534165974698
4.92064479789748
4.91386209942934
4.822482000184
4.95519186001097
4.9425806593918
4.91764054169699
4.86292737318579
4.8847096035022
4.87677910217261
4.8232694368354
4.79277170301702
4.84146078109756
4.86964719303013
4.89763798723628
4.76330680720792
4.86116088515635
4.78015147881467
4.78639527416783
4.86061317030921
4.82339796806442
4.78654737162526
4.81871892446887
4.8597317756268
4.84742889390995
4.86091392240806
4.83930856460709
4.80089763594677
4.85534867045888
4.93073705686848
4.8607116906633
4.85898462263567
4.94468705085923
4.87737222989061
4.79691353780406
4.67661975717974
4.86393580694759
4.73395015530979
4.79552628112236
4.90060487221392
4.87135818675848
4.78107475414392
4.83709178506885
4.83585224971037
4.82104985532637
4.8967083803221
4.84094638249474
4.83208626465013
4.79668301850712
4.66697606376261
4.85954374933769
4.84813609401236
4.96815549424243
4.77461427562435
4.79632719595981
4.76590303734315
4.824396115239
4.87131720150744
4.91910399934941
4.8089060537597
4.90325702953575
4.73123738889448
4.7242453249325
4.79246297122983
4.82082790726892
4.8748463960803
4.76947451365495
4.88036340610463
4.98031817356791
4.98448758874378
4.8969502267269
5.01463517531587
4.91747350344279
4.91741821935025
4.93879936970117
4.82913815082075
4.82283103186543
4.56908136025367
4.55032982352068
4.64824203062873
4.57845351265167
4.56056607106089
4.44339152551647
4.78929969374103
4.69300758301849
4.81190225375852
4.79919618740009
4.66360051697202
4.64122344289689
4.59606228042034
5.08113324506267
4.88237494488161
4.69193050415193
4.84872754730211
4.8106251268655
4.47704495942448
4.87954297321961
4.57902067115205
4.68760007389887
4.78447514431856
4.95897267062532
4.75985349188715
4.70954639971381
4.58876428369127
4.9898222331496
4.42364967651927
4.6290154169615
4.80921812816667
4.91189094531665
4.85247393420659
4.8452716806475
4.69998515846748
4.98609683396869
4.69663153564173
4.58266535929406
4.95424872906689
4.67870402938208
4.6827407617518
4.78018801587933
5.01484274165628
4.7563640289175
4.79882318750832
4.84488680339231
4.91304593705782
4.96609355447085
4.96694368113992
4.85018210715025
5.07809564881924
4.71006277471458
4.68348654427383
4.58481131275547
4.80007071197581
4.52913182592473
4.74756665651446
4.53477305568149
4.78971068776536
4.54547600299667
5.2203169508392
4.70721469332128
5.19660637650789
4.67280361382108
4.95333038311629
4.64188275088298
4.58312915091651
4.73635259474314
5.002169356737
4.53803842018661
4.53130269737888
4.72881275257801
4.85989646936253
4.97151435240736
5.10258436779587
5.07505398953055
4.81409094082459
4.74438942550284
4.86691106615929
4.99004449798983
4.74051812557276
4.83345821683644
4.9097367978944
4.66363383085973
5.08570681370362
4.49717403165435
4.74399435649333
5.27594338314112
4.75960999466574
4.92906575990872
5.01702081556561
4.99310808610222
4.48805208159275
4.68345278945921
4.86898775265716
4.98429477030364
4.90054778406662
5.20773506088137
4.30440932242603
4.9013583660717
4.90934744252278
4.14250119536587
5.02779380066439
4.66184716603687
4.50992024537001
4.72961497568527
5.012769008946
4.68584638259611
4.62260578459999
5.00772625345949
4.75400843485189
4.63313726951461
4.70256392256723
4.95969472458504
4.91648521925345
4.47793746259787
4.64379680034866
4.778009520461
4.95950552813369
5.17057731630122
4.84325348000674
4.93167054876268
5.03176080113226
5.19253415986869
4.78934179981173
4.88229593047421
4.7334936420011
4.27376630890661
4.9989017954897
4.49758182820165
4.89624075508881
4.57745080274523
4.54335204367406
4.44736607583399
5.32383448784507
4.8358838538655
5.05824446523908
4.64001991650613
5.23451333833895
5.25986498284306
4.70106258948269
4.91283501479584
5.09473436069731
5.0601893358082
4.72006462990064
4.79682604833844
4.56942813260792
5.28324589158832
5.38898237938987
4.46188313668457
4.79693910251743
4.70982208272866
4.61522894167958
7.24413648733565
4.21764331718222
5.4155819029176
