2.93649141595214
2.59882485127368
4.23488864968295
2.82640597170954
2.68887272226872
2.74321514380682
2.53310138263721
2.56188486068648
2.51959332373433
2.52077797300722
2.60401002559052
2.62946901332665
2.63688081968246
2.64371386232446
2.64509628826627
2.6304155718259
2.65370114248612
2.62270938352489
2.69320471049989
2.70310676131999
2.58191677090348
2.62712379186616
2.63962335015806
2.6121746389812
2.59936920753953
2.59845007773174
2.6481978187066
2.6052320030154
2.65957070690032
2.61804463212291
2.62281613243555
2.60398946892253
2.61377068479013
2.64400109774992
2.57652499199879
2.66937125914054
2.63167764089675
2.63883104960555
2.56457528064023
2.59425290314927
2.60072971992505
2.59724158073512
2.57991718220645
2.56501618863844
2.53752267406976
2.59307960976606
2.54527239938949
2.62682141084044
2.6168392915002
2.57901572883514
2.55076065096913
2.55368850447997
2.58081758618422
2.498368977024
2.58664670013351
2.58812306545703
2.57148945672961
2.56709452309113
2.49851383619368
2.55688546217434
2.60980257147141
2.5914487778662
2.61185059988613
2.54248548610332
2.56198203379071
2.59740497797732
2.57108920187543
2.56890595856494
2.53499607161023
2.55338384257304
2.57442332364618
2.56349143229625
2.56757652484231
2.52865074817792
2.55084394564043
2.54040363967542
2.56494171817373
2.58525065011876
2.53941526747505
2.5635647676111
2.48021200470037
2.54390392078852
2.51949230937739
2.5405773125453
2.55077948499883
2.59770659198634
2.55839453358779
2.54704205081555
2.62809743376075
2.52595728580099
2.55460799642074
2.52650723398559
2.4897975677789
2.53566558870573
2.51046126517721
2.54256017444176
2.60551924523417
2.54062990746222
2.59174587408731
2.47955288587207
2.538024848401
2.48266475437402
2.55030506978036
2.60397258186807
2.47170312888338
2.58816537574011
2.53622620089616
2.55178929520614
2.52331001159803
2.53225749964935
2.52546020649988
2.55526447702834
2.53569776211315
2.51996923869853
2.53217502415387
2.54682692474598
2.56660050355699
2.57344983396147
2.51885655029834
2.61777665005696
2.6126455210498
2.58692774594924
2.49626140995431
2.55237101115048
2.64851333643095
2.44424000811412
2.39324038421611
2.53700973938777
2.45699062063512
2.2992188685155
2.3619045835035
2.40925512442443
2.52592951572172
2.52486718556626
2.533989121652
2.66757775580035
2.53124098756813
2.76633277409111
2.43122290168209
2.63011168330569
2.69665589740196
2.66788933763967
2.72111085468754
2.6598310940663
2.47325153418727
2.73331256495808
2.5877339668446
2.64703992104548
2.60682731985757
2.58911890074437
2.56441671134927
2.5215143791066
2.6686659285256
2.43329117697633
2.67196554504269
2.70004205890388
2.64264365867343
2.71334495256802
2.63910643811998
2.61861201444156
2.48706913641957
2.68312294861048
2.56384907603005
2.6073954065264
2.66147690409111
2.52695250649041
2.71430961604022
2.49067345038125
2.63991545306793
2.58218364389448
2.72169172190478
2.43809365611835
2.55876311174636
2.7349078368319
2.32545619209438
2.65754364587029
2.57056559981333
2.69628169388685
2.5552029469575
2.62283098515925
2.61059605787637
2.64293877748
2.75816582364334
2.56720363256323
2.5466780778112
2.63496106582765
2.66307900771907
2.49879300629393
2.56577223203779
2.74237629339445
2.5420935869265
2.63781491564507
2.6096318895874
2.53278668792338
2.62166548770134
2.59120375839016
2.65659092504928
2.5279960561771
2.62705123757772
2.29906584226267
2.60909228264321
2.46155630121379
2.61242611557663
2.65168889461371
2.74912839689156
2.47240528732351
2.70177802568418
2.65683647742987
2.56633548686318
2.60117936379127
2.63294885900725
2.5895977563639
2.74541657867374
2.59287223292087
2.41634653057928
2.34389785728194
2.61022131546706
2.51855772297246
2.42032987593738
2.69342281634514
2.60704890986741
2.50912614865052
2.54745531246517
2.62000396520262
2.72997189633299
2.78121560886915
2.52336891752751
2.3710918054986
2.63594806815063
2.46057939013846
2.5693238401137
2.87570221420428
2.55016422422089
2.63285158044269
2.72370379366631
2.52918065170521
2.4132034147071
2.42831898489744
2.82690352672267
2.4813761275107
2.68398135900078
2.5652162210304
2.57607914991013
2.46000425980879
2.6974607055358
2.68426198169646
2.33337006214453
2.6196093376112
2.5909618410289
2.81848533846554
2.44440640394317
2.83436982606317
2.35825067915145
2.84389776889706
2.73085579540664
2.33358035653135
2.59230684940712
2.65210335158796
2.58478414306622
2.53734355111611
2.63455133314964
2.79223652426838
2.62498420836192
2.71235403609648
3.17838577268537
2.80741550425099
2.78301161292637
2.36351515366103
2.75076837842578
2.24212572835423
2.83847018323882
3.06726077927924
2.76141242314105
2.67041026820061
2.75955223570754
2.52275093279176
2.65313604894014
3.47647371418267
2.83608325042971
2.32343080421102
2.97525081538974
3.96096610810275
2.15166320577144
4.17444273124763
1.08791671733076
