4.11848058037008
3.72105397302515
4.02884385805432
3.78405847555706
3.80898028755575
4.18106847425927
3.81463168632154
3.77414556044553
3.91182729817618
3.68068205165844
4.03080461829593
3.9224691052061
4.11798700456268
3.70710400520084
3.73357558303
3.96521996564343
3.83942676611597
3.69678863478322
3.60211832270058
3.53841435672887
4.25077640474511
3.69366259785623
3.72188371184625
3.84430345180116
3.64067221291269
3.70590386693614
3.46361239096678
3.89886831887435
3.68892782846593
4.14133936453176
3.66132899260178
4.0448397302195
3.7142421747781
3.6186498974938
3.7160831338838
3.83934605409728
3.5276919143368
3.91508775846069
3.37564457044181
3.86468890092765
3.57523945383147
3.97148348648989
3.67286742006178
4.1962480700231
3.61965561508464
3.57742112981926
3.44089945721396
3.26511953986822
3.46704202451587
3.79054733202387
3.70293809689952
3.66732645670802
3.39260599129393
3.31051901376079
3.31399942919374
4.21487965448582
3.95193262785716
3.31539973438292
3.68343763972251
3.98810716508892
3.82106772118815
3.73898237468462
3.56623377842704
4.47886116313687
3.5095942940255
4.0948520665898
3.35932253229319
3.74366277474529
3.85604749660622
3.40496210897361
4.21462806734265
3.89881454446219
3.6981770742186
3.50587316845262
3.61967581403348
3.26381224268821
3.92504791482496
3.92829656441829
3.48688077178504
4.09737373674676
3.31807341832801
3.41165763608562
3.68250298769057
4.35715801442912
3.5171553239998
3.50098025428315
3.28975595656535
3.74109948036413
3.43501708673109
3.39703839187865
3.46139455398758
3.49130865104234
4.03361707380883
3.17880940277175
3.41796216704876
3.60359378510578
4.65723206850108
3.89513949499014
3.54087544527231
3.83540641719916
2.86656801609211
3.63782597994136
3.89810450202774
3.45580099298354
3.45482794850127
3.8522777894118
3.36794526900452
4.00073704130026
3.6082837408616
3.51778006522402
3.90568043586622
3.47518787565515
3.48252728787397
3.78883503240605
3.75422840176196
3.76568572807661
3.76035139083792
3.50244301984012
3.48282809548047
4.6692098599482
3.38093644089772
3.47369655107251
3.46988430600854
4.28671671631964
3.62616425736109
3.3320130630693
3.258478241722
3.35856604890931
4.14944511207603
3.29240871512156
3.75615131004148
3.63022368380724
3.45392498523778
3.42929723344662
3.30703719671473
4.11691468187041
3.88676311449655
3.45347005378245
3.4048832750661
3.49249432294389
4.59419106508539
4.01499286917418
3.4273367328141
3.77373388146746
3.93092758839849
3.17176170215153
3.29504279727353
3.49896748431067
3.4036359766774
3.78408926219032
4.23244541928377
3.66122490689191
4.1767034155468
3.23943301853364
3.9372713053178
3.45602021535418
3.64339036250252
3.64524894650695
4.06196138744538
3.38404206793194
3.26164156833677
3.9918994036403
3.41660196069754
3.22008595537777
3.5403636198187
3.57119932961332
3.27684176127061
3.59228764991861
3.39105446278567
3.36364118519706
3.3570368981466
3.50666307192145
3.68461143793524
3.49590076804567
3.22720582867194
3.34917463324311
3.76998041006303
3.4041663405584
3.45533871638544
3.83896276951295
3.20123587898138
3.39450347621037
3.62225368240487
3.34148611966753
3.48117364447525
3.24353403914507
3.83787984791129
3.39250297265478
3.71823455478363
3.47802334227966
3.55247846331066
3.249410623931
3.3916567936263
3.53001397505433
3.68065395127318
3.08553498275064
3.4462158729252
4.62310109886454
3.18452536494613
3.80252383374292
3.61334766382959
3.33066062778183
3.35729808465792
3.11587245638384
3.39509631210057
3.73305221596769
3.99394654047565
3.56591472921049
3.19391485734168
3.65883525446894
3.59910177102039
3.5668660910232
3.50763903115392
3.21622232625022
3.47964316157216
3.50155595479043
3.54495189228366
3.97667792390558
3.51288643145843
4.61736631336363
2.86747712386798
3.281925868544
3.34775850297593
3.61300893274667
3.3370760699649
3.52985380045367
3.55014287173569
3.38201753560963
3.37287892271683
3.62408058953447
3.47432082984563
3.48208296462809
3.33147316180685
3.60567852139321
3.53558750437028
3.61352254038785
3.85362536965011
3.54929764933865
3.49105847528926
3.72857922413263
4.02859647169857
3.24700176130249
3.21622836385346
3.35532867651771
3.79558881631156
3.43865973291521
3.97939086151082
3.48968698686219
4.00815470967404
3.4133720794588
3.99461536368232
3.32317508389017
3.46338782885077
3.92089770830812
3.84312860446947
3.72922296045157
3.47939235771565
2.98456805134606
3.3434399432295
3.44333675182853
3.1824757130088
3.4548403759746
3.07451662393353
3.3772843962499
4.28984073275761
3.81236451770751
3.4933605983076
3.47984444554966
3.41226451632739
3.24767076278039
3.42874534460216
3.04517134031231
3.86924630846666
3.42693965527074
3.60328239348123
3.53535301335979
3.36767194764842
4.1037903452516
3.57697173530317
4.20800634985011
3.43003705079763
3.08440296349394
3.31194415899963
3.32295555932999
3.25240461065134
3.46288724159213
3.60665376078194
3.48129385589094
3.32244804224691
3.29752395890205
3.3688006946784
3.31931831586626
3.56254238469504
3.2480840640096
3.40308787884
3.31865183191164
3.73347759271047
3.57121713373894
3.47981503448986
3.07357918938718
4.08011040976021
3.57835179090872
3.77466708881386
3.16894179930357
3.80979074627862
3.44907134783877
3.40541454486744
3.45410307152565
3.4139262053627
3.49148429145348
2.98969920864561
3.34045374797611
3.36701823373113
3.28262931165469
3.61417988958839
3.70340384913028
3.73305794714964
3.48285247540029
3.77214325263807
3.13643878575288
4.5007432641665
3.70620758020359
3.48891321962372
3.70022621533625
3.25281494167833
3.31830308122158
3.52493874623347
3.30582906354208
3.24955508636792
3.44451171677646
3.29918218019539
3.25424708617406
3.96342917877491
3.57997250979244
3.00581785979632
4.15773790879201
3.55288620921709
3.22905987556746
3.51210599444155
3.38989546058016
3.50398316055997
3.04348662237499
3.40956988312917
3.21903938056693
3.41803370870168
4.16231697181674
3.66392337995572
3.0649933179207
3.84335438299894
3.70061490580465
2.88739472711788
3.44378145909645
3.56373412076424
3.37286973651584
3.24869322037728
3.97118045003822
3.30041863077079
3.43236905672894
3.83310671932876
3.63448969448136
3.50386819887048
3.73106404514898
3.06847214760062
3.21331661593142
3.73160275591247
3.65754451581424
3.46394973348893
3.91105460786476
3.74724064196097
3.30874998428905
3.40765423762506
3.28589089253073
2.88271159565961
3.57545811146969
3.52204311676497
3.12104890880343
3.39269150557593
3.1809271283291
3.30549786521902
3.50166265789527
3.32888418869404
3.24601172374184
3.56077611273936
3.64610060684314
3.41732463478604
3.83649798941693
3.47805122453464
3.65633534110754
3.57577478269141
3.41385669852752
3.75457163756102
3.18673329544687
3.52085032980075
3.32330114208245
3.92755973264836
3.20927980590499
3.87630558983159
3.19943049615388
3.28265777139616
3.2783292937124
3.43432521014591
3.54509078492975
3.2159848930985
3.40632669174585
4.17377558229084
3.70367039711408
3.27517033686714
4.16062181648315
3.47302578557404
3.47314482879098
3.51233053242699
3.50494154439241
3.95736082009525
3.58955930314734
3.47720953641605
3.38355282569625
3.29691774094028
3.3853918957775
3.63793686042199
3.4964005885445
3.48114768086557
4.30790340400602
3.11850892051324
3.28709014112204
3.70538480742975
4.35625339330179
3.18801157790649
4.09212867068276
3.30767298836767
3.38554102315239
3.71884013918825
3.45918535120032
3.48169036151083
3.00754899409223
4.07678869502721
3.46238522775289
3.23602312010604
3.64046772366318
3.77187304664336
3.54811372787083
3.50206480236574
3.67841107019381
3.1981128387355
3.23119228672116
3.08239838852667
3.6397603688006
3.3814778500871
3.30304097938623
3.46358276875025
3.45338408792965
3.21873541160006
3.38947077343864
3.36386591979943
3.43369643220229
3.30908345803902
3.31612935509664
3.29389881221701
3.17322729074786
4.04116518555231
3.58784064908439
3.58541842493659
3.29204911091438
3.8302355049819
3.5083783102885
3.49753074887536
3.23050300666634
3.10087711874567
3.59071759865714
3.54803828865282
3.64611945594618
3.86245693520253
3.46871019867006
3.34758738692434
3.37818572828378
2.95734268605195
3.65467777665874
3.43271440760233
4.02829541507716
3.24162019910523
3.23218053192374
3.59975202583903
3.59515211051298
3.44613924082423
3.58278319759441
3.49856349585972
3.53588089823743
3.56416272763065
3.63855811383446
3.50405912774466
3.5775836578123
3.46908138258062
3.60851262782443
3.0260076442626
3.28990573247063
3.93082798782879
3.35824156007168
3.50909228934082
3.59039094710833
3.26099250879715
3.14334640965115
3.38308519014389
2.79159111078414
3.28863019695393
3.39631246893961
3.22503246712619
3.6188531465471
3.34245436720634
3.43714729097545
3.23622931490801
3.4505750112832
3.18926238206302
3.13929534469911
3.64713719918178
3.28833160154281
3.91975568601994
3.32895393429259
4.17330692401923
3.27948571700152
3.21983380523357
3.39217780587706
3.27354768852088
3.22801548581347
3.488309649292
3.40724915458823
3.68613001025499
3.5374460993325
3.16850162195972
4.27652650749644
3.260403018054
3.16906007047895
3.65465189977795
3.46561133616873
3.93572110267376
3.29721539153211
3.47555350923875
3.88175192420954
3.80790937830261
3.97476114068281
3.92302593518252
3.39184013491335
3.22114370026388
3.06596120939851
3.51566890029176
3.38701401136535
3.40117137164308
3.28670951215718
3.38997258319634
3.4690873544176
3.79929225646341
3.58848233168817
3.30101977779112
3.47048830973159
4.42900231371431
3.31289902229352
3.49674348582232
3.47124432744308
3.35335313623588
2.98970429490609
3.66802897562036
3.83877915967495
3.24953567600826
3.40586017528504
3.62318644357996
3.90870314484812
3.83951837256627
3.33899692013255
3.28750826130157
3.59343603816681
3.57846348413596
3.66566407528972
3.57975713854135
3.7580532013251
3.54390533978236
3.73238056463467
3.27182870683504
3.42300842337494
3.27295887526326
3.35269804134805
3.0351268839093
3.47112304062595
3.34012687083017
4.04287398992219
3.33958695520702
3.62838850702494
3.63927924809622
3.79583241915488
3.56445161864198
3.2402560913714
3.92603534297405
3.23730299331076
3.00165054648047
3.35306333824548
3.30431939160221
4.03478845598
3.93521615310938
3.39106978883499
3.52271136426106
3.29981149483833
3.27313989155716
4.12239886015287
3.15566448471476
3.79655354039438
3.25369897088155
3.43066753859225
3.35757036568077
3.50998926294454
3.25354834534599
3.31512148505665
3.27658814436609
3.78793814292982
3.23803219015185
3.26982882709029
3.87726665841058
3.16225613579212
3.71708420231104
3.25932278273799
3.34141073083723
3.39242507089793
3.01869443690108
3.38428078849631
3.57411830667685
3.64412174163078
3.37635222372904
3.13347598133276
3.60804389118165
3.50885148422093
3.24407337533775
3.66175420088291
3.59786200060269
2.96726575095716
3.49622968135123
3.96862139284965
3.57099504429779
3.10654505539513
3.14130356686886
3.23712283128661
3.18260322810776
3.40738690984052
3.30873161725291
3.2592427578278
3.12129515516149
3.36981443438126
3.87775108886679
3.44385039950382
2.80695706839804
3.73843759916393
3.20622060640148
3.02054292687122
3.01844548518747
3.17316608566085
3.35331906145024
3.25878364094434
3.17472711771593
3.4232826662975
3.72412427321577
3.04818368900855
3.05161912767471
3.30548707408964
3.43839899594744
3.26007035438608
3.55060551579505
3.12223065760137
3.45113058497307
3.94330301250085
3.27731175205565
3.36613365568961
3.31112297145279
3.05061200917886
3.33220112337355
3.50825215718667
3.15667565123214
3.17949659421293
3.5314450106733
3.29968677487447
3.69373918820926
3.53464507552585
4.60219363809878
3.79534009994612
3.24735896617013
3.37644372049365
4.06266115027413
3.34054567545006
3.36884805759041
3.29947778186717
3.49077730456817
3.34105206757668
2.94024604564801
3.28181484472441
3.18800766111177
3.42719017158188
3.2066046572576
3.16875845495236
4.10862570642711
3.58894482711167
3.15310947859819
3.31814629362191
3.20322068111518
3.03264052633676
3.41962418133394
3.07376206040334
3.08318546001083
3.44312600482732
3.45359558808859
3.39672298109943
3.69699870518786
3.28652160873472
3.17040252785863
3.44229157488664
2.99087348979159
3.11654147985807
3.33605944951666
3.43586873629179
2.95081057407901
3.06802245649028
3.4922293782412
3.36744897355682
2.88481470909839
3.26663103613617
3.17748739962762
3.44272842030445
3.37933396492283
3.36401612073625
3.82114725339352
3.14963648047008
3.71678871961073
3.3060110122705
3.39449980418721
3.31985588587586
3.37988980323872
4.61336996145901
3.53875825922557
3.27712298974958
3.1306440213794
3.38983632465367
2.92805007730424
3.42401852785732
3.28671131507686
3.3368844536388
3.31971092759473
3.2161464956427
3.23343440069596
2.80891452020868
3.45422644561941
3.54230517872991
3.43755600475256
3.29583597289869
3.86555809951939
3.45629392984629
3.52681920492486
3.44171180969545
2.95194261921734
3.15203031820758
3.24127595301469
3.2582085866627
2.49649848846859
3.00500614179012
3.06138775777339
3.16570744658597
3.21859531331569
3.75680949042694
3.00058054986264
3.30947734101193
3.12441546148872
3.57288976202141
3.22770478377144
3.46980292560666
3.17647972670251
3.29180352101446
3.35817406073393
3.38326615583762
3.98593546811555
3.99668750675243
2.96403933687664
3.5779624512152
3.64512523127513
3.66737626641587
3.19232957279872
3.27606800145384
3.84671546338579
3.15723296059947
3.13587555226155
3.14659347493931
3.53718017666887
3.90415121764623
3.09811648579141
3.38499424698069
3.16645895267981
3.49581570627254
4.01911837220848
3.51901984162987
3.64886373159571
3.68456746230097
3.01117866459729
3.01097517031938
3.36280139498323
3.87679520876801
3.06341705094126
3.34148435539046
3.11514697595075
3.41055525976081
3.36179144754366
3.53164416748297
3.28136723883819
3.26157930600715
3.44871980323014
3.55531467166551
3.44803188199752
3.79371755715149
3.96228997561842
3.32694151478531
3.97649169175833
3.06875099105284
2.94595268059853
3.32545965608588
3.5452428170869
3.66340352256235
3.42675773664191
3.28151418292489
3.51534855861699
3.48732346470219
3.25991623977149
3.33735918061869
3.43123938551141
3.23731258887752
3.82792779529444
3.19163272434699
3.3860645621531
3.43172552305969
3.3829682707701
4.21990936987767
3.34273802166128
3.91370394965835
3.42099438549834
3.50298231109696
3.44315820700316
3.4369419820969
3.58641730362149
3.53922841338939
3.79968731647788
3.60741088513622
3.52052088109172
4.41255010786521
3.05298479427998
3.09949519121825
3.16834614156043
3.69093256551037
3.06435632279051
3.21682325840363
3.88688484419093
3.06529965757751
3.42799074256395
3.42582945844027
3.02980688505539
3.43512594196858
3.097721625779
3.61924929495913
3.30195469475656
3.1623531057596
3.76414842465657
3.29190030679882
3.2268231082194
3.97712349372008
3.1700983451999
3.67379926588521
3.34723021628409
3.9456100093323
3.4379053900109
3.11742276072397
3.62750753750074
4.24758177965465
3.78297840427952
3.04467531677349
3.5101912613466
3.29553964769802
3.0891972754931
3.16080923403877
3.61191448212115
3.71573545371747
4.08696147885794
3.21236082652841
3.57016856876215
3.38221247677487
3.94263987318655
3.22940121688267
3.58820571981996
3.29262767669744
3.53829378476734
3.40596173943362
3.39599226969243
4.28227236842467
3.2035793364909
3.40082248047637
3.37606024219599
3.2724389312918
3.36431759294461
3.80639018748644
3.08902786133581
3.72422251030918
3.17659229990594
3.42679290120106
3.89314586173995
3.38284801372161
3.21943691417299
4.51275093563589
4.05008820606467
3.37099058562462
4.53006849123394
3.09976512877381
3.23594602508551
3.5465700275359
3.66071584104996
3.74793882337704
3.32147601443795
3.68742839965437
3.91943519017039
3.26642243407579
3.5831587013747
3.47841937487887
3.20385379129856
3.01229851641086
3.23062789809957
3.37648431605171
3.12225107953405
3.71457900178024
3.13222195331365
3.22565832848357
3.48806236589074
3.32216299861457
3.34226655635555
3.50825573000875
3.13688810090631
3.4652615945534
3.3830550009118
3.73562778829772
2.94380937873838
3.29458621578994
3.24798278351645
3.27399604845462
3.31748497650482
3.12216018790093
3.22565535469473
3.74109159488021
3.45985457192419
3.32330014838896
3.23209685902096
3.16841863575395
3.20444006540591
3.24731430811974
3.56417991518025
3.56470979807478
4.2657833047537
3.66979415988101
3.09391354981277
3.72066028959318
2.73523682827413
3.56015967537953
3.34305430552778
3.21028750443667
3.49353882665436
3.35927759224079
2.96679047769876
3.4823508908936
3.69889565650296
3.31853042907663
3.37729313573122
3.23460167852146
3.28340628846726
3.31592382530193
3.1464799296043
3.2519553009396
3.47682040358832
3.26603473842994
3.90327677115081
3.27594191504786
3.16847704841549
3.56733991508487
3.32818503548739
3.29230104980624
3.45017485193143
2.97452662165432
3.42249921300237
3.34046206867747
3.06474866458445
3.29748253642347
3.24475645844082
4.31238519883703
3.31341995132809
3.18289209662035
3.33846892078573
3.22345761945662
3.33437898821278
3.20957202295437
3.82882821663421
3.30066502783528
3.07861302873899
3.51903219854056
3.26870099805637
3.62244399947786
3.91510394755043
3.26418007207778
