4.61298010820235
2.76454677123309
4.78155886864658
3.66247381032972
3.49419800023221
3.46129360689123
3.2706080769088
3.25998207977341
3.2387230333734
3.21205784403001
3.24832282510307
3.29754210271823
3.29377204222321
3.28860242387257
3.30431384117925
3.2858570263984
3.30693177116656
3.28187441870568
3.31611376567254
3.31437964126633
3.29798296337064
3.31585608262313
3.3228864095576
3.29270173684603
3.29595684260778
3.30199087661345
3.31474748214893
3.29644009742198
3.31979954843311
3.29977021365095
3.29596146017866
3.27153197198954
3.28083785043551
3.31163017425387
3.29542181489625
3.31081798023695
3.30345678363981
3.32899543894299
3.29828867979493
3.30595754951336
3.2938917627402
3.30370335552615
3.28595254432302
3.29655132559144
3.27091865796739
3.27573534842392
3.27426416305242
3.33008256476554
3.29376069329768
3.28892932891724
3.28392673714491
3.26908397742514
3.30232332361004
3.29766417999929
3.28934895657
3.29478276549208
3.26735638737048
3.29820053999059
3.24503406483974
3.27778455333353
3.29836495696565
3.28827727335726
3.28468938068464
3.30327119928713
3.29411866614112
3.29619627320991
3.27362374100294
3.29847854797169
3.27482210632405
3.27845475249768
3.31283837151837
3.27521342284871
3.28410568870376
3.28008138709933
3.29339934688637
3.25620296830836
3.31385051836819
3.31104988625966
3.3059879987564
3.28804782335455
3.26364579267157
3.27141516366413
3.23314634486444
3.25783097690163
3.27051250523445
3.29247796532818
3.26804020633057
3.27347449908469
3.32316897871985
3.27685386889205
3.28752740902527
3.26922464837679
3.26175086192028
3.27294541176525
3.27433084451144
3.29272722069037
3.27685459109017
3.25069154878473
3.29951429766723
3.23607584516765
3.27144362618887
3.26494330279083
3.25819689938776
3.29111914070402
3.27089499755956
3.28487752104914
3.27562023915756
3.25192281581521
3.21889812305535
3.24279456375258
3.23333042835241
3.24470115357137
3.23035070274616
3.23218581699164
3.21654772000829
3.2600193664732
3.24494097827581
3.20226623184152
3.22069171883365
3.18267743272118
3.1043371246469
3.08592137682231
2.99271006994776
2.95974449275087
2.9276412451026
2.83883588540298
2.85887382071466
2.91413503555151
2.92422831329423
2.96585078256663
3.08257827332502
3.20336012539182
3.29006175733392
3.257623949762
3.30281295293902
3.3537760895883
3.2717062252404
3.30962053319673
3.27742469454659
3.28135173033355
3.29866662756939
3.25946392656446
3.31472624761263
3.33203925329858
3.23506966042507
3.40249904734859
3.34465057537564
3.28719059678131
3.24636041607926
3.28200090578783
3.24530071812762
3.18276314326045
3.27875283784985
3.24253193443589
3.26321085738416
3.27820008099681
3.39944535425173
3.24724785234495
3.32141205737917
3.31311963351503
3.2456279141966
3.34281757416868
3.30266324381453
3.32718646591424
3.27191620768676
3.25386637776707
3.35610175695708
3.20326625391723
3.26552151334158
3.24270874101611
3.34942635643944
3.19875420932751
3.30981796673264
3.34044292888085
3.27086991049654
3.26656102274784
3.30345636303958
3.24114069977424
3.28990114044994
3.33509312496839
3.2646970743337
3.2790173919072
3.25132894854017
3.25876740206682
3.28558137298762
3.2580938202879
3.32431445330126
3.33020981604001
3.3281646748884
3.29393415086838
3.33693290003804
3.36988058146929
3.39095237188488
3.28038372475841
3.30918279473293
3.24709515127443
3.29571765006781
3.2687211002567
3.2206224036736
3.21477073301558
3.39374465483891
3.23885159557046
3.32260216073599
3.34451291434191
3.35234952783477
3.1549637904022
3.26967439757283
3.28445259629112
3.29027792271447
3.27702827197167
3.35884885431852
3.30593474879104
3.24710841384612
3.33589434989088
3.27065978566844
3.27243968110259
3.28761396112651
3.19125990448686
3.17500499450912
3.31665605052516
3.32224554631786
3.30342491986906
3.31582715659481
3.29242367550539
3.3790924147292
3.3589938188836
3.30699237831507
3.15473189502991
3.20658043836914
3.27037462449841
3.3913953512745
3.28607113630793
3.19225083372701
3.26499299544047
3.24295946665545
3.20729157540419
3.12746037837166
3.07564162528505
3.45833647999396
3.31783933796722
3.19176871237117
3.28731632192326
3.31090552409638
3.30481938360191
3.22623198944921
3.27484106123337
3.32851781618675
3.34965079483819
3.18521109879899
3.34003681919482
3.32566302503626
3.39432541722219
3.18102197407179
3.32082533068135
3.25133926107264
3.13986727770992
3.3209392852474
3.20833123837994
3.35030129109687
3.24285375892481
3.25103566281748
3.40887531990742
3.14608139244607
3.28777090106702
3.47584543836347
3.53216407606849
3.1738402212691
3.29821338713829
3.19906689301195
3.25230846635936
3.22092611949943
3.32233098634735
3.18993825488803
3.15158989513904
3.34125506466316
3.24263817498914
3.10370102577188
2.90841158387183
3.40800622146058
2.9932569202682
3.06001725499246
3.26596957931654
3.36535644731946
3.84932190669447
3.94519258116517
