4.03553453583866
3.8209024500692
3.57235530993864
3.62979221783855
3.55295188546161
3.52205496455829
3.54756978826747
3.52265684374609
3.5125879352706
3.52615612360461
3.515089081597
3.50116711634956
3.49751410193582
3.49702598345246
3.48714670509286
3.48731445178108
3.48190573587944
3.47631156332929
3.47374962023389
3.46043940847923
3.45429300466726
3.44289268885038
3.45237268022663
3.45510026677724
3.44463036302997
3.44731849688327
3.4399557665799
3.43795212238897
3.42153527780346
3.42488202433433
3.42451018774916
3.41842804670015
3.39533467361451
3.40339559304731
3.40133115295144
3.39754076622377
3.38630594489386
3.38168927532411
3.38310624783694
3.3792690356179
3.39150208115041
3.39133507982341
3.4030613120639
3.39179581312501
3.3818960882031
3.38398270179015
3.37392305364778
3.37915554711409
3.37821484845886
3.38970735242595
3.37690089495554
3.3740401041796
3.37765671258331
3.37677710638362
3.38692877519302
3.37735318338643
3.39362323464948
3.38147210825655
3.38470749742589
3.38092142638006
3.37438826620791
3.36830475335727
3.37368024484672
3.37788928588062
3.37624250003048
3.37288261563559
3.37422180237064
3.36019329882643
3.36470856953542
3.37330204323974
3.38218454672111
3.38065820876064
3.37198761798712
3.37890217911087
3.37708156053753
3.38279315052701
3.37455363052337
3.36725400273206
3.37275968855996
3.39292972887061
3.36749366971109
3.37906161966555
3.39147815715598
3.40943236956577
3.39041904514231
3.37102518678102
3.38595290944195
3.37433634536827
3.37065762089595
3.37907402952788
3.37897731735402
3.37066993889418
3.37884851928286
3.37362199409376
3.37230814958016
3.38465568558849
3.378375365097
3.37307887608261
3.36471029744143
3.36217996671805
3.37426777799691
3.38291666513513
3.37969257034496
3.36131657867652
3.36347503640102
3.35770677933564
3.37051384593097
3.37588211578021
3.38564960954721
3.37723067925375
3.39546804573732
3.37602407960582
3.37695833782237
3.37051032045526
3.38498228368272
3.36967668595489
3.37621501045196
3.38391248673094
3.38829289388515
3.37484313235773
3.38444872061807
3.3979656615285
3.37661182327078
3.39353368814774
3.389697877769
3.39599619149276
3.36915460914768
3.36641904594971
3.36623466846315
3.36136844822712
3.34753304098154
3.35605607875789
3.37436228253209
3.371437664846
3.3864451668598
3.37588670969443
3.38496796690987
3.34664877211556
3.33199786281582
3.36398104578075
3.41056311221608
3.41017386167346
3.35473206882251
3.41137034302666
3.38071021968924
3.3669356352773
3.37163103269337
3.37675302606187
3.33914287712448
3.35537448084534
3.36378945155034
3.34393935844181
3.33832738306519
3.36348034943056
3.38329968034234
3.32489377083826
3.35012716765916
3.37771362970975
3.38450307586457
3.35539651571913
3.35979606581807
3.3868700257574
3.37806504218007
3.39179667525384
3.35113219193469
3.34732598270517
3.38088857218393
3.35261210806552
3.35127283622438
3.38237042199771
3.35194717195324
3.39531610631053
3.40463033369527
3.37916372051598
3.40801742320768
3.36503812324697
3.40959538749474
3.39298878235599
3.39232192074069
3.3553950354233
3.39015836513876
3.34686914309285
3.31822116446397
3.35705757443916
3.37673430033188
3.36792984156051
3.35551289142904
3.37143929326464
3.41650214321688
3.42010937833632
3.34931962290327
3.41537480010422
3.36700873975866
3.35985000519509
3.34248756725492
3.36776290246674
3.34577506295586
3.35135118425202
3.33256429533177
3.34244184069534
3.35575151991709
3.39256701383625
3.37779920213096
3.36387761688554
3.36243179050836
3.3794000484878
3.34608391304239
3.35564762648223
3.41693675927993
3.3852666420284
3.34156062403577
3.38276996617813
3.31692833863283
3.34606917879841
3.42549170585136
3.34199056391428
3.3812648264898
3.42381876963184
3.41433516053998
3.34181379405237
3.32424382997552
3.37160928364733
3.3814440121664
3.35544029589322
3.38258186063128
3.33406038831855
3.40283639273392
3.42023707650642
3.28916580709224
3.28212734058847
3.38221539425931
3.3195921041568
3.32352756857636
3.355731454516
3.35731506898482
3.37872700684725
3.38704088682011
3.39848234171179
3.41080429671262
3.32907383528263
3.38793590014903
3.35817957663325
3.35197190082698
3.35967381629225
3.39527953958621
3.38552887790255
3.4008681102096
3.3727147400911
3.31769867259097
3.35192124386257
3.40050267356046
3.3276459867658
3.30660503027782
3.32767284333676
3.36178753124867
3.34870664413588
3.30409853532304
3.32620649322361
3.28932060490011
3.32065947458022
3.32167250771784
3.33682800462443
3.36013075619282
3.36505023002654
3.33246833943469
3.43153170761378
3.45367793855977
3.45060598216108
3.43278305294241
3.43849744865682
3.41255455732568
3.3142220128112
3.3911441634397
3.28209460171335
3.44269269864215
3.4177936626969
3.47225364848518
3.28902920028367
3.24089769028601
3.37672479934617
3.44242394954906
3.49356556602388
3.96992648317461
3.60169078717596
3.6751615611557
3.35275633225959
3.1099912176758
3.52651593860204
3.17501271553892
