4.03527568851504
3.8002035985122
3.57120773259415
3.60065098774792
3.53502548552829
3.52570751616832
3.55450293962301
3.53130740962374
3.49898302945734
3.52114647511459
3.52067590507501
3.51108520366192
3.50736580506381
3.48597948753889
3.49236329667595
3.49690613115303
3.47127959607041
3.46404432951058
3.47417494218782
3.46504943774294
3.4503787930093
3.44012007339347
3.45333948872567
3.4480352536885
3.42502178745659
3.43805257413166
3.42703288483764
3.41211043351634
3.44451258051839
3.43102161077536
3.41506752529985
3.4004926596154
3.39279501349508
3.39702272892285
3.3976100214847
3.39172325935589
3.36610079082142
3.37308105711602
3.40704780067199
3.38244148776454
3.38780604947315
3.39375619819598
3.39489362269467
3.38783976745731
3.37907234901743
3.38831637489509
3.35963917209389
3.37066483911283
3.36231630538241
3.35264025019353
3.34234990807341
3.35529667250327
3.38234599572908
3.36158282155401
3.38015902812399
3.37711248518269
3.39350932101266
3.36670414137448
3.40401152412842
3.37982548293193
3.36686903672632
3.39352450582398
3.37296012816003
3.38211397353485
3.36647895484962
3.3470160404141
3.35285421343379
3.34886204280016
3.33524878021829
3.35651351186817
3.37524464518359
3.35411232358174
3.36496751793075
3.3608104742723
3.35519906474579
3.37931278883558
3.37914842255008
3.36087009082417
3.36038012251165
3.38836771573687
3.36269650302186
3.3498055050534
3.40172111863664
3.41951000082735
3.37962242860851
3.35961678727632
3.36930430818677
3.37461050862777
3.34344833777457
3.37034400803958
3.38584486185429
3.37418733085025
3.3948903452024
3.38786845741208
3.38107834471406
3.39163684414997
3.39716108002821
3.36254704111206
3.33436670802474
3.3517193039068
3.36949527466455
3.35204204624698
3.39555953725274
3.36889593219137
3.36121118132521
3.35371242509687
3.38707068143461
3.38071484895215
3.36872560412222
3.36255135821566
3.37494291523751
3.3689293779008
3.36442244422541
3.35776368021165
3.39547211923348
3.39983643490299
3.39718760253267
3.38068339112866
3.4515967543364
3.41315674633491
3.36689581315524
3.39176237021954
3.37653823525514
3.42724004318737
3.43211394709226
3.41453898094399
3.39211148131819
3.38437783587251
3.36807964291362
3.38685231180904
3.37607523960573
3.37605370275427
3.39280473272977
3.39641762235586
3.34521849414223
3.35574278011578
3.39703515949952
3.3740907104613
3.32186800010221
3.33707513851373
3.46879150413594
3.4364783922612
3.39307415946209
3.39757525533996
3.4067411948444
3.37027113054967
3.45933437905789
3.37277164666436
3.33896653465297
3.39235295687243
3.42321259040032
3.38716560312289
3.41442760203258
3.3767051879686
3.38009865823963
3.30358134658009
3.32350172585932
3.32135438558702
3.41183544893827
3.35604628572706
3.36214108551484
3.36258127542411
3.41591054692919
3.34977196309199
3.36942374513238
3.40980639692943
3.30068093009457
3.37972688224478
3.3561046108001
3.31739405178766
3.30961802982949
3.35014010858085
3.39077158501355
3.36615798687712
3.40244092174554
3.37395290626795
3.39750490707487
3.45652513286374
3.44634642393713
3.39084627457274
3.37654510285948
3.33589747898078
3.28468869971146
3.32218919981051
3.34180940321437
3.38987777209189
3.3369547881357
3.49219954208638
3.44982225487462
3.46673048390486
3.33469742054499
3.41146788843735
3.31328632534317
3.28001302005543
3.32514302555812
3.33430767199132
3.25667323002028
3.17308396511832
3.33002480372446
3.27896115701827
3.32481461655098
3.37725129311838
3.41912185308105
3.37310028823215
3.41875730955438
3.43838723561877
3.48047149572874
3.41625686641104
3.47232387442951
3.41574686406309
3.38366926921399
3.41830169744966
3.28057600581377
3.30871678911425
3.42938414745525
3.30416480920308
3.36286105257746
3.33312118976535
3.34190720305994
3.28339895151464
3.35601872679332
3.36754270244674
3.44580758791042
3.46076608492412
3.48660775940246
3.2902824702546
3.39447071548333
3.45778068652562
3.31981055824947
3.35181716164183
3.34289446945251
3.31043199139382
3.26298512667515
3.41461769741911
3.39396833458875
3.3124495082193
3.38558333863318
3.30293179589424
3.32787086392062
3.34510039239417
3.40544480821817
3.28116175361319
3.29618124185748
3.24011877435564
3.30899677530555
3.40230681631291
3.36270130940399
3.38588235555376
3.42587896155961
3.40022396259779
3.50699986206616
3.46043952752027
3.34262030813242
3.34977150820144
3.38560740745472
3.31630836409315
3.43204311621311
3.28088873001514
3.35903592365169
3.17750728123918
3.2566904965969
3.46756968363025
3.40029457564306
3.22936213764304
3.31972017936523
3.36122502324014
3.55388157865443
3.39407720519751
3.3459619909777
3.36702576823724
3.29946109140996
3.19865675428509
3.31394479375365
3.2665480826941
3.32749173244313
3.3341418240481
3.51919593758823
3.26037285374876
3.19676308031503
3.36392632381808
3.76322694240807
3.04379434020769
