4.04207918346493
3.80147201797931
3.56805174739139
3.59667430964863
3.56090642012493
3.51921510212421
3.5441076730889
3.52514479057784
3.48232070148285
3.52446215645796
3.54369949454578
3.5230088744242
3.49724619594561
3.48744512223387
3.50660154594692
3.49359704713993
3.47853489112535
3.4767754369783
3.46658179192583
3.45025458897244
3.45566520130244
3.44659105636231
3.44540076626447
3.45561269990762
3.43008672729361
3.43785093541143
3.45704514508749
3.42562557700423
3.43756983825305
3.44525293903111
3.41838965210462
3.38067190283952
3.38824727897325
3.39663962638223
3.41415184494322
3.39496681224475
3.39172168541728
3.39207903781817
3.39811541466339
3.37230366821714
3.36806938638847
3.38603716518449
3.39101155576551
3.37812421947485
3.37688622688145
3.38871965861146
3.34815719580492
3.37238363101645
3.32945845531592
3.37749371196618
3.36066078041648
3.35426537522768
3.37393808766166
3.35241218739375
3.36967142905314
3.36129816182026
3.39308112872036
3.33592735760916
3.40081439120404
3.34326757423248
3.34653156354856
3.38604552590136
3.3521427889798
3.35861984619972
3.32230473755309
3.36098069045793
3.34436712341334
3.3590712262442
3.31708513577589
3.33551098254437
3.34488388501581
3.34560124076153
3.3548696801143
3.34855131505565
3.32959460901411
3.35647490161354
3.38925836925289
3.36368899209044
3.35051452669617
3.38780127676582
3.34961089165524
3.30974115525117
3.37515642495543
3.44813852905125
3.38131281897743
3.36107251515619
3.3435831119862
3.35618974754957
3.35700519156147
3.35426265780687
3.38700076280979
3.38801231207558
3.38688888322526
3.36163995445352
3.37539101738151
3.40592604025879
3.44397808063347
3.37019303986668
3.32907049356173
3.37739024533097
3.39272317021049
3.3686213014961
3.38711714304437
3.36560362827871
3.34163726146986
3.34666058652362
3.40529963541363
3.36231929172566
3.39045735108579
3.39073121926892
3.3977098582567
3.39925725490876
3.43147206231567
3.40155136875896
3.44436286619948
3.42403487917433
3.41005625423126
3.42207371443716
3.48084099454588
3.42357301102014
3.36738040983987
3.41200426282938
3.37778676608202
3.46891885333458
3.47358426477189
3.43124948026531
3.45698659045076
3.38882581523638
3.39191221458694
3.40916209770237
3.35308634061153
3.41804487355487
3.43999229533438
3.43043732549711
3.3870210744745
3.34268233646498
3.38867234573125
3.42628012432959
3.36424328724643
3.31909691781189
3.46045286394528
3.46033793476426
3.36876119836408
3.40337775033514
3.44975815778269
3.45015908919224
3.45894488623267
3.40127542387999
3.37288950491042
3.35365417986916
3.43085602986866
3.43305770569866
3.43723475021704
3.48261385383958
3.45431093124343
3.3426657902708
3.3761843224571
3.25717987558859
3.33334734204646
3.33412391997835
3.32334483615424
3.34221057654124
3.4458758516705
3.38214512252786
3.37844655390797
3.44264973398493
3.2852978736984
3.39263437526439
3.34371137596563
3.25489652043836
3.3173658815312
3.39280604418264
3.38320969409606
3.33033209564141
3.37000302125316
3.42397209698548
3.50281655887568
3.4628193473185
3.4999932357051
3.37523873218925
3.37788720996409
3.36273332286561
3.35191553019059
3.3147228825993
3.37550563963647
3.34569019310653
3.39414053481488
3.53381648764486
3.44395020481654
3.48875157104882
3.4312032419936
3.3598041486472
3.30414363343769
3.25990259061197
3.2911094045285
3.31438601469386
3.31398014405058
3.17162637149372
3.27375210723752
3.16665175754439
3.28063003940755
3.26127998585956
3.25325325253504
3.30357059218321
3.32475213773729
3.33887397615351
3.43874245168511
3.40919520864881
3.42903305232003
3.46746736288857
3.52574351265892
3.47753662454522
3.34435115872355
3.44313724021261
3.52979090660911
3.37767158956668
3.31935703513397
3.3327127728073
3.3982151574036
3.35158415055916
3.42142362382561
3.45090280258702
3.51950028955584
3.36346110724472
3.43503640064971
3.1711241208444
3.39456887736007
3.56640818404636
3.29899975037913
3.35307391478384
3.33587384458817
3.30630615104852
3.11545077608441
3.43825779330249
3.45784402971414
3.36059486869309
3.30438279894788
3.25542284068984
3.15813053076624
3.2732323632327
3.39035961183718
3.21526026961892
3.31263219664731
3.13123388445949
3.35887270145402
3.51978702677496
3.23826710995508
3.30923171079254
3.51389457893007
3.35705610667207
3.50529769061591
3.4784561374574
3.34454132197087
3.29030473830479
3.4156785336994
3.26696710015352
3.35258528913558
3.43745595368948
3.35625752442856
3.16267104028804
3.31366534313755
3.42285296379241
3.57656492148
3.35055504220005
3.56215363035621
3.3521695961257
3.59732419997422
3.2816040666018
3.36852457877656
3.36137364779324
3.12532770440055
3.23917878166726
3.48771705950886
3.54462299581304
3.17276185202264
3.12165170324691
3.71736028589544
3.07206643245002
3.43634750850852
3.03955877117972
3.59192651566804
3.04379434020769
