3.36254621248728
2.64587021787277
4.19844862001871
2.86934819024385
2.80084989058125
2.91467913641236
2.68415775132881
2.70631189258012
2.71817414322248
2.7194258778909
2.87289291581746
2.79382798485007
2.80318941217075
2.78367779287747
2.84534808465362
2.81920677878655
2.79092245186469
2.72035035165302
2.7727685237258
2.82236443060085
2.67264987012846
2.71319162724706
2.80604316066988
2.78375539406404
2.76470122232158
2.77160990591402
2.79808585228515
2.75199942230319
2.82503836413832
2.81397205387032
2.74770831239548
2.80708716080966
2.80425611472401
2.81514865178624
2.81811839464157
2.8761583183887
2.84256517037663
2.77322932739455
2.79251962380103
2.77706174324773
2.76928363386798
2.81581148045528
2.71965196357505
2.73414039381122
2.72781839334456
2.73298036917083
2.68165330216406
2.72058192038357
2.69392505918588
2.74073264420926
2.74024897671206
2.70782356221509
2.76727140336743
2.6801653861712
2.77496495978089
2.71966472648058
2.66646432426409
2.74268244467829
2.6314162190188
2.82144758002868
2.8422050846351
2.69496911542607
2.90309771302849
2.66787157732542
2.64223769977321
2.79297853963282
2.74649808123385
2.81309321952564
2.8047719439695
2.68626386384876
2.72713902959087
2.705449906365
2.76391357849317
2.63101223948209
2.71657262605763
2.69345390488203
2.7248996742801
2.67879562841544
2.70427222524039
2.76546940146367
2.54810071664773
2.75221814011807
2.65526459461191
2.74296148429129
2.67999203834567
2.70594924604164
2.75781851028024
2.67649507312686
2.81791256996992
2.72508922261948
2.71192632079932
2.72115723557454
2.61805657418458
2.68357674491435
2.76726830724977
2.80255027141491
2.85308868719222
2.71645744493556
2.91093866510639
2.6698568307369
2.76512885990794
2.66005883080707
2.72924909446639
2.74272787878299
2.6295553225631
2.80353244038389
2.75230135447707
2.77646123649277
2.78264958341077
2.79795920347765
2.77301070853416
2.79090301812847
2.6430920930325
2.69264400601067
2.68188196753139
2.75951653493263
2.6277931099381
2.84069559844603
2.70598045561542
2.85657363908899
2.79965170631293
2.72796562987032
2.63159888734445
2.68135918418906
2.80643028815384
2.51058314260648
2.44995849196564
2.84708815278625
2.64562110218084
2.3213685412085
2.62570716555036
2.6844969345412
2.77563841138511
2.62210103374084
2.69545580820922
2.98138678762279
2.69203770454899
2.94874577825007
2.37493406955201
2.88663401844229
2.56690997148892
2.75969727241012
2.8452190726353
2.82370985089196
2.6806198372486
2.73394669614311
2.53508741353564
2.83742160707781
2.76923310671015
2.85983905999976
2.70250074560034
2.77470108786487
2.73535229025428
2.52322893533937
2.71431362890275
2.65116672283591
2.56949048544759
2.74659823315611
2.72325956500185
2.8111227321153
2.84456728656834
2.87073632611053
2.71837817969162
2.66413777782103
2.76723797482421
2.47768161063357
2.84851811556907
2.50605954026577
2.81187796214693
2.81993646534658
2.87828074698827
2.5417297189726
2.80881391005879
2.88289245179493
2.30805408813199
2.79561995928584
2.80927713493172
2.81325940220512
2.66029267205449
2.91284753512457
2.53192683855145
2.50452309768725
3.00181224741013
2.42623963734374
2.60149658246312
2.690091314825
2.94587315436465
2.43361215854218
2.77576946118454
2.71023751879938
2.66578316549495
2.70248935474408
2.64113916216457
2.73681305536943
2.78202444473307
2.52703122702076
3.09802483747875
2.88105459086134
2.92443640076629
2.40660540231175
2.58602761511148
2.19006419639302
2.82457918977376
2.33001967133842
2.72133843025669
2.59089343688101
2.99622077420175
2.94063482595775
2.74971707779094
2.8786963506207
2.55601723125283
2.78161255694901
2.71557021156517
2.64925909249591
2.26714594303045
2.40728302028209
2.29283702566034
2.8223374483
2.62134886497752
2.90234957669586
2.70580336729369
2.98643809994455
2.44743586807268
2.38617890048462
2.73677167784602
2.75532754046908
2.63253399668198
2.54275818965709
2.67600801444963
2.63203970307687
2.62853709941008
3.13800794257494
2.99769320849281
2.75772561721062
2.68613074882476
2.63634434956901
2.4065643658285
3.04328128568001
2.70201103492821
2.55228208398699
2.90188228174986
2.5924296624238
2.45403062236679
2.38046023147048
2.34796382776373
2.73676402594044
2.43015809577021
2.48244093310002
2.63457804414778
2.60099056591412
2.85033310409575
3.07841242555913
2.60231632899973
3.1744654255662
3.00157554540503
2.56908576133657
2.63038983969037
2.89243252058839
2.72892125894469
2.47339041203473
2.8001108611506
2.83554316543968
2.85710602600131
3.10972208821295
3.49359562430247
2.71804010689025
2.99245829789609
2.40498538155041
2.60963312228744
2.10971885667486
3.00895034278077
3.25125422619109
3.45010184726704
3.03155476718931
2.64371108082053
2.81491935513571
2.44840135552813
3.15118452417885
3.05908899031745
1.98052324302734
2.94911389336739
4.01134446202235
2.15166320577144
4.17444273124763
1.08791671733076
