4.03441298201472
3.82209150914854
3.57155773232248
3.63017568849728
3.54824721326796
3.51931155403488
3.54981376462718
3.52946114409987
3.51649706601016
3.53451147524767
3.52376612483138
3.50308651343274
3.50333083549236
3.49796634228674
3.49022320121053
3.49292109446258
3.48204197010183
3.47724049207321
3.47373383825173
3.46205818218128
3.46253487727573
3.44516350333511
3.45684356690702
3.45017268203347
3.44445883456383
3.44968630555068
3.44161415655306
3.43419585806779
3.42429111538007
3.42994516796875
3.42610148272521
3.41836844449541
3.39532607096416
3.40046442952089
3.40411271804231
3.39395529246833
3.38458219841704
3.38443804246584
3.3907506069259
3.38161718070445
3.39546407460695
3.3939554361016
3.40773022350143
3.39188031958955
3.38264456436362
3.38116072553084
3.36977016445145
3.36840292118037
3.37157851681188
3.38664899281806
3.37177100406206
3.37188886187364
3.37583153474631
3.37736906652399
3.3825742372522
3.37158843567238
3.39191422656915
3.38314572083364
3.38317064470658
3.37731725800696
3.3724445312639
3.36840498481949
3.36442013337605
3.36833836278384
3.36743317697741
3.36716427653659
3.37301984649141
3.36127752759392
3.36252715647843
3.37360141904855
3.37823669968613
3.37855758220361
3.36228905133727
3.37556522563625
3.37437310766603
3.37746578322352
3.37636324115518
3.36557074404931
3.36973890979856
3.39483519526678
3.36598168153021
3.37885485226298
3.39307167861525
3.41500691598466
3.38537326285296
3.3667850367191
3.39168338371877
3.38482867277806
3.36738245367625
3.38464208096765
3.38670928884068
3.37044456033071
3.37719106075739
3.37146674826174
3.37058849654109
3.38734588921693
3.37443138650019
3.37778733897188
3.37145666940869
3.35160352201996
3.37797497226648
3.38301527822134
3.38310521284101
3.36453815222748
3.36769893826127
3.3625732776467
3.37246445243549
3.37542351741837
3.38100134528978
3.37782068179887
3.39248008796166
3.37390142883076
3.38112308942182
3.36596128869556
3.39335533479571
3.37027401085329
3.37230056321626
3.38515060892536
3.39226937855705
3.37826588080448
3.38186436413253
3.41236337068666
3.37782551911765
3.39043344848954
3.38597494614124
3.39421287585291
3.36625794842122
3.3600883449189
3.37792602913824
3.36105867140938
3.35412790114028
3.35782866117335
3.39006862089414
3.37384701876455
3.40027262138174
3.37518768531341
3.37289606957722
3.35512163586034
3.32868759289162
3.35948287688846
3.40913660193068
3.411488923719
3.3577174555881
3.4167923186212
3.39484128742145
3.37331025596459
3.38014354029763
3.36613065099612
3.35291186167373
3.35943969032651
3.39001052200891
3.35431883599071
3.33486457796538
3.35272710379521
3.40385385825244
3.3127518259993
3.34511014514438
3.37678545775192
3.39900666582904
3.36567527965004
3.35423148784492
3.39700102819736
3.38685627077651
3.37820403356929
3.34624507260986
3.34672105006382
3.37960917101257
3.35890940474738
3.353067198399
3.38800702339172
3.35530121042432
3.38878462101851
3.40533173196598
3.38085428687149
3.41757340811748
3.36923102688708
3.39321127143826
3.39718866020969
3.38404735590928
3.35025349099915
3.38623914644107
3.34316885360728
3.2922350963209
3.33739603736714
3.35567364406233
3.33820184482219
3.3313343197978
3.34935738768643
3.40286123267023
3.42097464585869
3.35639582108982
3.41726666735581
3.36121549526728
3.34346598849319
3.33165406768209
3.37304070226036
3.33822805632457
3.34848720630681
3.3360860393955
3.35544358434867
3.35755636700303
3.41754100494318
3.4124967700915
3.36663098634388
3.36728216790847
3.40515910922966
3.36782414911601
3.34328064156853
3.39154890314933
3.37406938127092
3.33119440605297
3.38269992528857
3.33516036300237
3.36491774711035
3.42196283897092
3.36110497271092
3.38362658625636
3.41257720990572
3.41955592526965
3.34968616135728
3.32838290446274
3.37298074941314
3.38592103105196
3.36339267078456
3.39616970626567
3.32832881226572
3.4034216715686
3.4420371224622
3.285825044891
3.30357107796348
3.38759666833701
3.30819264744233
3.32885695524383
3.35347651027599
3.35265398476783
3.37715761018095
3.35945925072974
3.40394561657922
3.38974258533326
3.34118160480785
3.36696456967062
3.3356348533319
3.34169707467244
3.37503729978984
3.3863662979138
3.3922486453155
3.40137002933161
3.36547188955068
3.30983252742468
3.36937035140532
3.4271117127652
3.36143693289713
3.35498690555825
3.39622970060388
3.38291160426683
3.37014830031044
3.34981287229176
3.34367963833626
3.33184780978371
3.32135960050218
3.33237977205086
3.37900061651068
3.40716889993634
3.37785102375352
3.32187098469986
3.40329428782915
3.46481377257679
3.42925673377147
3.42690392683255
3.4263007030404
3.40352543614858
3.30673367754065
3.38214829363885
3.27773262092444
3.42148632827058
3.43855950070058
3.44885138814481
3.2722474543008
3.19793283604072
3.37346975498088
3.54085010015842
3.43012449370169
4.00629995287139
3.60169078717596
3.6751615611557
3.35275633225959
3.1099912176758
3.52651593860204
3.17501271553892
