3.21956150001296
2.68009171760113
4.17855547603638
2.86158534911196
2.73376889530659
2.81627858155037
2.62312995163504
2.65728039737791
2.63848692987809
2.62257486469796
2.72206990655892
2.7718635080712
2.71915650597778
2.70352666294835
2.75166464534284
2.71579333505287
2.72418810896538
2.69563103756897
2.73842288923694
2.78992419339459
2.6649493389501
2.65954135568479
2.75300724225643
2.70438504564738
2.66997924913283
2.70555034443797
2.70262124812011
2.69883182511424
2.74079025882078
2.7278935720018
2.6836874320886
2.69127013441168
2.69240954783791
2.76407734914453
2.67749068487733
2.777528408101
2.74364203653704
2.71902988171448
2.68549556585832
2.69160175903036
2.70111416110595
2.74896493196766
2.68621956388437
2.63652794330081
2.65120795379264
2.68002110567646
2.61850050304429
2.6654639091527
2.64816055785864
2.65846339096912
2.63764147365194
2.64233887860537
2.70882823608649
2.60700606480634
2.69352702745077
2.69973122954968
2.65301741437655
2.68212081007573
2.57243891154476
2.67260771648258
2.71946653266516
2.66602327053186
2.77390665623688
2.61857580069555
2.57327816961708
2.69199268497807
2.67096431281081
2.70822287109078
2.69536107281873
2.63723510885557
2.65012344970105
2.63631278984909
2.67990131172258
2.64608830011274
2.63871583698024
2.62964243312233
2.60937336676777
2.62457345538966
2.64738324568105
2.66842662090122
2.53441361982414
2.65533262661731
2.57067480898143
2.68070504775006
2.62394919909979
2.63959216750623
2.70702285764077
2.61682448832552
2.7385414674114
2.69124584689561
2.63935480957588
2.63473301110088
2.55599561729007
2.60409146131215
2.64836492331526
2.66441524133579
2.80811136238278
2.62388021248088
2.83250045514479
2.6207911638869
2.66798497512538
2.58473621235142
2.63134336391947
2.74421234364205
2.52507501957419
2.67773614997941
2.68322672934057
2.67081142891034
2.67311125897063
2.68151042845213
2.70316232111619
2.7159785035328
2.58595084836461
2.70552514384136
2.61364328635464
2.72703795806127
2.58007677348997
2.74048060707263
2.62152885050308
2.78058321698455
2.71775743149862
2.70039708196422
2.56882510079157
2.66026950526069
2.80561434706366
2.38570074578771
2.45584112960555
2.70330590765447
2.56205978484029
2.32209356035996
2.42805104682499
2.56331442252179
2.63187150332669
2.52566240337036
2.59527030300691
2.75417990070235
2.53382156849577
2.87214720742073
2.44378817289839
2.77336798853038
2.66715496958212
2.75582033073028
2.83930610806942
2.72619900829234
2.58966575480173
2.73257178387205
2.43194805080075
2.80169617881713
2.73880211783423
2.88456688165037
2.66446441571607
2.71373848866298
2.6824509602103
2.53835549923737
2.69181784059198
2.76715722999339
2.63281378801648
2.6729114506774
2.76503006852144
2.7270748248482
2.62802088412984
2.6817508359073
2.60342877641852
2.80419576112305
2.66922055299603
2.50666396786922
2.78819616696251
2.38970939462743
2.80659180821395
2.73670940147492
2.80743553237216
2.48705278405996
2.73575015687685
2.89815158438813
2.3659469092299
2.73331692797509
2.71234199869341
2.85367230812766
2.69023314898826
2.95376662413004
2.6383199521174
2.58369142301551
2.94442526916016
2.44137442734936
2.58686185081244
2.65195883310146
2.82879332496727
2.52110760903288
2.66651141719804
2.84268395072792
2.48971663785127
2.71431491163991
2.60526112762384
2.64427305206643
2.6168870973305
2.61650542713915
2.87841299855987
2.729052085429
2.89285972079035
2.48524381646752
2.67644875314215
2.39727629808666
2.79222386281606
2.53890673911493
2.65085287335971
2.5564451132341
2.76153223460939
2.74077410666851
2.58663820671435
2.77386261376114
2.61286331804313
2.65672052788273
2.75305504356118
2.49166596358461
2.29126253416937
2.28698954773236
2.40764489423388
2.70183165348011
2.67464418928352
2.88466505924375
2.59043421524166
2.73311809362978
2.53366162717385
2.38617407277261
2.69673452550603
2.75654479691884
2.52803547246197
2.569473307519
2.87324569997453
2.63335301983753
2.4727964164826
3.13437003622299
2.89089304398068
2.72989701713366
2.81463466606197
2.74859856962715
2.40936815107756
2.87778848967123
2.77907437168174
2.53342720867041
2.68943666345484
2.78725757288852
2.46669211349364
2.49931511281007
2.58722362685312
2.70172850264318
2.33464448425738
2.71672188785245
2.66146279972081
2.69954938873149
2.7321762717248
2.85413863108189
2.51951674983783
3.07792388368009
3.01325064987654
2.4021770921175
2.81451555640918
2.89533938029942
2.75130637180574
2.56243514338553
2.74144373376738
2.86318991816798
2.6897260714711
3.03804089326672
3.36882076322971
2.62029326611054
2.98566895465877
2.31734806311428
2.74209457215961
2.14009506322692
3.06892628204057
3.05229046614393
3.14242699489339
2.69276579481384
2.52707875498639
2.72051549948092
2.59275531932085
3.0250864404305
3.06619989613834
2.40480422765691
3.30864805093043
4.01134446202235
2.15166320577144
4.17444273124763
1.08791671733076
