2.8896741841371
2.59521146039299
4.24733342393033
2.83746171233038
2.68380670562214
2.72442352399423
2.52047927444314
2.54537093192026
2.50383344065215
2.49094315175961
2.57593448151059
2.61061039409324
2.61017349154104
2.61502497939968
2.63076898649106
2.60699365674588
2.64704842193719
2.59626419823326
2.66734763727927
2.66174270866181
2.56620602513211
2.6064135318798
2.61973776880884
2.60991138902835
2.57176230093682
2.57058056813421
2.61506555512209
2.58828782568421
2.629745799818
2.59764455762416
2.60293109513973
2.58101846144233
2.60074435923737
2.62789985483046
2.5638190874494
2.64798647914576
2.6068353977724
2.63664586969896
2.54560733789232
2.57337466043625
2.5816923384045
2.58743358689659
2.57371467691593
2.56527880620305
2.52748116723827
2.5774835936232
2.52654599862991
2.62201525714821
2.59349800309719
2.55014783887699
2.52171463713246
2.54029693209203
2.56525516502773
2.51164192891554
2.56632392552985
2.56506655656702
2.53334648674376
2.54801401082863
2.48762220004872
2.55400435751381
2.59495305693384
2.59017283042254
2.5821770365607
2.52397083655146
2.56063456093929
2.60339336969241
2.56600126333905
2.55152495951566
2.52336338640699
2.51722315870143
2.55669107957951
2.54635083451804
2.56422944024988
2.52429013864423
2.52450046372695
2.5192118982163
2.55232851035963
2.56019577988747
2.53569627572617
2.5452154552107
2.45319691802328
2.52181942107423
2.48967287063255
2.52038633815785
2.54328307571492
2.56726957911137
2.51509614959225
2.52789985414727
2.61545297942851
2.53667473507031
2.53550002044974
2.51192912966677
2.48782301390601
2.52375691587534
2.51623677305228
2.52517680778433
2.60857659618835
2.52100594792498
2.59509537530709
2.47220109708384
2.51024312177833
2.49623057853221
2.54463283749045
2.58862076664045
2.4723037560824
2.57398455182651
2.5318213981333
2.58334166421134
2.49458184570724
2.50701145486356
2.52358486431832
2.54974833194617
2.5017411776383
2.52504590810869
2.51659523209552
2.54363888103749
2.56735986599724
2.54980197467471
2.52210734805954
2.59693238617246
2.62454767985695
2.57423524844051
2.50707247139786
2.52627436887691
2.65637661936936
2.4537125616049
2.37719714934524
2.48280972276167
2.44235380098098
2.29044537938736
2.36573825219521
2.44746471112985
2.51207368946881
2.50892651361284
2.56303307380028
2.61431186979889
2.52646040461411
2.7109858891571
2.47418431587662
2.60386840261565
2.63140881229159
2.61828596025495
2.70246386234855
2.69380601773473
2.5076162162846
2.71435365866652
2.59207010856211
2.60436074095662
2.57570379854737
2.60261713644249
2.56903786692793
2.55993607064933
2.63063786498771
2.44917048490403
2.632539027122
2.64642402460714
2.62540609127904
2.67316817910107
2.63165202249098
2.5984432068557
2.50069230896284
2.66173330098139
2.58031890130618
2.59351649588989
2.65555950651872
2.53690656306748
2.65981869830255
2.42567155069842
2.60618774123922
2.60657299245042
2.76069371461354
2.45746281959637
2.556484624093
2.6443139183158
2.39289300932065
2.57981441304781
2.57266676505279
2.68893459921702
2.56788560246082
2.63387516309617
2.60141873986331
2.66999913507395
2.67926670520725
2.43578282672059
2.53613333971906
2.5829066860073
2.69104139901268
2.52403098483827
2.6126964280874
2.743986288672
2.63020019164047
2.6302668603912
2.66698432527706
2.49459582494036
2.66155253172749
2.56511454492076
2.63725404234179
2.4960684521543
2.55753846131262
2.31060902373588
2.59758748033601
2.54043607820919
2.58290154004024
2.64790500007554
2.71975883566913
2.47361552186308
2.65676463357501
2.58640969367777
2.57099640540001
2.50663830094174
2.65904694943149
2.59242041731037
2.69884621216182
2.68798769309716
2.42137143126634
2.3497253117702
2.56808835237283
2.5125565317889
2.41828819579682
2.64548060433705
2.59436813993271
2.50605841092594
2.56794387048206
2.59989898517258
2.75519568958999
2.74088126080219
2.50966662131772
2.37929396307077
2.58576246861715
2.42387302558826
2.59258967209485
2.81219874334353
2.55157240534677
2.62481423109391
2.65776460712611
2.48115055640623
2.38829383082063
2.51827579377182
2.78088674082224
2.52635191363121
2.69504554157049
2.61824707658321
2.66076893853031
2.47411657060164
2.59594955522985
2.60887098867453
2.40778077852103
2.65618833138709
2.57433760390088
2.82734662272233
2.39258392421772
2.80055761544405
2.34052215060291
2.82415252763411
2.69546304388653
2.31175443626101
2.58807111014337
2.73345705875281
2.56308103196277
2.66521990828917
2.62536871291695
2.82899175437577
2.51047380287715
2.59390895038313
3.06699102096394
2.70826624563986
2.74433833515239
2.40106380678219
2.79820470950891
2.30962573917893
2.8277849855824
3.03605379506824
2.6943552353158
2.66394942519371
2.66500213718959
2.57664576367611
2.68110577702288
3.2994373974597
2.86522809630548
2.34121739184149
2.93004660367649
4.09563816228467
2.22668885935347
2.718387458345
3.1322041404899
