3.62400925542682
2.62869119301333
4.19183391569681
2.93777506385771
2.94554483395207
2.95142567063196
2.82164496250777
2.86188750913383
2.85784477175581
2.89720892090374
2.93265469845864
2.86706633013943
2.86088163885363
2.96266542239688
2.97065785936411
2.96580434322994
2.95786882316611
2.81509095336382
2.91700677303587
2.94086493171152
2.73275981237397
2.81568877364314
2.95008132502265
2.92131053059709
2.96412615625788
2.99653337031508
2.91650728496921
2.88582170289908
2.9578228998608
2.92276317685232
2.84782628843636
2.85850284051203
2.9646778060799
2.92073485743877
2.95977616674687
2.90970335940531
3.03422007516786
2.92875986379373
2.94349182127509
2.83913832187457
2.96073222019062
2.90310473820987
2.85692861078837
2.93349502789005
2.97491558995244
2.87121554371034
2.86153650223733
2.92355490059553
2.72890304383978
2.95815951782551
2.95188807009536
2.82936862595659
2.91029332566544
2.81594921694404
2.93485582744452
2.90782490760575
2.78492575702985
2.92706216810121
2.81690651953775
2.9196993281122
2.90285490872668
2.79605531864754
3.0755152971672
2.71861705973937
2.81485675824619
2.83648675702265
2.88406205552356
2.88863267508513
2.9320047157104
2.77637376428616
2.87191381513955
2.87115751227544
2.98859182682274
2.76671376312741
2.81382505409283
2.84165398259343
2.84638581580203
2.82908915309442
2.85102529864769
2.92630627104156
2.78524395135295
2.91134834147162
2.785944715804
2.80073266449181
2.84708197478994
2.82404298429664
2.8128281558318
2.7761947822077
2.98056113398098
2.85588880478821
2.74664577183958
2.63211795544048
2.79805231662682
2.79271092344694
2.80743254952397
2.8338500844777
3.11349510508745
2.8218000310932
2.92424349777107
2.77060465500255
2.82946088384166
2.77580317419439
2.8915358037368
2.83842317180337
2.72154755531412
3.04502709370737
2.91911766978498
2.92822971577321
2.91306076675805
2.83823728636244
2.93744594638173
2.95545627688862
2.79676757061517
2.80092705826631
2.72770651729423
2.83009282403366
2.7029643892049
3.00772736479155
2.86282056033493
2.95387696164446
2.85609967141724
2.77637905240922
2.76174719527551
2.81835389108225
3.01071443812962
2.71782006315646
2.45211514935488
2.94223705297805
2.86127219861365
2.5088403487141
2.8450492841657
2.7003303902556
2.80986482951
2.83109689011491
2.8120878167001
2.72856301055195
2.78671222424183
2.97095099291265
2.50803892914893
3.21153893662111
2.68504500148519
2.8726118382971
2.93403551142903
3.0015114795223
3.1196131334505
2.88906079659292
2.65526848523112
2.79824601319952
3.18340634461989
3.28785924999887
2.88324030750935
2.92923934708743
2.82254863399615
2.67459539505781
2.75165157210335
2.97078971262524
2.51526966557338
3.06161933118925
2.76143756048945
2.81694234825442
2.76852229753312
2.85086370663136
2.8585457501931
2.8782343282665
2.92488349514479
2.7879991008816
3.04461482608138
2.60029201129975
2.81931423952295
3.08146022772432
3.12781987969767
2.48269577456498
2.88133396275921
3.01731113623512
2.51784952063883
2.88159891758097
2.78073297447377
3.01035732851934
2.83500413690957
3.35628749424028
2.4889569234407
2.49590075120069
3.12526784853803
2.21150702541031
2.72973723529588
2.97380096265991
3.34179768997858
2.57007192859011
3.09407818456267
3.18452317269687
2.6139337333203
2.795325129263
2.97067432801142
2.74872795560138
2.67986873429497
2.13014541556303
2.97173755378007
3.32511276998406
3.06921499031343
2.45615088255247
2.57778792340254
2.18835164365079
2.66478321007024
2.55126089650846
2.53478499323623
2.30242012317933
2.8855398945685
3.2459051352932
2.54738959531555
3.22665414388161
2.98494984529534
3.14244233057729
2.90479847328112
2.50667202419099
1.93819061100988
2.72631887610921
2.00393426829138
2.8232051131769
2.78134279402284
3.05952846581399
2.77607056050838
3.05314759945325
2.66432073715169
2.57864494209937
3.0525174661265
2.44209910123558
2.63312423717195
2.93705614945387
2.72277354216359
2.64718975154672
2.94306808539901
3.39843994448507
3.19120077010917
2.99971550860996
2.70190333038358
2.27074731543068
2.28615793617637
3.00212012332127
2.65164471890943
2.54831790368382
2.68203620570331
2.40720510209803
2.17871780202967
2.22177649210931
2.13243015460135
3.13874680738049
2.56550982085477
2.24577577678381
2.65641459573205
2.32881587814776
2.57503980575647
3.06636313542415
2.56517721127499
3.0834059341947
2.93964724037417
2.29590880241085
2.83432434211898
2.62113596051974
2.89553837239265
2.60725818638457
2.48212454997777
2.80464805994806
3.29974500426576
3.18876877698584
3.11095215531001
2.83327601330634
2.79340279278212
2.59443840965297
1.93714638580527
2.18985155720435
2.94392419928968
3.07658699462232
3.31976684287696
3.20909253765138
2.41317277509839
2.55817162195806
2.54588523538554
3.10711491118128
3.61528082625323
0.782530105380531
1.77905789037155
2.12317279749989
