4.03522805456932
3.82210046336902
3.57123677638952
3.6289761508627
3.54907200699611
3.52002849445086
3.54872124183903
3.52745526732809
3.51738470659775
3.52939182996215
3.51998288018315
3.50231222874251
3.49802711518191
3.49987399922439
3.48894025538485
3.49348150190806
3.48314154489781
3.48083411005325
3.47661976877994
3.46421065494153
3.45844021522667
3.44403639703392
3.45540300173969
3.4509470204065
3.44375118724133
3.45001951032793
3.44263904369815
3.43805646603251
3.42238262461552
3.43012876941316
3.42360423417133
3.41756061959828
3.39741183993898
3.3995247364677
3.40069382025803
3.39588492178339
3.38503773531903
3.38330903542361
3.38600055376766
3.3797307530701
3.39032826408501
3.39134901683759
3.406547045009
3.38970946758615
3.38052778390729
3.38185077638919
3.37013129728327
3.37314333939074
3.37697101355592
3.39237360444245
3.37317471271936
3.37279362332215
3.37670229479419
3.37453089763609
3.38343343467509
3.37395179953611
3.38849219206031
3.38114117759595
3.38167977799478
3.37906667407694
3.37297451389128
3.36559178905051
3.36871383673748
3.37196159408164
3.37204085835963
3.36703277021186
3.37505805408818
3.36261049761054
3.36337612427987
3.37558078838574
3.3824026330367
3.38158550004291
3.36978795846167
3.37700932010669
3.37689801523959
3.38264958013955
3.37920825060196
3.36930880154741
3.37111385506905
3.39319140899331
3.36519907772716
3.37698473537408
3.39193471523217
3.4106042967538
3.38761946522234
3.36545720936853
3.38946408987104
3.38141739280213
3.37139811593413
3.37915026672282
3.38637882382738
3.37211036699285
3.37883284087305
3.37073688371168
3.37273525672994
3.38603164192103
3.37693419433702
3.37534994038685
3.37147303893059
3.36080346471552
3.37860868550074
3.38137656299022
3.38051587204294
3.36068906848718
3.36347775822358
3.35785863541558
3.37207428594725
3.37540720227285
3.38455830635108
3.38339971393112
3.39455432014056
3.37678611167022
3.38268028181092
3.36982924695356
3.39290231238921
3.36842879474792
3.37378716286432
3.38578532146596
3.39263853915715
3.37730199201543
3.38388276663262
3.4059498105428
3.37685769350011
3.3943630896195
3.38248362871757
3.39700870681301
3.36757321343965
3.36448519802209
3.36724521611636
3.35788619374322
3.34999887192323
3.36254053862877
3.38580693740707
3.37298113923963
3.38890841137802
3.36689264939861
3.38024387856695
3.34999593183912
3.33138971076454
3.36278700838582
3.41389338837165
3.42023586370564
3.35367521318376
3.41280879976643
3.38801390229651
3.37542538501965
3.37438510858557
3.36886186127728
3.34749610086989
3.35974431420273
3.37972133414611
3.35331226301104
3.34142805347174
3.35089237970948
3.39154533658333
3.3239017854593
3.34575219245665
3.36539972154576
3.39147155985611
3.35415515113127
3.35381909963867
3.40220102872902
3.38694528306723
3.38497748178218
3.33595599595164
3.33734873350515
3.37690259302514
3.35009102722903
3.34491002527755
3.38925459448646
3.34719881856707
3.38426322298955
3.40088660181772
3.37269693000515
3.40950651618833
3.36137046896368
3.39416807407706
3.39164841771702
3.39271922981279
3.3633461646451
3.39045213978614
3.35309112495631
3.31117739122506
3.3455266184408
3.38332365598398
3.3483880796068
3.34654037066716
3.3587748942648
3.40910426954268
3.42655885947361
3.355224350632
3.41292359001973
3.37060439206476
3.36879653016982
3.34128658551745
3.3727559195349
3.33631521801516
3.35665849980373
3.33357344093464
3.34292045755178
3.34020924908265
3.38811722149487
3.38037736077285
3.35693412815977
3.35102930687012
3.37505649235564
3.34829748599835
3.33773662615473
3.40915350024019
3.37783545024699
3.34180359499552
3.39022912813632
3.32429068616418
3.34908836426792
3.42643665632023
3.35094287841017
3.3871234929316
3.42557748581464
3.42313678041817
3.3422329947469
3.32487238762226
3.36820818731834
3.39930962044363
3.38105155916817
3.38502368131828
3.33258050770078
3.3962598339799
3.42475624166879
3.29311131131078
3.29690822594305
3.38604482137376
3.31346860794641
3.31991409304337
3.36024305058589
3.35154370408774
3.37698242059354
3.37815750175275
3.39656711948769
3.38531597319809
3.33801941318628
3.37941434894034
3.35554920082349
3.34729595248055
3.35978176730763
3.39697133087869
3.3893837631514
3.38868906684095
3.36411966757989
3.31204581659631
3.35475590095591
3.41899821810266
3.33371907045999
3.32146738792398
3.35338931364494
3.3813437975437
3.34369403656895
3.30143341109521
3.32576624234276
3.29156953930116
3.31475877005422
3.32546757802306
3.34550431305988
3.37079424828181
3.35896196686084
3.33034406066345
3.42906813901446
3.4551446331775
3.42720572373075
3.42526724993125
3.42953438617478
3.38824251654131
3.30522314665356
3.3752427395691
3.29152900003261
3.43933205462747
3.44559224699304
3.45348284371256
3.27705860248593
3.23359117144893
3.39860287837698
3.46123742865472
3.43012449370169
4.00629995287139
3.60169078717596
3.6751615611557
3.35275633225959
3.1099912176758
3.52651593860204
3.17501271553892
