5.26212601159226
3.03760177294044
4.81638183259743
3.58788041029535
3.47192379768867
3.51948188418081
3.31973938340783
3.30299918795947
3.29934676310743
3.29092525937299
3.4002660924016
3.3628205232531
3.30410467288462
3.31708984004859
3.37083994030959
3.31932744635194
3.36417676934294
3.28463703268151
3.3460326111576
3.34167987594067
3.30405658936712
3.31494664172251
3.34445583613106
3.32080470213901
3.31135079675169
3.30478750604001
3.3423533776128
3.34574619329181
3.37224582457999
3.34932573284909
3.33083060044623
3.34267262946884
3.32627996502471
3.34016103851069
3.37018885969117
3.39210960068643
3.3550975993441
3.34120959836719
3.3632847944819
3.34727652183467
3.33046297681572
3.34528086516586
3.25555461130089
3.3018739074535
3.33218923584798
3.34383760691529
3.27769014750221
3.29862981749953
3.30929198712279
3.3233340053423
3.33789589857418
3.30684210249093
3.34542247072827
3.30108790007691
3.35039335744112
3.28058239542347
3.22664948963275
3.33035382685964
3.27343405670487
3.36469458177168
3.34798281868251
3.3086188382154
3.36236751699688
3.36541244321731
3.31827790346918
3.36420921119376
3.29114735748055
3.377421449397
3.3440203949823
3.30417445892691
3.32523205312427
3.2830662693255
3.35133853029518
3.32119972673017
3.35018419692423
3.29795054176609
3.34499461007116
3.31036933737872
3.30271183459621
3.31484700011818
3.2405144632158
3.35451430747916
3.24207022751092
3.30947182126569
3.26171461201069
3.34169225928009
3.32393043457577
3.28596285659201
3.32298245633303
3.32904230509967
3.33540870254453
3.2610263948091
3.27267331207996
3.30588559079571
3.36350030810564
3.36123108038108
3.35529877864384
3.34253981654218
3.40188970679047
3.25841527027541
3.36401799091549
3.31230874344323
3.28265306148129
3.30396066182499
3.29210996027698
3.29294519700075
3.28036477160105
3.28106547541577
3.2782278123432
3.38010509341955
3.27431476378286
3.30317303518959
3.26275159242313
3.27508019511117
3.26635424521248
3.30066105303124
3.27171907733338
3.32136846217296
3.23297063052414
3.27467659788034
3.11126562084293
3.12681650965588
3.02047971572719
3.06195181702816
3.03997307712993
3.00173965165543
2.95179972330364
3.06043227945917
3.08637095093253
2.96238816501271
3.08202380724811
3.27618525829406
3.32520932530182
3.32095722880553
3.34928380693445
3.48492685341032
3.28965546677923
3.37051781289609
3.22502733381743
3.38639672242886
3.39616759728884
3.24793782569929
3.32826306455904
3.39689022385279
3.18793632119807
3.31100375096706
3.22403897520374
3.41393673590899
3.24238928907601
3.36617423794928
3.30241297089311
3.27474065117203
3.1833721088184
3.24917791221338
3.29531729150209
3.09593637287012
3.32737821885345
3.25412738035698
3.30906232092585
3.40532854547616
3.32724783414117
3.42109785760935
3.33597721217795
3.37219993142741
3.28821104924951
3.10426364019037
3.40838541967399
3.21052123669408
3.4487759355338
3.34835807135835
3.31154194091519
3.24629019720539
3.43305294243798
3.29241065048336
3.13957293441911
3.28397625807233
3.3005414191338
3.24446007511157
3.14859283954774
3.40095785108951
3.22008970856702
3.20229301664199
3.22405787404925
3.17387362787165
3.2910754087229
3.19969164988235
3.45813097479267
3.28354514935796
3.32552677940486
3.34521117141867
3.36835127001915
3.44874286879883
3.28399063770236
3.26768472610357
3.35410112885285
3.16753109329715
3.3789077924232
3.38511274271032
3.32692312966181
3.2154829156459
3.26876885597336
3.06984374855917
3.18747594709555
3.07687863342381
3.31778400692578
3.27002246584309
3.44090620176516
3.2789932826849
3.28597217540045
3.4806848222488
3.3396661805543
3.28378431365497
3.21049526619853
3.40377458882881
3.15403986805136
3.04801150079391
3.1743689442553
3.24442203435019
3.22578776043898
3.27977748864164
3.34545751251936
3.49431532683725
3.08085008977297
3.11304172389922
3.35305976343352
3.27741212893859
3.34109291525758
3.14775458224231
3.20173905795045
3.31919661980587
3.3949139960533
3.3145505714518
3.29143882884668
3.18880254821149
3.1982400998267
3.31147227743037
2.99021722746993
3.36997109881506
3.4289943491472
3.26292672178788
3.41252931485936
3.25153466199288
3.30026136050178
3.31635687197831
2.97924762926656
3.39277600171192
3.32742298079632
3.1471197881598
3.11857455491009
3.12816889724412
3.45817230589757
3.53741044276654
3.51868017388478
3.42489115059207
3.28641454606139
3.38548868942169
3.27988409590811
3.14614960544612
3.46194570686162
3.08268168697353
3.26055836250897
3.41673962056732
3.31483788360645
3.20446353256502
3.52910794717046
3.58669541087292
3.15044755784447
3.31106640685737
3.05371334494624
3.13233763873809
3.35862853857092
3.34858757236198
3.34877812010213
3.29940161746426
3.49825329224796
3.50794002170851
3.10716820605219
3.15045343204554
3.62083506854964
2.69526564753291
2.86056318871903
3.47207628009831
3.35429546959712
4.13758221751672
3.18858123757661
