-0.000125
0.999875
1.998125
2.96499562445306
3.84371092773193
4.52503128911139
5.04124748490946
5.429621183327
5.67726286224946
5.80942570177698
5.92059973924381
5.91140073723012
5.85564548228738
5.8210033444816
5.82189189189189
5.84133697135061
5.84429733829817
5.87486033519553
5.89492957746479
5.87270397266126
5.85893371757925
5.92743698091214
5.91948778333824
5.90008920606601
5.86021021021021
5.90720242608036
5.95802696078431
5.88194336995203
5.92672616251761
5.89923954372624
5.92096
5.89692556634304
5.92110001636929
5.9410307234886
5.93601737387237
5.96169422882214
5.89723926380368
5.9460716747071
5.92925596793867
5.97544603426956
5.95523452826824
5.95096448530737
5.93571298488436
5.97800776196636
5.96582633053221
6.01905660377358
5.97156488549618
6.04083991523791
5.98522263270465
5.96526005888126
5.95413026211279
5.95608582314016
5.99574726609964
5.98610543522681
5.9896779521057
5.99687369737391
5.97354608440059
5.96819338422392
5.95379679144385
5.99633304572908
6.015458306118
5.98747252747253
5.9720434879077
6.00111931945377
6.011515014676
5.96539162112933
5.94579696830501
5.93628359592215
5.93453355155483
5.96010387157696
5.98190906926922
5.95246098439376
5.93681917211329
5.95924841386042
5.99016232169208
6.0106699751861
6.05644756648269
6.03143219264892
6.04067536454336
6.01445161290323
6.01436031331593
6.00500395048723
6.02890479978785
6.06149732620321
6.05695862439549
6.03578205475739
6.01640240568617
5.98431911966988
6.02642559109875
5.9756711409396
6.00423370025402
5.98887938408896
5.99568717653824
5.99187227866473
6.05527932143902
6.03008849557522
5.9818290140006
5.96027685826061
6.02032766990291
5.93510866238139
5.99043800123381
5.95830740510268
6.00062893081761
5.95203303684879
5.91570512820513
6.0210970464135
5.9993414553836
5.97297297297297
5.95324587958291
5.98230088495575
5.92842323651452
5.92526315789474
5.9389638041164
5.97517985611511
5.96608315098468
5.97821270310192
5.96448598130841
5.88719512195122
5.8784099766173
5.91198725607328
5.82827868852459
5.71531914893617
5.63558558558559
5.5994094488189
5.61272923408846
5.4066985645933
5.40692934782609
5.48851939825812
5.48375451263538
5.54136874361593
5.69690011481056
5.83979974968711
6.00526315789474
6.00670241286863
5.99047619047619
6.01379310344828
6.00560224089636
6.00994318181818
5.87931034482759
5.96969696969697
5.91532846715328
5.8942731277533
5.88922155688623
5.87782805429864
5.8914373088685
6.02314814814815
5.9472049689441
5.96400625978091
5.9
5.90322580645161
5.95765472312704
5.93080724876442
5.99499165275459
5.92398648648649
6.10769230769231
6.00346020761246
6.05799648506151
6.06349206349206
5.98049645390071
5.98731884057971
5.99816513761468
6.08719851576994
5.97003745318352
6.03030303030303
5.95984703632887
5.88675623800384
5.9402697495183
5.8635477582846
5.98217821782178
6.06012024048096
6.10282258064516
5.91649694501018
5.99180327868852
6.09090909090909
6.04621848739496
6.13247863247863
6.09071274298056
6.119825708061
6.06607929515418
6.04008908685969
6.02237136465324
5.9841628959276
5.96330275229358
5.96759259259259
6.04460093896714
5.96682464454976
5.91666666666667
5.87740384615385
5.88592233009709
5.9283950617284
5.85964912280702
5.8253164556962
5.94117647058824
5.91168831168831
6.00787401574803
5.89095744680851
5.87700534759358
5.78225806451613
5.82288828337875
5.80821917808219
6.12707182320442
6.02535211267606
6.09375
6.06413994169096
6.00294117647059
5.83382789317507
5.9030303030303
5.86585365853659
5.9601226993865
5.88819875776398
5.98119122257053
6.0031746031746
5.92993630573248
5.92282958199357
5.88025889967638
5.92459016393443
6.02640264026403
5.9261744966443
5.89078498293515
6.05902777777778
6.00354609929078
5.88214285714286
5.94223826714801
6.0735294117647
6.04868913857678
5.93962264150943
5.83524904214559
5.84705882352941
5.88446215139442
5.93172690763052
6.22268907563025
5.9364406779661
5.72340425531915
5.89177489177489
5.78828828828829
5.7351598173516
5.82325581395349
5.90995260663507
5.99521531100478
5.91826923076923
5.87254901960784
5.77722772277228
5.685
5.91370558375634
5.88144329896907
5.94818652849741
6.03125
6.05263157894737
5.89839572192513
5.86413043478261
5.90055248618784
5.89204545454545
5.78857142857143
5.91176470588235
5.88484848484848
5.64375
5.79245283018868
5.78481012658228
5.75324675324675
5.81632653061224
5.82758620689655
5.85
5.62773722627737
5.93939393939394
5.968
5.98305084745763
5.57522123893805
5.67857142857143
5.70192307692308
5.51020408163265
5.69473684210526
5.75280898876404
5.7
5.46575342465753
5.65151515151515
5.3859649122807
5.4
5.14634146341463
5.05882352941176
5
4.53846153846154
4.55555555555556
3.75
4.5
5
