3.41787391935517
3.46046597115083
3.29531946444773
3.52514954297756
3.28783919679511
3.56812125991478
3.58559931449847
3.53200250622557
3.54340643889157
3.46521786378145
3.51514836170069
3.39954134331204
3.64626055751361
3.59329438008272
3.6372812697403
3.38971119265
3.60014023404932
3.41276120295392
3.81443598700333
3.7335241841927
3.56186299948036
3.42497099364478
3.54763872612738
3.27138698808473
3.39496437589628
3.37369591040926
3.52233955248951
3.44397121700183
3.20263740789507
3.3979604887394
3.64229105595303
3.06173800902689
3.8992878698927
3.14546333268412
3.38776005930381
3.18077666346698
3.78974781946496
3.43410697677404
3.77549415448877
3.57594997003206
3.48153364756435
3.39586392999572
3.40688208288665
3.32644227131411
3.15716754252895
3.36652830249491
3.33931837462003
3.86544251597415
3.34588418384464
3.45025947847925
3.6652782420913
3.72394043226117
2.85782957509577
3.23299104455702
3.43593744450929
3.33426135921297
3.32774657476074
3.67405821167279
3.22231663817001
3.71965364943256
3.6762677404445
3.34876733616646
3.40068205066986
3.3605982396101
3.18741993570196
3.29794268031082
3.73666743957462
3.16370172441524
3.41694242309889
3.45018791837171
3.1254360572606
3.30235400399357
3.63478820055624
3.56634165044736
3.61340319248567
3.2904253964797
3.58067239979875
3.25580870221008
3.43040436591754
3.37145912872339
3.27351713394072
2.14541895417777
3.2579744982807
3.20281575493785
3.44126908779581
3.45099078474758
3.72511691540699
3.47414681893146
3.36834914725511
3.54765195505982
2.8414949520386
3.36947211461423
3.47992716160432
3.657854866996
3.52375597671098
3.27015104049509
3.61737632956597
3.46531421063231
3.94657056594445
3.40030784960377
3.54298275358764
3.39041618189432
3.70707774911187
3.47514090917676
3.52183387241586
3.39726357725129
3.96096140362524
3.59918292976009
3.44900225556985
3.38493680641524
3.76704778458565
3.57956806608175
3.64646714170076
3.80864034211197
3.43229344302792
3.23824984623928
3.82458529664313
3.98476867993919
3.43737306272868
3.35089140792973
3.76266405555604
3.45884120005121
3.55366216961569
3.34316734877328
3.2059767044984
3.71449336220623
4.11767002199333
3.72731590032964
3.37379023793957
3.85986507317868
3.44920679475584
3.47208556187558
3.0820041060058
3.48240081464115
3.51481731262101
3.6295685113119
3.45881095359645
3.57190650163392
3.54315872004497
3.4004246528867
3.36414574998645
3.46494828950785
3.56773461185045
3.41180430561463
3.39380726168175
3.23344439302261
3.88677704898772
3.90674144040277
3.36774949131883
3.19607623426007
3.32664355814069
3.22335611136626
3.5083988407357
3.34205878960396
3.62073150165436
3.88417221412901
3.35917560861042
3.19540560110382
3.32679745302592
3.6466237745656
3.32626598205768
3.40536948653538
3.46455687308718
3.51672935423114
3.45452588239311
3.41464630102697
3.35216894249472
3.52873313999474
3.5952990731238
3.51646627130024
3.30289625067827
3.69904763000336
3.5858625215186
3.24675495140673
3.51548807585932
3.59745102015948
3.68843815151409
3.45784916236351
3.41888978165213
3.57903762192288
3.21199494116196
3.69612624284379
3.53627140325096
3.46979773248081
3.59404027228788
3.16373400267514
3.50410207147357
3.59900134386987
3.47530423855567
3.42693834117497
3.60431440676511
3.25319477426792
3.45904143890982
3.56578090020236
3.29490635875225
3.38241784813938
3.65932017806095
3.4784488904427
3.59049407010961
3.55931227903945
3.54217195453629
2.6115047776582
3.34603914520875
3.49491196317671
3.44417970849217
3.39871858066539
3.62488440072605
3.15900193045222
3.38870591485909
3.45124772979686
3.61671206251835
3.61907968750262
3.51238358846535
3.54553416502203
3.23877196554258
3.50330760702638
3.50907108204909
3.44587698066181
3.44521557354447
3.52521672106845
3.75852858150786
3.55811072552702
3.47738680916848
3.24298734726513
3.51501574497618
3.35959690899172
3.72776723452311
3.97686364444716
3.6361499372376
3.85056346082127
3.60212625890907
3.63127401138663
3.61550802077024
3.38393107565587
3.50058109305098
3.51297491539388
3.12352269877296
3.49062324214409
3.56756612595141
3.36304782698287
3.07880350976078
3.7324377007373
3.4731876089922
3.70958338089219
3.34418986645245
3.19538637174185
3.46062336714803
3.33517448479234
3.18979739253432
3.23571817789346
3.14146845829566
3.48433914706432
3.18871059289009
3.44904076177765
3.1726175953857
3.34810635838678
3.49747361601156
3.59210664178729
3.48127963161919
3.68381454785798
3.79077232739845
3.80181930791231
3.600171619746
3.58448579563468
3.4116693753179
3.35405893554273
3.40755135047538
3.22429345191316
3.5363477992563
3.44352946472086
3.57488018836926
3.39031866098694
3.54991134878988
3.60887801058666
3.51979420410045
3.42825709428174
3.5897472917711
3.58915459554082
3.6534931974264
3.50505859590263
3.11010196976726
3.24062666789788
3.53706733042082
3.48221569812688
3.38998710798988
3.21991000677019
3.56002648471563
3.45942805030342
3.1668723304307
3.483349923671
3.39854683392682
3.47903406357776
3.36887607040282
3.58300648102677
3.64476096131907
3.42002923715284
3.37410802842843
3.21267993095952
3.58263164142565
3.41888198508341
3.62941769693658
3.61339374096657
3.23233948440886
3.20253758969515
3.43030866010037
3.3692264186503
3.3301774108727
3.44742800379647
3.43707374448526
3.27805855703824
3.55385752447986
3.4305590909154
3.47751245427565
3.44937811339198
3.27611047099544
3.36449535373434
3.59034146486506
2.76505138448003
3.36925402587573
3.50229067058106
3.31915883689834
3.21908061857555
3.28746928208176
3.45876289155626
3.70195736826879
3.9519701326057
3.76737942061229
3.51812260334452
3.37464098686855
3.3357187152627
3.42236152815145
3.53656909104828
3.69862021900027
3.58828841891244
3.48476967562388
3.41994932151418
3.32881743147226
3.42982311470656
3.38188594988737
3.84406578571562
3.86289210236621
2.98534594285593
3.39155132073158
3.80468023559195
3.42723511271925
3.58692705378728
3.75291212249442
3.59801762972551
3.35857153005175
3.43172709411813
3.47660741705889
3.18341077308529
3.35447348196403
3.33143827407568
3.40893931029856
3.70776105897369
3.62897443892133
3.61660402039587
3.34829866103844
3.1485406210159
3.44199410998474
3.67438930805154
3.4981654369216
3.58412268364612
3.501183310047
3.34484425827286
3.44960573527672
3.1985516363945
3.44273013914523
3.34456335426767
3.51752632399769
3.2134476565206
3.19861421594012
3.12592017025037
3.75555558574306
3.37188615402272
3.52236218115493
3.42982051695112
3.45903338356669
3.33060266973464
3.66572609567349
3.46776460073305
3.27815888059821
3.19219858671959
3.4931742317328
3.65226088256531
3.58728450370374
3.43045244752196
3.43556579868957
3.42384140637065
3.65327684140966
3.62229208126647
3.41444237828127
3.43707601869099
3.40589585249512
3.23713675334633
3.6176770152065
3.58610319382434
3.43306678394003
3.36554235366197
3.43810494989599
3.54707094008376
3.4329825366406
3.61607887619592
3.36568351971241
3.40000717512319
3.47225873159987
3.43106711626844
3.59121880333932
3.46729164984359
3.42287632133874
3.32157899600772
3.39043530862388
3.44665370393955
3.13305699955301
3.4694104293727
3.82752694048614
3.53802377802682
3.3557287999049
3.47121317883643
3.32354099844446
3.41052961936395
3.11941715317139
3.20005899281445
3.45251582752259
3.64145199203985
3.45820343830268
3.47044100019386
3.54175399565475
3.5893437813738
3.77818782152234
3.29873744407242
3.40793153560028
3.37892151917813
3.27619071419032
3.33821283724451
3.49458769420127
3.33463178476489
3.60997838346223
3.46359777022636
3.41717851043952
3.4557873841242
3.48804686811374
3.17193177300215
3.43772727236676
3.47102255146009
3.49772095055942
3.62165026864665
3.25110830325864
3.06614936887426
3.42149118516018
3.1739596254344
3.0451826735699
3.18069156538465
3.36331401045875
3.44763512682416
3.74735788493021
3.54031954776706
3.35043763914164
3.27412773135743
3.5054470800455
3.59706106549905
3.34578122040221
3.32091704256784
3.35131380430698
3.1986183823865
3.57996042722706
3.5598454020483
3.61900695860357
3.45744715265267
3.5437489626328
3.43341774732031
3.49247097515347
3.47600459325963
3.48637127879881
3.84751712228064
2.27562906848912
3.22194789016759
3.45679802643624
3.37099848832329
3.65194257296421
3.41148736862982
3.6245170564741
3.51889408608299
3.52851336758081
3.56704021440471
3.4283990294784
3.4480929922576
3.38557686520547
3.23679573067947
3.34476107608271
2.90911018429952
3.26682336436633
3.43569118503585
3.63445046674802
3.39507029341836
3.87367897105203
3.71011080944648
3.49468844294426
3.50736329155574
2.64910911070378
3.2954261567673
3.09743651725274
3.43303989314841
3.2283600556121
3.3891350380837
3.650448516801
3.25221102581947
3.36545224092747
3.38581972308135
3.22500098449179
3.34186644220818
3.69755146968166
3.37447242480269
3.43165170828776
3.46335226459907
3.52224265614494
3.43282003750059
3.46663116775361
3.33628651244327
3.48580423366282
3.46207920333437
3.53332041391157
3.46646846011235
3.29679821795486
3.26249011591678
3.35541427988919
3.1186601108618
3.16098275563567
3.30339091129819
3.53286287235619
3.37783666231787
3.44263602235274
3.51687430782245
3.5629147185574
3.33122666518285
3.34113590004113
3.53712432795883
3.49628596736976
3.48170153740007
3.53184757377507
3.43469137121377
3.68529696676564
3.16800937055927
3.26597488125882
3.44115490643951
3.61315867338306
3.72343065173398
3.46487588036052
3.32393167358591
3.56945545614339
3.6198649390362
3.09266451381876
3.39857866519136
3.29011254161117
3.35768580835927
3.15060948642622
3.3027672977327
3.25099579619398
3.5678271828441
3.60579440951178
3.30050242471831
3.2438850867028
3.59910501617935
3.45895444545764
3.26577237409572
3.47847949264477
3.69750693536789
3.30753007303675
3.49639777160542
3.45743173110858
3.41661641115726
3.37986609902123
3.23911739945043
3.39747918547404
3.54526696045053
3.31987157513196
3.35233152850179
3.56150840341587
3.94288229153783
3.52726930910884
3.42887467509918
3.31003667171656
3.42881436284652
3.59554132996583
3.50691554951284
3.55280148400725
3.24302200237486
3.44012080338755
3.60955134014642
3.66954274989707
3.40085356219321
3.33639340163306
3.24291256297381
3.3207350343862
3.44307826729097
3.5265885699921
3.43043655203513
3.3522709675004
3.56659385228119
3.22007334720277
3.51804462283768
3.35647246203173
3.28897262641249
3.40092675431855
3.23272087245614
3.51803447644424
3.35499365356325
3.50815131076722
3.49695406988802
3.21054584224137
3.29442980123037
3.28308250143128
3.56606751934578
3.61084701536154
3.59642095120019
3.58373759367652
3.42038942567337
3.55346990582033
3.13691604573214
3.79735252774037
3.62260172342728
3.45439674698616
3.55068367141389
3.65923014703544
3.51032435590978
3.56541335540212
3.29957935647061
3.25754833126421
3.69442440582996
3.20422821605872
3.83254037983244
3.39956799337225
3.40531938699478
3.45670648503046
3.51792239624611
3.5454686479119
3.4005290918837
3.54860051544747
3.53144334919865
3.17380562744098
3.76608713151848
3.34666801063143
3.39486990754883
3.82893527152752
3.79110808925514
3.49653856052822
3.38132440881269
3.46721255731316
3.62643346604328
3.70587671700973
3.50141580904188
3.51538349789793
3.740186550727
3.56200888639242
3.90519888445512
3.67633460530013
3.73594442584667
3.49070577080372
3.56047651279395
3.37714906144249
3.55664886477357
3.30979549536356
3.3199284324632
3.61114615230109
3.58420768351135
3.72000503607622
3.46142776370809
3.4270268185217
2.95743139919435
3.27119607074061
3.25434101544575
3.13334703833253
3.24451856096761
2.95526445336498
3.53622625626345
3.47344332465336
3.42343150080981
3.41390711232512
3.53480367715501
3.44607135684355
3.45378151839226
3.33826150421413
3.33769720057381
3.36100540006018
3.47822684892349
3.32314756454865
3.28380451315564
3.38403883858782
3.3879258688211
3.39966943181365
3.28394464593524
3.41536672880727
3.41572872370227
3.61255789287551
3.34806055446044
3.31176135026175
3.58802877291696
3.39431068897441
3.65591040183742
3.49630537907631
3.21537299639016
3.31878600765686
3.40920689512466
3.61912542631776
3.33390424299029
3.14885049862612
3.22875921804816
3.66097507778362
3.57557969608037
3.46902959841015
3.7310030029305
3.56029727465653
3.1668384497032
3.28335243643409
3.64621015284425
3.8067469451796
3.42699076696551
3.66555548371207
3.44224666234032
3.40232871180796
3.38667096166141
3.43150764805037
3.3239047667501
3.2920907842574
3.47370066211519
3.66712358442153
3.5009885707227
3.09297274770988
3.67214408184283
3.28285623166703
3.40403782527026
3.5243082199115
3.33308629455493
3.70843363259494
3.54832683250612
3.33283009146726
3.60795414630684
3.59537456835269
3.55729591389885
3.47352790705712
3.57552214430248
3.53364111524146
3.30572031567306
3.5598173351927
3.44399269567399
3.4225165601264
3.4041819149901
3.44262141070602
3.46194521381114
3.44274807205553
3.59878421495098
3.70123710589111
3.75223249369639
3.45270482192512
3.69516653247955
3.53608152448867
3.33512337022515
3.45075808214241
3.29197301098024
3.37733792502181
3.59861176966917
3.99064658706842
3.58574193941357
3.45142288639254
3.20185786819029
2.99409639046162
3.38038797583621
3.54392926132168
3.49674691898242
3.55578178125239
3.49681512984364
3.73032341008931
3.81357483299666
3.37677864994403
3.31902779651768
3.3833846158662
3.4845398202024
3.55598366285051
3.39981280729687
3.35875400463101
2.82501075380992
3.56158392956213
3.54236184587488
3.47228375055846
3.37743204316432
3.23498085244921
3.49512871212
3.83411188655294
3.32160050565167
3.49417520808328
3.18182705846331
3.31829077136636
3.19787094453296
3.28112919260269
3.34913928971342
3.46066363582835
3.4319793947531
3.35683951573207
3.57762133085499
3.20240840346566
3.30865202606254
3.38035764828875
3.56239371417443
3.42280484033406
3.38341315883265
3.62427705196567
3.21339024870598
3.47331960709904
3.4137723076807
3.24137859463996
3.26473637047738
3.26211092281219
3.54410346480375
3.61785836252098
3.32100926666856
3.24606815828943
3.69083514666094
3.32577627195272
3.17298662923817
3.38466225698617
3.5678808692154
3.78030568433692
3.49981854687836
3.4885404471723
3.40830367259027
3.47472957436721
3.26613980841907
3.36663470838132
3.30428753177575
3.24444292122514
3.69136821283549
3.43899188127793
3.69801446706347
3.47468950105551
3.44902919373131
3.65311151025311
3.421118422878
3.68159311615299
3.65959421590378
3.1245486476505
3.23085758386006
3.76186655932433
3.5868710826645
3.63940673178964
3.49120904646396
3.31038549164651
3.62409396665891
3.46269759486126
3.73243932196421
3.78005711423549
3.34572465493198
3.4235793650952
3.40275974700081
3.47726251050812
3.10235521870952
3.29937793266078
3.64648606246387
3.55770687983503
2.09160961266609
3.37485060186378
3.76415171271332
3.87680414533401
4.31213118427832
3.96791948783425
3.33556946256396
3.49829243025665
3.78010331021023
3.82204057328901
3.49455436711454
3.20591114351082
3.38560618977075
3.66871222597562
3.39591551240328
3.35459689386707
3.18449884109142
3.25470037736395
3.42466752916345
3.94031879851882
3.54270045926373
3.4333040325063
3.27078462956913
3.66208612764723
3.44944734103656
3.41594679685201
3.65633720702426
3.81815326271013
3.57571601408797
3.5070474922004
3.50743932342607
3.42775140696294
3.75552169660429
3.55675699527156
3.22108535014588
3.61877017629809
3.36967586186921
2.99208548879121
3.46902979821206
3.53955378215677
3.4501236219494
3.23350189283108
3.42069038813642
3.47254903276781
3.39282625178099
3.49234626311119
3.82165115891893
3.39956107501329
3.36878277483919
3.51786708357565
3.51506717888738
3.58327289672266
3.33836587872277
3.35965216559528
3.49432082141686
3.35437484902433
3.61130485939787
3.30007199593024
3.40381914878428
3.42225364405821
3.55298522664156
3.55640982999562
3.33013072794395
3.33357917225082
3.55202357569751
3.79908471117761
3.46096493915475
3.50537428508981
3.73377810689922
3.43458927445011
3.61926762922801
3.45400875414216
3.42824681780474
3.4988017585277
3.48211304294215
3.43448918065223
3.45597242669151
3.60150911515893
3.34783087636588
3.50085998179518
3.44336758360864
3.36235376679504
3.63887449641475
3.33492549515664
3.39861691512651
3.48540510950576
3.68160050690734
3.54489063279707
3.51594764144592
3.43992303806278
3.30309504247975
3.43438041356407
3.45566591980212
3.62176583742307
3.4493039665278
3.44717825974047
3.47934187083837
2.97991805506602
3.44908871316544
3.4621389145592
3.36131711098212
3.49327212334546
3.37115362273395
3.4524731822517
3.44995891303098
3.62271184722197
3.4083007488863
3.52759121480334
3.53389534872963
3.37337792454483
3.25814392673665
2.97026219162223
3.40421085185011
3.4053839732534
3.42244720828084
3.77339697808942
3.70554421290515
3.80425233966723
3.28986822650933
3.55061847680294
3.32782717216924
3.63106413679138
3.57664706915234
3.49953279403077
3.43017166313232
2.84289887791801
3.08066962923636
3.65657902112195
3.46796222250815
3.35189127623468
3.08568243429565
3.64202473045172
3.84998002952196
3.36159827544375
3.50686858444944
3.63137377241486
3.42825193875752
2.81249945527863
3.26219352483739
3.6417101060631
3.6179138254434
3.0564001057318
3.39236043047897
3.54565821969803
3.08011350299187
3.46970655580898
3.38930492967213
3.21869630334696
3.13642881540134
3.35975615477138
3.17988401925993
3.46576445784953
3.29744756491548
3.24976962066478
3.4950583405172
3.63198039383877
3.4771720433509
3.25049111770151
3.52222648612076
3.32715872119888
3.63399360200506
3.41735591205195
3.64177204383326
3.4565127669224
3.60992968353209
3.76064670490426
3.39634784395221
3.38816970250571
3.09022983701684
3.39601485999711
3.61057855919541
3.49391282809575
3.36817186673043
3.48402044752644
3.44538637504626
3.15397199930752
3.48539671638567
3.3376591556182
3.30130557523724
3.47271551951871
3.60286602887562
3.93714255739278
3.65880828063401
3.53093121227622
3.52866339537811
3.67419229344048
3.50859110659546
3.52918176531566
3.41523931508096
3.54546473361263
3.5256960461476
3.51516578596622
3.57442191458945
3.47290939316982
3.55939026470667
3.23625388835386
3.43208469848011
1.64711820850839
3.32746132929713
3.58486729050799
3.59114026536956
3.04927742736814
3.64113216843024
3.26135689068792
3.55405450780843
3.35473532717776
3.47025043509909
3.46369755830661
3.37524362857139
3.61630338811008
3.61098354722993
3.33016502146408
3.51883491986603
3.32723980968294
3.94287897650018
3.52282994128527
3.3889815545281
3.48360350362633
3.60771559146688
3.43488559127311
3.58397788878149
3.87494562440094
3.33173479892513
3.36347167861421
3.40104356813768
3.74739275457474
3.55610968133319
3.4608154439677
3.58279944366694
3.55329478228095
3.51218745976357
3.24962029678623
3.22685631136673
3.58093565466321
3.62207878627731
3.27262919810622
3.29364076776386
3.26938742611379
3.44319140957114
3.46156806875848
3.45646481584846
3.17770607570778
3.33978106929668
3.46593922129034
3.57184333905624
3.95427877173451
3.76098089582516
3.31447831527266
3.27155924551893
3.44563759487716
3.41883570463601
3.43344058166053
3.7411129761934
3.6693296493258
3.44767072594064
3.27858882133999
3.29502575490367
3.46069977375579
3.31375042059409
3.55342329707326
3.47995734297706
3.49110151979482
3.42781239560143
3.21904940757191
3.40048148501932
3.41588509264634
3.59633503314323
3.51821448027874
3.36847014479752
3.39918814753273
3.77926424600922
3.58960772427861
3.36246611062793
3.32087287785895
3.39939679326218
3.4747423633265
3.43829202602171
3.35385705224015
3.43523400803667
3.45454295260194
3.53599223519937
3.43652831685584
3.4986933929657
3.11732627199476
3.51611701006516
3.36705955624052
3.38969844605813
3.46575587256873
3.40914913229545
3.69375368246361
3.74316646804767
3.72182512603906
3.39511237104023
3.74202003429711
3.43976322531224
3.51410862151381
3.16887423511893
3.64390685185898
3.52154464608049
3.31549928723498
3.34295861915919
3.43380982450095
3.48082073631305
3.40928069146179
3.45818290077709
3.326988010967
3.60353107415662
3.58271005330851
3.34344455493409
3.35167793492523
3.62385874292533
3.34739130885441
3.38095149563576
3.49992897801238
3.5149495585269
3.9120121465146
3.41192054907747
3.43670824107046
3.2941080752348
3.30168834693139
3.44410961015877
3.60111711644344
3.55017275528949
3.50532269679269
3.66989179300179
3.47374602397012
3.68456197244013
3.49044376690028
3.22183455229395
3.40669846255583
3.36760234301463
3.33279517474906
3.57019446264972
3.45976607615108
3.69374874646798
3.35401979650953
3.47975424916058
3.47022625308735
3.42297662865206
3.32658331118329
3.66489914703113
3.2839996755897
3.55185719317674
3.46815061616684
3.57038171798075
3.45701862072728
3.63879237903967
3.16147760431235
3.50790149372083
3.74283390120344
3.70660975308064
3.62276539965448
3.35660631342357
3.54427062068853
3.41440786650082
3.07227355729596
3.49497313658546
3.17777519233322
3.29331341715241
3.55490115009011
3.58104185869851
3.34077282025816
3.69761421279199
3.4679104552068
3.39539628384192
3.49716926962612
3.62928592906999
3.51099619553669
3.38391249993208
3.56175676333077
3.71305350774407
3.3552577793909
3.117081473282
3.67384794061648
3.56594986397125
3.26067549600068
3.12935218837362
3.20746613755505
3.42576959306831
3.51353937234606
3.50751026573151
3.87561885023226
3.3232771710985
3.34702777445097
3.24346336663313
3.34690482771978
4.05803276700294
3.96664483032456
3.10499961705927
3.45417031683064
3.34350626400363
3.38375760737543
3.39479597470624
3.91293166843368
3.48305584541204
3.45926949588499
3.58042159510174
3.51111038784779
3.74974037183377
3.47720467624277
2.79336613261851
3.34442510181169
3.63126663634602
3.35157869159292
3.59527101947799
3.27210388416967
3.28839232226666
3.46079044159327
3.6625856630072
3.75982463621615
3.67149429674846
3.3926109438564
3.47732456644361
3.57115696413045
3.72049665378583
3.57723899939646
3.39855363025901
3.44250703831795
3.36131958282831
3.27936098163667
3.47882846605128
3.74635890801993
3.3656551151347
3.87081982693888
3.37401641003396
3.41206925134295
3.29035731713057
3.41017961936044
3.43570697406942
3.39733484494586
3.2009479430785
3.41731367767794
3.47840336602024
3.42358916151184
3.45553483093201
3.54205451780915
3.33801983035398
3.66478499308196
3.55339192238911
3.76149225813939
3.71397280093788
3.65367073734817
3.75703585429792
3.41898848379277
3.52759257814225
3.4555324918639
3.26473512807926
3.42443933890794
3.62838432841681
3.75833401680959
3.52848612257905
3.43603085430388
3.54942042718542
3.27772520737994
3.30214882051599
3.25814578268833
3.53283426490868
3.88130170399026
3.48217319191059
3.27851130352281
3.39176250630279
3.51226768047519
3.46368311476034
3.48526489114479
3.41820833104419
3.61001163243462
3.33212534937311
2.62346080062841
3.43691932743256
3.94261099110612
3.52369150910697
3.76248253432009
3.56381055379226
3.64514703641667
3.47024195973071
3.24935248046135
3.4492738561299
3.34659050321617
3.85561648843187
3.53396846639261
3.45161938427969
3.36702217835922
3.64096047467229
3.86631303757209
3.20999604777742
3.96485902168407
3.6487252265171
3.67850364932687
3.48854494813008
3.59343748068644
3.45716829066809
3.79102202502335
3.56019520335667
3.23486525613359
3.32619928002401
3.39910625725162
3.7818493131029
3.62843838138671
3.33907536856616
2.69759762894239
3.28774939142172
3.31033297414154
3.26268498445628
3.43054241776765
3.31749171370852
3.38956644501246
3.4041984653967
3.411703116217
3.42641368918819
3.42786900881513
3.30819395712906
3.5129761057402
3.72462454013085
3.33766987781762
3.34972645429206
3.49562036659451
3.76614313181399
3.46536852056621
3.18469696567783
3.23778956885334
3.34791937197153
3.19005554778127
3.450358497477
3.28001472413321
3.78933234926099
3.9072062830901
3.54498583743455
2.84041150666586
3.23128390098452
3.82094782372319
3.37779612170007
3.75879988730636
4.09499919249909
3.30399795974248
3.23589492641189
3.60731076945244
3.53515858197184
3.48892924121263
3.55845607315479
3.47700779179572
3.51461380195518
3.7031835008985
3.72997632526741
3.46041857925952
3.69852223299768
3.44453320684252
3.22429072480882
3.54674493181753
3.3719264948141
3.55248206561941
3.1735293468299
3.49235247715285
3.23770066213505
3.37326091898645
3.49835690728073
3.31453565567854
3.529643499593
3.63012400058795
3.48792807912843
4.1117738602305
3.31830965385669
3.54985532401947
2.91759532951799
3.48393337705905
3.31566467202846
3.46792142812624
3.48694728201551
3.36921813917961
3.30108671165077
3.34852317332401
3.49058198712451
3.29128125533279
3.38815966723274
3.62210151309409
3.45402002654775
3.59822910757121
3.4993700272749
3.47839670105459
3.6451428167267
3.4290853328852
3.8317519970179
3.34797146738252
3.37105316540438
3.46943397457922
3.47617166340064
3.64963635102228
3.36306595540831
3.58240191096959
3.31760876074153
3.54213000837388
3.46644031148005
3.32187146554961
3.50603270971195
3.56635457691862
3.72182169749229
3.38398113860918
3.41818248115057
3.40868263891719
3.38315718309306
3.45760553398008
3.20696343976467
3.68549162892968
3.36423623448237
3.45379084603014
3.39575008184897
3.44229465236164
3.49999743786104
3.29435839275651
3.39074850189096
3.53317418903379
3.29500297921088
3.22268103845798
3.56447648059558
3.29929520994622
3.82529915491462
3.67284749099994
3.30247129743519
3.71345355075186
3.43602110317335
3.50728986359181
3.53252636042612
3.44406432761621
3.24399876530759
3.534893755683
3.58250283643341
3.53607830214268
3.13976208394963
3.39266434329839
3.36248146337562
3.48268715348701
3.29505304186103
3.49876801771065
3.05235533627455
3.42951461243407
3.55349490624907
3.49682304154783
3.549489323143
3.50275873360684
3.39418989653164
3.40041081731858
3.41375797792719
3.48196229825913
3.46823704553292
2.70090806302361
3.5227070292281
3.35575484106015
3.41977756290949
3.44641487694784
3.41756245070424
3.46176223904965
3.44337329999541
3.52498589312171
3.46215148295575
3.7628810511828
3.62476574795692
3.49097607606754
3.82399921230654
3.50717352337694
3.55765500873853
3.37611644988726
3.38783788379965
3.43216728710248
3.64538447957017
3.49119242033625
3.44919990787071
3.02989818481908
3.35206950909059
3.39848194042023
3.54930047339431
3.33218164340099
2.98424577591972
3.42122254511389
3.54432339789411
3.49488687482972
3.36292267882861
3.45981700640919
3.50219415205763
3.86189809699445
3.48949394414011
3.36777929798418
3.00363290952741
3.44277625521014
3.77678046466536
3.47002436562015
3.69528206451936
3.55924673838507
3.44300521975847
3.67678445047275
3.62828348424055
3.30888567610867
3.48810657565465
3.44377460762879
2.97294929329357
3.33720741490118
3.37579127230179
3.41435405547495
3.65706697758746
3.49517174473468
3.41910491235708
3.33777935561315
3.41937720243131
3.69195332503041
3.48608734018487
3.45278601815177
3.51457843144774
3.65595409416159
3.45855173498633
3.48272084507771
3.27918036487136
3.16150020126969
3.27152816729159
3.39882945874293
3.40055478466295
3.77511032212155
3.41005750146183
3.43823093026801
3.42950791967787
3.42374041129272
3.33803799658223
3.32355630918168
3.28482137868654
3.2978627185324
3.29338347072831
3.22591924243316
3.25292349863916
3.45075872188368
3.36565055879812
3.2597731842244
3.32080448666946
3.43578696972592
3.44778501806361
3.33132991149446
3.03799104435868
3.23878161699396
3.47935974423361
3.54319550871293
3.44992761162071
3.37964300555065
3.56004798108015
3.37071325924563
3.70901789136194
4.12990819238798
3.60655818034662
3.434526587391
3.41165893502147
3.53489412563927
3.2884542872166
3.48617467715807
3.45745874425185
3.56668291228243
3.19621723537697
3.27038849395888
3.63937422872074
3.41110733493342
3.61779464641681
3.4592663281167
3.39905931485203
3.37591792882041
3.20121425720187
3.59119205744962
3.70801031430069
3.33235028271346
3.48228326311595
3.42061117086179
2.74899592211443
3.39253662362089
3.69141274702168
3.40758327299502
3.32642988896822
3.29170342208302
3.37089717645796
3.30660904224031
3.45548853841423
3.36873025624949
3.41969347827977
3.36261323864291
3.52375245008769
3.42294425031355
3.26612511364648
3.46254156893895
3.49741856705385
3.65087952103868
3.61780003547405
3.4733107099315
3.38918686619742
3.63099870943179
3.41126385005801
3.50164645567266
3.38505787134055
3.42709357091315
3.49343397230184
3.69014775229308
3.16819202699834
3.3272964889388
3.41887686667259
3.29420602249842
3.39548978966494
3.46837796282722
3.45652451047085
3.49786492314102
3.5355425378583
3.29336495510868
3.2815223642304
3.40187793097342
3.29463603676339
3.12012047696526
3.53195394664715
3.10524268578457
3.5053992400837
3.54575246052558
3.31085550719264
3.3719611639188
3.37725920161559
3.3553144188395
3.78196149298997
3.48181266649551
3.51729524729179
3.19494195328004
3.44274785039476
3.8410577680899
3.57712793047962
3.89976407276963
3.02259967287192
3.31563263347591
3.16649287476237
3.37998621911333
3.27858302047419
3.32071660195575
3.2357492864257
3.46616670079638
3.45067006654113
3.33392002071449
3.52785792732885
3.36904960643844
3.63938464211945
3.55891304374774
3.31093339103027
3.51671634025253
3.61207228378862
3.57874024436875
3.36988509747638
3.10328346229326
3.19987281045681
3.28685458960773
3.33322151513419
3.46464730692359
3.32965189652207
3.49531641112921
3.52806831970102
3.5342153706399
3.53541849281494
3.28921107484264
3.42925943538006
3.58194003441591
3.8657938474562
3.36583332992029
3.48619596237139
3.46197162707582
3.52423925517567
3.37220094759527
3.56995707143355
3.86429452228514
3.50718364992376
3.89000533568954
3.61408161573386
3.47050050346053
3.80253310478083
3.43607723683822
3.95962561142742
3.51123184203526
3.33081893416257
3.25063646576953
3.25614537726169
3.48960079967699
3.41498546439518
3.41711959682089
3.5668789775417
3.52935861652409
3.54182930861476
3.58981891650366
3.4367843946121
3.38985725939345
3.50473935311292
3.34059052329542
3.34638338213317
3.43542546276691
3.38142503793198
3.47716981706184
3.30790524848939
3.00287825517874
3.36717450673169
3.35453470666975
3.2977599044922
3.31254004552729
3.24931495844943
3.64013895592754
3.59950454968054
3.17377585870157
3.38384113240944
3.38973984474477
3.21471093431112
3.33413349724308
3.30632472995495
3.59693627996975
2.69686116539901
3.4599635866316
3.34206880524472
3.37513372559385
3.22727702276945
3.30117878908824
3.72117599188254
3.8945873040125
3.57761857101102
3.59532353818845
3.54263228665986
3.50052543419093
3.50545818698978
3.2650372240125
3.52104016155344
3.26700147243095
3.87602098190185
3.37447466981384
3.65060014419196
3.46981455834382
3.45573212748558
3.48146658183006
3.12599590114032
3.4468829093565
3.50541359094917
3.4519766271548
3.94820981887158
3.79253023849925
3.49882630183552
3.25240484154954
3.32154082739266
3.07355728565429
3.6691571634347
3.46120934065654
3.71439449844916
2.8630361997315
3.32295535937262
3.33087903013143
3.34185068582884
3.4449319911009
3.32299041137064
3.50073323339505
3.27125686143435
3.29067734036134
3.43427400703855
3.70858333112192
3.47737861840823
3.79677406729384
3.62299197583978
3.41762684493977
3.45265019413665
3.38956453030655
3.32076863982149
3.54619944281046
3.6471567648233
3.464168747367
3.80763889914982
3.1024667285514
3.3510526365554
3.35213919934019
3.46619247954621
3.32950672614395
3.51850937238644
3.58947129299238
3.5574721608028
3.46404281981442
2.65900791449146
3.3551297952216
3.58945593371919
3.324815932863
3.13315996439754
3.73551305844586
3.55210967562898
3.62774139482308
3.600401196809
3.46159442173652
3.5608962255855
3.46831840796608
3.36916224440068
3.50370009287617
3.3662500910736
3.33425160865003
3.61908410483309
3.25390085296689
3.76096282547379
3.09616833659726
3.54048734890051
3.57568113988485
3.55191033640261
3.37457374653322
3.43489289174406
3.92933015435881
3.90547038018552
3.95101600774507
3.66283644744859
3.16114111953164
3.77423172639847
3.9778254381933
3.73332477522109
3.76704971292926
3.16353724877627
3.54874948606679
3.76774802987269
3.39561746154516
3.39213622240009
3.82818596741998
3.60136312942383
3.54548526082893
3.63666275681763
3.70874877618965
3.59827215250255
3.43131195115441
3.92107206994393
3.52908393592834
3.56969967535381
3.70456787597836
3.61893317877779
3.18569274819506
3.19840217785174
3.46259651307051
3.25590676463565
3.29485616891321
3.79422616875219
3.44421431434106
3.45867453685012
3.4906723011997
3.46333340094062
3.32716825513245
3.36329532654278
3.3659559433867
3.43673122881473
3.55319514451743
3.35576024483451
3.44096933641671
3.40991398245809
3.50539315647399
3.85698288085518
3.64423926357892
3.52651231943795
3.29736064110696
3.44405003493064
3.40846230587098
3.44896160706926
3.51276633735325
3.67338469521455
3.77566764713799
3.27813963196846
3.27718118713664
2.77638468984175
3.26159136948902
3.39818418691963
3.46681483235639
3.27584038464445
3.41371400261771
3.5186911137606
3.64322541558565
3.63043807110308
3.38921492662684
3.50226494158888
3.55721858959936
3.23881738128343
3.2996179393957
3.24772904634085
3.60266618491197
3.25418080520035
3.49237851985732
3.48343861222182
3.40998119645864
3.43935710926988
3.77540053927109
3.448892265853
3.3849344600453
3.57091316476407
3.57715772863875
3.52273901796309
3.45961338905775
3.64381226440434
3.4016110199678
3.44367515626046
3.40098227299744
3.40761141021825
3.54473276642038
3.56346903579607
3.04548513941569
3.51096562892055
3.69847828184013
3.00255420916567
3.5831471489243
3.45732782296739
3.82173513080317
3.50484675400334
3.56782843254885
3.52468707936525
3.47620795475519
3.35565327910213
3.32942290956337
3.54142719279305
3.42141743184407
3.1998207210514
3.287864667934
2.99653897214568
3.4580201866372
3.3895689586318
3.33289071151533
3.32950430194719
2.12242182662733
2.90411106298069
3.11097099846807
3.38621115256637
3.25663949709999
3.61564425823033
3.47503781523274
3.49812788529144
3.36572499205649
3.10248388265148
3.40166258429822
3.56456778148972
3.76187799616899
3.63176705093025
3.42734332776534
3.45908729043577
3.42203082087303
3.50028574965297
3.440915967981
3.32401373906303
3.33701373974265
3.3104323090885
3.55358764861901
3.4921993836534
3.45000323114448
3.62283649706914
3.49172666971504
3.4617366444902
3.20831341545741
3.46049589557141
3.27394895181923
3.41206906854801
