6.59171731937658
4.47718240226219
6.09684034792855
5.17251321513586
5.02478384647799
5.40464213828788
5.19562243909553
5.14168919635443
5.22393894576634
5.14323123726432
5.13094180174941
5.12870144688106
5.10973239326129
5.13318140556567
5.15786829751857
5.0461511650433
5.01447954186913
5.08422205977387
5.10567513601911
5.0393802737172
4.98376262730767
5.11290719815369
5.05103643257289
4.94171512624645
4.99747439274446
5.03940345574942
4.98089448965697
4.98939757288773
5.03541765182084
4.94192440711525
4.98801831979284
4.86156038835032
4.90861252243666
4.98682797899059
4.86774290071808
4.89227866426732
4.85633879721814
4.9441922079698
4.88798358830007
4.98585227522789
4.94381817116191
4.87465395344013
4.88807170638106
4.88384550574289
4.85913572862553
4.83813089256556
4.89292986496596
4.84288748101001
4.97121571363142
4.86898275495095
4.87199875262567
4.92131434881585
4.84278976153908
4.90666525731659
4.88757573725816
4.95433170488946
4.9074570287827
4.8405774442897
4.88057800029422
4.82305969395853
4.80728779677535
4.84191901341112
4.82605675094412
4.94064929772856
4.79360033763416
4.82105303846211
4.79324710024281
4.76413039123367
4.82313992565261
4.87152515366143
4.81628417819493
4.81415552163371
4.83993781373429
4.86201218557414
4.85807229074765
4.82680819930439
4.83839345463502
4.84614041767606
4.9183245936094
4.861690843648
4.85155200417536
4.94015086623363
4.9122296773167
4.80133695406278
4.71226150068891
4.88624452503696
4.75441240443977
4.79641559862411
4.85143203848167
4.859792643816
4.75559036151224
4.84186575123329
4.79164867098816
4.83785593328892
4.83859433356193
4.83675286917525
4.83448343809849
4.82502686287656
4.66672524649116
4.89011273690657
4.88609046076539
4.89349084544977
4.76535330497036
4.80516501913691
4.79190878936457
4.81742145803414
4.8304646735267
4.91681862745768
4.81403978068553
4.88465140799028
4.75084523021749
4.76802027149557
4.77029934330239
4.82905610960155
4.88912852302025
4.72455203801326
4.88505567406807
4.99272045716554
4.98399601408812
4.9071015059859
5.06522074421002
4.94655121498772
4.88987807708648
4.93892750172921
4.84591922202148
4.78952359775303
4.62525033438041
4.62366917031327
4.63557766542774
4.60171693117327
4.54527764131645
4.5333449703088
4.76903900179612
4.82186509372413
4.74702920278452
4.77641311893446
4.65353652475992
4.54149339134118
4.74549089232886
4.99653837935307
4.96338107674823
4.61266888380692
4.88139373352837
4.83924449139372
4.48230288836185
4.79962193552121
4.67919760682073
4.78854729114272
4.71402416025256
5.02639188560067
4.87021585289793
4.70864556228978
4.64223505456479
4.98219334792232
4.51111283341602
4.65573063361585
4.73006854635363
4.89771886136914
4.82252688101413
4.72066456252417
4.69479222663278
4.91704901636309
4.68272374773049
4.58519821016121
5.00561242845601
4.751957695036
4.5923775606963
4.78706758710033
4.96998892213343
4.80598420639333
4.91564632895809
4.89977925128806
4.97653836124025
5.05184493115245
4.8684356432814
4.90345499233234
4.97232922684796
4.78213571631329
4.66737932237283
4.74064446756463
4.86143827096287
4.63527058719475
4.6712613097581
4.74069981551438
4.76212423684047
4.70275208485148
5.09075312542619
4.94609887631167
5.15370609982246
4.69293538807043
4.81253989347947
4.70154228217819
4.69990580045968
4.70354422671873
4.96840280534965
4.4944600669647
4.78932386722379
4.64912674639619
4.84860283912869
5.09681863611665
5.10423719181245
4.99554115022269
4.74102384787715
4.70907552915728
4.92714324853839
4.97885392877954
4.64999533898626
4.78757869510892
4.8870698973586
4.71338770005568
5.02153724039477
4.49062005228088
4.74140288471704
5.26417899068825
4.73225250622188
4.92691924472134
4.98971093461793
5.03346798502471
4.63431896457755
4.77677073359331
4.82518344127967
5.02867463616548
4.83596581528215
5.05770514384698
4.42515593180803
4.91544397993006
4.94754979740196
4.17950617049186
4.8941394797558
4.57589282114187
4.44231744304358
4.7740587103239
4.97610228341928
4.71072190361372
4.82658521335875
4.89552636855774
4.96539446210635
4.64998077010135
4.55787362123536
4.87968889770566
4.74709498581126
4.51484092491823
4.74418119626157
4.80475486591284
4.99767770996473
5.02223455881042
4.84536820773463
4.96611395968513
4.99828921893683
5.18509624281362
4.82970692411505
4.88591702072919
4.7380139788983
4.39296026941711
5.06803575382122
4.45059094469188
4.91676866158417
4.65223432412728
4.76615114625493
4.30939932469905
5.20776772876967
4.77821944846914
5.21958862942367
4.60965789836817
5.14729532894795
5.04242901761774
4.75793381804389
5.19118269948331
5.0206173790818
5.16855085186688
4.5242395047873
5.09247298136896
4.37245320256874
5.68992648491229
5.53419376582498
4.78225014061831
4.84656235716557
4.88170390092268
4.42371975498511
7.1094121180799
4.99192336018848
6.44157312367014
3.65728047007827
4.36861855767505
4.91781007240349
5.13306542158905
5.38115149305793
2.10475766633272
9.94720320924604
