5.07792226168824
3.00233468490353
4.80306502647761
3.61836575739555
3.46095129088171
3.48727911422061
3.29833291110263
3.26985462022493
3.26108697020334
3.23805826608562
3.32607234439368
3.35996508457852
3.29833572617807
3.29919093962632
3.33103819575387
3.28471478059232
3.33300410037177
3.27835320009908
3.31679882016509
3.33879860452674
3.31194885777759
3.30796419353913
3.32672235985752
3.28080619358459
3.28429236416594
3.29982206464394
3.29751781406806
3.32431728861359
3.34843396488144
3.33903111060286
3.3129464713643
3.29575475863993
3.28488251561698
3.33676502000703
3.30091597245792
3.34421309592116
3.30393521844483
3.32243905293228
3.30952711642394
3.32034807910186
3.29238808497704
3.33268771592999
3.26762801556008
3.27402538675395
3.32954332466235
3.30243416530902
3.27059931617898
3.30273148302963
3.29719586044435
3.28439916722263
3.30538780613626
3.26684053057233
3.3260360421935
3.26079896586133
3.28964965375397
3.26771447754329
3.27015130065393
3.32696021942783
3.24667487566542
3.31783611909013
3.31843602894147
3.30980500383832
3.3389081208625
3.35410847451623
3.27160240449436
3.31540260717122
3.26870543512687
3.325706756829
3.30486430025984
3.27598972539749
3.28801030948404
3.25958183305539
3.33871056285646
3.31537896472321
3.31041973547448
3.28484756775271
3.29173203970199
3.3060538952742
3.31906784525653
3.30682689948495
3.26416175684553
3.3032085515785
3.21279697445698
3.29416845441033
3.25853033430223
3.30394351974046
3.28531963135733
3.26789241432505
3.31496670535433
3.34673490547587
3.2974335873666
3.25978226290159
3.26615140959289
3.2958344378885
3.2970533899095
3.31699929586202
3.34937042099284
3.30330328112811
3.38538261196825
3.27278349401984
3.32136054665616
3.29083225434858
3.25061227141476
3.31695609662497
3.27083041995876
3.29210473453854
3.30516488262019
3.25962896058804
3.26473161568606
3.33158234036665
3.29172078477003
3.30306282945124
3.24452598406211
3.28329341377625
3.23577927079619
3.32319492474304
3.22068971181131
3.2604799378331
3.21132783032911
3.21279372181261
3.12684493091635
3.12937125932095
3.03818569085202
3.06790768371742
3.01729735356878
2.91549334838352
2.90684860603071
3.04351639708409
3.02607312244217
2.99064588379333
3.08299824542486
3.23453052964067
3.28865029580665
3.22554938746333
3.28612580797499
3.36227971639246
3.24293273346295
3.33073686781192
3.27345684653829
3.361923028581
3.38004771750734
3.33507610431872
3.38631925351029
3.36361688467109
3.16604847259622
3.32724638311076
3.23778474129695
3.3214652157712
3.21230172800186
3.36904836165899
3.30549611096786
3.27886444210085
3.22015789018357
3.27105523477577
3.21880403983015
3.24366181736001
3.37992653615122
3.22892824855516
3.3379281148918
3.37582458515468
3.30723990372723
3.32386368529304
3.23399301303975
3.41709370688183
3.24037841043235
3.18925438474217
3.41629848468782
3.21009753499008
3.35448830985497
3.30275307999075
3.28850914441532
3.18883039832535
3.36955378109496
3.28430756324313
3.1839871863864
3.24433475996899
3.34636867943398
3.33150764697923
3.21559067736764
3.43724680134885
3.28144168361672
3.25027287417448
3.29477214857146
3.22235626076723
3.30293720879949
3.15684735918768
3.34717156001656
3.34524240407109
3.27828962206426
3.26520169680312
3.26094188415098
3.48272741708288
3.26400191873028
3.20755437167937
3.26264581643182
3.18560304138701
3.30130235259546
3.28273612998728
3.31791069243725
3.24648866692946
3.32646954166719
3.12551871611999
3.24512737979422
3.23613077555068
3.25342962256877
3.2391796966019
3.2698062018217
3.22653655034144
3.27798973834805
3.46180812831831
3.33489735869455
3.24459704955824
3.22595326988398
3.28007027438869
3.2064575494998
3.09258486439674
3.17047193022319
3.22529439641994
3.25745924507547
3.36583506788087
3.29218118583925
3.38289263826258
3.12184873831848
3.10683296385595
3.29471841217679
3.26673351980633
3.31953727112389
3.18480728445179
3.27975784015101
3.3212132167494
3.32730353055789
3.3784758933088
3.27502768441157
3.22383266738635
3.23957834873386
3.41512515535404
3.08658315094474
3.34194122018232
3.47606773454956
3.2569172152247
3.3744177718178
3.27767812434715
3.2568431015528
3.26110058307173
3.22521040226765
3.43509129103182
3.22536351315199
3.29627258140212
3.10176837580664
3.22308151230265
3.48804200113661
3.33252755856974
3.37873491228558
3.45693634038554
3.32335773635282
3.27775164956355
3.45878953790239
3.17730916607073
3.44313959218136
3.21972174965636
3.20536834295417
3.45667749689651
3.24247404879215
3.20784245077746
3.55506427858663
3.57916743266041
3.28122149079331
3.28587605075883
3.07796324019816
3.20270139206841
3.43492476510864
3.38997634479958
3.29904490148013
3.17147253319902
3.4818720073825
3.39135486695308
3.10379910865696
2.85511231116654
3.60531667250563
2.72952110613769
3.00832792937032
3.47207628009831
3.35429546959712
4.13758221751672
3.18858123757661
