4.035181719912
3.81206537932141
3.56774845302815
3.62483271353486
3.55345847617328
3.52367482079092
3.54731385425362
3.52134540411466
3.50585580720538
3.53131411479941
3.51990775186067
3.50202487505863
3.49901964900671
3.48932842360719
3.49360969973511
3.49551960799597
3.48300323979308
3.46709605792362
3.47552070327856
3.47130858908417
3.44858198921027
3.4486780576926
3.45311912131114
3.45463245455511
3.43958193032677
3.44323275912541
3.4370030323203
3.43414540791782
3.43490226995384
3.4331506507095
3.41573300457316
3.41229292356135
3.40090599824672
3.39296313188607
3.4107420457077
3.39136270396265
3.39020302899143
3.37202576088381
3.39103822130226
3.38279856709182
3.39091035173107
3.39501480141161
3.39521862845139
3.39104512586805
3.37934863417024
3.38948300755119
3.37043102108709
3.36654391320931
3.37160083139168
3.38514022198503
3.3731974603646
3.37887934200592
3.37416668317503
3.36616021204857
3.37590638604148
3.37199687779396
3.38904108166144
3.38583099527667
3.38833394979422
3.38436318167974
3.37043637851442
3.37765245221907
3.38235802403567
3.38773617546322
3.37928388243655
3.36835376125507
3.37090045522228
3.36363595846429
3.35871082067833
3.37247515436235
3.36655505640566
3.36200388588591
3.36413380060232
3.37348618771556
3.37545411444699
3.38095537345837
3.38086260679188
3.36614707909579
3.37532173839853
3.40756530242438
3.36851514248512
3.3921749015416
3.40428753464156
3.41647691739705
3.37585974132962
3.36110491788666
3.38090099553502
3.36814193382496
3.3547738237102
3.38697848218316
3.39061339983949
3.37873367445425
3.38574456962294
3.3688106530015
3.37466389486013
3.39364609005513
3.38536232735697
3.37805181116144
3.35282074765278
3.34073503594518
3.37442349295609
3.37169279602246
3.40068098443954
3.36784404249221
3.3685149209446
3.36451916350567
3.37565779496396
3.3834479061007
3.39109068860715
3.38892227866192
3.39110540288687
3.35739478565807
3.36484462356016
3.35094214242587
3.39622150804718
3.38486311306586
3.38214255591055
3.38382534239255
3.40834069753528
3.38273448867664
3.38157273308866
3.39347272569965
3.37399488578381
3.39882123447187
3.41037911078545
3.40373371122945
3.36956797756731
3.34889316105566
3.36174661912216
3.37828923632227
3.37421465691233
3.35832671302103
3.35395994881038
3.37445776870685
3.36469408414614
3.36046334824144
3.38666843777305
3.36119568708207
3.31886814861833
3.32653913591679
3.45009675861165
3.40489415170958
3.3899667395782
3.40486299700102
3.40869835245181
3.37916227875795
3.39659860309494
3.33288436281943
3.3064284898674
3.37596551520945
3.38666946712062
3.34562587361446
3.36956513101842
3.33791168485582
3.38228014673506
3.27377628082256
3.29181175176811
3.35460744420878
3.40208390228987
3.34511431174833
3.33966430023148
3.35425495049304
3.37630812071227
3.33429901350728
3.35636000132701
3.3752132194151
3.32685232314209
3.33058623529657
3.34975664051974
3.38030052110565
3.31110981396692
3.34523825398009
3.39759127647985
3.37661865640971
3.40599358303436
3.39232624994607
3.39451465715888
3.43210196172169
3.39480197986727
3.31129321077637
3.33544095017505
3.32791648199191
3.26298107239835
3.32253784561832
3.30303751024908
3.34298890987192
3.29823125229582
3.42006090045675
3.3721034527914
3.47491210741853
3.36911836787762
3.44534246956882
3.35981334870207
3.31119186051762
3.312821125008
3.37784851645462
3.32231073430902
3.27078849677877
3.32620290689562
3.35396401056508
3.35126656290677
3.42175819955357
3.42591484480729
3.39084582883035
3.39295729494
3.38091371183647
3.4108409674138
3.34930137425289
3.42928664090926
3.38510576297052
3.37793382080396
3.3971251370871
3.29894235878053
3.35952494246675
3.42765392784741
3.37121348049059
3.40362378737457
3.37955746166191
3.41941463023115
3.34460109298284
3.31671789295502
3.39831788146772
3.38550482793587
3.42146640858773
3.451286368236
3.29470563999545
3.36410105407427
3.40877394980125
3.28126636481796
3.34069388874383
3.37042279965582
3.29932133812554
3.27306329703468
3.35746373468309
3.35030960962293
3.30605825079473
3.368020905167
3.37108627474299
3.36752039055858
3.33326724343096
3.3661715234781
3.32952872632133
3.33254517685874
3.27293212641722
3.33078760218092
3.40761915284359
3.44723757113752
3.34371047195873
3.34067026932569
3.43785588964233
3.47846014123539
3.41533085751689
3.43351780715373
3.3897909518597
3.36851033930245
3.3493564995708
3.3471977050297
3.34352188595842
3.31734666495518
3.25501601883401
3.31133657258649
3.49435512135498
3.41699581002168
3.33455057840084
3.33305361522314
3.4337986309031
3.4947707113303
3.41758465835196
3.33110476828979
3.40322821877321
3.37268694932907
3.30659034294622
3.31795657971607
3.27722364329672
3.44212075910059
3.41612121341304
3.43591551126331
3.3000854757414
3.18987199819608
3.31318571439171
3.33448027024232
2.89420631692758
