-1e-04
0.9999
1.9984
2.96869686968697
3.86357271454291
4.56418986581214
5.10786878647615
5.52352464003245
5.79403351042092
5.94580113343637
6.07548743613805
6.05987582868568
5.98992897275522
5.95457945922838
5.95250944414463
5.97614638928221
5.99636643911033
6.0188384795452
6.0453114459186
6.02012278308322
6.00436882041849
6.06430980346552
6.05038759689922
6.03680835905961
6.00564022560902
6.03892796507398
6.06613594611145
6.03043801039347
6.06819319319319
6.02241357477523
6.06306767302034
6.05276771857217
6.06485355648536
6.08245382585752
6.09595622581076
6.1082029141932
6.05969742401527
6.09351329018042
6.0768267223382
6.12641083521445
6.11630558722919
6.09952470113784
6.09748290411756
6.13992619926199
6.12475749888076
6.15308121139069
6.13508156731209
6.18355404989221
6.14212488350419
6.10694684020699
6.10855784469097
6.09767814251401
6.1453074433657
6.13604442266863
6.11939313984169
6.1345545378851
6.10048649555444
6.11026422764228
6.11257259993167
6.14165087023953
6.16376609815524
6.16177762164061
6.13918439716312
6.16031490427626
6.15538711423931
6.12354439592431
6.11011194714627
6.09850027772635
6.09394844975719
6.11492087415222
6.14554079696395
6.10298621745789
6.08600077130737
6.11178071539658
6.13653281096964
6.14302670623145
6.16643356643357
6.17238595074687
6.17060260586319
6.15289765721332
6.15988372093023
6.14094240837696
6.17757601351351
6.21617021276596
6.20158356516157
6.19248217757615
6.18954248366013
6.13931548924967
6.16179078014184
6.12477718360071
6.13710040522287
6.14038680318544
6.16697289848415
6.15951773707396
6.22811113705347
6.18963486454652
6.13939105613701
6.1296518607443
6.16319612590799
6.09406303444906
6.16884397337934
6.1027175268013
6.14807353311508
6.1147874777297
6.09189189189189
6.1844230268299
6.16732751784298
6.13615652640043
6.09813463098135
6.10940919037199
6.05031971087017
6.07029926595144
6.06264302059497
6.11662315056571
6.12680200058841
6.12332439678284
6.11020531400966
6.0390528905289
6.02262016965127
6.02468739980763
5.96635883905013
5.8776559287183
5.8012332245194
5.75532754538279
5.74880694143167
5.5411877394636
5.53213507625272
5.59808306709265
5.60929557007988
5.69033856317093
5.80779944289694
5.95070422535211
6.13510638297872
6.13928182807399
6.12472406181015
6.15883668903803
6.15585893060296
6.16166281755196
6.05128205128205
6.11592505854801
6.04970414201183
6.03694874851013
6.04854368932039
6.06845965770171
6.04084158415842
6.14875
6.07178841309824
6.029262086514
5.97422680412371
6.01179554390564
6.05960264900662
6.02008032128514
6.10884353741497
6.01236263736264
6.19417475728155
6.13323983169705
6.14082503556188
6.13714285714286
6.08477011494253
6.08771929824561
6.11555555555556
6.16741405082212
6.11897590361446
6.16286149162861
6.1
6.06666666666667
6.07320872274143
6.03779527559055
6.11164274322169
6.19063004846527
6.27272727272727
6.07578253706755
6.12913907284768
6.1892797319933
6.12563667232598
6.28915662650602
6.26215277777778
6.29422066549912
6.2283185840708
6.1788908765653
6.14954954954955
6.16211293260474
6.13123844731978
6.09869646182495
6.16949152542373
6.08745247148289
6.02290076335878
6.03094777562863
6.05283757338552
6.08349900596421
5.99195171026157
6.03048780487805
6.09445585215606
6.1
6.24789915966387
6.10874200426439
6.04077253218884
5.92608695652174
5.95824175824176
5.93377483443709
6.16
6.18367346938776
6.17660550458716
6.18075117370892
6.14420803782506
5.99761336515513
6.10679611650485
6.02205882352941
6.13086419753086
6.035
6.12690355329949
6.16410256410256
6.03856041131105
6.04922279792746
6.00520833333333
6.02902374670185
6.22015915119363
6.07547169811321
6.03825136612022
6.22222222222222
6.11111111111111
6.07471264367816
6.11304347826087
6.2330383480826
6.24024024024024
6.14242424242424
6.05846153846154
6.06918238993711
6.11783439490446
6.11935483870968
6.34563758389262
6.09491525423729
5.95918367346939
6.06896551724138
5.99642857142857
5.94545454545455
6.01845018450185
6.10188679245283
6.1264367816092
6.08461538461538
6.05882352941176
5.93280632411067
5.91633466135458
6.08467741935484
6.0734693877551
6.06611570247934
6.11618257261411
6.1764705882353
6.02155172413793
6.00873362445415
5.9372197309417
5.92165898617511
5.88425925925926
6.01428571428571
5.97536945812808
5.87373737373737
5.98477157360406
6
6.00523560209424
6.02185792349727
6.08839779005525
5.93142857142857
5.92352941176471
6.07926829268293
6.19745222929936
6.16666666666667
5.83448275862069
5.8951048951049
5.93984962406015
5.80314960629921
6.02439024390244
5.7948717948718
5.86915887850467
5.62
5.75555555555556
5.5
5.59420289855072
5.5
5.34782608695652
5.41935483870968
4.5625
4.6
4
4.5
5
