3.09539152978368
2.64728540760117
4.200667985046
2.84783056610244
2.69649576311451
2.76654872607026
2.57853315308171
2.60941103502209
2.58377175119829
2.57353554983068
2.68217575750469
2.73738348010563
2.67919506444325
2.67382595841328
2.7024645515702
2.67799057175408
2.69948729002277
2.64639774403819
2.72702536731797
2.74050791432144
2.65224111801523
2.6429561711056
2.69509159340193
2.63686457491189
2.62725372411498
2.65160271157653
2.67930447118965
2.64894361480072
2.69770566343336
2.6712695933452
2.65948842222167
2.66294986287513
2.66798892066633
2.71944899872398
2.61800543638056
2.73404066476267
2.66196850839025
2.67671452248189
2.60168279470135
2.66043141578823
2.64707721879206
2.67003517793607
2.64439801419564
2.58783412726469
2.60729047168855
2.63583756935141
2.55869704336548
2.67389466442245
2.65314760277741
2.62624574942126
2.57588794854399
2.60228965980213
2.63551940192419
2.56599917434524
2.6750808420082
2.67508057256549
2.61359200635398
2.60216152419495
2.5433997705473
2.62910739717698
2.65172885627468
2.60032416728933
2.71242759044042
2.59035106646251
2.55973829284904
2.64203167567209
2.60835984673948
2.66967857209337
2.652598214336
2.61751256153219
2.62623649060594
2.60147695218086
2.60812013331145
2.5673906404398
2.57113490196604
2.59484286652364
2.61155535018854
2.57040598152407
2.58488068030155
2.62772672591831
2.4963863958572
2.62478955357164
2.52195766467361
2.60347892896636
2.54997008315837
2.63024915805332
2.63151460845277
2.58385975190925
2.7130961821878
2.61140768991569
2.60744830686359
2.62899662269837
2.53358792709239
2.5855913281649
2.60844429794564
2.603318793502
2.71452061363556
2.57860374798103
2.7032560980626
2.53899768859603
2.61392317875805
2.53942123503895
2.56908670943969
2.70147217327196
2.50569698027923
2.64130931891688
2.62021322375032
2.62389501580104
2.59654288706264
2.60403037763576
2.61727117712299
2.62520273375784
2.55301264374854
2.57158166120781
2.57535968681214
2.61380617762647
2.59610525873298
2.63459899982513
2.55525642986619
2.68960839819097
2.66312689576419
2.59937218105908
2.52097848705246
2.62288896432434
2.74603637476692
2.38149506085745
2.40116583269928
2.60303498954258
2.5279607842775
2.25507593931083
2.38670482957522
2.52209314982394
2.61894447339632
2.56302924384354
2.56646185107963
2.6588409923534
2.49452808087013
2.7682520524984
2.44284633197493
2.73684193293189
2.73674100137676
2.71529817592713
2.81362337434902
2.71258199788192
2.55677402303735
2.67741714016727
2.46418082894269
2.74766635153329
2.62200396227485
2.74654543985178
2.69170897661924
2.53614435277356
2.69155013559188
2.47720908811033
2.65469631519843
2.69559236219245
2.59382641085992
2.74855634279182
2.76346629380104
2.76408642110632
2.54729212914846
2.68921836900645
2.59063252094196
2.77156595495806
2.80665126374317
2.5367286108213
2.87480529275201
2.51010402184102
2.69934883731801
2.67158393764939
2.77963338185774
2.42094060320679
2.78207451502022
2.94400846827228
2.3647445254217
2.7482484475933
2.61936609597361
2.84410064367782
2.68488347452558
2.83762303535007
2.70310656836104
2.68389374434842
2.88922645428085
2.42277165964358
2.49239364979658
2.7377291232718
2.69774580922049
2.59149980845407
2.61887025274308
2.82104834362259
2.44107728837584
2.69613697112069
2.62298824943414
2.5412541983504
2.68140734107529
2.60178812009625
2.76821827570751
2.62487067838717
2.71148407057307
2.40716751011417
2.49242752397368
2.44425006210766
2.76916098566757
2.6894603904807
2.76210032207861
2.55093093329275
2.75343992871749
2.66242314882868
2.65623020981693
2.81702866999991
2.55162049160294
2.60859025920215
2.6722471851062
2.41097761992658
2.28100157698984
2.23409078288349
2.58046796586462
2.63965163450698
2.56482766075995
2.78107961651637
2.74312216821957
2.55940825984937
2.51510388773897
2.5017232694619
2.64283240171807
2.61223839655317
2.4506373527334
2.40614408381587
2.72225647190395
2.6057271119031
2.40937770040679
3.12036294457431
2.70595462848441
2.64425860406811
2.72137728591387
2.51742829841984
2.44820886459531
2.62880381632203
2.83753697091326
2.49825780845728
2.70754902413248
2.77967810659286
2.41105488522942
2.48323563282589
2.66589545216852
2.77751807654506
2.39378796656511
2.68173787750857
2.62120122994261
2.69244994495117
2.5434847268128
2.79438086789325
2.37315556836412
3.0311544512878
2.99225370731178
2.37343510838471
2.7092746330062
2.68671630800779
2.70207447928569
2.57239957499248
2.74157252013105
2.92207261817594
2.70524660238717
2.71150327901523
3.35569763847441
2.49388479489752
2.85900057407006
2.14191672813592
2.68468677826439
2.13935927805154
3.15204958115252
3.12855225159409
2.96909757567607
2.81044415990015
2.39361627656443
2.58359056247063
2.79941917041931
3.34901510658377
2.9041230085924
2.37554134294869
3.14480657836158
3.4204946670795
2.15166320577144
4.17444273124763
1.08791671733076
