4.95324093256568
2.92406242148616
4.80083029271092
3.63361505421015
3.46307558364468
3.47566968610162
3.29117501440447
3.257236325623
3.2379165280757
3.22290710275789
3.31451799188266
3.34250887445758
3.30137583945928
3.28673714391081
3.31893312651042
3.28794174186667
3.31162930891507
3.27123829828644
3.32012237370923
3.32820110214542
3.30635995202638
3.31828857055741
3.31897517736257
3.260852709631
3.26742116966063
3.29279088689499
3.30971097811513
3.29861574007971
3.33012955978657
3.31572169771788
3.29419363523132
3.280570122071
3.29124737874644
3.33013028836536
3.28172085834807
3.3299879924214
3.28163017460783
3.32325422788235
3.29432566281779
3.30088616478794
3.28633311582059
3.32476013213566
3.27615702281757
3.27913615785957
3.30571902802671
3.28151507163316
3.26007091028974
3.31749908597146
3.30268615007724
3.27984231320711
3.30142087603066
3.26777299277606
3.2986236703672
3.27917649620114
3.30646283283778
3.28224107446821
3.26944733868985
3.30669400711382
3.24537125040398
3.30623042256732
3.29369283590272
3.27883801904175
3.32486434388561
3.34466554331157
3.2731583169427
3.2971257289474
3.25576804965022
3.31389155601679
3.29842499056733
3.28867445292935
3.29698430572609
3.26499092384074
3.28972312487889
3.28802391531104
3.29267626586473
3.26386994805339
3.30142661387203
3.29129375110857
3.30244362033963
3.30375127951964
3.26351604625532
3.31847455342046
3.22517518627482
3.28548264070825
3.2493847426443
3.31257829119708
3.2729106490013
3.26762602141712
3.316832879618
3.29965049123069
3.28842206936424
3.30802044208847
3.26943577497719
3.28969857433239
3.2684649963536
3.28967149171472
3.31430892694898
3.27828243222326
3.33070201507192
3.23379339136802
3.30469721652249
3.27727883293103
3.25327410355837
3.28835014465621
3.25809313418305
3.27409647878563
3.27836141777704
3.24495045710844
3.22810776786296
3.27330804970858
3.26274222595679
3.27826272788453
3.23315710035469
3.22932073672103
3.2188250447226
3.26890358385967
3.23288434551737
3.22979553992399
3.20391866630873
3.2075170063341
3.09671233110146
3.09070328878925
3.00278956682947
3.02680489530571
2.94547617257721
2.86410033414732
2.86386797037766
2.97710367017649
2.99017759128601
2.95012090127322
3.05230267969829
3.2178167591303
3.31550485904656
3.2607297529965
3.29288410284475
3.31479167213345
3.2379351003844
3.32993225267676
3.26180338727241
3.3309805811428
3.37547275335053
3.30052989401539
3.38155513041512
3.37028231428351
3.20615189833603
3.30498775618664
3.20618586677033
3.31350775863377
3.19044048784873
3.31031710667202
3.3089469786966
3.23789122425729
3.25920772501621
3.22652214089314
3.25233514519397
3.26693820405943
3.3539859233865
3.2983788395166
3.34719519519948
3.39171215262483
3.27725545228952
3.35439521555204
3.24006441302003
3.41089758286376
3.32472465308723
3.20223199288865
3.42704659423809
3.24817284653639
3.32409397205518
3.2368197415965
3.30770251380886
3.15475885127003
3.41670110838905
3.3513905417289
3.21477342202418
3.27901579120317
3.29351867703216
3.37216590651742
3.30291907740444
3.42482479857422
3.30047240105043
3.31900005893565
3.34023002620172
3.24733931829791
3.27942804658603
3.19090871351268
3.31404163211091
3.3916725259507
3.28251561731779
3.23518069769206
3.2471361794683
3.45989168763994
3.35607895546051
3.20058899561107
3.28144670087943
3.19289793009539
3.28218953386997
3.22511486994924
3.26552021691564
3.16919849002743
3.22234100470436
3.15160776127113
3.27499523843511
3.32775055484182
3.34550223090562
3.22193083995729
3.28520475661533
3.29360960704353
3.3458277421925
3.4540769589575
3.28082261627209
3.27132759516755
3.22525381025228
3.25058184231508
3.16607723788404
3.07657263100854
3.25891937504783
3.15129810752977
3.20325104718139
3.37069617344369
3.34178463360734
3.32163712616649
3.17517470165199
3.21431495982255
3.27820980414957
3.27876053052412
3.21872852962048
3.13069037947678
3.19541632635995
3.30071541010102
3.30348755093559
3.44549409820682
3.19956189877751
3.23489137342773
3.24221931478818
3.34004319644083
3.14517383568872
3.21954340000972
3.49098110438542
3.24168922467109
3.29957008074971
3.34604170548278
3.23290031183354
3.28170358461712
3.22731884925232
3.4037788867717
3.21936295565395
3.35098551292269
3.10099058693721
3.24017243298397
3.36466950971511
3.32017951728219
3.30278176027453
3.4285279377148
3.33583202017237
3.28504315884702
3.39641460271057
3.14502563725077
3.44693032925219
3.27115668962249
3.23263426345539
3.5022704840242
3.22759994528554
3.06569689144462
3.52971523928627
3.51551124548934
3.22474641000895
3.14317591392558
3.11161347269243
3.11864909757952
3.38504370602201
3.34526638913693
3.22741927856914
3.07234082275812
3.3681441325097
3.30172118812788
3.08752331516902
2.83367557125416
3.48982278355473
2.70078377479057
2.94755577252479
3.22255471691466
3.35429546959712
4.13758221751672
3.18858123757661
