3.41787391935517
3.46046597115083
3.29531946444773
3.52514954297756
3.28783919679511
3.56812125991478
3.58559931449847
3.53200250622557
3.54340643889157
3.46521786378145
3.51514836170069
3.39954134331204
3.64626055751361
3.59329438008272
3.6372812697403
3.38971119265
3.60014023404932
3.41276120295392
3.81443598700333
3.7335241841927
3.56186299948036
3.42497099364478
3.54763872612738
3.27138698808473
3.39496437589628
3.37369591040926
3.52233955248951
3.44397121700183
3.20263740789507
3.3979604887394
3.64229105595303
3.06173800902689
3.8992878698927
3.14546333268412
3.38776005930381
3.18077666346698
3.78974781946496
3.43410697677404
3.77549415448877
3.57594997003206
3.48153364756435
3.39586392999572
3.40688208288665
3.32644227131411
3.15716754252895
3.36652830249491
3.33931837462003
3.86544251597415
3.34588418384464
3.45025947847925
3.6652782420913
3.72394043226117
2.85782957509577
3.23299104455702
3.43593744450929
3.33426135921297
3.32774657476074
3.67405821167279
3.22231663817001
3.71965364943256
3.6762677404445
3.34876733616646
3.40068205066986
3.3605982396101
3.18741993570196
3.29794268031082
3.73666743957462
3.16370172441524
3.41694242309889
3.45018791837171
3.1254360572606
3.30235400399357
3.63478820055624
3.56634165044736
3.61340319248567
3.2904253964797
3.58067239979875
3.25580870221008
3.43040436591754
3.37145912872339
3.27351713394072
2.14541895417777
3.2579744982807
3.20281575493785
3.44126908779581
3.45099078474758
3.72511691540699
3.47414681893146
3.36834914725511
3.54765195505982
2.8414949520386
3.36947211461423
3.47992716160432
3.657854866996
3.52375597671098
3.27015104049509
3.61737632956597
3.46531421063231
3.94657056594445
3.40030784960377
3.54298275358764
3.39041618189432
3.70707774911187
3.47514090917676
3.52183387241586
3.39726357725129
3.96096140362524
3.59918292976009
3.44900225556985
3.38493680641524
3.76704778458565
3.57956806608175
3.64646714170076
3.80864034211197
3.43229344302792
3.23824984623928
3.82458529664313
3.98476867993919
3.43737306272868
3.35089140792973
3.76266405555604
3.45884120005121
3.55366216961569
3.34316734877328
3.2059767044984
3.71449336220623
4.11767002199333
3.72731590032964
3.37379023793957
3.85986507317868
3.44920679475584
3.47208556187558
3.0820041060058
3.48240081464115
3.51481731262101
3.6295685113119
3.45881095359645
3.57190650163392
3.54315872004497
3.4004246528867
3.36414574998645
3.46494828950785
3.56773461185045
3.41180430561463
3.39380726168175
3.23344439302261
3.88677704898772
3.90674144040277
3.36774949131883
3.19607623426007
3.32664355814069
3.22335611136626
3.5083988407357
3.34205878960396
3.62073150165436
3.88417221412901
3.35917560861042
3.19540560110382
3.32679745302592
3.6466237745656
3.32626598205768
3.40536948653538
3.46455687308718
3.51672935423114
3.45452588239311
3.41464630102697
3.35216894249472
3.52873313999474
3.5952990731238
3.51646627130024
3.30289625067827
3.69904763000336
3.5858625215186
3.24675495140673
3.51548807585932
3.59745102015948
3.68843815151409
3.45784916236351
3.41888978165213
3.57903762192288
3.21199494116196
3.69612624284379
3.53627140325096
3.46979773248081
3.59404027228788
3.16373400267514
3.50410207147357
3.59900134386987
3.47530423855567
3.42693834117497
3.60431440676511
3.25319477426792
3.45904143890982
3.56578090020236
3.29490635875225
3.38241784813938
3.65932017806095
3.4784488904427
3.59049407010961
3.55931227903945
3.54217195453629
2.6115047776582
3.34603914520875
3.49491196317671
3.44417970849217
3.39871858066539
3.62488440072605
3.15900193045222
3.38870591485909
3.45124772979686
3.61671206251835
3.61907968750262
3.51238358846535
3.54553416502203
3.23877196554258
3.50330760702638
3.50907108204909
3.44587698066181
3.44521557354447
3.52521672106845
3.75852858150786
3.55811072552702
3.47738680916848
3.24298734726513
3.51501574497618
3.35959690899172
3.72776723452311
3.97686364444716
3.6361499372376
3.85056346082127
3.60212625890907
3.63127401138663
3.61550802077024
3.38393107565587
3.50058109305098
3.51297491539388
3.12352269877296
3.49062324214409
3.56756612595141
3.36304782698287
3.07880350976078
3.7324377007373
3.4731876089922
3.70958338089219
3.34418986645245
3.19538637174185
3.46062336714803
3.33517448479234
3.18979739253432
3.23571817789346
3.14146845829566
3.48433914706432
3.18871059289009
3.44904076177765
3.1726175953857
3.34810635838678
3.49747361601156
3.59210664178729
3.48127963161919
3.68381454785798
3.79077232739845
3.80181930791231
3.600171619746
3.58448579563468
3.4116693753179
3.35405893554273
3.40755135047538
3.22429345191316
3.5363477992563
3.44352946472086
3.57488018836926
3.39031866098694
3.54991134878988
3.60887801058666
3.51979420410045
3.42825709428174
3.5897472917711
3.58915459554082
3.6534931974264
3.50505859590263
3.11010196976726
3.24062666789788
3.53706733042082
3.48221569812688
3.38998710798988
3.21991000677019
3.56002648471563
3.45942805030342
3.1668723304307
3.483349923671
3.39854683392682
3.47903406357776
3.36887607040282
3.58300648102677
3.64476096131907
3.42002923715284
3.37410802842843
3.21267993095952
3.58263164142565
3.41888198508341
3.62941769693658
3.61339374096657
3.23233948440886
3.20253758969515
3.43030866010037
3.3692264186503
3.3301774108727
3.44742800379647
3.43707374448526
3.27805855703824
3.55385752447986
3.4305590909154
3.47751245427565
3.44937811339198
3.27611047099544
3.36449535373434
3.59034146486506
2.76505138448003
3.36925402587573
3.50229067058106
3.31915883689834
3.21908061857555
3.28746928208176
3.45876289155626
3.70195736826879
3.9519701326057
3.76737942061229
3.51812260334452
3.37464098686855
3.3357187152627
3.42236152815145
3.53656909104828
3.69862021900027
3.58828841891244
3.48476967562388
3.41994932151418
3.32881743147226
3.42982311470656
3.38188594988737
3.84406578571562
3.86289210236621
2.98534594285593
3.39155132073158
3.80468023559195
3.42723511271925
3.58692705378728
3.75291212249442
3.59801762972551
3.35857153005175
3.43172709411813
3.47660741705889
3.18341077308529
3.35447348196403
3.33143827407568
3.40893931029856
3.70776105897369
3.62897443892133
3.61660402039587
3.34829866103844
3.1485406210159
3.44199410998474
3.67438930805154
3.4981654369216
3.58412268364612
3.501183310047
3.34484425827286
3.44960573527672
3.1985516363945
3.44273013914523
3.34456335426767
3.51752632399769
3.2134476565206
3.19861421594012
3.12592017025037
3.75555558574306
3.37188615402272
3.52236218115493
3.42982051695112
3.45903338356669
3.33060266973464
3.66572609567349
3.46776460073305
3.27815888059821
3.19219858671959
3.4931742317328
3.65226088256531
3.58728450370374
3.43045244752196
3.43556579868957
3.42384140637065
3.65327684140966
3.62229208126647
3.41444237828127
3.43707601869099
3.40589585249512
3.23713675334633
3.6176770152065
3.58610319382434
3.43306678394003
3.36554235366197
3.43810494989599
3.54707094008376
3.4329825366406
3.61607887619592
3.36568351971241
3.40000717512319
3.47225873159987
3.43106711626844
3.59121880333932
3.46729164984359
3.42287632133874
3.32157899600772
3.39043530862388
3.44665370393955
3.13305699955301
3.4694104293727
3.82752694048614
3.53802377802682
3.3557287999049
3.47121317883643
3.32354099844446
3.41052961936395
3.11941715317139
3.20005899281445
3.45251582752259
3.64145199203985
3.45820343830268
3.47044100019386
3.54175399565475
3.5893437813738
3.77818782152234
3.29873744407242
3.40793153560028
3.37892151917813
3.27619071419032
3.33821283724451
3.49458769420127
3.33463178476489
3.60997838346223
3.46359777022636
3.41717851043952
3.4557873841242
3.48804686811374
3.17193177300215
3.43772727236676
3.47102255146009
3.49772095055942
3.62165026864665
3.25110830325864
3.06614936887426
3.42149118516018
3.1739596254344
3.0451826735699
3.18069156538465
3.36331401045875
3.44763512682416
3.74735788493021
3.54031954776706
3.35043763914164
3.27412773135743
3.5054470800455
3.59706106549905
3.34578122040221
3.32091704256784
3.35131380430698
3.1986183823865
3.57996042722706
3.5598454020483
3.61900695860357
3.45744715265267
3.5437489626328
3.43341774732031
3.49247097515347
3.47600459325963
3.48637127879881
3.84751712228064
2.27562906848912
3.22194789016759
3.45679802643624
3.37099848832329
3.65194257296421
3.41148736862982
3.6245170564741
3.51889408608299
3.52851336758081
3.56704021440471
3.4283990294784
3.4480929922576
3.38557686520547
3.23679573067947
3.34476107608271
2.90911018429952
3.26682336436633
3.43569118503585
3.63445046674802
3.39507029341836
3.87367897105203
3.71011080944648
3.49468844294426
3.50736329155574
2.64910911070378
3.2954261567673
3.09743651725274
3.43303989314841
3.2283600556121
3.3891350380837
3.650448516801
3.25221102581947
3.36545224092747
3.38581972308135
3.22500098449179
3.34186644220818
3.69755146968166
3.37447242480269
3.43165170828776
3.46335226459907
3.52224265614494
3.43282003750059
3.46663116775361
3.33628651244327
3.48580423366282
3.46207920333437
3.53332041391157
3.46646846011235
3.29679821795486
3.26249011591678
3.35541427988919
3.1186601108618
3.16098275563567
3.30339091129819
3.53286287235619
3.37783666231787
3.44263602235274
3.51687430782245
3.5629147185574
3.33122666518285
3.34113590004113
3.53712432795883
3.49628596736976
3.48170153740007
3.53184757377507
3.43469137121377
3.68529696676564
3.16800937055927
3.26597488125882
3.44115490643951
3.61315867338306
3.72343065173398
3.46487588036052
3.32393167358591
3.56945545614339
3.6198649390362
3.09266451381876
3.39857866519136
3.29011254161117
3.35768580835927
3.15060948642622
3.3027672977327
3.25099579619398
3.5678271828441
3.60579440951178
3.30050242471831
3.2438850867028
3.59910501617935
3.45895444545764
3.26577237409572
3.47847949264477
3.69750693536789
3.30753007303675
3.49639777160542
3.45743173110858
3.41661641115726
3.37986609902123
3.23911739945043
3.39747918547404
3.54526696045053
3.31987157513196
3.35233152850179
3.56150840341587
3.94288229153783
3.52726930910884
3.42887467509918
3.31003667171656
3.42881436284652
3.59554132996583
3.50691554951284
3.55280148400725
3.24302200237486
3.44012080338755
3.60955134014642
3.66954274989707
3.40085356219321
3.33639340163306
3.24291256297381
3.3207350343862
3.44307826729097
3.5265885699921
3.43043655203513
3.3522709675004
3.56659385228119
3.22007334720277
3.51804462283768
3.35647246203173
3.28897262641249
3.40092675431855
3.23272087245614
3.51803447644424
3.35499365356325
3.50815131076722
3.49695406988802
3.21054584224137
3.29442980123037
3.28308250143128
3.56606751934578
3.61084701536154
3.59642095120019
3.58373759367652
3.42038942567337
3.55346990582033
3.13691604573214
3.79735252774037
3.62260172342728
3.45439674698616
3.55068367141389
3.65923014703544
3.51032435590978
3.56541335540212
3.29957935647061
3.25754833126421
3.69442440582996
3.20422821605872
3.83254037983244
3.39956799337225
3.40531938699478
3.45670648503046
3.51792239624611
3.5454686479119
3.4005290918837
3.54860051544747
3.53144334919865
3.17380562744098
3.76608713151848
3.34666801063143
3.39486990754883
3.82893527152752
3.79110808925514
3.49653856052822
3.38132440881269
3.46721255731316
3.62643346604328
3.70587671700973
3.50141580904188
3.51538349789793
3.740186550727
3.56200888639242
3.90519888445512
3.67633460530013
3.73594442584667
3.49070577080372
3.56047651279395
3.37714906144249
3.55664886477357
3.30979549536356
3.3199284324632
3.61114615230109
3.58420768351135
3.72000503607622
3.46142776370809
3.4270268185217
2.95743139919435
3.27119607074061
3.25434101544575
3.13334703833253
3.24451856096761
2.95526445336498
3.53622625626345
3.47344332465336
3.42343150080981
3.41390711232512
3.53480367715501
3.44607135684355
3.45378151839226
3.33826150421413
3.33769720057381
3.36100540006018
3.47822684892349
3.32314756454865
3.28380451315564
3.38403883858782
3.3879258688211
3.39966943181365
3.28394464593524
3.41536672880727
3.41572872370227
3.61255789287551
3.34806055446044
3.31176135026175
3.58802877291696
3.39431068897441
3.65591040183742
3.49630537907631
3.21537299639016
3.31878600765686
3.40920689512466
3.61912542631776
3.33390424299029
3.14885049862612
3.22875921804816
3.66097507778362
3.57557969608037
3.46902959841015
3.7310030029305
3.56029727465653
3.1668384497032
3.28335243643409
3.64621015284425
3.8067469451796
3.42699076696551
3.66555548371207
3.44224666234032
3.40232871180796
3.38667096166141
3.43150764805037
3.3239047667501
3.2920907842574
3.47370066211519
3.66712358442153
3.5009885707227
3.09297274770988
3.67214408184283
3.28285623166703
3.40403782527026
3.5243082199115
3.33308629455493
3.70843363259494
3.54832683250612
3.33283009146726
3.60795414630684
3.59537456835269
3.55729591389885
3.47352790705712
3.57552214430248
3.53364111524146
3.30572031567306
3.5598173351927
3.44399269567399
3.4225165601264
3.4041819149901
3.44262141070602
3.46194521381114
3.44274807205553
3.59878421495098
3.70123710589111
3.75223249369639
3.45270482192512
3.69516653247955
3.53608152448867
3.33512337022515
3.45075808214241
3.29197301098024
3.37733792502181
3.59861176966917
3.99064658706842
3.58574193941357
3.45142288639254
3.20185786819029
2.99409639046162
3.38038797583621
3.54392926132168
3.49674691898242
3.55578178125239
3.49681512984364
3.73032341008931
3.81357483299666
3.37677864994403
3.31902779651768
3.3833846158662
3.4845398202024
3.55598366285051
3.39981280729687
3.35875400463101
2.82501075380992
3.56158392956213
3.54236184587488
3.47228375055846
3.37743204316432
3.23498085244921
3.49512871212
3.83411188655294
3.32160050565167
3.49417520808328
3.18182705846331
3.31829077136636
3.19787094453296
3.28112919260269
3.34913928971342
3.46066363582835
3.4319793947531
3.35683951573207
3.57762133085499
3.20240840346566
3.30865202606254
3.38035764828875
3.56239371417443
3.42280484033406
3.38341315883265
3.62427705196567
3.21339024870598
3.47331960709904
3.4137723076807
3.24137859463996
3.26473637047738
3.26211092281219
3.54410346480375
3.61785836252098
3.32100926666856
3.24606815828943
3.69083514666094
3.32577627195272
3.17298662923817
3.38466225698617
3.5678808692154
3.78030568433692
3.49981854687836
3.4885404471723
3.40830367259027
3.47472957436721
3.26613980841907
3.36663470838132
3.30428753177575
3.24444292122514
3.69136821283549
3.43899188127793
3.69801446706347
3.47468950105551
3.44902919373131
3.65311151025311
3.421118422878
3.68159311615299
3.65959421590378
3.1245486476505
3.23085758386006
3.76186655932433
3.5868710826645
3.63940673178964
3.49120904646396
3.31038549164651
3.62409396665891
3.46269759486126
3.73243932196421
3.78005711423549
3.34572465493198
3.4235793650952
3.40275974700081
3.47726251050812
3.10235521870952
3.29937793266078
3.64648606246387
3.55770687983503
2.09160961266609
3.37485060186378
3.76415171271332
3.87680414533401
4.31213118427832
3.96791948783425
3.33556946256396
3.49829243025665
3.78010331021023
3.82204057328901
3.49455436711454
3.20591114351082
3.38560618977075
3.66871222597562
3.39591551240328
3.35459689386707
3.18449884109142
3.25470037736395
3.42466752916345
3.94031879851882
3.54270045926373
3.4333040325063
3.27078462956913
3.66208612764723
3.44944734103656
3.41594679685201
3.65633720702426
3.81815326271013
3.57571601408797
3.5070474922004
3.50743932342607
3.42775140696294
3.75552169660429
3.55675699527156
3.22108535014588
3.61877017629809
3.36967586186921
2.99208548879121
3.46902979821206
3.53955378215677
3.4501236219494
3.23350189283108
3.42069038813642
3.47254903276781
3.39282625178099
3.49234626311119
3.82165115891893
3.39956107501329
3.36878277483919
3.51786708357565
3.51506717888738
3.58327289672266
3.33836587872277
3.35965216559528
3.49432082141686
3.35437484902433
3.61130485939787
3.30007199593024
3.40381914878428
3.42225364405821
3.55298522664156
3.55640982999562
3.33013072794395
3.33357917225082
3.55202357569751
3.79908471117761
3.46096493915475
3.50537428508981
3.73377810689922
3.43458927445011
3.61926762922801
3.45400875414216
3.42824681780474
3.4988017585277
3.48211304294215
3.43448918065223
3.45597242669151
3.60150911515893
3.34783087636588
3.50085998179518
3.44336758360864
3.36235376679504
3.63887449641475
3.33492549515664
3.39861691512651
3.48540510950576
3.68160050690734
3.54489063279707
3.51594764144592
3.43992303806278
3.30309504247975
3.43438041356407
3.45566591980212
3.62176583742307
3.4493039665278
3.44717825974047
3.47934187083837
2.97991805506602
3.44908871316544
3.4621389145592
3.36131711098212
3.49327212334546
3.37115362273395
3.4524731822517
3.44995891303098
3.62271184722197
3.4083007488863
3.52759121480334
3.53389534872963
3.37337792454483
3.25814392673665
2.97026219162223
3.40421085185011
3.4053839732534
3.42244720828084
3.77339697808942
3.70554421290515
3.80425233966723
3.28986822650933
3.55061847680294
3.32782717216924
3.63106413679138
3.57664706915234
3.49953279403077
3.43017166313232
2.84289887791801
3.08066962923636
3.65657902112195
3.46796222250815
3.35189127623468
3.08568243429565
3.64202473045172
3.84998002952196
3.36159827544375
3.50686858444944
3.63137377241486
3.42825193875752
2.81249945527863
3.26219352483739
3.6417101060631
3.6179138254434
3.0564001057318
3.39236043047897
3.54565821969803
3.08011350299187
3.46970655580898
3.38930492967213
3.21869630334696
3.13642881540134
3.35975615477138
3.17988401925993
3.46576445784953
3.29744756491548
3.24976962066478
3.4950583405172
3.63198039383877
3.4771720433509
3.25049111770151
3.52222648612076
3.32715872119888
3.63399360200506
3.41735591205195
3.64177204383326
3.4565127669224
3.60992968353209
3.76064670490426
3.39634784395221
3.38816970250571
3.09022983701684
3.39601485999711
3.61057855919541
3.49391282809575
3.36817186673043
3.48402044752644
3.44538637504626
3.15397199930752
3.48539671638567
3.3376591556182
3.30130557523724
3.47271551951871
3.60286602887562
3.93714255739278
3.65880828063401
3.53093121227622
3.52866339537811
3.67419229344048
3.50859110659546
3.52918176531566
3.41523931508096
3.54546473361263
3.5256960461476
3.51516578596622
3.57442191458945
3.47290939316982
3.55939026470667
3.23625388835386
3.43208469848011
1.64711820850839
3.32746132929713
3.58486729050799
3.59114026536956
3.04927742736814
3.64113216843024
3.26135689068792
3.55405450780843
3.35473532717776
3.47025043509909
3.46369755830661
3.37524362857139
3.61630338811008
3.61098354722993
3.33016502146408
3.51883491986603
3.32723980968294
3.94287897650018
3.52282994128527
3.3889815545281
3.48360350362633
3.60771559146688
3.43488559127311
3.58397788878149
3.87494562440094
3.33173479892513
3.36347167861421
3.40104356813768
3.74739275457474
3.55610968133319
3.4608154439677
3.58279944366694
3.55329478228095
3.51218745976357
3.24962029678623
3.22685631136673
3.58093565466321
3.62207878627731
3.27262919810622
3.29364076776386
3.26938742611379
3.44319140957114
3.46156806875848
3.45646481584846
3.17770607570778
3.33978106929668
3.46593922129034
3.57184333905624
3.95427877173451
3.76098089582516
3.31447831527266
3.27155924551893
3.44563759487716
3.41883570463601
3.43344058166053
3.7411129761934
3.6693296493258
3.44767072594064
3.27858882133999
3.29502575490367
3.46069977375579
3.31375042059409
3.55342329707326
3.47995734297706
3.49110151979482
3.42781239560143
3.21904940757191
3.40048148501932
3.41588509264634
3.59633503314323
3.51821448027874
3.36847014479752
3.39918814753273
3.77926424600922
3.58960772427861
3.36246611062793
3.32087287785895
3.39939679326218
3.4747423633265
3.43829202602171
3.35385705224015
3.43523400803667
3.45454295260194
3.53599223519937
3.43652831685584
3.4986933929657
3.11732627199476
3.51611701006516
3.36705955624052
3.38969844605813
3.46575587256873
3.40914913229545
3.69375368246361
3.74316646804767
3.72182512603906
3.39511237104023
3.74202003429711
3.43976322531224
3.51410862151381
3.16887423511893
3.64390685185898
3.52154464608049
3.31549928723498
3.34295861915919
3.43380982450095
3.48082073631305
3.40928069146179
3.45818290077709
3.326988010967
3.60353107415662
3.58271005330851
3.34344455493409
3.35167793492523
3.62385874292533
3.34739130885441
3.38095149563576
3.49992897801238
3.5149495585269
3.9120121465146
3.41192054907747
3.43670824107046
3.2941080752348
3.30168834693139
3.44410961015877
3.60111711644344
3.55017275528949
3.50532269679269
3.66989179300179
3.47374602397012
3.68456197244013
3.49044376690028
3.22183455229395
3.40669846255583
3.36760234301463
3.33279517474906
3.57019446264972
3.45976607615108
3.69374874646798
3.35401979650953
3.47975424916058
3.47022625308735
3.42297662865206
3.32658331118329
3.66489914703113
3.2839996755897
3.55185719317674
3.46815061616684
3.57038171798075
3.45701862072728
3.63879237903967
3.16147760431235
3.50790149372083
3.74283390120344
3.70660975308064
3.62276539965448
3.35660631342357
3.54427062068853
3.41440786650082
3.07227355729596
3.49497313658546
3.17777519233322
3.29331341715241
3.55490115009011
3.58104185869851
3.34077282025816
3.69761421279199
3.4679104552068
3.39539628384192
3.49716926962612
3.62928592906999
3.51099619553669
3.38391249993208
3.56175676333077
3.71305350774407
3.3552577793909
3.117081473282
3.67384794061648
3.56594986397125
3.26067549600068
3.12935218837362
3.20746613755505
3.42576959306831
3.51353937234606
3.50751026573151
3.87561885023226
3.3232771710985
3.34702777445097
3.24346336663313
3.34690482771978
4.05803276700294
3.96664483032456
3.10499961705927
3.45417031683064
3.34350626400363
3.38375760737543
3.39479597470624
3.91293166843368
3.48305584541204
3.45926949588499
3.58042159510174
3.51111038784779
3.74974037183377
3.47720467624277
2.79336613261851
3.34442510181169
3.63126663634602
3.35157869159292
3.59527101947799
3.27210388416967
3.28839232226666
3.46079044159327
3.6625856630072
3.75982463621615
3.67149429674846
3.3926109438564
3.47732456644361
3.57115696413045
3.72049665378583
3.57723899939646
3.39855363025901
3.44250703831795
3.36131958282831
3.27936098163667
3.47882846605128
3.74635890801993
3.3656551151347
3.87081982693888
3.37401641003396
3.41206925134295
3.29035731713057
3.41017961936044
3.43570697406942
3.39733484494586
3.2009479430785
3.41731367767794
3.47840336602024
3.42358916151184
3.45553483093201
3.54205451780915
3.33801983035398
3.66478499308196
3.55339192238911
3.76149225813939
3.71397280093788
3.65367073734817
3.75703585429792
3.41898848379277
3.52759257814225
3.4555324918639
3.26473512807926
3.42443933890794
3.62838432841681
3.75833401680959
3.52848612257905
3.43603085430388
3.54942042718542
3.27772520737994
3.30214882051599
3.25814578268833
3.53283426490868
3.88130170399026
3.48217319191059
3.27851130352281
3.39176250630279
3.51226768047519
3.46368311476034
3.48526489114479
3.41820833104419
3.61001163243462
3.33212534937311
2.62346080062841
3.43691932743256
3.94261099110612
3.52369150910697
3.76248253432009
3.56381055379226
3.64514703641667
3.47024195973071
3.24935248046135
3.4492738561299
3.34659050321617
3.85561648843187
3.53396846639261
3.45161938427969
3.36702217835922
3.64096047467229
3.86631303757209
3.20999604777742
3.96485902168407
3.6487252265171
3.67850364932687
3.48854494813008
3.59343748068644
3.45716829066809
3.79102202502335
3.56019520335667
3.23486525613359
3.32619928002401
3.39910625725162
3.7818493131029
3.62843838138671
3.33907536856616
2.69759762894239
3.28774939142172
3.31033297414154
3.26268498445628
3.43054241776765
3.31749171370852
3.38956644501246
3.4041984653967
3.411703116217
3.42641368918819
3.42786900881513
3.30819395712906
3.5129761057402
3.72462454013085
3.33766987781762
3.34972645429206
3.49562036659451
3.76614313181399
3.46536852056621
3.18469696567783
3.23778956885334
3.34791937197153
3.19005554778127
3.450358497477
3.28001472413321
3.78933234926099
3.9072062830901
3.54498583743455
2.84041150666586
3.23128390098452
3.82094782372319
3.37779612170007
3.75879988730636
4.09499919249909
3.30399795974248
3.23589492641189
3.60731076945244
3.53515858197184
3.48892924121263
3.55845607315479
3.47700779179572
3.51461380195518
3.7031835008985
3.72997632526741
3.46041857925952
3.69852223299768
3.44453320684252
3.22429072480882
3.54674493181753
3.3719264948141
3.55248206561941
3.1735293468299
3.49235247715285
3.23770066213505
3.37326091898645
3.49835690728073
3.31453565567854
3.529643499593
3.63012400058795
3.48792807912843
4.1117738602305
3.31830965385669
3.54985532401947
2.91759532951799
3.48393337705905
3.31566467202846
3.46792142812624
3.48694728201551
3.36921813917961
3.30108671165077
3.34852317332401
3.49058198712451
3.29128125533279
3.38815966723274
3.62210151309409
3.45402002654775
3.59822910757121
3.4993700272749
3.47839670105459
3.6451428167267
3.4290853328852
3.8317519970179
3.34797146738252
3.37105316540438
3.46943397457922
3.47617166340064
3.64963635102228
3.36306595540831
3.58240191096959
3.31760876074153
3.54213000837388
3.46644031148005
3.32187146554961
3.50603270971195
3.56635457691862
3.72182169749229
3.38398113860918
3.41818248115057
3.40868263891719
3.38315718309306
3.45760553398008
3.20696343976467
3.68549162892968
3.36423623448237
3.45379084603014
3.39575008184897
3.44229465236164
3.49999743786104
3.29435839275651
3.39074850189096
3.53317418903379
3.29500297921088
3.22268103845798
3.56447648059558
3.29929520994622
3.82529915491462
3.67284749099994
3.30247129743519
3.71345355075186
3.43602110317335
3.50728986359181
3.53252636042612
3.44406432761621
3.24399876530759
3.534893755683
3.58250283643341
3.53607830214268
3.13976208394963
3.39266434329839
3.36248146337562
3.48268715348701
3.29505304186103
3.49876801771065
3.05235533627455
3.42951461243407
3.55349490624907
3.49682304154783
3.549489323143
3.50275873360684
3.39418989653164
3.40041081731858
3.41375797792719
3.48196229825913
3.46823704553292
2.70090806302361
3.5227070292281
3.35575484106015
3.41977756290949
3.44641487694784
3.41756245070424
3.46176223904965
3.44337329999541
3.52498589312171
3.46215148295575
3.7628810511828
3.62476574795692
3.49097607606754
3.82399921230654
3.50717352337694
3.55765500873853
3.37611644988726
3.38783788379965
3.43216728710248
3.64538447957017
3.49119242033625
3.44919990787071
3.02989818481908
3.35206950909059
3.39848194042023
3.54930047339431
3.33218164340099
2.98424577591972
3.42122254511389
3.54432339789411
3.49488687482972
3.36292267882861
3.45981700640919
3.50219415205763
3.86189809699445
3.48949394414011
3.36777929798418
3.00363290952741
3.44277625521014
3.77678046466536
3.47002436562015
3.69528206451936
3.55924673838507
3.44300521975847
3.67678445047275
3.62828348424055
3.30888567610867
3.48810657565465
3.44377460762879
2.97294929329357
3.33720741490118
3.37579127230179
3.41435405547495
3.65706697758746
3.49517174473468
3.41910491235708
3.33777935561315
3.41937720243131
3.69195332503041
3.48608734018487
3.45278601815177
3.51457843144774
3.65595409416159
3.45855173498633
3.48272084507771
3.27918036487136
3.16150020126969
3.27152816729159
3.39882945874293
3.40055478466295
3.77511032212155
3.41005750146183
3.43823093026801
3.42950791967787
3.42374041129272
3.33803799658223
3.32355630918168
3.28482137868654
3.2978627185324
3.29338347072831
3.22591924243316
3.25292349863916
3.45075872188368
3.36565055879812
3.2597731842244
3.32080448666946
3.43578696972592
3.44778501806361
3.33132991149446
3.03799104435868
3.23878161699396
3.47935974423361
3.54319550871293
3.44992761162071
3.37964300555065
3.56004798108015
3.37071325924563
3.70901789136194
4.12990819238798
3.60655818034662
3.434526587391
3.41165893502147
3.53489412563927
3.2884542872166
3.48617467715807
3.45745874425185
3.56668291228243
3.19621723537697
3.27038849395888
3.63937422872074
3.41110733493342
3.61779464641681
3.4592663281167
3.39905931485203
3.37591792882041
3.20121425720187
3.59119205744962
3.70801031430069
3.33235028271346
3.48228326311595
3.42061117086179
2.74899592211443
3.39253662362089
3.69141274702168
3.40758327299502
3.32642988896822
3.29170342208302
3.37089717645796
3.30660904224031
3.45548853841423
3.36873025624949
3.41969347827977
3.36261323864291
3.52375245008769
3.42294425031355
3.26612511364648
3.46254156893895
3.49741856705385
3.65087952103868
3.61780003547405
3.4733107099315
3.38918686619742
3.63099870943179
3.41126385005801
3.50164645567266
3.38505787134055
3.42709357091315
3.49343397230184
3.69014775229308
3.16819202699834
3.3272964889388
3.41887686667259
3.29420602249842
3.39548978966494
3.46837796282722
3.45652451047085
3.49786492314102
3.5355425378583
3.29336495510868
3.2815223642304
3.40187793097342
3.29463603676339
3.12012047696526
3.53195394664715
3.10524268578457
3.5053992400837
3.54575246052558
3.31085550719264
3.3719611639188
3.37725920161559
3.3553144188395
3.78196149298997
3.48181266649551
3.51729524729179
3.19494195328004
3.44274785039476
3.8410577680899
3.57712793047962
3.89976407276963
3.02259967287192
3.31563263347591
3.16649287476237
3.37998621911333
3.27858302047419
3.32071660195575
3.2357492864257
3.46616670079638
3.45067006654113
3.33392002071449
3.52785792732885
3.36904960643844
3.63938464211945
3.55891304374774
3.31093339103027
3.51671634025253
3.61207228378862
3.57874024436875
3.36988509747638
3.10328346229326
3.19987281045681
3.28685458960773
3.33322151513419
3.46464730692359
3.32965189652207
3.49531641112921
3.52806831970102
3.5342153706399
3.53541849281494
3.28921107484264
3.42925943538006
3.58194003441591
3.8657938474562
3.36583332992029
3.48619596237139
3.46197162707582
3.52423925517567
3.37220094759527
3.56995707143355
3.86429452228514
3.50718364992376
3.89000533568954
3.61408161573386
3.47050050346053
3.80253310478083
3.43607723683822
3.95962561142742
3.51123184203526
3.33081893416257
3.25063646576953
3.25614537726169
3.48960079967699
3.41498546439518
3.41711959682089
3.5668789775417
3.52935861652409
3.54182930861476
3.58981891650366
3.4367843946121
3.38985725939345
3.50473935311292
3.34059052329542
3.34638338213317
3.43542546276691
3.38142503793198
3.47716981706184
3.30790524848939
3.00287825517874
3.36717450673169
3.35453470666975
3.2977599044922
3.31254004552729
3.24931495844943
3.64013895592754
3.59950454968054
3.17377585870157
3.38384113240944
3.38973984474477
3.21471093431112
3.33413349724308
3.30632472995495
3.59693627996975
2.69686116539901
3.4599635866316
3.34206880524472
3.37513372559385
3.22727702276945
3.30117878908824
3.72117599188254
3.8945873040125
3.57761857101102
3.59532353818845
3.54263228665986
3.50052543419093
3.50545818698978
3.2650372240125
3.52104016155344
3.26700147243095
3.87602098190185
3.37447466981384
3.65060014419196
3.46981455834382
3.45573212748558
3.48146658183006
3.12599590114032
3.4468829093565
3.50541359094917
3.4519766271548
3.94820981887158
3.79253023849925
3.49882630183552
3.25240484154954
3.32154082739266
3.07355728565429
3.6691571634347
3.46120934065654
3.71439449844916
2.8630361997315
3.32295535937262
3.33087903013143
3.34185068582884
3.4449319911009
3.32299041137064
3.50073323339505
3.27125686143435
3.29067734036134
3.43427400703855
3.70858333112192
3.47737861840823
3.79677406729384
3.62299197583978
3.41762684493977
3.45265019413665
3.38956453030655
3.32076863982149
3.54619944281046
3.6471567648233
3.464168747367
3.80763889914982
3.1024667285514
3.3510526365554
3.35213919934019
3.46619247954621
3.32950672614395
3.51850937238644
3.58947129299238
3.5574721608028
3.46404281981442
2.65900791449146
3.3551297952216
3.58945593371919
3.324815932863
3.13315996439754
3.73551305844586
3.55210967562898
3.62774139482308
3.600401196809
3.46159442173652
3.5608962255855
3.46831840796608
3.36916224440068
3.50370009287617
3.3662500910736
3.33425160865003
3.61908410483309
3.25390085296689
3.76096282547379
3.09616833659726
3.54048734890051
3.57568113988485
3.55191033640261
3.37457374653322
3.43489289174406
3.92933015435881
3.90547038018552
3.95101600774507
3.66283644744859
3.16114111953164
3.77423172639847
3.9778254381933
3.73332477522109
3.76704971292926
3.16353724877627
3.54874948606679
3.76774802987269
3.39561746154516
3.39213622240009
3.82818596741998
3.60136312942383
3.54548526082893
3.63666275681763
3.70874877618965
3.59827215250255
3.43131195115441
3.92107206994393
3.52908393592834
3.56969967535381
3.70456787597836
3.61893317877779
3.18569274819506
3.19840217785174
3.46259651307051
3.25590676463565
3.29485616891321
3.79422616875219
3.44421431434106
3.45867453685012
3.4906723011997
3.46333340094062
3.32716825513245
3.36329532654278
3.3659559433867
3.43673122881473
3.55319514451743
3.35576024483451
3.44096933641671
3.40991398245809
3.50539315647399
3.85698288085518
3.64423926357892
3.52651231943795
3.29736064110696
3.44405003493064
3.40846230587098
3.44896160706926
3.51276633735325
3.67338469521455
3.77566764713799
3.27813963196846
3.27718118713664
2.77638468984175
3.26159136948902
3.39818418691963
3.46681483235639
3.27584038464445
3.41371400261771
3.5186911137606
3.64322541558565
3.63043807110308
3.38921492662684
3.50226494158888
3.55721858959936
3.23881738128343
3.2996179393957
3.24772904634085
3.60266618491197
3.25418080520035
3.49237851985732
3.48343861222182
3.40998119645864
3.43935710926988
3.77540053927109
3.448892265853
3.3849344600453
3.57091316476407
3.57715772863875
3.52273901796309
3.45961338905775
3.64381226440434
3.4016110199678
3.44367515626046
3.40098227299744
3.40761141021825
3.54473276642038
3.56346903579607
3.04548513941569
3.51096562892055
3.69847828184013
3.00255420916567
3.5831471489243
3.45732782296739
3.82173513080317
3.50484675400334
3.56782843254885
3.52468707936525
3.47620795475519
3.35565327910213
3.32942290956337
3.54142719279305
3.42141743184407
3.1998207210514
3.287864667934
2.99653897214568
3.4580201866372
3.3895689586318
3.33289071151533
3.32950430194719
2.12242182662733
2.90411106298069
3.11097099846807
3.38621115256637
3.25663949709999
3.61564425823033
3.47503781523274
3.49812788529144
3.36572499205649
3.10248388265148
3.40166258429822
3.56456778148972
3.76187799616899
3.63176705093025
3.42734332776534
3.45908729043577
3.42203082087303
3.50028574965297
3.440915967981
3.32401373906303
3.33701373974265
3.3104323090885
3.55358764861901
3.4921993836534
3.45000323114448
3.62283649706914
3.49172666971504
3.4617366444902
3.20831341545741
3.46049589557141
3.27394895181923
3.41206906854801
3.17482353433838
3.55400928824587
3.68482289583398
3.8140209714493
3.39741148965601
3.23467303985559
3.39257279457404
3.37518162655278
3.4237219272758
3.40634153112286
3.44020596317575
3.00808905301152
3.41633582483125
3.40760827784124
3.83557976480818
3.37662587991769
3.29906448242298
3.47113065800866
3.4584849642361
3.34944947451684
3.4876233479128
3.36852954960726
3.51734966632931
3.55351440234512
3.37431731388202
3.44148082206532
3.38682328070053
3.38041658254174
3.39574780646855
3.34778499163805
3.33156053580564
3.59874524944702
3.24944703272838
3.44395414348174
3.53785686868168
3.24795620093111
3.73402864669299
3.26684737394844
3.49724022695721
3.3580429815617
3.69824312411268
3.40735735382918
3.42266903030641
3.58878460943553
3.49581431392145
2.94824008523192
3.88850371275376
3.47987984820339
3.53632709253176
3.57784679537881
3.38040898407376
3.37155275001143
3.51566135180958
3.62777837218768
3.45349983651529
3.54538557132075
3.34371036151718
3.70553915257551
3.40276264844948
3.40994753972672
3.47147178095926
3.64123297804788
3.29996017141937
3.43231447319127
3.64882697529502
3.4450854706584
3.44558487135948
3.62753971337326
3.54609409532758
3.1421640828297
3.47659330399948
3.49599512044906
3.36343086255398
3.57197267585533
3.59517100892763
4.14503916099935
3.0571089235636
3.40163408350416
3.48230997277319
3.55307721878544
3.73789081788244
3.40111166603001
3.65886328127441
3.85625161030739
3.45269294200205
3.51078825295386
3.46309570292352
3.54224619245832
3.80876048804546
3.4469526817918
3.51709935194847
3.55119966865724
3.25359459391328
3.60039921929605
3.35748933764191
3.4076811378036
3.34929844286926
3.42939886436889
3.46636326492792
3.6691980000633
3.69115662885036
3.35688350819888
3.65989330850593
3.6493731725836
3.6714827624742
3.57928329017631
3.48093246273814
3.6410204179949
3.4427969212912
3.21850216234097
3.52645215852966
3.28917334575815
3.70985711492921
3.41308046547069
1.93800478880241
3.30837637539234
3.1804101257317
3.45750126441631
3.72581555166947
3.34144015849631
3.32346747548187
3.48598960506105
3.49127799421925
3.34171109897103
3.49089774357024
3.4969800053087
3.15570869167664
3.35565489945969
3.4200533808678
3.37573090372616
3.32944591525824
3.62441463542507
3.22816459606842
3.40201912513795
3.37119435935091
3.43216847742019
3.41505822518519
3.47247094754064
3.70574311425428
3.40554694080381
3.24086108929599
3.37014950130662
3.59472464151778
3.48023915894358
3.29859665766923
3.3778753293011
3.37580619065076
3.24831149940579
3.47874908843609
3.41426563251328
3.46846393062949
3.49342606211093
3.51546399391508
3.44177481022723
3.38438005977153
3.48557738931812
3.47885574188023
3.40271845989183
3.42876773472224
3.31437317126672
3.03702197190324
3.68577113484642
3.34491677211866
3.35023422736008
3.45958381134416
3.41643771309036
3.3186542902472
3.31048589335485
3.32434198391826
3.52425764869951
3.59470704500238
3.56210453791397
3.52830701341364
3.49419008334008
3.426663324376
3.13614020702718
3.51627977742068
3.47325474208434
3.43268758821767
3.32917465675315
3.42772496863004
3.54836505614472
3.36507751296516
3.49316479044702
3.78523934432572
3.53136276205647
3.17138187562867
3.38024747812984
3.31462904779033
3.50765633008266
3.30541372064806
3.4340225169257
3.13700390690595
3.40173147048477
3.55108378061729
3.49562633851313
2.82277346268474
3.33334994779595
3.04716955383711
3.26447209288796
3.38412911803247
3.57996427062705
3.39235861611139
3.52882145290201
3.56497530963031
3.37089031536776
3.59901172598337
3.37269448197057
3.38325978033588
3.26325410528369
3.43993460122673
4.08129162905879
3.60081725334696
3.03470405695858
3.32902113862205
3.47730169487842
3.4214409861719
3.28417912070716
3.620828745172
3.98504121743054
3.44744617634669
3.68131805648883
3.65014113162509
3.44581649030709
3.51303177364709
3.6624104156713
3.49176181246541
3.55996438091921
3.3124237422021
3.39692396002021
3.44845748854682
3.62271740642943
3.80764423772776
3.34256979137535
3.30656033943674
3.438960200082
3.44267216234283
3.32034304517634
3.53775689547284
3.25395718786051
3.63616751145437
3.61687039932825
3.74619568904906
3.83262220081708
3.61944395171666
3.26010509594
3.32322730905112
3.72506320167402
3.56539832748569
3.64132776573553
3.39495456901642
3.39045888595369
3.54674172559451
3.31392653367519
3.5120979618731
3.25164154695539
3.51881937705414
3.34381557877343
3.39339665682506
3.34184661875191
3.47200027583208
3.43238353830309
3.26181035664124
3.60956387044465
3.50556542328893
3.49281534656316
3.32118023985994
3.36302843551297
3.50623871982608
3.37317927262694
3.36915082061055
3.34482627094859
3.41513279103644
3.58326753600976
3.53591660016481
3.33286281220887
3.40261120821176
3.57982914651458
3.49105903533945
3.64008694458177
3.95214713950063
3.42862244248839
3.91046986334902
3.80055478267366
3.00872899762149
3.43044675502899
3.47043736981639
3.35437024479683
3.35501510213669
3.4962587077039
3.61914546276554
3.45191872218967
3.44330076711638
3.62145068085811
3.35768038308151
3.67999688979289
3.33409004490204
3.64574683766171
3.400963904831
3.52533950853282
3.56420642792628
3.41448473623214
3.41259402876586
3.68173665802767
3.34583652102146
3.94634900337773
3.27349025230003
3.30698866382539
3.30879323944335
3.40464956345965
3.21711978929461
3.46329652050198
3.29573846563316
3.56328308974882
3.5742721577006
3.43094510800119
3.45906479932502
3.45096840807038
2.83033805009873
3.02506620199273
3.41725365281799
3.65944138930194
3.46285769040762
3.61115689640745
3.22912030201413
3.44068788775038
3.26225726608325
3.06732977850647
3.40138375648986
3.28355602675603
3.60535073007326
3.50071726273123
3.52385358872803
3.20408212719712
3.35272273744345
3.42092262276933
3.45598492562193
3.61549909443664
3.3523182991663
3.47622539697743
3.43166911759793
3.38026391000884
3.74716268954614
3.41402608595551
3.39113712229168
4.06214397922825
3.56092865050054
3.46184901887771
3.21646364063686
3.72878829063898
3.47855149710049
3.39202257240822
3.38377468508489
3.51472394928314
3.3175693038023
3.6959299303869
3.41567648459581
3.60729414150656
3.44935295526499
3.3633684617919
3.57742546102106
3.467710456999
3.84501376418662
3.80151205668182
3.34762787665896
3.60916966990017
3.48674990489325
3.36000142621255
3.26661613856486
3.53262233768514
3.40572031357733
3.66002338212345
3.56385349887815
2.9814299977385
3.3745189000112
3.10513344196109
3.48384520743801
3.44269726599809
3.23840737318604
3.61920524193008
3.42605510385865
3.46420629019402
3.43241386833235
3.5043037420102
3.35860812340538
3.46148465149808
3.81112972501457
3.32415523419185
3.4889442369601
3.27892060264995
3.37687918681962
3.31052229852888
3.28800963171971
3.56771292382537
3.20545830229354
3.33178278557625
3.54580729320418
3.54508375922181
3.64924222834212
3.43081317379197
3.42136251460938
3.51521060769751
3.16721197308111
2.66409643664731
3.39652083422246
3.41926272669737
3.41329225832945
3.6359804620959
3.62029301190148
3.99478036860746
3.59541377620755
3.44278161697643
3.85569214068692
3.49902121436748
3.38499032530041
3.67147258257897
3.56152969991784
3.66037913604283
3.3378267056235
3.08836674753281
3.63124731594143
3.32250840227817
3.13903256628618
3.4160128447686
3.61994850769205
3.12996430411596
3.35357710245135
3.35714889061628
3.40894647656704
3.58166350070919
3.41803035396199
3.70723875781807
3.5993406846195
3.45721864542797
3.34901743542895
3.23712759842057
3.52536816683856
3.58917415410054
3.56829592169542
3.34096763413502
3.67312746507043
3.59842496829219
3.56575518168759
3.22045801449792
3.50336532117864
3.51983020386455
3.48438196883276
3.45099057681274
3.39872167272702
3.3019094637065
3.60177185824379
3.3359187724466
3.82244237932673
3.19672722715168
3.49469585589301
3.55674498114805
3.21092659939588
3.19098428792534
3.46792642954269
3.2994099455643
3.40275899771495
3.56160394612111
3.59345215379041
3.5103595131414
3.2710973511963
3.60589851773557
3.43491617408213
3.38753186989314
3.5185712832344
3.4209223355109
3.30175678985157
3.67112999851827
3.57016358331617
3.40687649271534
3.59108256591956
3.35330581421708
3.39177261534771
3.47627661247698
3.10357701671257
3.41031350312728
3.53383283301761
3.44245523040738
3.77804096009735
3.39504376063168
3.51713644260475
3.61495896639239
3.19034892622662
3.32527378717641
3.31082083153792
3.48629969731681
3.25151842026175
3.48277434918296
3.28732680841287
3.4912977715516
3.5375694514865
3.27110751325666
3.33459207809768
3.53802874401082
3.73312093346672
3.49382279137127
3.32479506811261
3.36175031826164
3.57481506652566
3.5229586172449
3.60400866595373
3.32301626017254
3.49794353861361
3.33824080030591
3.43992772012813
3.38351148730229
3.48005226447607
3.60867358312239
3.41356053606945
3.29166941130214
3.61630788133638
3.40563600031807
3.40973020492203
3.80066594025134
3.53178331435354
3.69762954476043
3.53939812083564
3.65121679272155
3.61017227771315
3.53289712059631
3.52941161377011
3.92247264190751
3.25829407619619
3.35721029806857
3.4362665621978
3.42976425427995
3.41892574194066
3.14424636395065
3.45376042612692
3.39928272289871
3.45335850312642
3.34584965576682
3.61624436072168
3.68116199799056
3.55304414156921
3.20774284877948
3.84505187840836
3.45554893843103
3.4495297823926
3.36589597801192
3.63808589009203
3.18256810407268
3.36535555161285
3.36551718698309
2.99735877006778
3.60360971420354
3.60886440095369
3.55510036075678
3.45032623588275
3.84848190815078
3.38284413162228
3.55459123327402
3.50545059448739
3.43882790739399
3.82279024587876
3.43073108283224
3.39390638765519
3.55343966663363
3.44974307648541
3.30572669446236
3.36915267154708
3.49873367733872
3.33776929674042
3.17948632887096
3.40230311271632
3.41520776448484
3.35624522086613
3.35930358872893
3.49736148927184
3.70409624744739
2.89995783889881
3.49574637572635
3.70225284455547
3.5555457202704
3.30670826942392
3.46871052370703
3.58539000031927
3.44814268494844
3.28211308432986
3.36938141804952
3.23550901705462
3.55622463291076
3.29781845754645
3.35186083189305
3.66315749246229
3.6510261036712
3.32378246923263
3.22922930713244
3.61485036818097
3.4844771307231
3.35468161291687
3.43471924829323
3.55757449618442
3.39807655929887
3.40586908668594
3.66692355911516
3.48690200760234
3.44414403877286
3.76376703189201
3.65374428827403
3.11743206319891
3.48499793897732
3.49185107479899
3.23345462751889
3.4811933350631
3.37708687750436
3.75552145512598
2.88321780355074
3.64752482556528
3.42007230463998
3.33338552411979
3.61781327169319
3.34441188802759
3.44029363379134
3.45364491265843
3.34717106052544
3.56145980138373
3.8534269480348
3.62096540015539
3.26384484746278
3.61067109297726
3.66213090829501
3.36604738561317
3.47638050317338
2.67969648752091
3.39921598642769
3.45732593562889
3.3637691722333
3.7363949370547
3.60575243057297
3.44161757506657
3.62332544497837
3.58664399123554
3.76800261402046
3.51704134726721
3.36885886989847
3.12435298927047
3.18639251576949
3.32413145628178
3.49059851882727
3.58707709882013
3.50356959220815
3.41054178142563
3.22959630532665
3.59826843761319
3.53866404037705
3.43964075399636
3.35745313370315
3.37011523747806
3.22638507447679
3.4488405354137
3.36156938463976
3.65586671249108
3.58880407991618
3.31499255881503
3.41481759497501
3.41144752949375
3.05823605515113
3.2866466608273
3.37422117444897
3.37389217932904
3.50126068898263
3.46516594610752
3.62866478345569
3.75324702537894
3.84234040738557
3.62844157319033
3.42854047996063
3.38461452084464
3.40342770875164
3.43128264054155
3.61461912682696
3.3173960507502
3.44362187607083
3.65388107683969
3.49043527504275
3.92368107715959
3.42209033148864
3.33540928737311
3.46415890846322
3.37695558251847
3.41643004844772
3.61461059627584
3.41617241752181
3.2872198192658
3.47032801253246
3.51685942026131
3.50077010096016
3.16938248564834
3.32285003453968
3.51984038405556
3.29383306194905
3.40560129042961
3.33459414645817
3.35880117707953
3.43946013888731
3.54395056085296
3.48469926100969
3.52656143257152
3.08550426237769
3.12699480397437
2.98590541606089
3.31907082728554
3.28738666109552
3.43639585837103
3.23604430680902
2.8295525326298
3.62554906734953
3.45899026984621
3.43524628450645
3.75315037904148
3.49410191707002
3.60089764331668
3.45583077533316
3.32107578531906
3.52802593297455
3.47838778140653
3.38619434736183
3.80870329161158
3.6424082835698
3.56619277681853
3.37256169192969
3.36575780517569
3.58586207568702
3.76202139703237
3.34300460959118
3.74549522691407
3.68487942743842
3.3205106045232
3.67019895419523
3.48868576215458
3.45561562537207
3.51930476050831
3.5723194677123
3.71386482016934
3.45947386285016
3.4782677586945
3.64585690915337
3.31871054311148
3.1678552152069
3.2058094118676
3.67429902118573
3.37976520831224
3.21467610721994
3.33714994374724
3.29464192939588
3.69217823586339
3.81548614891056
3.49357077429563
3.43020878205282
3.86594406249999
3.43018750164122
3.56635256822351
3.47938541412076
3.3443210676971
3.48184857964691
3.45605102860696
3.45089804822648
3.32857800136624
3.25744958912214
3.48542121530423
3.40398377820102
3.225140207789
3.42890672019315
3.71234636795846
3.5812519657789
3.58969324122043
3.38060029077794
3.69973539302783
3.41917463014405
3.82878644706954
3.49673598641989
3.64640255600678
3.7722604432452
3.37051576695423
3.43968443865087
3.43663978933088
3.74136134901111
3.57978828901199
3.34215087057295
3.6383298760003
3.78887625378273
3.46150402843619
3.49254942055735
3.50879380363078
3.3223178638174
3.36071633537205
3.40887057612738
3.41410068008008
3.44837316958963
3.36660325657101
3.23017119075562
3.26597571864634
3.44184530800406
3.61236354618057
4.0796699375821
3.71806635049683
3.44498744361558
3.72019388765351
3.66814719384086
3.47099227437489
3.53057085384025
3.61840178113379
3.42000460149773
3.55188660805179
3.4112590106536
3.39252428003603
3.49807637569308
3.49746304947999
3.25616606243158
3.65678915096213
3.56409457052763
3.6212569501504
3.87274920442345
3.58023735021199
3.21004208945509
3.36256866818366
3.54671283136119
3.46172987259528
3.46837487360716
3.48587124975935
3.38192379582377
4.14349124160853
3.40593803862753
3.47720527066671
3.26789856893447
3.70680463982815
3.53535865295777
3.56285869143406
3.53374091906526
3.33632040645758
3.46374744244425
3.46093647749104
3.718379630895
3.36345392261978
3.30431478952084
3.34215479852232
3.59285796898456
3.60763631563783
3.43555221753267
3.36407475943394
3.25822720317948
3.76261356088409
3.46325423454776
3.47556369372649
3.55072288049118
3.53901155644125
3.56976208372483
3.39679496290673
3.51035105687694
3.24171229275191
3.35886443300356
3.54031989906054
3.19461842632063
3.50904594072681
3.65158955433409
3.5493263664279
3.32738540490688
3.69348001650478
3.41369803574304
3.47496492078606
3.46961194367129
3.60386754324429
3.3610319023682
3.47323704361413
3.57461710353754
3.25478531226073
3.49798345099126
3.37431591428284
3.53761916462086
3.4835215538677
3.52875344486678
3.66549216844938
3.596635052497
3.59961452034139
3.5023030460604
3.67025125709197
3.50164277091338
3.7879735508266
3.54013569274679
3.90300868138656
3.59901657533496
3.51671227206596
3.85291172984447
3.43732708177884
3.20851297453589
3.66950910464969
3.03422001434679
3.21859539530067
3.46641453874714
3.30922159533725
3.59570669461213
3.56763676494775
3.69510415169414
3.49887972523041
3.6151977521024
3.44632722218903
3.17678876844582
3.45571880436357
3.39159187443902
3.49065102616455
3.1261429145658
3.31397204957628
3.58030664858877
3.76558671206667
3.5308310390269
3.51533522029927
3.4582721415701
3.42164702313578
3.49437977722804
3.37920992881961
3.57974860909523
3.75189460850075
3.18992589529363
3.4050169030603
3.4286968989318
3.68150775274855
3.46557885131411
3.61220471091568
3.42820686227358
3.66676586071682
3.5050521178251
3.71630665878044
3.5918792759711
3.36531490853026
3.20027807082275
3.41244260301644
3.56120602057995
3.3446211056621
3.27620796031045
3.77961065708192
3.53021110221651
3.73193351237419
3.50990731630059
3.79041859465345
3.74492036468762
3.43852008207229
3.00283411634927
3.61515647445324
3.68200397046099
3.61686649300439
3.4312559690746
3.43540993773993
3.22861398669347
3.43349957671208
3.57464978976718
3.53215321320172
3.42571043339499
3.42129621840483
3.26396531869597
3.71942655329044
3.31048624125307
3.38253051032002
3.51131165675973
3.6960922562851
3.41671238928723
3.48000283212914
3.46697039004332
3.44750504618278
3.73688791060868
3.68326015899454
3.41860043842666
3.39687793048113
3.70700962747574
3.44664364711921
3.59151638988115
3.23249658890331
3.43576027193308
3.64865643086666
3.28482379448717
3.30813319413135
3.29703009483893
3.22700564106574
3.71619764818169
3.33757219472388
3.50699351196992
3.38825532026774
3.72695498642715
3.47385920390023
3.09918165746678
3.34831078794526
3.67286453322275
3.87954197839997
3.0427241037037
3.61082213889103
3.47097666835458
3.64799007817744
3.78635954525467
3.7464057452412
3.66385111903795
3.53604654397393
3.3211279507769
3.44481647631906
3.3180948507264
3.541247135865
3.84427447863499
2.98040253981218
3.66785909721105
3.47563220925841
3.46821908617594
3.43545945508244
3.63263826445455
3.47676606167089
3.47418921373776
3.71218657644886
3.37230459198591
3.35469547443731
3.64551196113354
3.43491981741476
3.59908570845757
3.69042718123047
3.8069208988671
3.52212065916228
3.55618618875577
3.25828556418703
3.38986714033457
3.40772031100022
3.3518803016488
3.3516418220202
3.57783525046084
3.591379689825
3.51761146686315
3.28240455757216
3.41130196597181
3.58915666693423
3.43298790267142
3.39392955942193
3.52454105367194
3.31798332149846
3.80731218937289
3.12282778123783
3.25879891244818
3.30417086664037
3.52164646226582
3.64938186675219
3.44995173565339
3.18251295340787
3.28725015337895
3.2538503627181
3.31865776238042
3.45482072623469
3.41305430376383
3.28873195485523
3.96189853520941
3.26534833835938
3.16367426418114
3.52408550180357
3.44451025803644
3.37603802922752
3.38195196704318
3.3868864012078
3.12552574676537
3.74898400229925
3.47143652507078
3.46396118219555
3.35656271509392
3.75054335999
3.60763921890998
3.16428035118753
3.22031089454097
3.53220703339098
3.60302672102253
3.07423240241114
3.29600384888326
3.38051882741755
3.31287313884829
3.59639054774253
3.34218291763109
3.48461413243816
3.46191178846307
3.60426406160352
3.33790489298992
3.03466591264728
3.21701247477992
3.43241023573087
3.52257079336947
3.42887525152259
3.35173411605375
3.39679157593328
3.42093046039598
3.38616599419971
3.48413859969541
3.48015715976797
3.78451396344333
3.62404608520137
3.62700940699005
3.71527278463123
3.30857736052399
3.46254943367803
3.51872864701338
3.39483784913626
3.5999021275554
3.59797994369035
3.39631531809715
3.28552790523459
3.53409043939629
3.4758822173135
3.31121514519634
3.3118200734429
3.504494794616
3.59779431944866
3.40914431950694
3.5887486853349
3.2675556223334
3.8210178587983
3.77025267035596
3.34040252244146
3.38790806001791
3.44838897127191
3.6024554785816
3.4729954227147
3.65232539585154
3.40332075328876
3.50078984170595
3.29977141335495
3.93734480200597
3.73390795309626
3.44939039041969
3.70096710468204
3.29664264584289
3.46834130906486
3.50712140542501
3.48839152664592
3.55616561573129
3.4996122534312
3.16787446949113
2.82272623614079
3.51314401394546
3.37214914692805
3.4586529599487
3.52602553448512
3.598366233368
3.51490156082968
3.67441574307285
3.3166495668252
3.45436288509755
3.36611661004041
3.40675461250665
3.47257628845834
3.58289361139018
3.52077699381883
3.52389919659006
3.32183524214397
3.48931066819588
3.80618412753878
3.55382464230838
3.38705096068825
3.47475714108316
3.7166769074663
3.41000004705081
3.44599100600099
3.51314849822219
3.59566779972724
3.38402492085323
3.29133559877962
3.24403837021973
3.55670432305622
3.27438727238338
3.2956548328016
3.59928095564357
3.52872915489367
3.42361119889075
3.68003490795548
3.49214365212368
3.27126401063957
3.33567329743283
3.60239006492352
3.53396629483693
3.61545566187055
3.42830397912449
3.43455582613212
3.92781777062919
3.77237228048376
3.51071010056536
3.86403841733759
3.38197977737174
3.5812319790346
3.39681329915699
3.23875851610289
3.48767232192806
3.37459326609255
3.31933126953106
3.29601521199482
3.43497546604033
3.43832686021891
3.5524684735943
3.44980615053368
3.43623233660469
3.36735406184147
3.59147399841597
3.46742693663072
3.30045670912204
3.46200763219183
3.24929389931521
3.33228027065776
3.11089699808055
3.38436070080937
3.42714246211728
3.51622052632439
3.43631431232359
3.30044587654653
3.21888313688512
3.36718556050815
3.50263639128949
3.40700171368794
3.52905956177695
3.37547220637096
3.31672172809212
3.27957886702556
3.6247199314366
3.49133960634168
3.52257215027323
3.57455727054265
3.75241363584848
3.41224340963798
3.38481497910543
3.30293449915029
3.5479173286074
3.27955306064388
3.3693872368528
3.05865335785799
3.43116439778207
3.44823899221592
3.47484586510987
3.52730920785718
3.30762273994602
3.82648613698122
3.55258958994522
3.714054632803
3.56376485864581
3.64840063675758
3.20211253468133
3.28550265368373
3.4789406729834
3.44512640541999
3.39048660269929
3.21069334529256
3.97222621452013
3.68751137283653
3.58678371228225
3.32788422563736
3.44428667132731
3.26028037054046
3.62260244431747
3.38299306475476
3.39069452701415
3.52497950056499
3.60336198696034
3.65936582230701
3.7265335399384
3.36331534534764
3.16916676703273
3.57561354385945
3.8239223486503
3.80652127668581
3.39388047842318
3.52930007977854
3.88388776700556
2.95116204541998
3.29561966200653
3.56830502426512
2.71271891199562
3.62227415779427
3.38137595832437
3.3653965109948
3.68910129315704
3.44647669643664
3.38692017870324
3.28701199717236
2.75037966411651
3.618532332198
3.45246181249216
2.76157735675688
3.28437799833307
3.2834818931078
3.61404318368647
3.26030834771595
3.67715004587372
3.42829789847228
3.57091783476048
3.57856811331025
3.17407302317021
3.30844272783539
3.41006652107128
3.34388233264065
3.38027105325725
3.69275403423373
3.38929893553336
3.50896794527906
3.35887838484481
3.76208333819157
3.37057819815679
3.21240391920873
3.54759108652077
3.40007720090272
3.22708660552352
3.50922680360818
3.64462800777938
3.34505989964888
3.41228898751044
3.28422566090594
3.4395862687559
3.45167368891264
3.65310518629902
3.47581595168858
3.80062689271158
3.23027159651435
3.32825567282479
3.33734419277942
3.60499336118978
3.4963429726802
3.4969125577293
3.44187685887633
3.37600846348099
3.30107408146395
3.83142750108572
3.46226116018822
3.30647609902989
3.38384354078731
3.67386155328653
3.36866431050186
3.64689313679711
3.68332947367683
3.38195770054382
3.50957104780226
3.31085437695033
3.37664945743272
3.41350533055629
2.98870427768042
3.47888174832737
3.3705641283602
3.55263870286475
3.39407357820047
3.37601798843279
3.2665542253697
3.45677728357748
3.30862385364019
3.42353527171455
3.44077635915396
3.28524012674757
3.40247100608086
3.53198825026882
3.57796922968092
3.56767078948113
3.46107529013707
3.44183115282696
3.57786965953999
3.86463796780304
2.90585680537801
3.50952792734151
3.6298891468089
3.57566753257987
1.28869566154272
3.02779626793198
3.58816987377301
3.39784592513579
3.81344098068365
3.82136102649543
3.54575627360501
3.48110432982863
3.50352739754922
3.49700730963486
3.74824673141742
3.71479636446701
3.61536151676789
3.4099755826181
3.2283084223653
3.92657571085424
3.49737757231665
3.46932363154672
3.32091862523177
3.21799945506239
3.34962080822854
3.91706081494881
3.33261270635168
3.44257596880262
3.48127976571819
3.43955531855576
3.11068875090293
3.41356865506718
3.4370888879652
3.43161262200794
3.30435295380674
3.36834966742731
3.77130032257235
3.52963668589554
3.69486151192741
3.14356548530716
3.74584715321017
3.33136001796439
3.60173493368639
3.50907719926634
3.52358435546859
3.29470935527747
2.87821289251312
3.21635912224001
3.41368391347718
3.46468541884618
3.49583592866768
3.48745212858173
3.38589707568532
3.56041135926049
3.61805937383789
3.37794703620071
3.74726793762515
3.69904084663947
3.34492793467115
3.49278239639673
3.64658781772302
3.59105977965961
3.37227450311399
3.62958032613677
3.58211233395108
3.42364800347996
3.4354040623918
3.48471105983633
3.31365878069978
3.37759518585183
3.41054190247631
3.74519038853304
3.62072457126673
3.68320643092682
3.3627328879896
3.79293615995704
3.73038651297081
3.45890333634901
3.64350055872618
3.40346134786376
3.43135209561171
2.91349953967152
3.18596177170843
3.60537208736258
3.48311149036885
3.5248912473608
3.46485762665937
3.58247516869463
3.54708836806363
3.63158009916271
3.50512612919754
3.43426554200923
3.13862845024306
3.19754103098846
3.39295105009359
3.6587709068814
3.52959986738331
3.391559838816
3.45388404652782
3.42033732249464
3.41460556039202
3.36702337906131
3.47851416573292
3.58864431385002
3.31380557047516
3.39151601599621
3.29928444524765
3.43233608399467
3.5238277450785
3.38030088659382
3.56261675435809
3.34127533531319
3.45010200445609
3.18888481513026
3.51715685518612
3.71573217701701
3.34407284020148
3.44441085184232
3.42718504122173
3.38326681522534
3.38681162157943
2.90221560661419
3.21843915488266
2.96830590562624
3.69678844362196
3.45649889044573
3.46185561487344
3.63875319688892
3.52596545586843
3.31448307356237
3.45220192742314
3.24702318435901
3.40389157695932
3.48717530464749
3.46399738542343
3.28168974284146
3.47272458191785
3.61308842009288
3.25542311880394
3.47545894040229
3.48267387856337
3.22957308664885
2.77614142477842
3.58718054298256
3.45559232850758
3.45424643886251
3.65880783581163
3.76180348432565
3.22685935264195
3.29863931636425
3.35769289749894
3.48842306627545
3.38007305998314
3.44104551384243
3.34021554447054
3.4271528270896
3.46690194175878
3.45908155648238
3.36866980727607
3.52059115053776
3.34734952186432
3.55114388199071
3.331044770247
3.45355744442742
3.60007597686772
3.44459564011842
3.66586261010863
3.4627672462156
3.37588297174271
3.57054869435151
3.36329990142067
3.42202579637581
3.36570277314356
3.4639475972228
3.73371587141049
3.54368170543385
3.39324523122053
3.40864647604502
3.59525022729348
3.42571914828137
3.20450834715718
3.567919506157
3.56066988100102
3.4140209121469
3.45374002354504
3.58620379235052
3.9699565083191
3.3507477176252
2.98533804716822
3.50653661789889
3.37241638935378
3.51082913095134
3.70943143261416
3.41850387013165
3.44241860058222
3.42177688213514
3.17372093506934
3.58266311925
3.43309381906111
3.32695100310287
3.38550109781569
3.41046561492498
3.62470885066234
3.69542601240649
3.39492624502028
3.45889260884751
3.48921888334068
3.39822907111724
3.38642493825712
3.46733777649559
3.48624976328473
3.37902848243545
3.47087571291877
3.31453539216349
3.42113153001556
3.42273762217018
3.79796329205524
3.35684374826769
3.74874143729755
3.42648427879887
3.63217341719481
3.39323320190841
3.54325747644784
3.54150098595695
3.13298683138141
3.30688843536623
3.52426202884251
3.4769056689673
3.48610266950632
3.45007474326961
3.27094331035223
3.50146656303688
3.50751218115527
3.16878054824963
3.57474437577384
3.42338783442115
3.56215145463394
3.39494408946433
3.55529326386108
3.48724431443476
3.32967904987011
3.58318234404108
3.53792013613542
3.40534117495581
3.23096605975006
3.0999478513882
3.5196185381091
3.43972870743447
3.36932411256506
3.32770352096881
3.5131378210165
3.40579154692021
3.24214220827023
3.37853087429062
3.85071044946906
3.46833669526099
3.53068332258092
3.49728409005851
3.16040994764629
3.39471799540283
3.48602511656251
3.50735953432559
3.44884844873935
3.44190544587169
3.43074662086007
3.20591597352774
3.44186216760821
3.25660632724969
3.39833352707584
3.34091753805965
3.37922931420994
3.59974997220299
3.51036354730724
3.77480473596019
3.42635481185061
3.80782339932614
3.89188164528414
3.76325022879786
3.26601059507024
3.55702073629985
3.72503596599072
3.59516338904895
3.37841569325547
3.43314618861192
3.33127959920887
3.79808411496542
3.35130041667568
3.62160318676824
3.47295503997161
3.49241701469622
3.76372204126933
3.58568039339115
3.41735718084529
3.24161326179077
3.30556262292049
3.095977747954
3.4962269745524
2.50436621199352
3.67052313693273
3.43560008098214
3.59392707443443
3.45207651493678
3.18024835379837
3.49886484683904
3.60338529572181
3.17515274003201
3.4514014483339
3.55112721303233
3.41697670557135
3.38079348872195
3.33450560237605
3.67809361263904
3.45716064739464
3.40368646722447
3.59916767798298
3.44067471223427
3.36708581734141
3.37614910932465
3.36497591272368
3.33109281951291
3.52918473566152
3.21360255931277
3.25541598535548
3.35134224012874
3.42450927297128
3.36113722005804
3.19133683205081
3.72556050295784
3.49791108316169
3.50549325909307
3.76955111625644
3.88490722319081
3.5470914494486
3.25148777483036
2.7985171946099
3.5017911166224
3.67066316860408
3.38797743347833
2.76218066414418
3.55394044451238
3.41511806197796
3.45245194116541
3.51757198299791
3.77698458860094
3.55850265897258
3.16761372112802
3.42791305602928
3.45849551775793
3.79339028806349
3.45586252315845
3.46578035083864
3.30594372803523
3.53716153662677
3.50579111427173
3.90886925035068
3.84528395213505
3.41992060520552
3.2615462222509
3.65688171879514
3.71065849329616
3.43872578545632
3.51531209293179
2.95200655949779
3.46955968552759
3.33619494604048
3.52588977719498
3.41223057488945
3.5480219791958
3.37397810659979
3.46526977577593
3.69989769154334
3.41943111573392
3.75368153737335
3.36457764310534
3.7789930745306
3.57618853731488
3.46304649887083
3.45686249795886
3.5704648109131
3.54873718590591
3.34781999052894
3.52206080293488
3.79169567819297
3.31344669830589
3.53630122852872
3.27410392939274
3.44084180681193
3.48002661893832
3.59085956832222
3.24203443348703
3.48842247337701
3.23339986702669
3.63004491676859
3.80630148455344
3.32992546899684
3.62976868887454
3.47637430700493
3.69309391755781
3.59006849307328
3.33468929762645
3.41769343916801
3.36364061459785
3.38120752610323
3.50259875412838
3.43320888768811
3.54836846891718
3.8329859610273
3.88402402238961
3.69935607871757
3.45820695014284
3.34861496536761
3.25665422750803
3.41503570015079
3.42701610866077
3.41331067545967
3.51913476378651
3.39841649225051
3.31379027501227
3.52711808274698
3.56521202877684
3.70801471671955
3.64076307821639
3.84297551981884
3.47654535441448
3.47934573500729
3.19321118069598
3.86786216540003
3.48577973911073
3.62120949585373
3.4617224470716
3.36917874082741
3.39600693685325
3.49757790641273
3.40379420856126
3.35603620032375
3.56877647579044
3.6166066121614
4.00488492777547
3.3657700118378
3.46038385346123
3.44394632562047
3.45753138659788
3.5609055195767
3.48642363931589
3.60880868979813
3.6002518352674
3.36887370649316
3.44780267604553
3.32611778996222
3.37222157840601
3.30456610280512
3.16133032946083
3.55424830649227
3.40988312317868
3.32634753870992
3.43664285641624
3.43520947825891
3.80795612795886
3.31178791091832
3.21356779302903
3.22928081295355
3.22434499953304
3.27472867462292
3.44050932614544
3.0809147639403
3.45908737811456
3.48947432936961
3.4380441307119
3.45907657626629
3.24103636548083
3.65204947263075
3.20876515859957
3.4456345260277
3.53475989632543
3.62391108320173
3.45033887276559
3.59082840250197
3.56312246307309
3.38089363055613
3.41086296407229
3.46436834891284
2.9133511584541
3.45719705385087
3.60419754536712
3.41699722399231
3.45305882068257
3.43237254463275
3.50933890550173
3.46558166173955
3.50854668628884
3.48006144527106
3.66599481844073
3.33855223872693
3.35080636714193
2.90095467498085
3.4820622746138
3.41584784072166
3.59604213202616
3.29844102621696
3.37629595086566
3.27801023647152
3.60672419448616
3.50229295233814
3.41883126249856
3.61671913186188
3.45852994376538
3.5222757486831
3.55392498364263
3.57269977479621
3.60829884230755
3.65409590429728
3.48765446594824
3.08954212489472
3.58595159285236
3.52120043933924
3.45674548245427
3.64994997400524
3.52859270985978
3.47249173368873
3.3271155015684
3.72995423971564
3.50407888924398
3.33253333488433
3.1775804554072
3.43187379790632
3.44204061745254
3.5148446726676
3.3975032211228
3.63120015714598
3.40564705655729
3.54450879815736
3.53787593745696
3.17255645053487
3.54068005339184
3.37061649332839
3.36243347793407
3.42168172476913
3.49077657037914
3.44858163053923
2.84593859116634
3.57369042330742
3.49151553703724
3.421749195164
3.27621274554642
3.21774006053757
3.2942091659913
3.39706209006206
3.35963836810345
3.42821915102422
3.3551530550444
3.52011735505859
3.84838906295985
3.40934051350685
3.58381668354773
3.36287841893094
3.09884195674158
3.67509605624847
3.49453416530123
3.15721783499232
3.37932089625988
3.5892331031562
3.64880277970417
3.27374514694368
3.66061945884937
3.36137697053948
3.5630093060557
3.74944261872234
3.59764958670817
3.39835990802084
3.49067890325511
3.4460108661808
3.44647739100784
3.29315589529103
3.27057805116938
3.67191259466662
3.96801889726796
3.40227604411488
3.53612364848424
3.47222008853177
3.44997346016745
3.25964718670274
3.58362689786595
3.59138156122662
2.68991798261817
3.57516113771928
3.34533386490141
3.4503677812053
3.32689014798545
3.49177586112297
3.69074511070648
3.63589594074104
3.32481089138241
3.73512825835955
3.81585173008969
3.6202911865092
3.51437381352838
3.49609872616412
3.47245322481294
3.52526266081929
3.52571771487724
3.46021574398469
3.88364488585656
3.68569159119525
3.44130546747698
3.52069261358318
3.78631361078983
3.504901404077
3.31671826645331
3.59928176223738
3.256448190489
3.30288421747602
3.59873728432637
3.44582435693263
3.3213911661373
3.52635207993487
3.29482849952194
3.45947568386322
3.76509403035006
3.21230564624906
3.7981803013409
3.59841386292813
3.31763883738094
3.40928254282094
3.45958467203758
3.57179827375818
3.35750993642781
3.47987970727338
3.67584420017396
3.59430857823093
3.32376236114527
3.14406389956113
3.46839017221588
3.35546796678688
3.46949163396143
3.50574515455811
3.46602280701187
3.58147085864496
3.80590103304174
3.47408872940319
3.40122420524828
3.70387019553881
3.53076935899668
3.35054135657419
3.31147206208071
3.65082476350934
3.2808784703721
3.2529527503701
3.49541238929224
3.31025128870072
3.30085873471794
3.31406037982984
3.52036334477244
3.37382585094643
3.59502551979151
3.47044924606641
3.51365223776558
3.35555835255626
3.45107105976744
3.38975932264968
3.5368013107043
3.33862983893634
3.54483575972902
3.64742752858952
3.64291454035277
3.57553490455935
3.39103719775516
3.32160644750012
3.82948888371293
3.54702032736333
3.74376238009872
3.69140838554265
3.4261043959851
3.25272475235514
3.96978647003906
3.51252295007734
3.06041054539268
3.36560313692998
3.3611065372292
3.43610387223563
3.2519524971765
3.45831434000034
3.45312648319131
3.57646766890909
3.49324830086709
3.45333158629752
3.25144115880681
3.35602430363831
3.24058591641489
3.63117697592037
3.4211785532
3.20863138103481
3.620251549324
3.40086884525144
3.50318601178604
3.81985460750479
3.43599681901204
3.10756544948549
3.37853221189359
3.71578133202917
3.00299295973689
3.44651718020436
3.33767703091751
3.49858460492911
3.75613250251098
3.60651267024039
3.49276071593898
3.73640054842248
3.81127790606327
3.71666005653953
3.71018628282534
3.60273979790401
3.51399810309157
3.29369939793272
3.46277337640119
3.23830931538909
3.48028521369184
3.51708052302236
3.37745059783521
3.42942518470666
3.50621915334168
3.79878171922234
3.34555269533272
3.9611570861711
3.82792410739755
3.69397099678779
3.40844587190996
3.67493639958481
3.49513865601589
3.30735264184663
3.43456790458356
3.63745385059695
3.16457943076013
3.48072605554249
3.67205544889706
3.7863185677922
3.2656687741959
3.30304126986845
3.26920204549421
3.40570412481847
3.45977786940293
3.37178843602948
3.56268817734527
3.24964193971743
3.56606844597145
3.40260258730415
3.5377289097343
3.71043246642645
3.33805861820762
3.29148481532838
2.60569636739968
3.34428235306923
3.54784131247679
3.33187971444297
3.6293895437383
3.24204723900971
3.4167537158811
1.74733052620882
3.36710027731225
3.29684768874046
3.70820326669754
3.45973227000769
3.18388904733833
3.42782595546627
3.38028058513355
3.38777872230507
3.36210948919522
3.53924001648092
3.37328891277313
3.37907098202907
3.28930121235013
3.82478213006336
3.50156257730374
3.46014067829565
3.56710780648979
2.47916641241743
3.4687836482494
3.28522261311022
3.22353718486498
3.45350787248691
3.47637971457659
3.2080640025571
3.39962728622058
3.53715150617985
3.32993897587797
3.42146001900546
3.28250457468257
3.36527655681256
3.41990975157499
3.51463429746945
3.48294358849684
3.29594705603016
3.34480039653738
3.29080719848275
3.45026066935986
3.45928558353247
3.18419560379374
3.45293851182428
3.52374883271163
3.6262476507047
3.4314710722441
3.27969890875885
3.32044264131792
3.38026616027239
3.64481363717514
3.85225119410121
3.45538046939
3.61753391785577
3.27087658153062
3.4029632720444
3.64195859760438
3.46370871110995
3.43014309210905
3.43749421950724
3.57342695032365
3.37459371048414
3.66455875256657
3.19833237367156
3.92051648380148
3.41298751347685
3.55180017546977
3.45153951191537
3.87715566175986
3.65356486941518
3.60142123275435
3.48495223739591
3.38695679088044
3.28974369730623
3.51304357126497
3.63892157877599
3.55292030357022
3.44509634814714
3.44981994383632
3.44881926193497
3.32625885830113
3.40207833669506
3.52408994648851
3.49721470504894
3.50400726874626
3.50167863360296
3.07411761831293
3.44255272837292
3.48604677626199
3.4100767683003
3.39369729146916
3.45853289350391
3.52211094734372
3.42872185574057
3.30877076491587
3.45719920345647
3.3827400378199
3.36122249430836
3.46004205266813
4.01214156382703
3.56731968296118
3.54378893192446
3.52456952246268
3.43387152042136
3.44832741123269
3.24794399794783
3.35851952585608
3.3516294323608
3.58356153088685
3.8251205249034
3.4524262339286
3.71143565598011
3.60133659241337
3.70483208944377
3.55379107831671
3.62720029986582
3.81135858497469
3.66310017576536
3.51315664719978
3.95723742381124
3.4438693575956
3.55501814747051
3.79104784937215
3.49792402458839
3.58458448020013
3.43673047139541
3.43148931164588
3.45723562431758
3.5964209302367
3.44669376656634
3.67207999233037
3.50533337741836
3.57100329827249
3.41707215109719
3.39604725819319
3.43466560988629
3.72629543676286
3.50696681568355
3.42880751302768
3.56046183703431
3.41497169614452
3.44551666753075
3.4924870198752
3.33142304941633
3.49817645611953
3.52196451310569
3.35586046559771
3.92809885900812
3.43622170572583
3.58649873088088
3.48296225736811
3.26705820106051
3.41457254348962
3.31896930068366
3.269844517856
3.53514022144576
3.37577209286687
3.2437632492001
3.53238052485648
3.16618905331172
3.31235140898868
3.51486806907943
3.40381575410896
3.42811939099871
3.17372405020675
3.24911992273469
3.47059961870107
3.40194476353613
3.19337020526944
3.32539206176193
3.44634357416099
3.57620699688228
3.41297894458231
3.74948142799236
3.38780168099725
3.3746245841873
3.25262357856541
3.36556586281213
3.3991423035575
3.2994577207438
3.42315497465584
3.23592456440855
3.34659498966668
3.75114809583929
3.42115133848816
3.33729661094162
3.30255928209324
3.43649588475508
3.68785781776413
3.8287508934482
3.7115474383061
3.47720828095974
3.47550654063654
3.585058268527
3.28200146020814
2.91677075638382
3.24667774766448
3.38500247693041
3.28391618883625
3.64679692613026
3.24542437673174
3.65357872931196
3.4029222352712
3.39683029747143
3.69444336762457
3.46483237653723
3.35499070402956
3.39445482588063
3.46847289167008
3.69456608585982
3.57024086973286
3.36625633799056
3.72607119294089
3.67392111925747
3.27407077207501
3.48745543319622
3.41299977254136
3.42148895327009
3.38852506514693
3.4053180486926
3.54832199704742
3.5515315680577
3.38649971359925
3.62120699326836
3.28507007675873
3.35916370937512
3.49786687540404
3.35733063870689
3.2427720986886
3.21465113871627
3.48864540409031
3.39332402826737
3.32911973269771
3.10671205167642
3.27644491974396
3.37541033630865
2.41808960838115
3.1642512540508
3.49841210156276
3.36011710573027
3.3710819565146
3.42432611432042
3.28682276637479
3.4471417157181
3.52987805517677
3.36897718939661
3.49015676513397
3.53560457194323
3.39561963577257
3.52816293721472
3.27702132337004
3.25466121847763
3.31739552818843
3.37948008169986
3.23356081685289
3.12628703397659
3.69637434540214
3.67697302258141
1.88734427900755
3.47901964943726
3.49450745264333
3.31659346121133
3.45130575528128
3.41549486710743
3.27173442016567
3.6324305795136
3.12683889069621
3.33858911376697
3.49687862894619
3.69656555565391
3.59148743605388
3.4549177319311
3.4335868942563
3.0607054641136
3.28463535123628
3.31988814676603
3.3495451664064
3.5206809236132
3.48607216283785
3.73338961543403
3.54696751759148
2.51102041058504
3.24925205674415
3.20240606717001
3.45414616774244
3.50679436752967
3.03547886264861
3.54821142225009
3.2590233179308
3.47734519501925
3.52637169515526
3.64058026184278
3.57012721204617
3.25529565822593
3.55023426978494
3.68053286970173
3.70530182580113
3.36247423106937
3.42527136338989
3.31516433635733
3.42659357616896
3.62670879765583
3.67825349419523
3.504843727597
3.28755802628344
3.37820981834432
3.248236954117
3.29217187379124
3.20022221870558
3.52891949555941
3.33584977004412
3.4814761387353
3.56659966777258
3.56251519110882
3.50890609157162
3.66669301847896
3.41276339536086
3.40531056592465
3.57061149060806
3.68209597779616
3.09752457981196
3.27630692474399
3.42501960722742
3.24971182627234
3.44510467762399
3.48061222193346
3.42595066142028
3.69613409925637
3.36787552407017
3.03406604583391
3.43304511806095
3.50188699083028
3.4374409780231
3.52260436828184
3.52652893851041
3.54432375085789
3.56885738606178
3.64743828247895
3.55451056370627
3.48141133923359
3.57867810923439
3.3436105787744
3.0575561699783
3.15802424507904
3.20773480419835
2.4273371460197
3.41497018508404
3.12046380674593
3.23844537150004
3.65070655563068
3.37184621160131
3.85039966531685
3.35259632610226
3.36946936849763
3.49412141032083
3.28330258596878
3.55246347727241
3.42068699158147
3.59642062924542
3.69090603502851
3.74377056598861
3.53394138343191
3.63835650843658
3.36602963094803
3.27072724796668
3.58612284243425
3.42238273368333
3.29154056273722
3.29199018218827
3.45521076283753
3.16894101522823
3.35220600214261
3.46094197534384
3.6846309312307
3.61313854324008
3.27717078895423
3.35579042432506
3.48587445542768
3.78855409557244
3.63777143049881
3.74258436535795
3.38779804372071
3.51081136487435
3.42398187423263
3.38967745986715
3.43774863838994
3.58059371770868
3.79070932293413
3.57998588002158
3.60437289365874
3.51444349757104
3.66060333886977
3.44451164548142
3.54665252472251
3.35172351954169
3.42435815994163
3.37261785583157
3.61932793019213
3.58344896763154
3.45111452806013
3.45230066958615
3.52589905842048
3.34637889672265
3.50797377841519
3.30841213143238
3.43379436877915
3.4841190510354
3.16976196910265
3.33818672225411
3.26148904001425
3.60053568634547
3.38244997242419
3.35531964988234
3.45078499829669
3.40109722118016
3.3761143172757
3.48040217523748
3.40582082952517
3.5433271179428
3.4173478271524
3.30163415691172
3.69774058519149
3.3566667043046
3.0697343426233
3.45752626567247
3.50150878019489
3.0760147543519
3.29296147159136
3.51953808724962
3.38696220179219
3.47603734531517
3.65794344016981
3.65593809659481
3.53087124769248
3.71268319197878
3.45057349463543
3.41559046762407
3.54378026822291
3.39381169749757
3.2372785657943
3.2677907560165
3.54196726473702
3.45033590916002
3.41377042079405
3.33329960347354
3.84865318672196
3.66175649794267
3.50829541930407
3.21842836255129
3.34480912053956
3.33830189650195
3.34283934657413
3.73335595752149
3.52989583240649
3.49149705682277
3.58072414586987
3.55340735502891
3.68580679214644
3.29702083664456
3.49869363698847
3.25929793835969
3.4651512174708
3.4220554674705
3.51373156928412
2.97297863224155
3.32282249449363
3.40291079963015
3.5449177202976
3.20619338417802
3.42137246568277
3.83968722056489
3.6771307134473
3.30781147112165
3.54654695468565
3.86766761688107
3.64835752222728
3.48591560561319
3.35446442126111
3.49999110892218
3.4370657164871
3.61168719264003
3.688544080496
3.68122440910564
3.40402205864032
3.48130835092595
3.67116987429591
3.17396360396867
3.58746470763287
3.58407287602509
3.40386963883212
3.39627146029374
3.3814607024738
3.45674761727844
3.2604812496915
3.41460930267872
3.6814371608442
3.46212423833965
3.42322337973649
3.43423618402324
3.47799217522873
3.35271232310013
3.80913533689965
3.53944667276084
2.6658964793537
3.07584375280059
3.16178411811271
3.36595579363361
3.37305904852456
3.61642234160963
3.67302033116935
3.67558613167971
3.43568382287906
3.95255070670487
3.51843251545534
2.92478703215155
3.18374520436581
3.48476551748723
3.48712941980383
3.13015142476328
3.6189038417134
3.61928678105985
3.69402901687556
3.72864649232693
4.15030223203616
3.71645790170296
3.70387978979907
3.33409027239358
3.58992215710609
3.17509334439046
3.41011821435493
3.37426610461218
3.65875169040906
3.37278393617454
3.55611885924273
3.9416997059115
3.30397290591802
3.93116756655773
3.38389137239878
3.40782555325848
3.64274097374829
3.28709280767577
3.99375925427327
3.77442174257154
3.4995891778679
3.38423032100941
3.48533355762961
3.2551959028691
3.58587506894224
3.38578344113183
3.49250001729031
3.22516935536538
3.31607589575389
3.63256327293951
3.24025651719357
3.77393996446638
3.7037911649656
3.26816028061608
3.78985313951721
3.16018924558874
3.34038750917487
3.77845903240522
3.46081368903301
3.52028664932449
3.16544480608636
3.25991902134531
3.37868572024647
3.55719241144976
3.46515720343306
3.44333210086469
3.8757532090506
3.50960415700001
3.44372892627196
3.46938849742646
3.22638686784954
3.73677621401361
3.66955434442171
3.54935355069566
3.40767390504234
3.47479594399976
3.34262455727581
3.48949643676689
3.40694768750635
3.73306000277796
3.43049881997204
3.30826377390876
3.58936153850785
3.41070829290833
3.48884381096349
3.39982685706388
3.39070032555783
3.33218481365048
3.70143331063641
3.36773432191126
3.68430679461848
3.55576420620093
3.48541213317759
3.69894454268862
3.44531668937235
3.14805241491632
3.14538755288448
3.4502366627397
3.42053628559784
3.52866058313405
3.68373627090261
3.58982155406883
3.55325314167524
3.42499492719084
3.57676331702833
3.49724584491342
3.19278767072496
3.50439113564685
3.50101231789569
3.39686359718941
3.49224800143986
3.62138711130801
3.67408291464439
3.28332039190619
3.34896726334675
3.36819585968676
3.80697450845391
3.53161315149048
2.70791048234922
3.56117432241584
3.36643164599828
3.45929937610983
3.30385984971614
3.35737632323726
3.45591097666069
3.2584654347608
3.43601010050941
3.32267222722601
3.45006242271562
3.56263900198874
3.32462196163592
3.51809921888999
3.48823810433008
3.57353974034455
3.90794407446074
3.74941431387044
3.45487594932782
3.5527984057321
3.46727456342988
3.41450559450045
3.38582779238454
3.32891734522899
3.22725951798813
3.32467002988427
3.57853677270438
3.30110247538737
3.76194669861672
3.3788994615779
3.50773770299023
3.93466399560499
4.42837291817629
3.35639926425149
3.35420454749506
3.51655282737932
3.3349040678463
3.36717627315237
3.56608790457527
3.51006095726675
3.23144128914358
3.39285218649079
3.68102177660772
3.34471641261125
3.2724402685633
3.86609578964238
3.86277592456893
3.29012340063043
3.40722000476199
3.54691985474328
3.13950124179647
3.46694243992006
3.89298821198288
3.62445157900923
3.6042284028354
3.25031990714646
3.62235960583105
3.78321476031508
3.58930764325412
3.39780711683692
3.28475309440603
3.41835892160667
3.34521488515465
3.56499192997038
3.84705373832988
3.46853466940211
3.61180642814857
3.3224036736048
3.35175025593326
3.04942463656642
3.58194614440342
3.79082695287288
3.51130018319813
3.50985696752534
3.42598016253291
3.53805213206236
3.47014811845074
3.35016817857745
3.52959057222967
3.69505789182145
3.68478363110894
3.38140848667468
3.4550748319376
3.55111968166089
3.70745419487391
3.46616063720947
3.42132472140861
3.57117051842286
3.6355787750132
3.47301842351294
3.76463651491962
3.64879362217119
3.96334008503953
3.62233221584813
3.45114306438285
3.39012963436934
3.68993494075397
3.721947556748
3.51405041552632
3.74629531820771
3.46024814337256
3.46315500632256
3.62319409029686
3.41227729675551
3.8033322509057
3.29339375084782
3.4187416601494
3.30055827418914
3.94066123629415
3.641032935751
3.66734201902958
3.56396607524234
3.6123606494571
3.51114314147437
3.61303561775239
3.47025697872534
3.65149522507878
3.5449013616591
3.11239909275083
2.90571795294152
3.5599793081198
3.62567137888367
3.2609210002371
3.76106646864533
3.77920612547039
3.8958112256127
3.72119679611549
3.83893432523055
3.7948786654024
2.96021277739436
3.43671186785032
3.4233652552257
3.41348017501666
3.20275359823504
3.83911846537317
3.50161671562196
3.70618728193252
3.25412168172377
3.46140012675413
3.50587212412091
3.75906354233727
3.29032904843278
3.44442185663888
3.43882524816278
3.50879178535958
3.44732003041706
3.461086418612
3.47254197547899
3.48951560942188
3.35710855783657
3.31906115983731
3.47665177734348
3.46897087395285
3.49656127654849
3.48334160441586
3.7019384951529
3.34240421077517
3.66743226170392
3.62460824669045
3.34193914213907
3.4679848918305
3.3719803252282
3.48112142431318
3.60720584963668
3.28609846554689
3.28132971317018
3.66848554213836
3.63410276200031
3.43433697983455
3.32953978433102
3.66989685092398
3.58793096437447
3.81207178420271
3.47337024839608
3.39584286747853
3.37085150610858
3.4585513349252
3.47016455540954
3.52332859760856
3.42346184911992
3.36916381217205
3.39855413112072
3.5959704036528
3.45900580244734
3.61803194166237
3.31083688073146
3.32536834395727
3.39649510367739
3.44742133368668
3.27478287454128
3.45001929008326
3.39429949220829
3.38855384638328
3.40981139858968
3.55728566195164
3.63556696035711
3.42144730902678
3.51814547886288
3.26574595778739
3.45958264875211
3.61141846758495
3.54428990747694
3.32532311657847
3.66383320794257
3.59129808644074
3.82570260430457
3.42578601109471
3.58798493687766
3.29507724916389
3.40111156643303
3.25413890111787
3.51707609291064
3.58955324464301
3.48483052499276
3.58006705410509
3.60043720856849
3.59126594912638
3.74179942840233
3.73621671111737
3.31274434080452
3.55693932657163
3.3290123873535
3.5965903395433
3.50760424749612
3.53911801506748
3.31514661159777
3.79705961376223
3.33190566259416
3.42508587630499
3.39969652519143
3.38787810628672
3.49725648850354
3.30911041225258
3.48816960108804
3.7338370458019
3.52588435124909
3.53291663676183
3.2979527948457
3.01387378002154
3.44168564782904
3.328090731992
3.3274735165012
3.63123174209376
3.45107210004322
3.50265573112434
3.40893251835062
3.4558897273035
3.33898779696227
3.54464822220742
3.45898029510851
3.67961723681424
3.53804763109246
3.31833581424612
3.76934854330211
3.5733330878283
3.65187208390397
3.15415507764207
3.20080443327935
3.57112869785738
3.46426314176637
3.20067202113181
3.32982057828706
3.28899488151098
3.47104458727551
3.35594571289103
3.45876659792408
3.3852251631112
3.29553623661438
3.17226777295722
3.3122354569971
3.40415052206991
3.19871336002043
3.35561240122429
3.31865120731065
