2.85910808918496
2.58664365241892
4.2555000060623
2.84820275244581
2.67567966110435
2.70005676077903
2.49913803389378
2.51773688882206
2.48481816634486
2.46943505780053
2.52825849094655
2.58768766361383
2.5928273384079
2.58550824121728
2.6079828674109
2.58299271809757
2.62086771165854
2.57513544065429
2.64106905257008
2.63016085532767
2.55698809816174
2.5861941906691
2.61101618299537
2.60199718737939
2.56470546791227
2.55768658491621
2.60895660151187
2.57218365458902
2.6154860319851
2.57478856070389
2.57689718695069
2.55874057353508
2.5857120768806
2.61768690705431
2.55268068479348
2.63067779647871
2.58967017214549
2.6322723076522
2.53381415016472
2.57469179369477
2.56201506972625
2.57765554580127
2.55917438933835
2.54568192351381
2.49284939772784
2.54202881509025
2.51265103560162
2.6027973084189
2.57480892372875
2.54124675475196
2.49152297775689
2.5306062517224
2.55100146994043
2.52192705984757
2.55712191752738
2.5636002737887
2.53075014323547
2.53337476144843
2.45908424432632
2.54810309502297
2.57052938598546
2.55919379359791
2.56575376289817
2.51187577579824
2.56198495073947
2.5848609593455
2.54287717381114
2.55116717348918
2.5182417834916
2.52208370444081
2.56107983940188
2.53603352698956
2.52330733873529
2.51348114396902
2.50380896036373
2.49546711536698
2.54001286342389
2.54647342777413
2.52924708295202
2.52429426425896
2.46519340701685
2.51057897843624
2.46447026930244
2.49361630625714
2.51630990893608
2.53539043557752
2.49473033538101
2.49779896696323
2.61572661613205
2.50121547161315
2.52168745867798
2.50189487115375
2.46551772595446
2.51719818170473
2.52019717665327
2.51187335866111
2.5686145097721
2.49552005925979
2.57619296842199
2.44837619648947
2.50805084911797
2.45507020255711
2.51613181603137
2.58742604835008
2.48131699226495
2.55964564422857
2.51846809038597
2.55417335644736
2.48410194200103
2.50084240023196
2.52938318977092
2.53470693725069
2.47339018335007
2.50135554517216
2.50216926583817
2.52203709846313
2.54775314671603
2.55332273864451
2.52867938414611
2.57514341446308
2.63496596694111
2.55573626641649
2.48779074327491
2.51284774444477
2.63833934963705
2.46104514206426
2.37335836245941
2.47651931578389
2.42154608118248
2.29004304107226
2.3546313344014
2.46130643090046
2.51450916105003
2.5380463996443
2.57078646547065
2.63372006860636
2.56069854714088
2.68582679943311
2.48546017495948
2.57989322857569
2.6091496583501
2.60932255373664
2.70712873476349
2.63881308920398
2.49476193548545
2.67552599785349
2.5978867118302
2.61313875783102
2.55843158212667
2.58823038333185
2.5182669226236
2.49840274951152
2.58479542081434
2.45914144098545
2.62912859315949
2.54882620811428
2.6139775615407
2.60811160562496
2.61666637562949
2.57173713550741
2.42585498868849
2.64840512775407
2.58304928418234
2.56311553480216
2.61586421100184
2.58558957682594
2.63698205882334
2.39694694145563
2.57831002696298
2.561898413724
2.75378122050648
2.42241867895939
2.52424979176077
2.60618690387302
2.41579609251711
2.57244994993591
2.53549538025393
2.64107554111371
2.58150529218463
2.63200112360159
2.60234866748839
2.60622916129906
2.64313035694977
2.43667387074323
2.55086851262248
2.59874097525895
2.63932721087408
2.52838528690223
2.60416191565065
2.71420407482173
2.62044206051196
2.64158254292635
2.63437920155693
2.53413488652843
2.65445899665777
2.61765628707345
2.64046099223961
2.52458884149911
2.52564628269225
2.31135732091719
2.66092629108921
2.55345260285424
2.58056522880943
2.63399603510208
2.74841709934186
2.43989813500202
2.63919145238109
2.52966784899498
2.51421093727741
2.49450262126624
2.71984749716518
2.56904264496656
2.67995950577654
2.68730995818918
2.40692945271567
2.36784200501962
2.60404062984821
2.45101446479279
2.44034723263188
2.56417613071225
2.61996677361554
2.49236446898384
2.56483968574203
2.60760496051386
2.72485352810306
2.70131645997838
2.47691025492633
2.35850435776605
2.55191068904948
2.45113942226372
2.6253179350419
2.7430457190073
2.56882985815448
2.59696422378326
2.64244793318202
2.42993529175799
2.33590640736756
2.46248076155823
2.73486254787227
2.56303209047835
2.57174404061556
2.56373878266062
2.59255753561137
2.49658435712542
2.51685043510451
2.5151905467597
2.46073015185284
2.6072709249694
2.5886603783014
2.76596898712757
2.36390245370042
2.79738829226262
2.29286206648658
2.78121091775603
2.67094527867406
2.32913665808535
2.58775127411532
2.70906749050002
2.57222042999283
2.58969282360754
2.57544423958619
2.83394516845976
2.43752257986983
2.69495063130668
3.01514012292015
2.72164945824185
2.66203634655013
2.45786228541058
2.66437832138569
2.35273925232682
2.79695784790603
2.89880961429887
2.93683740391921
2.63879361585062
2.74801628604128
2.43325950097424
2.88432114811239
3.29111898041729
2.76398336717474
2.70211490605201
2.83032124145263
3.83052042756407
2.22668885935347
2.718387458345
3.1322041404899
