6.62556978426666
4.46596223011372
6.12162492013804
5.14217227441073
4.99811642179525
5.41262925026153
5.19126582743557
5.13736029308319
5.20391280591771
5.1681702370277
5.08928137701434
5.13188129658751
5.10769377514062
5.11555498831841
5.14932861737088
5.04629659284164
5.01188000822921
5.05959671973218
5.08200706832047
5.070427779374
4.96321501674464
5.09492948060349
5.070408889748
4.94694340396355
5.02114371768595
5.03603489116096
4.97191743781827
4.97251970395997
4.99917961260773
4.97196771911592
4.99787794142058
4.8886637222563
4.90380515209114
4.97553691595701
4.88969825212364
4.9063176965075
4.87487672681369
4.95105609664785
4.87934877922162
4.95770955329874
4.95522955588898
4.94513577150515
4.87339676632092
4.86915072382831
4.88560064334821
4.85254668181969
4.85363410620191
4.8345109787768
4.94751975860213
4.85320835910854
4.90543153708673
4.91135384195431
4.82242444991611
4.9431554412086
4.86194876401186
4.94530916788789
4.88637512372641
4.84815232632878
4.85696058279276
4.8333235322475
4.7964331423049
4.81548477565944
4.79704531738769
4.88568390509358
4.78107353121257
4.86880273936903
4.79892186768601
4.779931567928
4.86245242206763
4.87337938857507
4.8348625981041
4.81933603081974
4.84399415605082
4.89620056820575
4.86545195781188
4.83382432316948
4.83597039687308
4.83964653440724
4.93460897263814
4.85298074833643
4.86188033962762
4.98046755946723
4.90066167872945
4.84191593859585
4.73412424948621
4.91917972561244
4.8184200697304
4.7976502518942
4.87400780036512
4.83289199231822
4.77045721510487
4.80911421277116
4.81347717394677
4.85423477595453
4.80044809988226
4.84174485988417
4.82511941453526
4.83512508096348
4.66672562196488
4.8790481488877
4.91397903891777
4.87726083295945
4.77008642149688
4.80137883440455
4.82303906160772
4.80037477395527
4.81370542652599
4.90655740007902
4.7785684770728
4.9130644458056
4.82889858830606
4.77131385738072
4.84358067899431
4.85941795875114
4.8927770421357
4.74375359216123
4.9267957385168
4.95468073308252
4.97273971030719
4.92961712995194
5.13749889446388
4.9491145559998
4.87148601426846
4.852244932433
4.83190941972711
4.78718975382213
4.6704991896665
4.65136873564353
4.64664922800013
4.53190006333153
4.57969671180525
4.71914441095412
4.73459903009303
4.93935650520516
4.78522132673095
4.6988198229794
4.66912493572601
4.5975736209943
4.7411300469713
4.93483185814945
4.96080107627569
4.64331028734471
4.96201411739403
4.79291987980509
4.64224912190386
4.82077906242834
4.77084408266626
4.80203353676556
4.71559038292757
4.98781377101835
4.84410172917268
4.61948098984773
4.68887590852882
4.94635569928029
4.46734432238638
4.74339685777135
4.80119253409651
4.77381076467031
4.7320527782283
4.71036485870014
4.82206914739155
4.95729610398489
4.77291352191346
4.50709812815195
4.97403955137713
4.86616765473515
4.68776048121294
4.75172850045902
4.87919831031145
4.81898984133019
4.82076595416092
4.80948373445455
4.89227659628048
5.12698236763958
4.74926684393053
4.86377715777513
4.96655261942557
4.73340115619984
4.71785786464638
4.81723283968067
4.6751442303115
4.67604974473993
4.86044979601712
4.73091513624877
4.88244539879943
4.73189381477031
4.95426498249237
4.93155017920684
5.09883168653138
4.60698833195444
4.73361106637992
4.79325824860481
4.70235814297797
4.69060308432832
4.85171280348673
4.51161937446924
4.96929742597448
4.65832076757101
4.9249212255084
5.00994290804047
4.98590463328015
4.88701933578877
4.79689693994992
4.72363546584964
4.87056609182084
4.8847030941903
4.74507315488935
4.80200780803713
4.81210844040009
4.57216067005236
5.05314552959013
4.57895596267551
4.74379258719903
5.15948930019999
4.6476982954879
4.91049699723514
5.0851620706757
4.89655076650574
4.62593652603388
4.71000095837243
4.86484478394207
5.14199140506554
4.8428747416104
5.05230193769732
4.48966928322754
4.90788749572207
5.14639700023451
4.23131096204778
4.90930507604238
4.69965534787369
4.57530834068726
4.91834848667668
4.74471556539859
4.679502578678
4.85449034465235
4.76734145350936
4.97048344163847
4.62380713008994
4.65313947843147
4.85143740599145
4.87560745593157
4.5674332603265
4.83237321924769
4.77040968914921
4.97116258353487
5.06589100292993
4.9217214688938
4.75132829390119
4.92817356285521
4.9227494166482
4.60274696335529
4.77940248118193
4.79554980274587
4.51856420210644
4.90824548560248
4.56658186036938
4.90593144631085
4.63301570835881
4.74475962536517
4.48622019458289
4.93310612966658
4.96625232084627
5.17560956704809
4.64722399148736
5.04339954926476
5.03781079532421
4.99476718043849
5.2064529748749
5.12130012329354
5.14422102690443
4.66297706827318
5.02758980663605
4.16227834588741
5.28158414223243
5.52967896219812
4.93745630092429
4.68143004759996
4.89153680494509
4.73437044390371
7.51592884387671
4.65720594742969
6.44157312367014
3.65728047007827
4.36861855767505
4.91781007240349
5.13306542158905
5.38115149305793
2.10475766633272
9.94720320924604
