2.84105317790921
2.59598637434636
4.24877422430495
2.86327800851737
2.6836078693951
2.68753466372909
2.4890997403914
2.5052085148458
2.46213538545279
2.45552733184662
2.51443612286785
2.57252144175064
2.57970508176573
2.56399171762917
2.58125760307824
2.55840086439955
2.59989151395648
2.55269919973094
2.62149088682381
2.60865190955132
2.54995955505429
2.5811187291709
2.59971923799831
2.59789361991322
2.55725021139641
2.54440739562551
2.58609448255311
2.55737624897577
2.60268763943932
2.5639245835395
2.56124717834362
2.55322239285799
2.56487789721098
2.59245255696477
2.54233716532876
2.60418049464457
2.57962183605881
2.60174089941432
2.51813353961759
2.5524276415059
2.53777026352847
2.56140785101046
2.53161789763536
2.52257376650412
2.48064997807526
2.52401688415245
2.50186237833742
2.58898350911756
2.55763732736154
2.52972182885714
2.48991134580329
2.51098492256373
2.5459802116446
2.52659614858804
2.53570861306361
2.55417937383989
2.51972357837225
2.52405138891034
2.4509758401852
2.52020885083463
2.54499523261498
2.54588044722051
2.55807578455293
2.51583031144369
2.54149962838667
2.55810076687202
2.52488616326275
2.5399608562531
2.50603058482036
2.50559866802081
2.54321376539033
2.52053440757557
2.50827690277109
2.49360241818935
2.49799167400455
2.47812282485613
2.5287154456465
2.53040044467204
2.51839513429658
2.4917081863746
2.45318302160064
2.49306879073157
2.44899462235134
2.47810643294605
2.50500280254981
2.51638703007909
2.48969346486212
2.47816537015266
2.57885038441545
2.47577196532847
2.50640538569519
2.48303158640134
2.462855432411
2.49405591000686
2.51484015355647
2.50308638183271
2.53980000936149
2.4908914753956
2.55152625505834
2.42105708421854
2.49974245873124
2.43959733147103
2.48606974890654
2.56286440448349
2.45269994854621
2.53813766986885
2.51026000528128
2.54017523274671
2.47036812250028
2.49408418723033
2.49990366919801
2.53137583319076
2.43934623874113
2.46739400407058
2.48745010085573
2.50210979468109
2.52530971984418
2.54020667318106
2.51888472474983
2.55670238789937
2.62207652811841
2.5392875370178
2.48436005747261
2.52525828007928
2.64362898173584
2.45140771580204
2.383357524404
2.46500434117445
2.39669465016485
2.30302364007341
2.35472949432052
2.44446066922841
2.49993417734861
2.51939748975377
2.57526884157794
2.63950731893817
2.55924205231113
2.70164688313845
2.46964549223529
2.57964418083125
2.60281490237594
2.57676689763978
2.64645892153784
2.65413954537378
2.49440599548409
2.70692101406564
2.62313897659487
2.60550905236528
2.56156391942187
2.57836643443929
2.53383218434543
2.52929397912352
2.56997506366566
2.45242192375532
2.58842635673865
2.55203226906643
2.59729601543062
2.61880544019228
2.61400504651343
2.52827765247639
2.45861097987301
2.55772304616673
2.5850396862617
2.5285673189542
2.59279663899235
2.56506983300685
2.60742717543994
2.40648540307756
2.52299026139107
2.50302402439611
2.7505069752886
2.42063961624723
2.53321188444808
2.60391659764119
2.35438734004916
2.55225693993091
2.49362896673309
2.64322146029302
2.61477571717682
2.61880943288917
2.60465546709494
2.59742874822859
2.65119828441718
2.47965627768895
2.53883959621983
2.57301359648949
2.62142448145631
2.54990181416912
2.58644032109326
2.65725949213396
2.59046219490692
2.62919108233489
2.63224338301374
2.51643230957678
2.6221215013348
2.62390509544686
2.65510335664585
2.50863362445544
2.54936212631459
2.29471071161234
2.57672183691867
2.53071067841994
2.57134830477167
2.64401701342707
2.72674211985711
2.38949661981702
2.61831596613796
2.51490027017184
2.47249893266346
2.54613667905642
2.70245012502934
2.56028720009431
2.65544858932797
2.65091307124813
2.4193432380139
2.29957691747742
2.5652094944643
2.44810644831573
2.44171913442888
2.51961962092605
2.60278573244884
2.4235433567406
2.52696077430322
2.56931692145015
2.65760541846509
2.69167628383192
2.44978320809285
2.34643957859377
2.55302759763549
2.41540631592999
2.613814019533
2.67388004603893
2.62295304079708
2.58990460401884
2.63119600117723
2.38802644016062
2.30744600021577
2.45520525373979
2.68425271876043
2.55266869069748
2.62312538885238
2.48522659920242
2.58963646799732
2.52709880284014
2.49364171837233
2.57454610410673
2.46774558532186
2.59722863258904
2.60606922506951
2.76412360610265
2.33534644743092
2.75495018206629
2.23598199352101
2.76020021709242
2.57419127439418
2.37213846298262
2.53887661230113
2.67427148951898
2.480543528021
2.52403345038855
2.67119223036298
2.77551193971326
2.48107509298395
2.61593455664154
3.08452501888397
2.71654532669526
2.62975585811697
2.3664752875433
2.62972129294141
2.27166897999791
2.89035014482961
2.88775103756258
2.92032717881113
2.54145625325377
2.65710167956339
2.48552416943451
2.70363570032126
3.32870273259491
2.74558082795727
2.82441136546732
2.67870847755157
3.68662479450006
1.93711512287317
2.718387458345
3.1322041404899
