3.00671874759428
2.59501668490362
4.22665960944513
2.8278385708064
2.67583608550078
2.7544745740958
2.54971233822614
2.59811306274849
2.55497633591154
2.55973943866802
2.6411865311739
2.67062459582405
2.65899593987865
2.65986230259198
2.67225784158618
2.65679173789379
2.68316157263222
2.64030613748982
2.71462420319083
2.71944956917043
2.62529246910806
2.64707355763964
2.65497001408866
2.62757590033034
2.61885453028505
2.62288121119
2.66951484386989
2.62306746071535
2.67833361835212
2.64286822946554
2.63802254287557
2.6440913436937
2.63912584616294
2.68298171807426
2.59463763729939
2.68213712626147
2.63451973330508
2.64989797878486
2.58805676058779
2.62047671336868
2.61542248364403
2.62393009169746
2.60137776257103
2.59054936045937
2.59965959784353
2.62794995459686
2.55706716118894
2.64250686119484
2.64480412030223
2.60121842796594
2.56630629022233
2.59143458153805
2.61059953142493
2.54829340911499
2.64249000974361
2.62711856789758
2.58343678826024
2.56649014496145
2.52479282774635
2.58372325449752
2.64537653737662
2.59833370639078
2.64533408628773
2.58491534709427
2.53822339727702
2.62077628951247
2.58926051168456
2.60413795729882
2.58878707431533
2.56547318818707
2.59138217127192
2.57368251418695
2.59365408717493
2.5413508315383
2.53402033449114
2.56244524836912
2.58796906365712
2.60225935442101
2.56842565031553
2.57472608497251
2.47186125709812
2.58343111740016
2.51499787799739
2.55684595734988
2.53594508448979
2.62849319501754
2.57667183024343
2.55356741353628
2.67254076336099
2.57441386670689
2.58834508533431
2.56504814818404
2.50307961493444
2.55400639163498
2.56305627703177
2.56849414142883
2.65473712144596
2.55074049306627
2.66873337711475
2.50208196414889
2.57151984818124
2.51188331369832
2.57395079569462
2.65455161876788
2.47704559504494
2.62016853440681
2.58598406509577
2.56351360793363
2.57046589790625
2.57266740884479
2.56593078135885
2.60393317288581
2.52059561165791
2.55268166489762
2.55114507355418
2.61122123834837
2.58080696194325
2.58961477588059
2.54473150278399
2.63217083246633
2.61991606578462
2.59547455623917
2.50107214294165
2.57289723205208
2.69173437032096
2.48425431618488
2.40419253751623
2.54296505726645
2.4948398786671
2.25519709456455
2.37353911042791
2.5238547596462
2.59323322601628
2.54766855320385
2.53130466902655
2.64512784557496
2.51221587549732
2.81234956289315
2.42798840472051
2.61911028557822
2.67500282997578
2.63489871868751
2.77168284173094
2.70665384285453
2.4859172736002
2.73006048869465
2.52580093086822
2.74053820786682
2.65434688289787
2.65905068409644
2.65571656941326
2.53330823708507
2.63564250463322
2.42126964290117
2.65013468061199
2.68736199769102
2.57262236584435
2.75571950564273
2.69172454522404
2.70178015759127
2.54791738889688
2.68086330602316
2.53647132022776
2.70683990638277
2.70734819051969
2.57827582644455
2.81925639611026
2.50308796962906
2.66398017670618
2.61401373729245
2.7479865989444
2.39425982620742
2.66320544108916
2.85088550118979
2.28841913599635
2.71473340148266
2.67712946679897
2.80043073675716
2.65485733690163
2.69743016913232
2.61093093216436
2.62922960999025
2.81874315448428
2.4928742528715
2.49883295555837
2.6837320422786
2.66089686623975
2.52331473836117
2.49638642545417
2.79391655186194
2.48381085337445
2.64726477042136
2.64254531527573
2.55395187310971
2.6564041086229
2.51245144423965
2.71613745355014
2.63027873613385
2.7021074518365
2.39747861763482
2.55096818041831
2.43999318992321
2.66544027003747
2.66306311937885
2.79114702621401
2.4787027368747
2.75710157523301
2.6557395747825
2.67108732428836
2.73720840838995
2.6500541128469
2.65754332849862
2.71646933359665
2.46671471841732
2.35299437723646
2.27106941575432
2.66973357537074
2.62308628506458
2.51912181993048
2.72201145399966
2.64874535078285
2.56196825152621
2.60789836397088
2.57103722718682
2.7142740479274
2.62461854665127
2.55296494177567
2.41649089875353
2.73150850732149
2.43081261378865
2.48935417418678
2.9974329524932
2.64434477802571
2.65956036073281
2.66600496231128
2.51746380926127
2.37737924775252
2.52301687578426
2.77668059319551
2.54793740122408
2.65963527749084
2.70292481008217
2.57649306238512
2.53704209295837
2.6908795128313
2.79656884015814
2.33665534913649
2.69164160636416
2.63671565162179
2.66251455032414
2.53687007538908
2.82763975697574
2.32572185233425
2.93625500711313
3.02121386461074
2.28526303758183
2.63246980969744
2.7011594070674
2.52397785688536
2.4518637875018
2.6959486341126
2.8339471842768
2.64187796887902
2.73941995931691
3.12450091534638
2.64535708518883
2.84924419674869
2.15506432479731
2.63750426107755
2.06109108915441
2.93697579142629
3.10133893211407
2.94337073867184
2.83918576194442
2.51125193925386
2.57696793700571
2.60552581485865
3.34368733629502
2.99387702832577
2.40719252229375
2.97525081538974
3.96096610810275
2.15166320577144
4.17444273124763
1.08791671733076
