6.45911827082002
4.51605103644216
6.0353165240569
5.14806812327531
5.0261901415853
5.40070770868413
5.22405862438826
5.11835949888549
5.15865135426989
5.16975863479764
5.09518727165228
5.14267115301272
5.10642245448336
5.18226903240738
5.17288963006411
5.03113122207359
4.99299586911104
5.04248629103339
5.12357331023612
5.03929887792018
4.96733138000184
5.06635235459092
5.0946926136706
4.91240228792966
5.0147309755707
5.03398865317872
4.98556299839981
5.02819444690292
5.07057625932689
4.95062776871482
4.9183465098208
4.90014634081163
4.91329541025088
4.97462313222513
4.8830048646862
4.89953714926151
4.87370693828606
4.94365904580827
4.9087431573843
4.94437625934402
4.97584143783561
4.892376089514
4.85306687600938
4.88872154612756
4.88740410837609
4.8202149712429
4.84168376595222
4.8135144083807
4.83313429409767
4.84428888186844
4.89107228662086
4.93292943845458
4.79579178764989
4.99912597116515
4.97094405427471
4.89356397033837
4.78229211204108
4.91997678393137
4.79511175857404
4.79651257336199
4.83637138276997
4.79376043259257
4.88453106820046
4.88538236306125
4.77840654550557
4.82142145772546
4.73330131142384
4.76430649999541
4.86652755399564
4.88759157497069
4.77318381083866
4.83034949383533
4.82995167150056
4.81365690914297
4.85261065450962
4.86170143267442
4.76416849600546
4.88830829879612
4.88149754071707
4.87562968757469
4.79830910209734
4.92019532584637
4.8988639767443
4.84648030600136
4.69135327295789
4.83420969140686
4.67093356207664
4.77987244942274
4.92528584138652
4.85674705429011
4.74350101745665
4.89742572822973
4.86567764425456
4.79853647768395
4.86715795876399
4.88965616633022
4.78793035318782
4.84535357597395
4.64667548892188
4.86766677772339
4.81080242885216
4.86340258641019
4.80776022158161
4.76703438527177
4.77632885948171
4.87596730311955
4.92539426459057
4.90025281300556
4.7604807458606
4.93167401036741
4.80285135959105
4.78293269946422
4.74313045110993
4.88253700804938
4.83862198023884
4.80397929138753
4.87085505575673
5.10257273289566
5.00866161747068
4.77024154691705
5.03870681253619
4.88607181877221
4.85298740792012
5.03916958208274
4.82178629234352
4.89998663850022
4.64848003789201
4.50445120626194
4.72808080828189
4.6479499101169
4.48343201985893
4.50950513226319
4.8052895179188
4.51783916354137
4.68995248356727
4.81843843784464
4.69140823393697
4.57346596044563
4.66691429393751
5.12863181828637
4.9405678167333
4.82277861009905
4.95182492268582
4.76999671602771
4.5399512215251
5.03025235260579
4.61222487147408
4.57703306527933
4.7764138787068
4.96928965579989
4.67375436985208
4.81818469623553
4.57449072786197
5.02308098445896
4.50122479184521
4.57466216772765
4.74826744601834
4.93458900798357
4.84447899586856
4.87549262720112
4.6465936374538
4.83217515629979
4.62589192732518
4.53949640539067
4.96254988346714
4.55302338507781
4.59868573240335
4.71513349575973
4.95634351062973
4.71060437661391
4.7910193818399
4.88488603269649
4.96456927312283
4.97351026702522
4.88108373112291
4.88916596253515
5.10245294161992
4.84398023285514
4.82650316204338
4.5126791915716
4.80548767805345
4.71419607920147
4.8246662350143
4.52852068170761
4.83194193475676
4.5525256970004
5.18648759481597
4.73910368066762
5.1652159400557
4.63846367904329
4.86754729648521
4.61185769889337
4.5477417145761
4.85149637469512
5.0243803320712
4.43319737938962
4.52792426265801
4.91482401375896
4.79816928365452
4.89498500937314
5.01949566415531
5.13675943910455
4.60395907403047
4.93030714422072
5.04836642287092
4.96285254973491
4.64460321927821
4.97213712285197
4.83141141102151
4.51155027107997
5.13952755844915
4.33613828717997
4.7988388681412
5.2899758426438
4.67485562191008
4.9246718970753
5.06876984867457
4.88817438351533
4.46896691746016
4.90960820189829
4.90719427106893
4.99683715729003
4.83159763534839
5.14279273995848
4.21510780811595
4.94424734509087
5.11623607636806
4.00647755379285
5.19591665696071
4.48609921777611
4.52601105277889
4.67053006418375
5.24222300549436
4.58180892772825
4.58454565985883
4.8288652876613
4.75391776612397
4.48137549796254
4.80820337312815
4.93177628289465
4.75380488105502
4.67498308138538
4.7275770014984
4.97770871032284
4.71244034279781
5.04983098341054
4.88328023189178
4.88810290366243
5.20065147954684
5.47738090470671
4.82395866428455
4.73820661769968
4.80224196999641
4.29058937759364
5.25086810020679
4.71762225110725
4.54065626701403
4.52030712706614
4.52834804365739
4.27221059661481
5.42552805275736
4.93230037969309
4.94610731228324
4.75492003550232
5.3486988013275
5.36593823963051
4.90271270749314
4.95085194680448
5.12599116843773
5.07243676201092
4.75465679459507
4.87259655488445
4.74800444688307
5.21534533696998
5.14215436271581
4.73326916843397
4.53075346303023
4.24933240635036
4.83153396798681
7.24413648733565
4.21764331718222
5.4155819029176
