6.60009749615183
4.5000530938885
6.10750552847304
5.15316352977954
5.01056554194229
5.4120858293888
5.17671412070439
5.12482238448763
5.19753161348145
5.12580435516606
5.10299744825322
5.11983018473927
5.10165908416844
5.12077240234638
5.11294590671264
5.07046444869001
5.0622139228189
5.03172362338073
5.01872020717289
5.04101593368921
4.97307743594413
5.07080638800636
5.0755181060942
4.9575931346397
5.0258552766166
5.00220974647049
5.00255010710715
4.96341664886955
4.98428565397284
4.99537775516929
4.99952922983556
4.88877454984703
4.9272075456933
4.93395892591587
4.93723473925825
4.9009002010396
4.89039175637024
4.89675430248155
4.88907251164107
4.93250917877083
4.96129812396335
4.94036016951993
4.87334913206881
4.87550196234349
4.90436374177658
4.84942533352133
4.87829417731955
4.85845240580635
4.95236330695988
4.86990885797765
4.85426182775663
4.9072713600928
4.85747860816554
4.93571981847011
4.87978719187542
4.9313434871331
4.84643077415949
4.90901855982214
4.87215012491266
4.83103864963563
4.7700854971913
4.84172555679029
4.85897612735834
4.85701492712656
4.80439670016398
4.87229890558311
4.75573235104558
4.817496041264
4.84661702618516
4.927858380981
4.85354525838914
4.8272139984015
4.89121430526144
4.8699823552287
4.85912909133515
4.84324242824247
4.82148636831486
4.86170944831638
4.9227893578092
4.85074883384515
4.8850929281698
4.91416754688425
4.91040039423297
4.88152966812686
4.74157718121812
4.86891672506698
4.82143120835646
4.81071058520669
4.82174841795028
4.82093968766724
4.78024873748148
4.85525541489091
4.80400758617952
4.83595699194498
4.83919088642182
4.85155505263651
4.78970487331225
4.83056216727362
4.77195599409629
4.85012979207732
4.92788325978471
4.81963812781082
4.76575411314721
4.77572828047584
4.78321003874169
4.82877239955321
4.83385593663679
4.90806164859147
4.78816540534805
4.90222983587473
4.81366352786589
4.74573751193271
4.80990406801884
4.8189087774059
4.8368121062276
4.79718788526157
4.93369978670084
4.9027918939209
4.90822193557652
4.99673590494262
5.06147980260442
4.94472924398199
4.84741096057522
4.84748516537801
4.82347996239396
4.72943483173392
4.62660599407667
4.67488965294395
4.5987581001107
4.48642923097148
4.54370617656224
4.70970057690768
4.69029348216211
4.84440141502265
4.80947468795704
4.76279525474674
4.66475720014237
4.62895403904922
4.75948249196666
4.86793703760945
5.00565183355755
4.63937475407015
4.96582158491908
4.74910860064208
4.64086749104164
4.71357712526331
4.85675778999777
4.73572271179331
4.70413793421167
4.83519823244853
4.80247042949036
4.57617972071816
4.77416093571938
4.86377052627064
4.59909533572064
4.73937328060558
4.86377675317028
4.79250927750761
4.79019279205908
4.79130053821959
4.87222234524446
4.91074470441062
4.85006635259212
4.55170011929906
4.8517114378507
4.85674580553314
4.72017739232181
4.78566107518049
4.86178615344934
4.71013240342568
4.90940342035915
4.79278493032094
4.87520405328545
4.98222879671735
4.68297963290961
5.03220267990085
4.84242204418368
4.75358128135225
4.7056227370494
4.86719188919055
4.74304676197687
4.73303379248004
4.87336808935032
4.81533812007919
4.853172341258
4.77153455628204
4.84330591550391
4.9357821380675
4.93463457852601
4.59759253954616
4.7456789275894
4.78849947835864
4.69639236895985
4.73921497126639
4.68364825153516
4.67838415317205
4.85914170156777
4.58766130489423
4.80146419188182
4.9679163411424
4.97721938067867
4.76684296640378
4.87231401628015
4.77596607550357
4.86893636098554
4.75613057222849
4.80294103839871
4.97970560410608
4.82106306645597
4.6052418086195
4.9813961953251
4.59260259167394
4.68868340186736
5.1373653171158
4.55629499303956
4.91146535866279
5.07567468290703
4.94689162914657
4.60244478064622
4.6939422195246
4.8159437505708
5.00755695263374
4.74394640197427
5.06460136282911
4.56228692066141
4.93458820497679
4.95348895772876
4.38550297112741
4.75697998255437
4.84273269665683
4.52651742754055
4.89496653059255
4.70856512541103
4.79243751731681
4.98169938396473
4.85360015997326
4.86565801148729
4.81497783684556
4.6256297621762
5.12072754217737
4.86031458555896
4.55131183451181
4.6893703529029
4.81281935952732
4.89580595742254
5.01786729893
4.88024628580148
4.61217816686629
5.01425891608344
4.91741367398077
4.54735030443051
4.55058169211168
4.7022028179499
4.73028017892941
5.03085916857385
4.52192612115236
4.93230437369294
4.60703438853919
4.77337274112956
4.70584988005503
4.66510565950379
4.91106565473444
5.15664121611327
4.72624401407408
5.21680218660722
4.97484011016815
5.02751647864655
5.26408891157819
5.11427407644581
5.16833447100148
4.65284067606575
5.00447152459218
4.33849439206064
5.40240452108087
5.49111027777479
5.09185642778939
4.78108146478746
5.02710145327269
4.89393184180752
6.39605861749049
6.01136450881173
6.77797898953993
4.07878289920274
4.36861855767505
4.91781007240349
5.13306542158905
5.38115149305793
2.10475766633272
9.94720320924604
