4.85406472731736
2.83567744805828
4.80249254508577
3.62790281940246
3.45875635907133
3.47335109858137
3.27666444273518
3.26817530003583
3.23884309313789
3.22299549511601
3.2960756081204
3.32359599131872
3.30563421693857
3.2961060546298
3.31441671313945
3.2992622919562
3.31344035123528
3.28238901760787
3.33606129289113
3.32824855023576
3.30880313319697
3.32430099558698
3.31700638195675
3.27358991674258
3.28285472295128
3.29754784930282
3.3145739320991
3.29525305552165
3.33689503901878
3.32507890722142
3.30340247467916
3.28890943750634
3.29569077219624
3.3207745576016
3.27885155030471
3.31391964341486
3.28940566982078
3.32129428295989
3.29017822936068
3.29361103858168
3.27675816592105
3.31589280056311
3.27142550164294
3.2839134210711
3.31198523063164
3.29043122214735
3.26850323785915
3.32116126997981
3.31616876182915
3.28272876550581
3.30496549597212
3.27050047889872
3.30260851245795
3.29231271617335
3.30350443101619
3.29676239075186
3.26410832098655
3.30739647121891
3.24552799191958
3.27950779713905
3.29893462524522
3.30410136438597
3.30926416761812
3.33178679259003
3.26480890147603
3.30039351077695
3.26210325103737
3.303368065146
3.27931572869903
3.27410874578493
3.28728812701144
3.27674348394478
3.29019967533869
3.27674860445997
3.28283679183241
3.26780677185956
3.30606566968041
3.30959558950459
3.31516805127831
3.29068298248417
3.25769192481671
3.30297062569927
3.2283937172709
3.26780635726079
3.23784827849025
3.31843270023133
3.2625702673123
3.27404998477332
3.31593241268091
3.28898490594519
3.30480098579744
3.28702602015534
3.28190764562693
3.29066725857124
3.268670949103
3.29991230689341
3.30091875291693
3.26830253467701
3.32768834193193
3.2355674326967
3.27799931854441
3.27902886649399
3.2624625202899
3.27546275591257
3.24978808047842
3.2821707079467
3.26773655220988
3.23206728704
3.22755943505072
3.25199359251042
3.231227365789
3.25935497892965
3.23578591760531
3.22349558977501
3.22324961187281
3.28327744926826
3.2515323223569
3.2217227108379
3.20189440090709
3.21256959257987
3.09134219554436
3.08063898542218
2.98617357616037
2.99837370820379
2.94175983870793
2.88343775209436
2.87403259251286
2.95499556865567
2.98416163638007
2.93670589897008
3.0501126571039
3.21254447345292
3.31618590285636
3.25668496577854
3.27318616133996
3.34319583238157
3.24986439293779
3.34807763246523
3.23635729714634
3.28189162813144
3.33538287722123
3.28573408357435
3.35660452014643
3.36134642160597
3.17610753559887
3.35852301389912
3.27876536376995
3.3437487258267
3.22906007441272
3.28997853060665
3.33004790588134
3.2328324791208
3.25502703841937
3.21332907375385
3.29212572743323
3.29826441244981
3.3716022431197
3.29067542056878
3.31802928305242
3.3838062622946
3.27452638142686
3.3488113783741
3.25289483837768
3.35304869449519
3.27775933790541
3.2040680874362
3.40488929322059
3.25520900241442
3.29165620496
3.24448005003819
3.30704848643692
3.15422771225067
3.34356116345624
3.34645159772075
3.14765354179514
3.2821113543144
3.3158331456644
3.32572397720964
3.2860564530147
3.35659336783423
3.25653149339705
3.2716110836162
3.31811369028831
3.30384085716231
3.29030159469844
3.23280983938052
3.32997534094458
3.31989601963222
3.24816028977807
3.26831678896494
3.24637244013758
3.44419060691372
3.39514554232138
3.21014102567881
3.26453979149266
3.10125462722073
3.29151607364567
3.26789525663625
3.2979488597072
3.22573369589692
3.28466259351124
3.14130702662568
3.2719194965283
3.36020721413927
3.34853723084613
3.12882782835966
3.3007146752025
3.2977928876865
3.35264979498373
3.42633584443099
3.33465982537788
3.30892741740809
3.23138742029801
3.2737222510601
3.20133827840576
3.17529845617637
3.3455451048071
3.1750118028134
3.21095064950655
3.39099604526095
3.33051842990912
3.33005494423057
3.28611547041924
3.23853496771478
3.37958591211848
3.29078598978439
3.27240261361619
3.16530717545397
3.19600388698657
3.20878805620851
3.35746361308013
3.40407773322954
3.18770743069268
3.26147935533284
3.22186280110062
3.25017412135885
3.08342734529258
3.14531579267323
3.4318242343354
3.26626398146206
3.24583997375497
3.38056302713747
3.26056075386181
3.29745377293849
3.27071565546952
3.34259030574457
3.21994738023664
3.32007344405161
3.18511605797608
3.25745111097822
3.39009854398442
3.37443249983537
3.28442964079721
3.38155011053445
3.39544243516035
3.21956342845763
3.30029336050665
3.13544167688403
3.36954881327578
3.2051203038074
3.26852070614226
3.47735312241278
3.1991161575804
3.1743106138577
3.48595057159359
3.54393229888283
3.26875578874971
3.16708072699166
3.08090390458651
3.10760146639144
3.28857220454651
3.39032705504891
3.2838231326401
3.13968583159448
3.28822621746112
3.32393914296905
3.07787785106226
2.89606720339082
3.50732767448636
2.72031237851754
2.99846458542154
3.18851370887309
3.35429546959712
4.13758221751672
3.18858123757661
