8.81026846721648
8.44924508569177
7.35839083081613
7.2010135077321
7.68359729498367
7.278956505481
7.30672133470131
7.75065209454818
6.22856292338672
7.90011072116752
7.77024160452618
9.87132932919839
9.25572560102301
6.83938178391702
7.66172381879593
8.57922704463173
8.09103291556316
6.82614400805617
7.7273689643098
7.73992788605805
7.04544081719279
8.53029899469996
7.80067849123572
7.19728526013031
10.2024430423697
7.84444690901017
8.31921139780897
7.89680640529574
7.08557517968494
7.59692508729425
7.5819872757909
7.49359154436512
7.68795432947637
7.41961391832911
7.89901064615994
9.62763928690225
7.25284539311492
7.1601427304112
7.47682184770469
7.44786043912896
6.6000433638226
5.29921221086358
8.54914552847632
5.46882726007532
7.98558845785907
8.30410496260146
6.4569204572553
7.20863362224278
10.286586533326
7.885360755142
5.85187399101351
5.92124021669025
6.44716958292811
7.31366275315358
6.43667708620195
7.68209208903449
7.53743187070339
10.2618022454503
7.86296382463463
7.17823200234622
6.64200946568672
7.93030547709813
7.39651265600835
8.10578757799535
7.97099125330858
8.49875963375084
6.37245070893356
6.01634543060809
8.12583262197281
8.05712775687197
6.11753014572131
6.97578343375084
6.73071641303062
9.65938478336425
10.306239460368
7.29553706689649
7.27537685432739
10.2990682440699
6.60805601139228
7.44564361762333
6.94241914358707
7.97850010959037
7.41254506762753
8.08086016204725
7.33992308523881
8.01022672013931
8.37959100550027
7.13533305036377
6.62033956036962
7.23474128230986
7.65517647691211
6.65182518239402
7.39492049040841
9.3826600641529
7.96428743856936
7.85288480385845
8.5725331655093
8.17862027523925
8.18204581015114
8.16731086099295
7.90264120100503
7.17252942440882
8.83414960292573
7.89533664513964
7.97863429971284
8.03348769260642
7.18436233800639
6.18422225696089
9.30202111901356
7.72689361763705
6.94287271123422
5.84983791384259
6.46125011171459
5.81674482323715
7.32736343015176
6.89885112002999
6.2945971569838
5.9020689382502
8.67224331353185
8.48422661686072
6.97586100744253
7.04164564862822
7.30387732179298
7.27940722779086
6.54407261728366
6.0175910861194
4.97161255630538
7.03437322778514
7.30989470788456
9.50732566838851
7.80810288746853
6.91664156045606
7.87143766472189
7.62417327459883
8.15907085852688
7.26646663389884
8.16907712244624
7.49470215134227
8.98833190952753
6.30538999542629
6.90564211259858
7.76529851913519
6.67454322757811
7.25205017837108
7.00203706108254
9.16388306053641
8.35085682238749
7.6019839888872
9.2851706290145
7.55843428327954
6.70261928915389
7.28262743183689
8.00095299067203
8.27807295574076
6.59996540651408
8.24441836164544
7.34184211637001
7.62476628648845
7.44348553112236
7.40893454249144
7.56466600256556
7.25698212626692
5.94762260687679
7.6096108235761
6.95837497671389
6.76997086988314
7.57447748127734
8.32103561070429
7.07877023836401
9.64128749452546
7.54541781511399
8.71448477564958
6.79797235138984
7.2102701050983
8.05940081918383
6.41081187329321
7.37859799053073
8.56758762770146
6.66940314307722
8.08786928937463
8.56831503744547
8.48425236231031
8.1971761167139
7.69043101722855
6.67412212266802
8.01307402818876
7.88555655453903
8.14620784586262
7.93523329408033
6.55240465453311
7.96326009200438
7.11718434150343
7.16975646805096
7.3670767572548
7.64594851014014
8.73858325324122
7.20678497814118
8.91260271850228
6.72075231596822
7.41875586317467
6.73494975679742
7.07338725948861
7.20764492006442
7.05652402005919
7.89603638479401
7.02238463225711
7.19953020282492
8.30737977134844
6.19183306092442
6.25682784162104
6.02519691678016
6.78524215101282
6.84955315387547
8.95456248320759
7.17439877916474
7.55833934501312
7.71942884501346
7.90340871420798
7.70463696500998
6.60768087245984
7.84303642832674
6.75772755594531
7.85829967094171
7.86661677748315
7.97149884912999
7.22111072035266
7.34716467702068
6.39881714539488
7.0112401352971
6.06929301064019
6.73362797549408
6.90168118041732
7.59946379881269
7.31165144602709
6.78516099652965
6.67501672298881
7.60473730946217
6.86742779675138
6.64246111925972
8.13524519685284
6.39134552720463
6.23312227377476
7.06561359582034
9.2018494298469
7.04630829864726
7.06859736792714
8.12743347781607
8.30644424400314
6.58442718517598
7.47576388558565
7.05672736103373
8.03291134070963
7.95108002777595
10.382681013108
7.07988186698356
7.52896931326362
7.36563981945838
7.19487633162863
7.38350435621027
6.80203549311493
6.84377450170614
6.84392502706083
8.21825691114747
7.47525279290868
7.37142221102382
6.45780644703986
7.90014946651594
8.03885212830171
7.04181343263436
7.74425203256472
7.76043542491345
7.43276012499194
7.99452179699502
8.19250701220475
7.72008422218744
7.19654501577979
10.41541134072
7.82058986896024
8.06512758919679
7.06182189156223
6.76696982880294
8.72468174430706
7.04162354673932
8.33019925109942
7.09296619274727
7.26053269376716
7.49067557724594
6.95109025722559
6.76199573949043
6.55410575509367
8.3282102362865
8.25074216867334
5.88532202071138
7.95920635655302
7.54601894931606
8.98472479903539
8.47828533531971
6.90015626063241
6.53596541955817
7.35309322385124
7.1524533409942
7.97253621513093
6.67687467924944
7.63486721568006
6.99331169117392
6.3861246301498
9.70197466428147
7.76174268510689
7.47951595506303
8.09910188368825
8.17285130871125
7.69510330095355
6.69820416645175
7.95182636969436
7.27213313950803
7.58962001088332
8.59232200871197
8.03644819754169
6.47753674377561
6.01902300482655
7.68442757290194
5.97209373454538
7.22496764894404
7.99049395207744
6.95409989506828
7.47405207569598
7.20442014819644
7.1205559750321
6.72108149653698
8.49304060854672
7.2422540855726
6.14301273489993
6.8874949902174
7.64024949531473
7.03467450170603
6.71172644352469
8.31817218299859
8.80118465516835
7.42744612683226
6.97708902629688
6.60610202687062
7.68003512478502
7.5934297215867
5.62181016280337
6.07789509777999
8.0850102346554
6.81146024164181
6.86939561627818
7.03731432431087
7.08591332037051
6.6520509708017
7.8418144148502
7.3208034955394
7.28417774838437
7.42577678133667
6.50263651342906
7.63456404713224
7.08057259620445
6.64479386484102
6.81416104233298
8.59326489082721
5.99227893685575
7.79625374128138
6.21799026563609
8.70391469342903
7.18808964611699
7.40147126204455
7.26525508439827
7.90210283425693
7.00430676722811
7.1265615450188
7.427863312773
6.33699969212634
6.18277394486122
7.89531341391262
8.22298856724457
6.2963029530221
7.03057136912747
6.27040759906079
6.39361273766021
7.24955267328767
6.14870315252187
9.039847726962
7.3698478683138
8.02156768160064
6.44493047757857
7.35529256557782
7.89095949541125
6.6861641448847
6.38915908230446
5.96205171498194
8.20835866587757
7.08768991464989
6.35906737304014
7.4784821564195
7.67837885167758
6.06180141529946
6.47015832695136
7.5660763369307
7.87164451505897
7.13765804374412
6.52454502531195
6.70111243374549
5.78076376918933
8.9368042400556
7.44533751338556
6.99245744132219
6.45097180077199
8.06252865476067
7.06776961118787
6.11342925307413
6.90748184423653
7.48208778609496
6.8897549890641
8.40612928414423
8.26352534123652
7.35931211611805
7.33503857948506
6.9705392268395
6.79091711735604
7.44936998361203
9.12531113628091
6.72730096861226
6.57226609531702
8.44593275331828
5.61815025133953
5.86698714327401
6.39965863611522
6.97263016342984
7.42681060383714
8.31385205590351
6.49268444454717
5.65360226745865
5.87017672472762
10.4686564041562
10.4694475398483
7.75779779910506
7.17665102063561
7.94138052656283
6.29948251842703
7.80668962454136
7.59494330992536
6.84160486735959
6.50977699591132
7.01375632727134
6.74736393376652
7.03884415273902
6.09452208208932
7.31324355210401
6.94394572556884
6.18119483572258
6.85461490543152
8.49991969270087
7.60960598546301
6.96755498370353
6.36934101149336
6.98334161118985
4.86433063209606
5.59942644969409
7.21963414359211
6.88528591339753
4.84119265026589
6.62948189444445
6.76351672563132
8.50012636170715
7.88652810658345
9.73573050518188
8.25815133341078
8.2062725867555
7.32214944377621
6.16172491474908
5.45237639301371
7.26406012330535
8.03735346178298
6.1294254291494
6.57520845142296
6.79250035428114
7.06892411589248
7.08758601697791
6.63977383184818
6.61420653591411
8.37257070401764
6.68654900462147
7.12919993801131
6.59244360164345
8.26911013312255
8.77962481325583
6.56128247461685
6.69155636230744
6.10049274793642
5.76423259247396
7.42562035579596
7.0971689121243
6.77228225716197
6.23240136995705
7.64023406651107
7.9307141742703
7.08953593094711
7.57481870839419
6.4461630358783
6.40678440971212
7.48072829579744
7.00667624996598
6.94061621417862
7.07687784070257
8.47664963827858
6.90266303629225
6.83532709910785
7.98217283798026
6.07365368431459
7.19481204403392
5.3226741982732
6.30213290053709
6.91402193879908
7.40931389858751
7.27892890694953
6.22796833383099
6.62308475066856
7.38160293951913
8.38054071048572
9.26356849432324
6.65278302049699
6.47386646871607
6.92129818161636
6.4541123078901
8.55165952359748
7.29764543934202
8.39270928577642
7.31843079050064
6.10290163173517
8.0801971696957
6.53789237517317
7.47485233801055
7.79871654379017
6.93643250339067
7.23119400234175
7.41414010599053
8.63846056633555
6.53603451751408
8.226521263571
7.64992871391092
7.00867266242974
8.001041795896
7.77716121274171
6.50917004635746
5.58458843766736
7.22805089182982
7.51496758526232
5.96046420355962
6.92711418360308
6.4975587601543
10.5003202868607
7.28866660272803
8.97507777754951
7.12580122788209
7.72641145389146
8.32600942146658
7.16612664019586
7.2774648496787
7.81393240871277
7.39295236994429
6.7806830412539
5.74955999888119
6.29242554614835
7.20824158048415
8.20195002389758
9.06482459500863
5.81848253382252
5.8576016586589
7.79633879234377
6.09364543656622
5.72388483607679
7.30825410460092
8.64799275512644
7.17871017952029
8.25233868672475
7.93945164270017
8.1572356828721
7.34814098736461
6.31610777256266
6.31225724037433
7.60740532679847
6.43451967823737
8.43544350027686
6.32976086507507
7.39497796093399
6.60090789791396
6.22434406473686
7.1775514139119
8.45649481504636
7.06455524662339
6.87206541960721
5.21327783334515
6.4579657677722
6.32053742408889
6.35412065842697
6.69739558425621
7.85618198814836
7.74436001946483
6.23083561701447
8.81913568649715
7.52086935666187
7.47798068848629
6.94264065864544
5.69558537168444
7.02345440061204
7.17743172106315
8.39631325757737
6.92822217823822
7.43392491892344
8.5660285660841
6.6252868476104
6.37836737595629
6.41538737115082
7.26367453803291
6.86135556372934
6.09673248151877
6.90659448407119
7.7284451203522
8.68002389985286
5.73085210215888
6.92225898986158
6.84096020573394
6.98171274333944
6.30136129175476
6.89702275343457
6.20112172409672
5.9893801945232
5.58374694869676
7.85391450709001
7.04697872403093
9.6656050177456
6.59522361984447
6.80573133258295
6.55075140785608
6.17803553376216
5.94134715387216
6.31905268494314
8.8966749925326
7.99779059764728
6.93003043408507
6.22508543288995
8.40177949926837
5.38178487701742
6.24455080275797
5.35869054140152
5.8556508572656
6.77430611397059
6.37699796671394
6.82751052740182
9.17508505061651
8.7862257044023
7.58933808062007
7.48126443770753
6.68873405345394
6.51646326545573
6.27277394676859
6.77498097945132
8.75116905038023
7.55794437878683
7.29252614912447
6.77449654184502
6.09564694191147
7.66897851982931
5.44578257469065
6.0058645176344
6.25385314977194
6.54907796540275
8.46966593762239
8.36690135903502
7.20978814925104
6.91838816645843
7.27756884941992
9.57216639909956
6.57832348950905
6.57097371512123
8.84386263805823
6.3128708178508
7.03058686038025
6.59378320628523
7.30931469366138
6.96050792106817
6.86244329988395
7.67612626511337
7.59927376619352
7.47325840267153
6.0320966313242
7.6833044636443
6.72532333423324
6.68104059931244
7.92466214413979
6.82158115290017
6.87464314370698
7.21072529516503
6.90547775574883
6.69604520410728
7.26168744512675
7.30127081817143
7.82117371841503
7.07838885721905
8.40775525108226
7.04456843714907
7.57327501804009
6.93296850497136
6.56503459220225
9.17163299598185
5.50000503848561
6.54404379385119
7.98715141266807
7.75114670422323
6.21213316800998
7.43631185660764
7.35069387697036
7.99924184476027
6.80728436143389
5.73933827025565
6.15371143541528
7.63982854156034
6.40751480739152
6.12937568167154
7.65132297357679
7.81974852532519
7.54060774606708
7.51444505784056
8.5503051761865
8.0723405672685
7.88419908204974
7.72825555596094
8.00308701985604
7.99646345422787
7.05967891626691
6.95229527280697
7.20705877783454
6.5246718502721
8.1155628882428
6.74573918014878
5.90918758481086
7.47434571075164
7.29675174359055
8.22963640505958
6.06638350491694
6.53814638183947
8.89177320288677
7.39702654445736
8.02319944032202
7.66147893681253
7.67248054724495
7.18811410529741
6.43011338341473
7.08956040637554
7.43964019072845
7.18318555436763
6.25465470302579
7.96936232050064
6.56280881909023
6.38180197282499
6.77582801356689
6.27180657728486
6.65747050436236
5.56990572971167
6.6879062999493
6.73154404725641
7.79792420238737
7.62136993744991
6.55237984753771
7.13519052937139
9.66934324859202
7.99414626374316
7.51799823581817
7.53341160399395
7.33220658445993
6.41801522642373
7.80930361423424
6.65749503876066
6.93787239112284
7.73605196952622
7.53539086613135
6.83847967179843
7.46800003461851
7.07771168319072
7.17204612423659
5.91987075357347
8.47640571814151
9.20224693180075
5.71499029387827
7.93748056852252
7.90262912144486
7.31927876817735
7.6864031856591
7.50135549016336
6.26066221779156
7.35385455641828
7.75008286105839
7.82537921095801
7.77633789914359
7.11416330640785
7.10449637994571
6.90475921539012
6.72008730250965
7.0130462366197
5.83173190529543
7.47572044470491
6.9304979616423
7.25657827018014
7.46378925377794
6.45958563748595
7.13764578381985
6.26379591314831
7.48798656910038
8.13064789823882
7.19777316135825
5.41746785073565
5.89333625445496
7.42368476143916
5.84626333427094
6.22327671727281
8.69496572001085
7.17424546266786
5.75479105832018
6.28330312020632
7.97500017798719
6.85950635545346
7.17381648375192
8.82047576439333
7.5646514863012
5.09545144486971
5.82664279812568
6.77172703169874
7.71022674423949
6.87423787271108
6.7661117120142
6.91057384833622
6.3731636733975
6.97321907299612
7.92673127904601
6.19002217235083
7.74907713072783
9.43791040141839
7.5031134480834
6.35123011185388
7.83461185908258
7.45271641995372
6.21437371287521
6.92586669038708
7.52688849821662
8.59086040029995
6.50664163815758
6.24018273915011
6.87294482706925
7.4831078435611
8.39045145844153
7.91302401276993
6.91309406598439
6.97937551613473
6.8796581513287
7.6241415450721
6.39245175679664
7.30350728970835
9.38560332929435
7.42159938771417
7.619029195175
7.61450694130528
7.12515224016636
5.98306746921689
7.67055708072701
8.30858253956652
7.24023415840051
7.36603084013206
8.10416684911271
7.44939695169073
6.99490212861518
6.12022873776122
6.78461649448655
7.44539343066889
6.90375796224088
6.40354817670796
7.9145638528943
7.91276343111044
6.64772804910156
6.89939185991592
7.01329866265704
7.21083336596329
7.36019970889135
6.31231754483609
8.24040482804168
8.11301051448789
7.75053921987376
5.74521569077991
7.81343864699079
6.27221521240957
6.61896100436907
7.31203383998395
6.63321710556591
7.03087260422289
8.3661517739303
5.99773422565176
6.12778230787906
6.64314515510522
6.80090820667005
5.72500032120854
6.58300732443663
5.96454266410036
6.62714980837495
6.79966907840653
5.92085203551668
5.46354703575817
6.73171124446025
7.37538753921256
7.21655642125009
6.73855680157016
7.05636184128475
6.63832623090464
5.54627108704781
7.47327169415704
10.5810811412914
6.83464593922495
7.89317711223603
6.49885475973281
6.58616455546589
5.62842030693432
7.0331026193723
7.08684229278733
6.42697572011754
5.99868238315288
7.23608342827524
6.9911149783561
5.83581409799606
6.77666425481614
6.43526790372684
6.59666755383819
6.3888181488852
6.80090503222712
8.05736842021817
7.73435088833169
6.51706832687286
5.5044360436331
7.34398794419672
6.99158244232273
7.72584405787244
6.97569358391534
5.94858276797328
9.10022440710044
7.10035542658874
8.05947112050766
6.30464324357905
5.47513336827175
5.70911139140243
6.63743797311267
7.6654872497471
7.00994859182029
6.62317578127226
6.29590573550982
6.33565220886036
7.01839314835325
7.25612464831499
9.06746588367625
6.98662812333119
8.1455827899968
6.78665924797313
5.3713412952647
5.44521963448933
6.70125499195081
5.76630320360283
7.33673447044831
6.06948820147493
7.40159333176096
5.44598784376559
7.60766578766734
8.25867469060869
6.56997261608629
7.71782618814186
6.73364935497335
6.94310279067763
7.48265044434777
5.4337498400526
7.47112048787838
6.37645310329151
6.01462618697736
5.95353560990901
6.61010670953932
7.35529384215353
6.51187796662476
10.5818757218936
7.8208023818561
7.05974353218607
6.76299573296009
5.54351459979586
5.95985422498101
6.13333306145887
7.08189085559489
5.75546499716347
5.78258738058856
7.31718095834865
6.52927935839252
5.92867658723915
4.81886594246641
6.69526859422703
5.52635910404793
6.90506646919983
6.87565181142049
6.42762591150149
7.43647645209095
6.30900366810941
5.83146355199016
8.05274522736297
8.35622039200401
6.65541789545502
6.14287053648465
8.09934955897189
7.2724149508756
7.35242187984741
8.23405809183894
7.53468818480806
7.50392662824772
5.74753277126654
7.5277625903946
5.98964976659611
7.55316426303576
7.56327150562027
4.89378850152089
7.48122464175113
7.35671044298696
8.24208087049323
6.65646413725411
7.36215594488597
6.58344389608822
6.84434961245505
7.24964480016799
6.88777358984885
6.7900666777622
6.75534720854896
6.34459681884628
6.23609390235718
7.07430943743001
7.00381864744553
7.27185451706621
6.5597799698552
6.01871745693338
7.51398976887453
8.08834588166409
8.16575359188071
6.82287688759721
7.0609330980468
5.49542237105207
7.27144572698117
5.82913721944751
7.80325900794159
6.39009604340907
7.31276227373158
7.77054821641956
6.69300317256441
6.8918287451352
5.85689894161056
6.61408489440429
5.95607599385787
5.37411297777389
6.18783669374458
6.91101794511864
6.39197846684648
6.95666122245203
6.42403041230514
7.65938595714185
7.50306601119858
7.16216928568529
8.48206927859732
7.57455917654119
6.47835876477632
6.44837214748397
5.56746204140442
7.24604873782404
5.29861099834767
4.20922857532288
6.64506370720945
6.62955965166611
7.17409870562597
6.078939659279
6.93249437663153
5.93447788481276
6.80565971721215
6.76753683613785
5.64028243348591
6.48107276289805
7.01413442740686
8.05307723219067
6.60302261808252
5.46009541734786
6.3680633215709
6.61694946887761
4.94243588991774
5.12247156751198
6.63456174622578
6.22604716594429
8.04339002881466
6.48444190471663
6.79679398426305
6.76660970084018
7.32856454632199
8.38474632026029
6.19603013926275
7.42169836653373
7.64120476926976
6.80059085670747
7.7416986326124
6.06279157107457
7.24681005185743
7.14484984137472
7.67725879340643
7.4241137235855
7.72135942007382
7.03393628499404
7.41840390550916
5.78224499093635
4.70793368194323
6.18109603008224
9.4440526569485
7.10424810164206
6.27388728065066
6.92955165238402
6.68421863980572
10.6227732836249
7.84862065714663
6.78709926309106
9.46056169417957
6.68611003872123
7.37785488518914
6.96219891874439
6.78069893411101
7.33443341302839
7.64759165984358
6.108116745691
7.73054729695402
7.31245829000803
5.53879667547488
5.38318071336693
7.50004448615262
7.50336406039993
8.14598117307317
6.11138622575671
7.03267918209354
8.33669372786752
5.97057298789753
6.28026029736897
4.55321934310045
6.82500553228031
7.80980082889669
6.07421656461674
6.06194533752676
8.86480815967572
5.42355790187737
5.04424227538344
5.34625821088722
7.0029551738547
6.31379655348348
7.31132779761147
5.57275557337842
6.24176891026077
7.04154277767917
7.05266447436338
7.02874381751183
6.08969443023163
8.52558951832804
9.59300847741167
6.44260043048228
4.60167263374491
9.57109849294768
6.75785577708718
6.85558458396015
7.5477620586179
8.24444172956149
5.82970738364611
7.07432465175183
6.88491714599299
7.60521091614263
6.43797004470066
7.29015100272342
7.47922016548289
6.93369621950652
7.79033022741214
7.52769132437783
5.64905706148511
7.59158326320951
6.90180133555756
7.81552903982195
7.63867803319414
6.25780823156029
7.72979047483745
6.42120060208988
9.55634491466171
6.9607800727118
8.49651836176538
8.79035109544813
6.40444282226425
6.46281487992534
6.87155800345963
6.12449225896169
8.04668337018148
5.96503767497242
7.78035163800386
6.73389240864343
7.15962023429475
6.54818219941125
6.63911017973653
6.24675233093167
6.93817534306292
6.17682067881555
7.10631227941245
6.75579029423987
8.51050399130347
10.3097489134143
7.4182781547124
6.41476519566766
6.12700765502839
6.19272900368657
8.39543464017682
6.9090074783016
6.86451228671619
5.88880492845151
6.01593207327937
7.72200329451716
5.71824499407784
4.73954431955298
6.09666428729996
4.52029750434196
7.14963268420093
6.0161173803718
6.47645332334748
6.08210870032323
7.29359387497017
6.56799388971841
5.63965257157473
6.50914659558902
6.51840169733013
4.99320680399846
5.47941401086093
6.46818512461897
4.58150798781296
5.9519792951018
5.00398398794728
4.63348831086474
4.32878455453008
6.53704171942625
6.27224874963893
6.1011912294548
7.37046939324643
7.11918560372906
5.7661659826113
5.97601917972737
7.25184628993722
10.6502932725568
6.76265183098013
8.49844758782985
6.6923283115943
6.36202905964126
6.57190658216459
6.31881297387646
6.24000793571847
6.48934961879625
6.94544129010025
7.24474143396644
5.831871395713
5.94805913621134
5.73598096831716
6.18696497141538
6.10081760791403
5.60425757724263
5.0424869521977
6.2426434936891
6.43324289789659
6.38056096347951
4.81599155886585
5.36899308977019
5.75351953426383
6.09782823609727
5.74824574477165
4.90069338238005
6.3121044875862
6.02798874988374
10.6496165455544
6.83046818867927
6.38598917420524
4.5487320261707
6.67518843834058
7.78693327145451
6.99157992298093
6.95499514655762
7.34423140840233
7.80452825662155
7.22392917448089
6.36730406570486
6.53222047053207
7.80161421515349
6.44242592799902
6.98370571175678
5.9700542509068
6.02647671889802
6.86715854136487
6.62132636282062
6.17241644697898
7.84214765965629
6.18747444540748
5.85291441194599
7.73561437451118
5.5176810290628
6.11930740848092
7.27649433654904
7.26433980247015
6.15504382018251
5.89137525565905
7.58063529062434
5.96295736042064
7.57368910221996
6.43412751624022
5.99291263533988
6.90519941933608
6.81910660230641
6.08599282056968
5.55349856024334
7.84364771082999
8.91241764828585
6.97921975052697
5.80921477555476
6.36524111524258
5.19688377418336
5.25081960767324
5.49320742346321
6.98500369986191
6.63831671508822
7.9541822974086
7.59011838596073
5.38279723335437
7.34178171796629
6.53681479839927
6.66441237617096
7.02055807710574
7.05154539992658
6.59330647410914
5.06861041617112
5.2833763837159
6.59138817827948
5.70380243765734
8.03521325886545
8.03796684535917
6.42571356401924
7.11523847006402
6.66642084615041
6.65855175534179
5.21993444173391
6.97768203688442
6.52807186436382
6.42021196576462
6.84511485265181
5.79723433383833
7.5181992559928
5.50457361419374
6.24697604234544
6.84088455937562
6.74513208916708
6.45822002818201
7.01389530983474
8.01519510902014
6.66814304774954
6.97461378490172
7.655676289547
7.19649010520274
7.23517651140038
6.43412732145551
6.61878190030633
7.00872067716698
7.04932085834643
7.26121499353742
6.63923923135977
7.62193342957289
7.35507142748902
6.39281578717046
7.55721190867703
6.55855336014184
6.79248060314198
7.14280153774734
7.59310583229094
7.00079204612861
7.05479148851855
8.5313337646075
6.969237961462
6.05258401724832
7.04777496122676
8.5858808062453
6.61709767973906
7.10728753948561
6.3485660519642
5.37701272169063
8.86347395547742
6.99077846586034
6.69201152393874
4.48562012272711
7.09300025069975
6.77256912403436
6.36354814272418
6.62388764442457
9.46782149347663
6.40333488029584
7.42547127316191
4.6818154365281
6.03269128388449
7.56148486902643
5.26413919316863
5.36429007182859
7.27304612135935
5.31553734140391
4.65843575679782
6.57388030952254
6.56881076249721
6.5324576002824
7.0834942244184
6.04877004488261
5.05581582989976
6.83092775057456
6.61907371832522
9.5454217880384
6.39572548233211
8.90105576642034
6.11496970660435
4.85915896622973
5.74729433538701
8.67551931292941
5.81773080898462
7.29391821637412
6.23466305293228
6.93150589368781
6.11831104942147
6.63645009700876
6.57960439351971
5.09404418071937
5.68043475523624
6.06873020007852
5.75667937775434
7.3338335491058
6.37732982675394
5.0078758658864
4.80840183518686
10.3328626456539
6.36625705518563
5.66485785791005
6.65420864951018
6.61068599781658
5.81553275753497
6.35145079080944
6.911390451905
7.71777218982579
6.94380267317806
9.28919775281423
6.42610842844185
6.28773192640016
7.59365757202226
7.61369817017236
6.81471226152334
6.9463650121302
6.56307589477689
5.64527891053846
6.09944557634994
6.61561091456666
7.12137762565474
6.59123523604621
7.0739065719176
7.94240036956448
8.01228717247835
6.57530329250793
6.78608108280176
6.83820101731582
6.32877677720365
7.72457325101873
7.22043393846225
8.03048607840515
5.47621990505427
5.32156323759877
6.87461150821541
8.53089872991094
5.47447309409917
8.693889149903
7.05735004009872
6.75148913480057
6.48372029740951
6.2595003345901
6.67923319337096
6.63291242093209
5.76968387051281
7.43985637298073
5.57010260547327
7.02608510528166
6.12933376846551
6.32359214243892
5.66858103248611
7.38579953796236
7.20664105796535
7.05496860954769
5.12214688630915
7.39686881908421
6.71048721315645
7.76018690930482
8.56275450754943
7.72839126888326
9.54219707137469
7.04458611350966
8.18710007339164
6.71437505873415
6.76207295597316
7.18277319261643
6.4763264919821
7.15682097154733
6.70533554753141
5.61424556376595
7.03505311348507
6.29536339926273
6.76807341431042
5.32590330291752
5.64764444758512
7.84435924545882
5.99995238019934
7.16123313670247
7.64901930220925
6.08931976238759
5.53074071861889
6.78686546306618
7.02045077813878
6.26970914850548
5.08222101326407
5.5884242830297
5.77373135136134
6.97948662821726
5.72311021210359
6.7023749928134
6.05501118596852
7.20315827495776
5.85651062923644
6.6516669925995
6.39219967174944
6.58208996959285
7.2149001555301
7.01246766541043
4.99575404678472
6.52986843676209
6.15078090457502
6.10930703858064
5.77498266379893
7.50700082854124
4.91193081146375
6.61530002742732
7.25465756029647
6.78615447900367
8.95291442152473
5.83359317572587
5.9126601376902
5.82427243858335
5.25769526854384
5.49345451541652
4.78485252971021
5.50059953269705
7.31650790665164
7.32141896025432
7.00349108757344
6.77378691576997
6.85841968654109
7.53865953090495
7.26675689280355
6.76921766547633
7.60310092069506
7.94928545305053
7.32111476647998
9.47657461928793
6.90070780614433
5.92728159524868
6.71395649151343
7.1172316500235
7.34021214434135
6.77593105105594
6.95048638852983
6.61022835850076
6.31263320268594
6.74216313876761
6.45172749292276
5.99671998616265
7.36947497126362
9.42228617043375
7.02127036437928
5.86038324447093
5.34921808794104
7.29964628704567
5.56948117306313
7.26673465871597
7.03820536927067
6.20841738338832
7.7163904082722
8.54345238225554
7.20446425861542
6.37745363111748
6.55894993083403
5.09112536708071
7.19366430438869
7.81510416632762
7.6412091674641
7.26771512883725
8.04242405953644
5.20503371565077
4.95674872151858
9.05664298651786
7.62963673790783
7.68082099003438
7.05295702031161
8.21137884086467
10.6849387730781
7.55410729048839
7.62331010521395
5.98869114314425
7.49974593338453
6.78092596169742
6.92910184922936
6.97047478691384
5.81418145036495
8.26559313295587
6.12007436102684
7.33547013132725
5.8184676418922
6.23088164041211
8.54903312669251
8.64646449400134
5.58616955698912
6.33063053306952
6.36678066324388
6.83945159683207
7.0103291847946
6.66110467463511
7.08798601489495
6.61649798993302
7.00907152417736
5.73248796552961
7.47148225713577
6.04223410433074
7.0504830193127
7.50636414820736
6.12900683109574
7.04382590107367
6.42487517759179
7.38374978352538
6.8546126191169
7.68028777588389
6.74947328455951
6.20940121250255
6.54806929821535
5.59561400808535
6.7566509811506
6.73235967685716
6.77781912018465
8.57843402418643
6.58051779202948
5.93112338774533
6.39481035498797
6.81557576090177
6.72034419366213
6.52580221167245
6.21519225361037
6.08690936394451
8.37346850484142
8.92271457104315
6.14788580709992
7.10225973566485
7.59947205116282
6.78785355316167
5.01271939691403
7.44363742721111
6.32934696683146
6.61679554239591
7.66977677196081
6.8505792608056
6.70993106467652
6.38367904840981
5.93393615754574
6.3711526463261
5.93457665092948
7.37357244785216
7.85525832746395
6.33541075739601
7.2963519556433
7.388859553754
5.68139506643504
7.3737712795644
7.36562965349476
6.81223351068206
6.99074865465152
6.7576597243029
6.13040508081038
6.54192633822385
7.39737412703424
7.45875143300109
5.9436151232264
6.95032904608493
10.6978736856697
5.65753962762735
6.34297936059123
6.29663271043111
6.18971927455915
7.41186533537851
7.00232842535489
7.00856427663074
6.07617396560005
7.07950501787657
7.09237329027706
7.42392943549328
6.35420125580596
6.45177377901357
7.33355761303817
6.13661952184474
8.12623973845849
7.5595882233709
6.13972586798342
6.33647521763773
5.7623479671352
5.47049503719615
6.58903087336225
6.79084326394219
6.47871629806361
6.32551788031298
8.96836412646332
7.37056006124823
9.42303066908436
6.9297326811695
7.58280731607964
5.92070764489415
5.44988057822183
7.68761824430272
6.54753937093609
6.48993126834263
6.88148539191583
7.85667636417503
7.22169089953441
6.24980777279906
7.41933005696423
6.22569924125732
6.2930059412836
7.34509762547986
6.51816925268354
5.57332880281689
6.26078559571199
6.73311239860171
7.66400435610424
5.84724925390757
6.25623332861701
7.0003488213801
6.39072024318615
7.33429201363044
6.0594208214658
5.82477519286199
5.91434053752808
5.31826029072185
5.67939897538438
5.89735161401318
7.88254769606163
6.94545354457081
6.89341335321586
7.40341781881076
7.15931846333974
6.84901749348465
6.92962962135034
7.63334300951791
6.38584676064252
7.66240892715572
6.52536985802768
7.24797715569424
6.68252455407817
6.3977276954824
6.17480815573924
5.77926083010164
6.93215144998547
7.48964000392249
7.93668449011874
6.34119386663194
7.39242374301064
8.82727171069104
6.37503162865475
6.03957472622192
8.5693007615501
6.15213773142658
6.09559524735208
6.40783455032286
6.89383598290298
5.84688261945256
6.7323744217573
5.63666614173056
6.37954046845449
8.06741694244836
5.66911200522117
6.27568960560848
7.1197378802716
7.3661797774544
6.80420442927686
6.15517818923415
5.65648761979614
5.97426129837598
6.04563248277334
6.28411286917341
8.60154080207202
7.614794484156
7.15122195619974
6.2841263469967
5.66363104901912
7.51199476418508
6.00749010510327
10.7126545063964
6.84763010437479
6.31765394902776
6.87384475070119
6.51654322665918
7.38693996528807
6.51568151187823
6.37677424156657
6.49004963964124
6.28933509873307
5.84462157434779
6.43973137187443
7.50818757863911
6.36848639674121
6.34517905381879
7.87952042914058
7.0806856590002
6.38725698319507
6.08624466072357
7.62422447126608
6.7432912858614
7.01795397562401
8.16948409905799
6.23686551425095
8.95910817817413
7.33872294493
7.14208505118695
4.76669198129916
7.18525964600147
7.09594897471236
8.46274864957928
5.870815485933
6.2377417938645
7.05488854671634
6.05216236979571
7.08173829571047
4.95011454754598
6.73213668593065
5.2135060234615
7.65239039129356
7.03060334301924
7.08905140137118
7.0381828527562
8.00081281386127
7.36191353300347
7.08007814129509
6.74956464079327
6.37272617262448
7.22950503644414
6.85098488459643
6.99138490465079
6.66357287895985
7.35538044050873
5.62035819657036
6.91630267384228
5.91543049879247
6.43613519613738
6.62343951366849
7.16956857462656
5.77403707512213
6.68668965532967
4.92400638555748
6.15011237785891
5.72057321676448
8.02863909156792
6.16457443372786
8.01257910192872
6.65862640298865
7.15538452839804
6.77968517203465
6.43423242277641
6.20142193449828
6.70525401400547
4.66550226775824
5.80182967266256
5.83515024070796
6.86600787496229
6.92822822645731
5.93576876292956
7.52927973162461
7.6185240837223
6.77393738435083
7.33056012104143
6.100019510354
4.82904115205324
6.95181503698084
6.54964032623777
5.84905440493085
5.42042167052291
5.43177685704486
7.78933825689172
8.37224961486395
7.31718610086583
6.5792008396179
7.23755333616986
6.5310307188843
6.78734192337005
7.43107606162654
6.82707565449475
4.76207198959856
7.28192240279835
6.45480862102101
7.7241706451723
5.49522263043915
7.56770402715484
6.63099145916233
6.52438654559082
7.18557955534103
5.41051460334459
5.39449214177704
7.14558902516107
5.10559234471392
7.3911360004543
6.64408716005014
6.72328487018141
7.95817285725662
7.21659928198741
6.3839440102695
7.42126926311651
6.67474813341073
5.37901335928122
9.04983232707905
10.3017329433278
6.56221807437378
5.91532720500322
6.94198202192913
7.56201685949585
6.97944003949191
6.38360648711511
6.89568808755838
7.20378262773036
7.09351041504301
6.33297838578853
7.39279883491855
7.4758341667297
7.76226719242379
6.75261638265589
6.49654069317892
6.27213618302403
7.08249035102285
9.3066719432286
7.56812080851097
7.02189751508523
6.48731698653333
7.4794159478916
6.83150841704649
6.23965336990899
7.29847587748673
6.77361361935682
8.34805133489047
5.40932561077808
7.54583176575733
7.23298498629283
6.0392232821728
6.90493630885995
6.2092706434042
6.68969918773411
5.53678060086677
5.92255882169421
6.82875849087743
7.46948583660947
6.19783366165776
6.46344296210905
6.67005258494441
6.56044106222768
6.44461402979632
6.25960998657308
5.97366445032783
8.58357178979582
6.39216632491924
6.71874195365488
6.34956084679441
7.31226166688619
5.90624962087202
6.56648727224125
6.41626738350303
4.94726628994598
6.97519547972039
6.3460898407067
5.84223756048943
7.01001352284858
6.70099765699913
6.19110007620322
5.68942370064469
7.06641823424328
5.04691333251273
6.22013495261158
6.83515476858139
8.83230722735753
6.2443522394567
7.64079774464606
7.18195223089827
6.2289717792374
8.13753242643144
6.54220119376706
