8.81026846721648
8.44924508569177
7.35839083081613
7.2010135077321
7.68359729498367
7.278956505481
7.30672133470131
7.75065209454818
6.22856292338672
7.90011072116752
7.77024160452618
9.87132932919839
9.25572560102301
6.83938178391702
7.66172381879593
8.57922704463173
8.09103291556316
6.82614400805617
7.7273689643098
7.73992788605805
7.04544081719279
8.53029899469996
7.80067849123572
7.19728526013031
10.2024430423697
7.84444690901017
8.31921139780897
7.89680640529574
7.08557517968494
7.59692508729425
7.5819872757909
7.49359154436512
7.68795432947637
7.41961391832911
7.89901064615994
9.62763928690225
7.25284539311492
7.1601427304112
7.47682184770469
7.44786043912896
6.6000433638226
5.29921221086358
8.54914552847632
5.46882726007532
7.98558845785907
8.30410496260146
6.4569204572553
7.20863362224278
10.286586533326
7.885360755142
5.85187399101351
5.92124021669025
6.44716958292811
7.31366275315358
6.43667708620195
7.68209208903449
7.53743187070339
10.2618022454503
7.86296382463463
7.17823200234622
6.64200946568672
7.93030547709813
7.39651265600835
8.10578757799535
7.97099125330858
8.49875963375084
6.37245070893356
6.01634543060809
8.12583262197281
8.05712775687197
6.11753014572131
6.97578343375084
6.73071641303062
9.65938478336425
10.306239460368
7.29553706689649
7.27537685432739
10.2990682440699
6.60805601139228
7.44564361762333
6.94241914358707
7.97850010959037
7.41254506762753
8.08086016204725
7.33992308523881
8.01022672013931
8.37959100550027
7.13533305036377
6.62033956036962
7.23474128230986
7.65517647691211
6.65182518239402
7.39492049040841
9.3826600641529
7.96428743856936
7.85288480385845
8.5725331655093
8.17862027523925
8.18204581015114
8.16731086099295
7.90264120100503
7.17252942440882
8.83414960292573
7.89533664513964
7.97863429971284
8.03348769260642
7.18436233800639
6.18422225696089
9.30202111901356
7.72689361763705
6.94287271123422
5.84983791384259
6.46125011171459
5.81674482323715
7.32736343015176
6.89885112002999
6.2945971569838
5.9020689382502
8.67224331353185
8.48422661686072
6.97586100744253
7.04164564862822
7.30387732179298
7.27940722779086
6.54407261728366
6.0175910861194
4.97161255630538
7.03437322778514
7.30989470788456
9.50732566838851
7.80810288746853
6.91664156045606
7.87143766472189
7.62417327459883
8.15907085852688
7.26646663389884
8.16907712244624
7.49470215134227
8.98833190952753
6.30538999542629
6.90564211259858
7.76529851913519
6.67454322757811
7.25205017837108
7.00203706108254
9.16388306053641
8.35085682238749
7.6019839888872
9.2851706290145
7.55843428327954
6.70261928915389
7.28262743183689
8.00095299067203
8.27807295574076
6.59996540651408
8.24441836164544
7.34184211637001
7.62476628648845
7.44348553112236
7.40893454249144
7.56466600256556
7.25698212626692
5.94762260687679
7.6096108235761
6.95837497671389
6.76997086988314
7.57447748127734
8.32103561070429
7.07877023836401
9.64128749452546
7.54541781511399
8.71448477564958
6.79797235138984
7.2102701050983
8.05940081918383
6.41081187329321
7.37859799053073
8.56758762770146
6.66940314307722
8.08786928937463
8.56831503744547
8.48425236231031
8.1971761167139
7.69043101722855
6.67412212266802
8.01307402818876
7.88555655453903
8.14620784586262
7.93523329408033
6.55240465453311
7.96326009200438
7.11718434150343
7.16975646805096
7.3670767572548
7.64594851014014
8.73858325324122
7.20678497814118
8.91260271850228
6.72075231596822
7.41875586317467
6.73494975679742
7.07338725948861
7.20764492006442
7.05652402005919
7.89603638479401
7.02238463225711
7.19953020282492
8.30737977134844
6.19183306092442
6.25682784162104
6.02519691678016
6.78524215101282
6.84955315387547
8.95456248320759
7.17439877916474
7.55833934501312
7.71942884501346
7.90340871420798
7.70463696500998
6.60768087245984
7.84303642832674
6.75772755594531
7.85829967094171
7.86661677748315
7.97149884912999
7.22111072035266
7.34716467702068
6.39881714539488
7.0112401352971
6.06929301064019
6.73362797549408
6.90168118041732
7.59946379881269
7.31165144602709
6.78516099652965
6.67501672298881
7.60473730946217
6.86742779675138
6.64246111925972
8.13524519685284
6.39134552720463
6.23312227377476
7.06561359582034
9.2018494298469
7.04630829864726
7.06859736792714
8.12743347781607
8.30644424400314
6.58442718517598
7.47576388558565
7.05672736103373
8.03291134070963
7.95108002777595
10.382681013108
7.07988186698356
7.52896931326362
7.36563981945838
7.19487633162863
7.38350435621027
6.80203549311493
6.84377450170614
6.84392502706083
8.21825691114747
7.47525279290868
7.37142221102382
6.45780644703986
7.90014946651594
8.03885212830171
7.04181343263436
7.74425203256472
7.76043542491345
7.43276012499194
7.99452179699502
8.19250701220475
7.72008422218744
7.19654501577979
10.41541134072
7.82058986896024
8.06512758919679
7.06182189156223
6.76696982880294
8.72468174430706
7.04162354673932
8.33019925109942
7.09296619274727
7.26053269376716
7.49067557724594
6.95109025722559
6.76199573949043
6.55410575509367
8.3282102362865
8.25074216867334
5.88532202071138
7.95920635655302
7.54601894931606
8.98472479903539
8.47828533531971
6.90015626063241
6.53596541955817
7.35309322385124
7.1524533409942
7.97253621513093
6.67687467924944
7.63486721568006
6.99331169117392
6.3861246301498
9.70197466428147
7.76174268510689
7.47951595506303
8.09910188368825
8.17285130871125
7.69510330095355
6.69820416645175
7.95182636969436
7.27213313950803
7.58962001088332
8.59232200871197
8.03644819754169
6.47753674377561
6.01902300482655
7.68442757290194
5.97209373454538
7.22496764894404
7.99049395207744
6.95409989506828
7.47405207569598
7.20442014819644
7.1205559750321
6.72108149653698
8.49304060854672
7.2422540855726
6.14301273489993
6.8874949902174
7.64024949531473
7.03467450170603
6.71172644352469
8.31817218299859
8.80118465516835
7.42744612683226
6.97708902629688
6.60610202687062
7.68003512478502
7.5934297215867
5.62181016280337
6.07789509777999
8.0850102346554
6.81146024164181
6.86939561627818
7.03731432431087
7.08591332037051
6.6520509708017
7.8418144148502
7.3208034955394
7.28417774838437
7.42577678133667
6.50263651342906
7.63456404713224
7.08057259620445
6.64479386484102
6.81416104233298
8.59326489082721
5.99227893685575
7.79625374128138
6.21799026563609
8.70391469342903
7.18808964611699
7.40147126204455
7.26525508439827
7.90210283425693
7.00430676722811
7.1265615450188
7.427863312773
6.33699969212634
6.18277394486122
7.89531341391262
8.22298856724457
6.2963029530221
7.03057136912747
6.27040759906079
6.39361273766021
7.24955267328767
6.14870315252187
9.039847726962
7.3698478683138
8.02156768160064
6.44493047757857
7.35529256557782
7.89095949541125
6.6861641448847
6.38915908230446
5.96205171498194
8.20835866587757
7.08768991464989
6.35906737304014
7.4784821564195
7.67837885167758
6.06180141529946
6.47015832695136
7.5660763369307
7.87164451505897
7.13765804374412
6.52454502531195
6.70111243374549
5.78076376918933
8.9368042400556
7.44533751338556
6.99245744132219
6.45097180077199
8.06252865476067
7.06776961118787
6.11342925307413
6.90748184423653
7.48208778609496
6.8897549890641
8.40612928414423
8.26352534123652
7.35931211611805
7.33503857948506
6.9705392268395
6.79091711735604
7.44936998361203
9.12531113628091
6.72730096861226
6.57226609531702
8.44593275331828
5.61815025133953
5.86698714327401
6.39965863611522
6.97263016342984
7.42681060383714
8.31385205590351
6.49268444454717
5.65360226745865
5.87017672472762
10.4686564041562
10.4694475398483
7.75779779910506
7.17665102063561
7.94138052656283
6.29948251842703
7.80668962454136
7.59494330992536
6.84160486735959
6.50977699591132
7.01375632727134
6.74736393376652
7.03884415273902
6.09452208208932
7.31324355210401
6.94394572556884
6.18119483572258
6.85461490543152
8.49991969270087
7.60960598546301
6.96755498370353
6.36934101149336
6.98334161118985
4.86433063209606
5.59942644969409
7.21963414359211
6.88528591339753
4.84119265026589
6.62948189444445
6.76351672563132
8.50012636170715
7.88652810658345
9.73573050518188
8.25815133341078
8.2062725867555
7.32214944377621
6.16172491474908
5.45237639301371
7.26406012330535
8.03735346178298
6.1294254291494
6.57520845142296
6.79250035428114
7.06892411589248
7.08758601697791
6.63977383184818
6.61420653591411
8.37257070401764
6.68654900462147
7.12919993801131
6.59244360164345
8.26911013312255
8.77962481325583
6.56128247461685
6.69155636230744
6.10049274793642
5.76423259247396
7.42562035579596
7.0971689121243
6.77228225716197
6.23240136995705
7.64023406651107
7.9307141742703
7.08953593094711
7.57481870839419
6.4461630358783
6.40678440971212
7.48072829579744
7.00667624996598
6.94061621417862
7.07687784070257
8.47664963827858
6.90266303629225
6.83532709910785
7.98217283798026
6.07365368431459
7.19481204403392
5.3226741982732
6.30213290053709
6.91402193879908
7.40931389858751
7.27892890694953
6.22796833383099
6.62308475066856
7.38160293951913
8.38054071048572
9.26356849432324
6.65278302049699
6.47386646871607
6.92129818161636
6.4541123078901
8.55165952359748
7.29764543934202
8.39270928577642
7.31843079050064
6.10290163173517
8.0801971696957
6.53789237517317
7.47485233801055
7.79871654379017
6.93643250339067
7.23119400234175
7.41414010599053
8.63846056633555
6.53603451751408
8.226521263571
7.64992871391092
7.00867266242974
8.001041795896
7.77716121274171
6.50917004635746
5.58458843766736
7.22805089182982
7.51496758526232
5.96046420355962
6.92711418360308
6.4975587601543
10.5003202868607
7.28866660272803
8.97507777754951
7.12580122788209
7.72641145389146
8.32600942146658
7.16612664019586
7.2774648496787
7.81393240871277
7.39295236994429
6.7806830412539
5.74955999888119
6.29242554614835
7.20824158048415
8.20195002389758
9.06482459500863
5.81848253382252
5.8576016586589
7.79633879234377
6.09364543656622
5.72388483607679
7.30825410460092
8.64799275512644
7.17871017952029
8.25233868672475
7.93945164270017
8.1572356828721
7.34814098736461
6.31610777256266
6.31225724037433
7.60740532679847
6.43451967823737
8.43544350027686
6.32976086507507
7.39497796093399
6.60090789791396
6.22434406473686
7.1775514139119
8.45649481504636
7.06455524662339
6.87206541960721
5.21327783334515
6.4579657677722
6.32053742408889
6.35412065842697
6.69739558425621
7.85618198814836
7.74436001946483
6.23083561701447
8.81913568649715
7.52086935666187
7.47798068848629
6.94264065864544
5.69558537168444
7.02345440061204
7.17743172106315
8.39631325757737
6.92822217823822
7.43392491892344
8.5660285660841
6.6252868476104
6.37836737595629
6.41538737115082
7.26367453803291
6.86135556372934
6.09673248151877
6.90659448407119
7.7284451203522
8.68002389985286
5.73085210215888
6.92225898986158
6.84096020573394
6.98171274333944
6.30136129175476
6.89702275343457
6.20112172409672
5.9893801945232
5.58374694869676
7.85391450709001
7.04697872403093
9.6656050177456
6.59522361984447
6.80573133258295
6.55075140785608
6.17803553376216
5.94134715387216
6.31905268494314
8.8966749925326
7.99779059764728
6.93003043408507
6.22508543288995
8.40177949926837
5.38178487701742
6.24455080275797
5.35869054140152
5.8556508572656
6.77430611397059
6.37699796671394
6.82751052740182
9.17508505061651
8.7862257044023
7.58933808062007
7.48126443770753
6.68873405345394
6.51646326545573
6.27277394676859
6.77498097945132
8.75116905038023
7.55794437878683
7.29252614912447
6.77449654184502
6.09564694191147
7.66897851982931
5.44578257469065
6.0058645176344
6.25385314977194
6.54907796540275
8.46966593762239
8.36690135903502
7.20978814925104
6.91838816645843
7.27756884941992
9.57216639909956
6.57832348950905
6.57097371512123
8.84386263805823
6.3128708178508
7.03058686038025
6.59378320628523
7.30931469366138
6.96050792106817
6.86244329988395
7.67612626511337
7.59927376619352
7.47325840267153
6.0320966313242
7.6833044636443
6.72532333423324
6.68104059931244
7.92466214413979
6.82158115290017
6.87464314370698
7.21072529516503
6.90547775574883
6.69604520410728
7.26168744512675
7.30127081817143
7.82117371841503
7.07838885721905
8.40775525108226
7.04456843714907
7.57327501804009
6.93296850497136
6.56503459220225
9.17163299598185
5.50000503848561
6.54404379385119
7.98715141266807
7.75114670422323
6.21213316800998
7.43631185660764
7.35069387697036
7.99924184476027
6.80728436143389
5.73933827025565
6.15371143541528
7.63982854156034
6.40751480739152
6.12937568167154
7.65132297357679
7.81974852532519
7.54060774606708
7.51444505784056
8.5503051761865
8.0723405672685
7.88419908204974
7.72825555596094
8.00308701985604
7.99646345422787
7.05967891626691
6.95229527280697
7.20705877783454
6.5246718502721
8.1155628882428
6.74573918014878
5.90918758481086
7.47434571075164
7.29675174359055
8.22963640505958
6.06638350491694
6.53814638183947
8.89177320288677
7.39702654445736
8.02319944032202
7.66147893681253
7.67248054724495
7.18811410529741
6.43011338341473
7.08956040637554
7.43964019072845
7.18318555436763
6.25465470302579
7.96936232050064
6.56280881909023
6.38180197282499
6.77582801356689
6.27180657728486
6.65747050436236
5.56990572971167
6.6879062999493
6.73154404725641
7.79792420238737
7.62136993744991
6.55237984753771
7.13519052937139
9.66934324859202
7.99414626374316
7.51799823581817
7.53341160399395
7.33220658445993
6.41801522642373
7.80930361423424
6.65749503876066
6.93787239112284
7.73605196952622
7.53539086613135
6.83847967179843
7.46800003461851
7.07771168319072
7.17204612423659
5.91987075357347
8.47640571814151
9.20224693180075
5.71499029387827
7.93748056852252
7.90262912144486
7.31927876817735
7.6864031856591
7.50135549016336
6.26066221779156
7.35385455641828
7.75008286105839
7.82537921095801
7.77633789914359
7.11416330640785
7.10449637994571
6.90475921539012
6.72008730250965
7.0130462366197
5.83173190529543
7.47572044470491
6.9304979616423
7.25657827018014
7.46378925377794
6.45958563748595
7.13764578381985
6.26379591314831
7.48798656910038
8.13064789823882
7.19777316135825
5.41746785073565
5.89333625445496
7.42368476143916
5.84626333427094
6.22327671727281
8.69496572001085
7.17424546266786
5.75479105832018
6.28330312020632
7.97500017798719
6.85950635545346
7.17381648375192
8.82047576439333
7.5646514863012
5.09545144486971
5.82664279812568
6.77172703169874
7.71022674423949
6.87423787271108
6.7661117120142
6.91057384833622
6.3731636733975
6.97321907299612
7.92673127904601
6.19002217235083
7.74907713072783
9.43791040141839
7.5031134480834
6.35123011185388
7.83461185908258
7.45271641995372
6.21437371287521
6.92586669038708
7.52688849821662
8.59086040029995
6.50664163815758
6.24018273915011
6.87294482706925
7.4831078435611
8.39045145844153
7.91302401276993
6.91309406598439
6.97937551613473
6.8796581513287
7.6241415450721
6.39245175679664
7.30350728970835
9.38560332929435
7.42159938771417
7.619029195175
7.61450694130528
7.12515224016636
5.98306746921689
7.67055708072701
8.30858253956652
7.24023415840051
7.36603084013206
8.10416684911271
7.44939695169073
6.99490212861518
6.12022873776122
6.78461649448655
7.44539343066889
6.90375796224088
6.40354817670796
7.9145638528943
7.91276343111044
6.64772804910156
6.89939185991592
7.01329866265704
7.21083336596329
7.36019970889135
6.31231754483609
8.24040482804168
8.11301051448789
7.75053921987376
5.74521569077991
7.81343864699079
6.27221521240957
6.61896100436907
7.31203383998395
6.63321710556591
7.03087260422289
8.3661517739303
5.99773422565176
6.12778230787906
6.64314515510522
6.80090820667005
5.72500032120854
6.58300732443663
5.96454266410036
6.62714980837495
6.79966907840653
5.92085203551668
5.46354703575817
6.73171124446025
7.37538753921256
7.21655642125009
6.73855680157016
7.05636184128475
6.63832623090464
5.54627108704781
7.47327169415704
10.5810811412914
6.83464593922495
7.89317711223603
6.49885475973281
6.58616455546589
5.62842030693432
7.0331026193723
7.08684229278733
6.42697572011754
5.99868238315288
7.23608342827524
6.9911149783561
5.83581409799606
6.77666425481614
6.43526790372684
6.59666755383819
6.3888181488852
6.80090503222712
8.05736842021817
7.73435088833169
6.51706832687286
5.5044360436331
7.34398794419672
6.99158244232273
7.72584405787244
6.97569358391534
5.94858276797328
9.10022440710044
7.10035542658874
8.05947112050766
6.30464324357905
5.47513336827175
5.70911139140243
6.63743797311267
7.6654872497471
7.00994859182029
6.62317578127226
6.29590573550982
6.33565220886036
7.01839314835325
7.25612464831499
9.06746588367625
6.98662812333119
8.1455827899968
6.78665924797313
5.3713412952647
5.44521963448933
6.70125499195081
5.76630320360283
7.33673447044831
6.06948820147493
7.40159333176096
5.44598784376559
7.60766578766734
8.25867469060869
6.56997261608629
7.71782618814186
6.73364935497335
6.94310279067763
7.48265044434777
5.4337498400526
7.47112048787838
6.37645310329151
6.01462618697736
5.95353560990901
6.61010670953932
7.35529384215353
6.51187796662476
10.5818757218936
7.8208023818561
7.05974353218607
6.76299573296009
5.54351459979586
5.95985422498101
6.13333306145887
7.08189085559489
5.75546499716347
5.78258738058856
7.31718095834865
6.52927935839252
5.92867658723915
4.81886594246641
6.69526859422703
5.52635910404793
6.90506646919983
6.87565181142049
6.42762591150149
7.43647645209095
6.30900366810941
5.83146355199016
8.05274522736297
8.35622039200401
6.65541789545502
6.14287053648465
8.09934955897189
7.2724149508756
7.35242187984741
8.23405809183894
7.53468818480806
7.50392662824772
5.74753277126654
7.5277625903946
5.98964976659611
7.55316426303576
7.56327150562027
4.89378850152089
7.48122464175113
7.35671044298696
8.24208087049323
6.65646413725411
7.36215594488597
6.58344389608822
6.84434961245505
7.24964480016799
6.88777358984885
6.7900666777622
6.75534720854896
6.34459681884628
6.23609390235718
7.07430943743001
7.00381864744553
7.27185451706621
6.5597799698552
6.01871745693338
7.51398976887453
8.08834588166409
8.16575359188071
6.82287688759721
7.0609330980468
5.49542237105207
7.27144572698117
5.82913721944751
7.80325900794159
6.39009604340907
7.31276227373158
7.77054821641956
6.69300317256441
6.8918287451352
5.85689894161056
6.61408489440429
5.95607599385787
5.37411297777389
6.18783669374458
6.91101794511864
6.39197846684648
6.95666122245203
6.42403041230514
7.65938595714185
7.50306601119858
7.16216928568529
8.48206927859732
7.57455917654119
6.47835876477632
6.44837214748397
5.56746204140442
7.24604873782404
5.29861099834767
4.20922857532288
6.64506370720945
6.62955965166611
7.17409870562597
6.078939659279
6.93249437663153
5.93447788481276
6.80565971721215
6.76753683613785
5.64028243348591
6.48107276289805
7.01413442740686
8.05307723219067
6.60302261808252
5.46009541734786
6.3680633215709
6.61694946887761
4.94243588991774
5.12247156751198
6.63456174622578
6.22604716594429
8.04339002881466
6.48444190471663
6.79679398426305
6.76660970084018
7.32856454632199
8.38474632026029
6.19603013926275
7.42169836653373
7.64120476926976
6.80059085670747
7.7416986326124
6.06279157107457
7.24681005185743
7.14484984137472
7.67725879340643
7.4241137235855
7.72135942007382
7.03393628499404
7.41840390550916
5.78224499093635
4.70793368194323
6.18109603008224
9.4440526569485
7.10424810164206
6.27388728065066
6.92955165238402
6.68421863980572
10.6227732836249
7.84862065714663
6.78709926309106
9.46056169417957
6.68611003872123
7.37785488518914
6.96219891874439
6.78069893411101
7.33443341302839
7.64759165984358
6.108116745691
7.73054729695402
7.31245829000803
5.53879667547488
5.38318071336693
7.50004448615262
7.50336406039993
8.14598117307317
6.11138622575671
7.03267918209354
8.33669372786752
5.97057298789753
6.28026029736897
4.55321934310045
6.82500553228031
7.80980082889669
6.07421656461674
6.06194533752676
8.86480815967572
5.42355790187737
5.04424227538344
5.34625821088722
7.0029551738547
6.31379655348348
7.31132779761147
5.57275557337842
6.24176891026077
7.04154277767917
7.05266447436338
7.02874381751183
6.08969443023163
8.52558951832804
9.59300847741167
6.44260043048228
4.60167263374491
9.57109849294768
6.75785577708718
6.85558458396015
7.5477620586179
8.24444172956149
5.82970738364611
7.07432465175183
6.88491714599299
7.60521091614263
6.43797004470066
7.29015100272342
7.47922016548289
6.93369621950652
7.79033022741214
7.52769132437783
5.64905706148511
7.59158326320951
6.90180133555756
7.81552903982195
7.63867803319414
6.25780823156029
7.72979047483745
6.42120060208988
9.55634491466171
6.9607800727118
8.49651836176538
8.79035109544813
6.40444282226425
6.46281487992534
6.87155800345963
6.12449225896169
8.04668337018148
5.96503767497242
7.78035163800386
6.73389240864343
7.15962023429475
6.54818219941125
6.63911017973653
6.24675233093167
6.93817534306292
6.17682067881555
7.10631227941245
6.75579029423987
8.51050399130347
10.3097489134143
7.4182781547124
6.41476519566766
6.12700765502839
6.19272900368657
8.39543464017682
6.9090074783016
6.86451228671619
5.88880492845151
6.01593207327937
7.72200329451716
5.71824499407784
4.73954431955298
6.09666428729996
4.52029750434196
7.14963268420093
6.0161173803718
6.47645332334748
6.08210870032323
7.29359387497017
6.56799388971841
5.63965257157473
6.50914659558902
6.51840169733013
4.99320680399846
5.47941401086093
6.46818512461897
4.58150798781296
5.9519792951018
5.00398398794728
4.63348831086474
4.32878455453008
6.53704171942625
6.27224874963893
6.1011912294548
7.37046939324643
7.11918560372906
5.7661659826113
5.97601917972737
7.25184628993722
10.6502932725568
6.76265183098013
8.49844758782985
6.6923283115943
6.36202905964126
6.57190658216459
6.31881297387646
6.24000793571847
6.48934961879625
6.94544129010025
7.24474143396644
5.831871395713
5.94805913621134
5.73598096831716
6.18696497141538
6.10081760791403
5.60425757724263
5.0424869521977
6.2426434936891
6.43324289789659
6.38056096347951
4.81599155886585
5.36899308977019
5.75351953426383
6.09782823609727
5.74824574477165
4.90069338238005
6.3121044875862
6.02798874988374
10.6496165455544
6.83046818867927
6.38598917420524
4.5487320261707
6.67518843834058
7.78693327145451
6.99157992298093
6.95499514655762
7.34423140840233
7.80452825662155
7.22392917448089
6.36730406570486
6.53222047053207
7.80161421515349
6.44242592799902
6.98370571175678
5.9700542509068
6.02647671889802
6.86715854136487
6.62132636282062
6.17241644697898
7.84214765965629
6.18747444540748
5.85291441194599
7.73561437451118
5.5176810290628
6.11930740848092
7.27649433654904
7.26433980247015
6.15504382018251
5.89137525565905
7.58063529062434
5.96295736042064
7.57368910221996
6.43412751624022
5.99291263533988
6.90519941933608
6.81910660230641
6.08599282056968
5.55349856024334
7.84364771082999
8.91241764828585
6.97921975052697
5.80921477555476
6.36524111524258
5.19688377418336
5.25081960767324
5.49320742346321
6.98500369986191
6.63831671508822
7.9541822974086
7.59011838596073
5.38279723335437
7.34178171796629
6.53681479839927
6.66441237617096
7.02055807710574
7.05154539992658
6.59330647410914
5.06861041617112
5.2833763837159
6.59138817827948
5.70380243765734
8.03521325886545
8.03796684535917
6.42571356401924
7.11523847006402
6.66642084615041
6.65855175534179
5.21993444173391
6.97768203688442
6.52807186436382
6.42021196576462
6.84511485265181
5.79723433383833
7.5181992559928
5.50457361419374
6.24697604234544
6.84088455937562
6.74513208916708
6.45822002818201
7.01389530983474
8.01519510902014
6.66814304774954
6.97461378490172
7.655676289547
7.19649010520274
7.23517651140038
6.43412732145551
6.61878190030633
7.00872067716698
7.04932085834643
7.26121499353742
6.63923923135977
7.62193342957289
7.35507142748902
6.39281578717046
7.55721190867703
6.55855336014184
6.79248060314198
7.14280153774734
7.59310583229094
7.00079204612861
7.05479148851855
8.5313337646075
6.969237961462
6.05258401724832
7.04777496122676
8.5858808062453
6.61709767973906
7.10728753948561
6.3485660519642
5.37701272169063
8.86347395547742
6.99077846586034
6.69201152393874
4.48562012272711
7.09300025069975
6.77256912403436
6.36354814272418
6.62388764442457
9.46782149347663
6.40333488029584
7.42547127316191
4.6818154365281
6.03269128388449
7.56148486902643
5.26413919316863
5.36429007182859
7.27304612135935
5.31553734140391
4.65843575679782
6.57388030952254
6.56881076249721
6.5324576002824
7.0834942244184
6.04877004488261
5.05581582989976
6.83092775057456
6.61907371832522
9.5454217880384
6.39572548233211
8.90105576642034
6.11496970660435
4.85915896622973
5.74729433538701
8.67551931292941
5.81773080898462
7.29391821637412
6.23466305293228
6.93150589368781
6.11831104942147
6.63645009700876
6.57960439351971
5.09404418071937
5.68043475523624
6.06873020007852
5.75667937775434
7.3338335491058
6.37732982675394
5.0078758658864
4.80840183518686
10.3328626456539
6.36625705518563
5.66485785791005
6.65420864951018
6.61068599781658
5.81553275753497
6.35145079080944
6.911390451905
7.71777218982579
6.94380267317806
9.28919775281423
6.42610842844185
6.28773192640016
7.59365757202226
7.61369817017236
6.81471226152334
6.9463650121302
6.56307589477689
5.64527891053846
6.09944557634994
6.61561091456666
7.12137762565474
6.59123523604621
7.0739065719176
7.94240036956448
8.01228717247835
6.57530329250793
6.78608108280176
6.83820101731582
6.32877677720365
7.72457325101873
7.22043393846225
8.03048607840515
5.47621990505427
5.32156323759877
6.87461150821541
8.53089872991094
5.47447309409917
8.693889149903
7.05735004009872
6.75148913480057
6.48372029740951
6.2595003345901
6.67923319337096
6.63291242093209
5.76968387051281
7.43985637298073
5.57010260547327
7.02608510528166
6.12933376846551
6.32359214243892
5.66858103248611
7.38579953796236
7.20664105796535
7.05496860954769
5.12214688630915
7.39686881908421
6.71048721315645
7.76018690930482
8.56275450754943
7.72839126888326
9.54219707137469
7.04458611350966
8.18710007339164
6.71437505873415
6.76207295597316
7.18277319261643
6.4763264919821
7.15682097154733
6.70533554753141
5.61424556376595
7.03505311348507
6.29536339926273
6.76807341431042
5.32590330291752
5.64764444758512
7.84435924545882
5.99995238019934
7.16123313670247
7.64901930220925
6.08931976238759
5.53074071861889
6.78686546306618
7.02045077813878
6.26970914850548
5.08222101326407
5.5884242830297
5.77373135136134
6.97948662821726
5.72311021210359
6.7023749928134
6.05501118596852
7.20315827495776
5.85651062923644
6.6516669925995
6.39219967174944
6.58208996959285
7.2149001555301
7.01246766541043
4.99575404678472
6.52986843676209
6.15078090457502
6.10930703858064
5.77498266379893
7.50700082854124
4.91193081146375
6.61530002742732
7.25465756029647
6.78615447900367
8.95291442152473
5.83359317572587
5.9126601376902
5.82427243858335
5.25769526854384
5.49345451541652
4.78485252971021
5.50059953269705
7.31650790665164
7.32141896025432
7.00349108757344
6.77378691576997
6.85841968654109
7.53865953090495
7.26675689280355
6.76921766547633
7.60310092069506
7.94928545305053
7.32111476647998
9.47657461928793
6.90070780614433
5.92728159524868
6.71395649151343
7.1172316500235
7.34021214434135
6.77593105105594
6.95048638852983
6.61022835850076
6.31263320268594
6.74216313876761
6.45172749292276
5.99671998616265
7.36947497126362
9.42228617043375
7.02127036437928
5.86038324447093
5.34921808794104
7.29964628704567
5.56948117306313
7.26673465871597
7.03820536927067
6.20841738338832
7.7163904082722
8.54345238225554
7.20446425861542
6.37745363111748
6.55894993083403
5.09112536708071
7.19366430438869
7.81510416632762
7.6412091674641
7.26771512883725
8.04242405953644
5.20503371565077
4.95674872151858
9.05664298651786
7.62963673790783
7.68082099003438
7.05295702031161
8.21137884086467
10.6849387730781
7.55410729048839
7.62331010521395
5.98869114314425
7.49974593338453
6.78092596169742
6.92910184922936
6.97047478691384
5.81418145036495
8.26559313295587
6.12007436102684
7.33547013132725
5.8184676418922
6.23088164041211
8.54903312669251
8.64646449400134
5.58616955698912
6.33063053306952
6.36678066324388
6.83945159683207
7.0103291847946
6.66110467463511
7.08798601489495
6.61649798993302
7.00907152417736
5.73248796552961
7.47148225713577
6.04223410433074
7.0504830193127
7.50636414820736
6.12900683109574
7.04382590107367
6.42487517759179
7.38374978352538
6.8546126191169
7.68028777588389
6.74947328455951
6.20940121250255
6.54806929821535
5.59561400808535
6.7566509811506
6.73235967685716
6.77781912018465
8.57843402418643
6.58051779202948
5.93112338774533
6.39481035498797
6.81557576090177
6.72034419366213
6.52580221167245
6.21519225361037
6.08690936394451
8.37346850484142
8.92271457104315
6.14788580709992
7.10225973566485
7.59947205116282
6.78785355316167
5.01271939691403
7.44363742721111
6.32934696683146
6.61679554239591
7.66977677196081
6.8505792608056
6.70993106467652
6.38367904840981
5.93393615754574
6.3711526463261
5.93457665092948
7.37357244785216
7.85525832746395
6.33541075739601
7.2963519556433
7.388859553754
5.68139506643504
7.3737712795644
7.36562965349476
6.81223351068206
6.99074865465152
6.7576597243029
6.13040508081038
6.54192633822385
7.39737412703424
7.45875143300109
5.9436151232264
6.95032904608493
10.6978736856697
5.65753962762735
6.34297936059123
6.29663271043111
6.18971927455915
7.41186533537851
7.00232842535489
7.00856427663074
6.07617396560005
7.07950501787657
7.09237329027706
7.42392943549328
6.35420125580596
6.45177377901357
7.33355761303817
6.13661952184474
8.12623973845849
7.5595882233709
6.13972586798342
6.33647521763773
5.7623479671352
5.47049503719615
6.58903087336225
6.79084326394219
6.47871629806361
6.32551788031298
8.96836412646332
7.37056006124823
9.42303066908436
6.9297326811695
7.58280731607964
5.92070764489415
5.44988057822183
7.68761824430272
6.54753937093609
6.48993126834263
6.88148539191583
7.85667636417503
7.22169089953441
6.24980777279906
7.41933005696423
6.22569924125732
6.2930059412836
7.34509762547986
6.51816925268354
5.57332880281689
6.26078559571199
6.73311239860171
7.66400435610424
5.84724925390757
6.25623332861701
7.0003488213801
6.39072024318615
7.33429201363044
6.0594208214658
5.82477519286199
5.91434053752808
5.31826029072185
5.67939897538438
5.89735161401318
7.88254769606163
6.94545354457081
6.89341335321586
7.40341781881076
7.15931846333974
6.84901749348465
6.92962962135034
7.63334300951791
6.38584676064252
7.66240892715572
6.52536985802768
7.24797715569424
6.68252455407817
6.3977276954824
6.17480815573924
5.77926083010164
6.93215144998547
7.48964000392249
7.93668449011874
6.34119386663194
7.39242374301064
8.82727171069104
6.37503162865475
6.03957472622192
8.5693007615501
6.15213773142658
6.09559524735208
6.40783455032286
6.89383598290298
5.84688261945256
6.7323744217573
5.63666614173056
6.37954046845449
8.06741694244836
5.66911200522117
6.27568960560848
7.1197378802716
7.3661797774544
6.80420442927686
6.15517818923415
5.65648761979614
5.97426129837598
6.04563248277334
6.28411286917341
8.60154080207202
7.614794484156
7.15122195619974
6.2841263469967
5.66363104901912
7.51199476418508
6.00749010510327
10.7126545063964
6.84763010437479
6.31765394902776
6.87384475070119
6.51654322665918
7.38693996528807
6.51568151187823
6.37677424156657
6.49004963964124
6.28933509873307
5.84462157434779
6.43973137187443
7.50818757863911
6.36848639674121
6.34517905381879
7.87952042914058
7.0806856590002
6.38725698319507
6.08624466072357
7.62422447126608
6.7432912858614
7.01795397562401
8.16948409905799
6.23686551425095
8.95910817817413
7.33872294493
7.14208505118695
4.76669198129916
7.18525964600147
7.09594897471236
8.46274864957928
5.870815485933
6.2377417938645
7.05488854671634
6.05216236979571
7.08173829571047
4.95011454754598
6.73213668593065
5.2135060234615
7.65239039129356
7.03060334301924
7.08905140137118
7.0381828527562
8.00081281386127
7.36191353300347
7.08007814129509
6.74956464079327
6.37272617262448
7.22950503644414
6.85098488459643
6.99138490465079
6.66357287895985
7.35538044050873
5.62035819657036
6.91630267384228
5.91543049879247
6.43613519613738
6.62343951366849
7.16956857462656
5.77403707512213
6.68668965532967
4.92400638555748
6.15011237785891
5.72057321676448
8.02863909156792
6.16457443372786
8.01257910192872
6.65862640298865
7.15538452839804
6.77968517203465
6.43423242277641
6.20142193449828
6.70525401400547
4.66550226775824
5.80182967266256
5.83515024070796
6.86600787496229
6.92822822645731
5.93576876292956
7.52927973162461
7.6185240837223
6.77393738435083
7.33056012104143
6.100019510354
4.82904115205324
6.95181503698084
6.54964032623777
5.84905440493085
5.42042167052291
5.43177685704486
7.78933825689172
8.37224961486395
7.31718610086583
6.5792008396179
7.23755333616986
6.5310307188843
6.78734192337005
7.43107606162654
6.82707565449475
4.76207198959856
7.28192240279835
6.45480862102101
7.7241706451723
5.49522263043915
7.56770402715484
6.63099145916233
6.52438654559082
7.18557955534103
5.41051460334459
5.39449214177704
7.14558902516107
5.10559234471392
7.3911360004543
6.64408716005014
6.72328487018141
7.95817285725662
7.21659928198741
6.3839440102695
7.42126926311651
6.67474813341073
5.37901335928122
9.04983232707905
10.3017329433278
6.56221807437378
5.91532720500322
6.94198202192913
7.56201685949585
6.97944003949191
6.38360648711511
6.89568808755838
7.20378262773036
7.09351041504301
6.33297838578853
7.39279883491855
7.4758341667297
7.76226719242379
6.75261638265589
6.49654069317892
6.27213618302403
7.08249035102285
9.3066719432286
7.56812080851097
7.02189751508523
6.48731698653333
7.4794159478916
6.83150841704649
6.23965336990899
7.29847587748673
6.77361361935682
8.34805133489047
5.40932561077808
7.54583176575733
7.23298498629283
6.0392232821728
6.90493630885995
6.2092706434042
6.68969918773411
5.53678060086677
5.92255882169421
6.82875849087743
7.46948583660947
6.19783366165776
6.46344296210905
6.67005258494441
6.56044106222768
6.44461402979632
6.25960998657308
5.97366445032783
8.58357178979582
6.39216632491924
6.71874195365488
6.34956084679441
7.31226166688619
5.90624962087202
6.56648727224125
6.41626738350303
4.94726628994598
6.97519547972039
6.3460898407067
5.84223756048943
7.01001352284858
6.70099765699913
6.19110007620322
5.68942370064469
7.06641823424328
5.04691333251273
6.22013495261158
6.83515476858139
8.83230722735753
6.2443522394567
7.64079774464606
7.18195223089827
6.2289717792374
8.13753242643144
6.54220119376706
6.97542680103311
7.33909119911493
7.96013892244706
6.42523345081173
7.39746751776089
8.1742606632129
6.14338636114403
7.63670633159868
5.36849015938333
6.96495344809511
7.68193570263126
6.60356397382134
6.52626129960934
6.26561701184759
6.54737885903238
6.92004194692747
7.27289202651595
6.39645347782091
7.42191570615376
5.4739428952856
6.26962407449553
7.50139146951842
6.57910647321035
6.1992807789197
5.88503165594617
8.03405543670892
7.52444220608358
7.2957796590507
5.25685441651539
6.28090080510239
6.65649957838834
6.37534858729052
5.89583757074436
6.04396209403651
7.91853419762155
6.86317929982748
7.10375710615235
7.28959712202286
6.87574408143463
7.66644469128467
6.41453938775078
6.42761136486243
7.02995554626435
7.20616046082629
6.6025999406762
7.16175942290967
7.51649692326931
5.87295985384685
5.7905350792783
5.95356304773064
7.9645109111736
5.56312947454032
5.79805731661018
5.26403228112359
5.74346563111152
7.60860700516461
7.66670480471349
6.81218330661788
6.18793739366961
5.20026955973753
7.07895536044838
6.56520647708804
7.21723447735883
7.24778159517099
7.31861638847066
6.85790635565555
7.70850618756135
6.5095026249017
5.86171320986475
7.40155333538665
7.42527475099108
6.3990453022854
8.23183910331693
6.4169123647122
5.60381846632484
7.86418545509295
5.94719821372969
6.30966346606179
6.92136298538231
6.56827274875376
5.50182338690817
7.62444211600119
6.39881285838574
5.9993316634449
7.89415090817692
6.36015943583664
7.41857984111797
5.41155352236135
7.57028422600632
6.65971968696054
8.51224953929655
6.8432057504649
7.36671014002868
7.09215251599444
7.98493625632667
7.97774890945995
5.87629753339472
8.91063020964969
6.86457179039912
6.49620272865367
9.15107506160411
5.7107595393743
6.34861046439309
5.37584898184708
6.41280799198447
7.44345962058348
5.52551802155557
6.4972317393297
6.4055823845963
6.55351705815977
7.10861977492416
6.4711685268102
8.51644854480301
7.44370081835354
6.60678745360771
8.16073574154932
7.45522369043037
7.46033522121365
8.79203232706969
6.3733206670875
7.28421574882505
7.86444555776241
8.82344099844239
8.45099191137676
7.00124507204704
7.57302043228791
6.16546450195593
5.16259214103445
6.51680186943415
7.54104196811019
6.81008057951844
6.38622753347389
5.72473690043529
6.73347303891557
6.01265894545606
7.14563216184687
5.27165315313135
6.18332588781919
6.48618507205772
6.79290668997891
6.39123319752348
6.15524930283223
5.95005952952954
5.34215581910877
6.66961428021108
6.95826286785336
6.92780337571599
8.09867393013284
6.49164849665457
8.91193018472525
6.71722100298797
5.68035784256055
6.07255494199754
6.49754585634146
5.52010968711152
6.61116066586766
6.75949665610123
6.10913491464568
5.70860006136729
7.44347923182464
7.06449344628751
5.55596398417204
5.39839398543528
6.64018096905635
7.0408209758944
6.34340911937039
6.3548236341027
7.50287241793337
7.81483127320958
7.81740344401507
6.35177730502941
8.12860470020092
6.37837180363428
8.89202586476501
6.69794132341605
6.17975511326495
5.70957259009072
9.79359563776604
6.1084777418285
6.12528470612545
6.58908765974894
7.22684529936709
5.11225287373276
6.42954982505751
9.58284779083115
7.16186224118325
6.94510444601297
6.76348736438925
8.20103638148336
5.6384139236274
5.80398043731558
6.41692886242697
6.56371733550855
6.97796061722807
6.48484493211768
7.64688605509616
6.75284246075057
5.98170146608359
7.31856811706695
6.50926983733151
5.33563964443101
5.80368647155956
7.27932550230737
6.69534912475749
7.10385981150102
6.6349307174661
7.55078445338653
8.11622811716284
9.53910328474949
7.09514607777692
7.4643144040076
7.27596921796953
5.5576819559519
7.05724339514386
4.8442183563462
5.77126050927044
7.21600065279748
5.98536382791649
9.40306730387551
7.81542983680357
7.16073251763121
7.01752182410479
6.63116110006973
7.08502636577912
8.11902168903052
7.15966815010194
6.98837990072072
7.92737872003341
7.84241176332585
7.29167041643887
7.62056391108405
5.58887205746263
8.06983730993772
8.6133165662942
7.75465484739489
6.04136861369332
6.26401566483449
5.40220267610986
7.00943566955042
6.72177936937678
9.18821193746272
5.70760019268073
6.60420917754457
7.15903943722459
6.78838039522321
7.0877721661752
7.4384219066326
6.00569861493847
5.87263054869382
7.1722415596506
7.22633529523336
6.25700485764738
6.88187227417512
7.72834436813883
6.74919746195332
8.31325569346321
6.98565823311852
7.68548942931201
6.59482724053225
7.03102839172605
6.60985773073331
6.70948398801755
6.36588310958649
6.64471451421872
5.47358543908544
6.76325339877036
7.73049713325409
7.44994975078921
7.79888550390403
7.68473212906452
6.68447970924027
7.40719931768015
7.87400940616236
6.58930593099146
6.13284598700757
6.89518435073754
7.37371004439074
6.8508163563326
5.2686256606558
9.04250806448138
7.50742025659989
6.41623452210946
6.85038794088503
5.65799702080955
6.67522497808481
7.20398516094095
7.10268161301652
8.19629568793502
7.67171182363914
6.12626942263411
5.6668431259387
7.22549612960514
6.4026612946465
6.27162109007726
6.26139216254295
5.91582995676647
6.28904417252891
7.43427671401094
7.33102179124253
5.79594391317027
6.38256975187283
6.64481897476425
6.73113703956804
6.05160138016036
6.32315217409299
7.71260720257277
7.64408518146293
5.66059017824648
6.49847968355038
7.28462787290439
6.78067009404994
6.1954441660125
4.69739058815059
6.66205752469909
7.65736030209751
7.16316301997447
7.73671104107275
6.45105239567262
5.94395652712433
5.4134786229076
7.37136492925723
6.389944470481
6.64060852261518
9.0105031514929
7.24354717005294
6.87023890189561
7.02279192511186
6.63667890481977
6.00845933424028
5.63486796712785
7.15638837056785
6.39857108381721
7.51504062405349
6.77394153839403
7.83717337457918
6.18413079549268
5.79687146793147
10.7658191443883
6.72693747107082
6.1203366614502
6.8400264234959
7.45389815895112
7.83712619747417
6.30314377712867
6.77460514931416
6.06798344501505
5.64519236435878
6.61292289435646
6.45539980026217
5.96167779311183
9.38281685957927
6.94841744680425
6.48082141313257
6.33792266368379
6.2793005500809
6.00702006203279
8.05551869441641
6.76472681424505
6.53002299275038
9.13029988632742
7.02923443087334
7.09010155549844
7.08462132016409
5.65753381292677
6.73271984796957
6.58086678440245
6.82600482150613
5.9098888263603
7.05102905276348
7.51645392102989
6.31404620650428
6.12888997918153
6.84058203181264
5.84748898800135
5.84870312730234
6.78001870929435
6.85120918918625
6.82301214529843
5.82271427352561
6.60602721030524
4.77251314995935
6.5463831671232
5.62443091180646
6.62950452209221
7.13640214762305
8.71235459885856
6.08902617139829
6.01433524146391
6.79794854678018
8.65869737826514
6.32648433911316
5.96025422547515
9.33545726026673
5.97648434229844
6.26777755811011
6.36656668642841
6.95959343558432
6.94142540643865
6.92126948067372
7.17797820171856
6.19077718067188
6.3131993037432
6.98173785855975
8.20869520164983
8.95402848121846
6.8034291903779
5.64398439224565
6.30359365167499
5.76577644007079
6.85766979509419
6.83405141646955
6.97636776826071
9.15784762972035
7.05833781707425
5.84080509825209
7.50678201513387
7.59917339222289
6.86886821359173
6.359012469473
6.61859028509596
6.29329617694157
6.81732751116344
7.13105337970494
8.46337376898268
9.06440045344291
7.67792863681005
7.9271963088079
6.26314023156557
6.30598627838717
6.77644181885952
6.92578413261896
6.90753885150852
7.14646651026763
9.71796193487221
8.51916395199336
6.91499625012134
5.84770065234881
6.46939750597949
4.91359454596773
8.08750630568299
7.37927872064679
6.86758837091534
8.77237412748856
8.32605676790781
6.32196450643281
7.07271567265473
6.04881338159744
6.04964901234815
6.82298079384807
7.69977334750345
7.25613959908746
5.29302031246835
6.16638722102974
6.55872899855432
8.23490165077464
8.64580720870577
6.18924212921271
5.82941869645893
9.10952410589805
5.69157764861057
7.38202961581327
5.74120378902842
7.03012017279171
6.54118194996372
6.09274756285948
6.2576762959331
7.2492488808019
6.07639884348047
6.51078859607425
8.42938379354027
6.81112675071543
7.78476345147591
7.17331473556683
6.44794020646641
5.85596049104513
6.11034775801091
7.43202764183751
6.896375718746
6.43569745121986
9.23491548568325
6.78517534303453
7.58818236584866
6.2769813479402
6.40961608755597
6.06383517983733
8.08951617405132
6.60584774311826
5.66348115378632
5.84995417231108
6.34929135517268
7.67726791928565
7.46695950868014
7.50028276842148
5.75664406893031
6.58972110008049
6.1730116799095
7.11196939139617
6.70649207373706
7.97667371095068
6.15786373042695
5.14820356606763
6.48861252432848
7.04461571427529
5.83699571818128
6.46277377450748
8.2819882674024
7.68755674676738
6.65912597685952
5.85898849195521
6.00543682738494
9.01534975447633
5.16387543228708
6.48751852644697
6.28871177503866
5.86985247018442
7.78713656675553
5.65940772569637
6.59853140945943
10.7746123363259
6.77042856247882
7.62085462086486
7.16914175847696
7.22030544064067
7.42876059150026
6.50373522250923
5.37944901384679
9.32803755578408
6.43872349093764
8.38378769695318
5.91861159183398
6.26750877865956
6.05106338928326
6.25684689306777
5.32003043377902
8.32776506439601
7.58531758584552
5.82277969629923
8.4669412647824
6.56261767051548
6.24764238762802
6.74279660653145
6.71983990337593
7.98183332859262
8.07538048080567
8.14736676831635
6.3024512679543
6.29909986137261
6.48844579144767
6.20582803711135
6.76921349705258
7.84885797962582
5.72644223902085
7.64190174675693
6.40473317588405
7.90735043320583
7.60481658617046
7.06907072713168
6.33129936266592
6.11128099283185
6.21540417529881
7.24572658494114
7.35957159758407
7.05224309582266
6.91051541325097
7.00415113376232
6.98419324903674
6.99975478819171
6.33386373757909
7.40733412334147
7.19110623614649
6.34463520122368
7.84224879368322
7.82174208005948
7.23328899761155
7.79577878981786
6.81102871320193
6.22342066928968
6.4100758281989
7.25513968218312
7.96135936010404
7.03284808838138
8.10700343370573
6.13738443199172
6.82743280866645
7.18685871349254
6.89938462416365
6.98043175585552
6.30481261327221
7.43858186299258
6.54356717891028
8.62876544948167
5.97919791864957
6.39263288942462
7.19671212570266
7.02251979102306
7.40696771833152
6.97653159698094
8.77592623078056
8.07728308745461
5.09509417907158
6.43058677680323
6.24254677180028
6.39381439464798
10.7808937778567
6.34146223027968
7.9496597323149
6.3939597431156
6.21686552511775
6.4574912832844
6.70053179984788
7.30389533307486
5.99268691572652
6.09905739400293
6.76303207854528
6.42304567180295
7.33028396033362
7.02613693203548
7.41046212965155
7.06051021601544
6.01779566497603
8.26606783821357
6.84147099248897
6.63444564492103
8.52221249653543
6.52975540561116
6.25762210313758
6.09602622928723
6.59867516029786
6.85698939573174
7.36785197031811
6.37224549997769
8.02683647175448
6.7605236896328
6.71162518635658
6.88092170411634
7.02872573395676
5.32020550020944
5.82107592589419
6.83092447947193
7.23959029573381
5.66381067049667
6.43025242919695
6.13724994814491
7.13184307956254
6.62466248235057
6.53074832377945
6.50724593426001
6.69101771501302
7.03378114868094
5.605929569575
6.52553606592754
7.06673951412156
6.29274171719757
7.95768383635091
5.99740933365444
7.30363997070263
6.42287301932919
6.34589976508673
8.101888950944
6.35222409003399
8.13645229616498
6.5919239662562
7.39150155267839
6.18843094611218
5.85271243942299
7.20687154757656
6.53610054646307
7.59071427453834
6.97006183557966
6.15613083556691
6.31953005981522
5.84960145069192
5.93001291851338
6.26942421701644
9.43507073637962
6.84544959772553
6.56504611425668
6.33894397923556
6.86906252022466
6.32316911907251
6.86623104755784
6.68048013034965
9.16683649658087
6.235838666441
6.63596892347962
6.17356394609426
6.63665463906488
7.11285084401696
6.01173412200023
7.44636614814781
6.65067324560138
7.18757958416581
6.75728096720683
6.02564420443739
6.52271394221789
7.29497301588117
8.70037099073577
6.47272657689359
8.24466848512113
6.93084363335059
5.49284638178761
5.89365817632444
8.04779837351675
7.81558038921588
10.7891312576386
7.02124992164521
5.75550318091833
7.60095219665896
7.13075894001936
9.34125335990239
7.13724184501553
5.9751334710539
6.05216911419789
7.05555594541664
5.7004363700013
8.89003722039362
7.17298399118159
6.80911565702834
6.82373740767605
7.65370508561631
6.6183959826206
7.06822424035913
7.36540429127857
6.46121500683622
5.64889919422155
6.45266693167646
8.47431074279427
7.26576164855545
7.15623212332292
7.59586249836524
7.32638742936649
6.22825998822384
6.66174771407616
6.32671344837914
6.64836033133645
6.59358647017235
7.86429846297651
7.39447459179638
6.87317371284307
6.24110802306359
6.11349524635508
10.7927328578902
8.43260414157139
5.16532691354356
7.4868964092205
7.19431126077519
7.14864490380189
6.79055095331231
7.6128179525455
7.09262833700371
7.5574349579053
7.28294518508031
6.00585426915178
6.90133147764583
6.5106777211693
6.86757710161329
6.73375863802341
6.21371992381131
9.48233274076964
8.00409554878298
7.07358709513657
7.08190328951643
7.84378320796082
7.71372979091572
5.88309383122315
7.15860455422017
7.30072106399
7.4832591134613
6.40626162085467
6.09954740226885
6.03668471208203
5.27896532955883
6.58147435660532
7.98396287956475
5.23860951746136
6.43195141088586
7.87781770988268
6.17783127266757
6.9594646922589
6.46577399733311
6.75302902524873
6.47310088234376
6.72687270998616
8.11413763351829
7.00120787728576
7.02662682358681
6.28769210625701
6.75234228784386
6.66492697136224
8.16986164894068
7.06990108946402
6.80743689899607
7.25000645203559
7.24116395139777
7.20149243490506
5.75153438913575
8.18740650313214
6.93188885150148
6.49701230415421
6.40210688407611
5.97425901580703
7.71248710551638
7.26139058900951
6.06364194341291
6.66773152517383
6.68033210081767
8.94251719201084
7.81659612024825
5.99639928558261
6.6791464599546
6.36264758613756
5.55260998290501
5.79358873892584
6.75189954731932
6.56147906866774
7.57679346598774
7.10942949937097
7.22217024202207
6.12395100645547
5.17143142471339
7.61039412356304
6.82718301098877
7.64479725644455
6.85454882255179
6.93168981363621
7.16294628925916
6.20805896321446
8.60364195370625
7.17277172725772
6.83096061733929
7.36132288978375
5.72994929923769
7.19460396288682
6.077680251345
6.34040690605716
10.4906501507712
5.61459115671478
5.57493048463022
6.84451956757645
6.85408025968307
7.09312041010585
7.09077165083316
6.6774100239688
8.28291768864859
5.57549585260331
9.33930250200556
7.13717029851546
6.94706207782159
5.92410170257137
6.54574760244458
7.29821948422728
6.07371114994799
6.22194746104047
6.91390235792058
6.71246958540048
6.95104810990305
9.49687046586767
7.86096326504528
5.94685004493822
7.38490401582067
8.24764658412689
5.99929929619482
9.63695605416867
7.03507060665153
9.62265095589554
6.60926713665427
7.18373957486747
6.98132558469852
7.28917452937574
7.14944634596575
7.96361150619365
6.46609949079001
6.58165494777445
7.35754556084099
5.92345831122288
6.09805853822627
7.42482860453301
7.03648453776159
8.76876659246796
9.19084089523851
6.86430466467476
7.04755301231478
7.56906594496598
6.98259345030383
6.28113432825258
7.55784870296713
7.23480685544576
6.94050183507432
7.62899864725958
5.80337458069303
7.051215497394
6.70872477272056
5.88592236028602
7.60560883058781
5.85017639183722
6.2832097556275
6.02036076767549
6.72942512950776
4.80128010063171
5.7508287355866
5.55525443076129
6.45411248350347
5.74862081162
6.10213439542633
5.83982004692345
5.84377447594068
6.13023686217916
6.08949349384328
8.86023666329249
7.15383696943358
6.61174306432982
7.85536773567926
6.71421533831835
6.61046658150393
7.14221020625071
6.32143736399699
5.99769253046562
7.37265530435375
6.25070981132638
7.38684029580294
6.86398277119193
7.62129263375942
7.5580527899697
6.77192005135228
5.5123626133159
7.21726639188469
6.14363834994121
6.77774316377299
5.65647804740748
6.81545492664393
6.70923624135832
5.78532620871877
6.47312977148064
10.8091949558411
7.66815288138201
7.11599497690481
6.70804708426151
6.82358420667352
8.14812809409352
7.84447946679164
8.90284622119595
8.21451345626045
7.13885589860005
7.67560554694123
7.06691663207697
7.32091608326265
7.07171136217017
6.70335895970754
7.70677176696431
7.1825616128386
8.09136323268216
7.68915622240937
6.56950506605596
5.66289350534641
7.9563068302767
9.21871263248164
8.09922555422243
5.95402280666042
9.49990368738131
6.26470018019696
6.00416724953495
6.75551220204629
6.25224263249698
6.06527221962308
6.10647343098939
5.42850292369931
6.85905082603406
5.10940823632424
7.11756510377107
6.47161663030641
7.27000169959852
6.99121093174198
6.80383219980902
7.75978128442711
7.91752084032827
7.10127573069358
5.7494112115201
6.61404103875516
5.63037482970271
5.2226250243282
7.35253767691075
7.24345023825065
8.31079399055717
7.65500594544303
7.83746692181783
6.43697064883504
6.3002050674146
6.12787781237585
6.32275184710593
5.98746051281212
7.26350846416831
6.73986226668791
7.34302868434358
6.79376661801634
6.31907663373215
7.5034373004901
7.12672584892501
6.2080490814428
8.16155328688621
6.69618202311147
6.44632193742863
4.98463195576386
5.35304489577454
7.12773101095902
5.89573256219254
7.73379535720785
6.3830724182929
5.78745233164362
6.59850581908909
6.01713119258005
7.59714162646124
5.65677416991216
6.89673631559971
6.44559391897546
9.23987185827334
7.36556295163844
6.74478764737262
6.01393477872582
7.89748814969568
7.34365624397436
9.15224513926019
6.55224293409403
6.98316618449111
9.23671159098276
7.24077711052052
8.50068379276939
6.81942832600972
8.99549040690163
6.75903991684921
6.16313097589321
6.58886607655238
7.55298359650271
7.2348591874218
5.85781473717968
6.72756274004485
5.64504762508968
7.11227816444766
7.34108178070632
7.97942243971028
7.13861673075733
7.08060422247334
9.23362277778171
6.83982460760622
7.55600783258681
6.25617864028434
7.09874530470174
7.00439658119251
5.67428660885838
7.93997729209535
9.0755414254542
6.34252324714553
7.00371051734859
6.69966255713415
7.6357671340461
6.12384796960854
7.25054762318687
7.30805024889419
8.07901922054248
6.13504189896657
6.54577339432273
7.13409828363514
6.72465391872788
6.119070547074
7.58771478840432
6.56479926341527
5.96637746743952
6.09290584709684
6.89954178255651
6.14094601380303
7.30002896805929
6.81418912204448
6.94421091073742
7.60480443353011
6.41136653193124
6.32603569402649
6.82931721874757
9.5015126243483
6.55343272037839
7.92054541429263
6.01211612416037
6.77135904733041
6.19983047272232
7.45985954121646
5.74988820327946
8.23843346441164
6.06681759768044
6.3476589171938
6.08969274111737
5.9026007024815
6.75584819746174
7.28732722515458
7.28063062184644
7.15638506332659
6.27539760571687
10.8317146586051
7.55760694681236
7.42976773107149
7.05858739773285
7.405282320578
7.47116109687201
6.92485737308145
8.10566574299525
7.30008940567428
7.99114862779652
7.36028305828901
7.43393360276114
8.1980458721462
6.23489508511065
7.42442126554699
6.28868164122993
6.42238400866155
8.05912682701059
6.34737118135769
6.70995791563181
6.6340658494593
6.5857593693433
6.24290168361882
5.4707011853724
6.60613148123184
6.55662520384325
8.49309726287078
8.31512444250706
5.87865871639527
8.05821000191773
8.46612926268114
6.56628593665584
7.59647514543689
6.69261597869638
9.0256217148966
6.39511788853652
6.21038571985645
6.62047921174512
9.41245636219722
6.01153571740811
7.15434950197502
5.87532673605314
7.38194000568734
6.33320504526016
6.70435108820371
7.16524801419021
7.23230167753439
7.74226157377226
5.97629850860199
5.87747163779427
7.27897381696484
6.45830621346397
6.64396617517397
6.09776025817859
6.01907328437801
7.74094294655916
6.75540818624397
5.71732235774915
6.63324388496169
5.52078371703791
7.48835374770047
6.28839522856258
6.24126171062718
6.75214124785584
8.44019927503519
7.06371077526744
7.00389459239308
6.80765587759331
8.31464997633705
5.40356202103071
7.01712452464317
6.39402788205105
7.98921436241381
7.33115172580794
6.01035738558334
7.25524274225607
6.43029534267466
8.40308534384537
5.92848958315872
7.32905827882542
8.04936622139966
4.97827856018123
7.27186011382354
5.94792978040952
6.78633377166013
6.32212355644041
6.05972834468509
6.67186621063156
9.47983455614867
6.52776232844166
7.12830272648222
6.51977460869645
5.86347434733416
6.67276848490992
7.19625512517881
7.03832511621103
7.92463346316368
6.64718541133659
6.90452816339397
7.41104812036278
6.71128718416011
5.65389728511533
6.34813790857226
7.31508707768088
6.50171553904006
6.17833487362743
7.26540067102125
6.65034963544604
6.93491710384061
6.81659668796407
6.1696880772394
5.80491159117945
6.45370355160177
7.07182508496938
6.25497391931231
7.1278681270621
5.05292735346435
6.1469307960635
7.26026659537228
6.72875875795843
6.51781835077689
7.10463610457843
6.91241371735008
5.96828077880722
6.39814822066468
6.77984446205039
6.50061026816582
6.19837544182193
5.40818668682249
6.74298758912274
6.77149363519055
6.06624119336996
7.39120563159483
6.65896318807557
5.24374806123489
9.52838711864355
6.61352518764344
8.65547288159762
8.04658515276886
6.60364882334788
7.0091342400622
6.59103871197773
5.54747777415662
6.58030241132112
8.17034406714895
6.95493730651215
7.36521849540951
8.31020560749093
6.47727076242045
5.01017406202943
5.77259878241842
6.79948958909748
6.33492913741342
6.68805047283962
6.12284905722356
5.59145771250629
6.61978766923707
6.08365317499383
7.73833119614644
5.06500092533167
7.65581802791854
5.48758063469186
5.9019841584166
6.29616158210067
5.10515172430964
6.45182682199549
6.26645928831372
5.69879372851603
7.93589718572211
8.62034252456627
5.96235878002134
5.79491293009046
7.49498509528691
5.47902921906865
5.14356936306786
7.12330850442189
7.39473087769944
5.99644134501455
6.49101361004722
4.46429906775076
6.04983514142759
6.65651523899317
6.86966434590245
6.81076968531045
4.92014721786268
6.05244966906862
6.29910476610264
7.40239305105308
5.6782817621772
6.64484696143791
6.7199073198342
5.91563344053017
6.11715490395477
6.11375829211989
7.38710336173415
8.17849427503364
5.84569450894829
7.24056827275074
5.39846950965419
5.8577081238364
5.82178497282785
5.29807539472829
7.74804994863536
7.39793761514762
5.69292600350003
6.22511258618872
6.81956789073905
6.78841635636973
6.11297084988034
8.83684562416428
7.40994211473515
6.78453793946614
5.40577433845091
9.26878131986942
8.6840879766753
6.52111961513141
6.22887819140128
7.91128795303274
5.9720718108769
7.17381919115735
7.64267614005508
5.3009329462479
6.62727580778086
7.03616811698751
7.04175437292593
5.86565177225433
5.35634776191518
6.76323440745166
6.17392473904231
5.22814342044129
7.77784774895565
6.60821559366217
7.52285384253531
6.38877506087037
7.1710493186996
5.84697210344656
7.97523862396182
6.68344450630248
5.98037714467133
8.12692171211903
5.88251113111416
7.5043830710296
6.9792190656433
6.56669539586574
7.31436897864744
7.342241035446
5.82586375481103
5.74345155686619
5.48893079125588
5.42345148436176
6.78672791183315
7.01222203469315
6.59691624594887
6.30077254216138
5.34352730125046
8.08154306797241
7.13537365020736
6.88147451559542
7.21057257302159
7.12543530011069
4.92736798514994
6.12244375325393
6.58504940804029
7.08740786096198
7.57258723690034
6.80387017979959
5.88400148193536
6.06799388089148
7.2547533444378
6.65633148671556
8.3500491249823
7.61352086795017
8.51591558334544
7.27959523847733
6.75766570688892
6.76731731419369
6.76224314807028
6.9213374302949
6.75999570091183
6.88986205257075
7.15419623767059
6.55289265552952
6.11342215746441
6.68687878877164
6.57551108040413
7.49123866357611
5.68269242068039
7.39768604093764
8.47061752227153
6.17720026632462
8.08637518463463
5.51243234929628
7.82254318144927
7.13488826876775
6.65936757467231
7.81480708918978
6.86775990266633
6.35444199388095
6.39398575626237
9.60091795750996
5.20879499596918
6.86720770749554
6.36443315950732
6.87553865015987
6.66225655239919
6.33806850697495
6.54542343611174
8.22224079947954
7.54581892067636
8.35819276968002
6.03883649632569
5.61311503569945
5.84388350491519
5.85464288269039
7.00981008971508
6.38102062808925
7.7496302630424
5.79288352327219
7.25772588608992
6.9480344725651
7.04024304208585
6.56210183335465
6.23214410474276
6.36425144127811
7.29196744734804
6.47539297242442
6.78045348938971
7.33592571096025
5.91501459300364
4.79095027875677
7.38044137085477
6.97011383784867
6.67343104698707
6.42514015212221
4.68107340420974
6.53716515460139
6.51373256568933
5.6870896852419
6.60596477936132
4.39167392449139
6.14247850318587
6.03637151086923
7.23972409071906
5.60869390921927
6.80525653295611
6.73654028846535
6.53769779043618
6.64009887932242
8.67970636606289
6.71024745105055
7.3909188781282
6.13628879100293
6.78042070728366
8.13539348336911
7.37065375027212
8.08052026281947
7.19808706713824
5.43034179696861
7.16362288502232
6.51858582184417
5.24645046638061
7.78363178359504
6.91712060850386
6.60853325286755
9.58466360218043
7.03009413437253
7.96939673895191
6.18466490838886
5.93643549019254
6.1879708151384
8.56628222533825
6.45943015180831
4.81490321142216
6.25209343431198
5.76206199909213
6.74713207918038
5.52942946127608
6.40204371493134
6.13375275818987
6.24567602313762
6.44361174196519
6.57243861975475
6.36304496181331
6.94308379372859
6.43189518264878
7.75441629792918
6.84364927887736
5.17030162196047
6.15001995998963
5.45757622044722
6.09021773726584
10.8511689935039
5.86281511761311
6.9102531792068
8.47766565524401
6.3748380189367
5.87881715496176
6.77413438695326
5.80164226700836
5.83474649396624
5.18785856048571
6.72096797742893
6.99734104161545
6.47293390852915
6.58271912913743
6.5643408727587
7.08877197047144
8.71744242356464
4.40469855879841
4.0946525236938
6.37655326620338
5.37091059546136
7.20470170161967
9.16329606981065
8.69780371936968
6.03738952053032
6.34442383914996
7.12577711921308
8.17519437028714
5.83991421067557
8.68424384699104
5.02005776750869
6.51251145515439
9.45785501651374
5.58625237928012
6.41210636750041
6.92791041067771
6.70892804985667
6.5381897566885
6.59423953203846
7.04226793346474
8.69991757628412
5.88923135282786
9.16344048274681
7.63350414819583
8.71210324214525
9.04496157618409
7.90787243413485
9.45043541220663
7.72523468096575
8.1124341604905
6.9919740232941
7.30247619786131
6.90880989301655
6.92978298010825
9.73981350855564
9.18231575588024
7.88305082236464
7.27360199811287
6.25857049768617
8.16799727342482
8.22595053882676
6.80338595491936
6.79197900919416
5.37497378008618
8.48636760153751
6.98912777372054
7.34169294460523
7.6073811819315
7.40011400407134
8.48872230772023
6.54028761612196
7.27852558849686
8.71199346316568
7.30881321735003
7.5076189849508
7.44553714649739
6.82803443344141
7.57762089763208
7.06934021905718
6.1373661469395
6.92942494694141
6.88678978432136
7.78351298166591
7.01266916133078
5.90216195721234
7.31272517883733
7.5740474446874
6.72006042647105
6.66786311222665
8.68045025856063
8.03978733918921
7.18131373145219
6.73732565100442
5.42456943212902
7.42314397649787
7.77815576855096
7.05627343945627
6.81777172816609
4.92088748760311
7.21375966359876
6.45927913090604
5.96528426597504
5.05792318057435
8.24057470445361
6.24863189672976
8.44580249546919
6.13142902871141
5.34155342072454
7.10114596940521
7.35207043540427
6.3322050308137
6.64225867493031
10.8810790672765
7.86675896547874
7.74158439106221
7.13575933962416
7.10571764383369
6.0700191670353
9.68856309419975
8.91387497101858
6.70984224603861
8.42283579939935
10.8842372034909
5.6135933186679
10.8846098946028
6.9912828495316
8.63146245908615
7.33991413665091
7.36161741295697
8.84090698523696
7.89041106739401
6.07153385119653
7.00602014914894
7.90730032562393
7.08049722927456
7.87807265952599
9.36873789572583
6.93583880147125
10.8888944512778
7.08551383813078
7.1970919390035
6.78973604555943
7.72528351802375
7.42428307363488
8.10439238835227
6.71878034746139
7.8056522193642
6.47418481473603
6.03217620640176
6.97602391395389
4.71938732861062
10.8905612125304
6.82738025148918
7.77015213503417
6.06860265769032
7.15431992936338
6.7115713983609
6.62730426995339
5.60989605981739
6.96475414341973
7.00839364544314
7.08905808177501
6.15742662881563
7.76596388918909
6.67861476323365
7.02206325351061
5.04284589838527
6.93822077555162
8.72428176095813
9.87553488074947
9.93326756317969
8.42513666683404
7.70555610657259
4.36206300384116
8.45263228812252
7.40360757835068
6.72957212209711
6.67377829548766
7.09307627539488
8.80498272424513
7.65920977624325
7.06821833289035
6.95826471095886
5.47008169381284
6.92044700874227
7.2251152808513
6.56224846680128
8.11915304930747
6.12100446352732
5.80462415387537
6.54444456563534
7.52046632009699
7.37599844660778
7.06574278462181
6.8720955044157
6.74088448677877
7.67430246714286
5.51797439663693
7.10391035500003
7.91328172248272
7.36374548759596
7.53788398715933
8.59241074039598
6.96715358081522
6.48111239338991
7.02661250415372
6.43952818055512
10.2949193840877
6.47650076265229
6.69409094164509
6.37617286244507
7.46126852850912
7.48224712504791
7.23187055597389
6.01921183335623
7.22669721605052
9.20832247850401
7.12331522763529
6.16008199472057
6.52030429923475
6.55387898673512
6.73279453262657
7.6646448953242
6.79809534363543
5.87034871660079
6.73721224214821
6.02223903744169
8.01287568614494
8.06791145000073
8.65946669669589
8.05973575965785
9.6968462325582
7.92891800266818
6.3456470871852
6.00508215779726
6.09340390942826
7.36879821549823
7.55931069911376
5.79038520217002
6.48825723209849
6.5793164088767
7.99890087501025
6.25260384816049
6.08591586506203
5.17443666769421
6.68696230181217
6.88637045239809
6.5111591328249
8.00772484095591
7.48250420188674
6.95123755510641
7.21597375704327
7.85704970486288
8.86510574342979
7.8111477302109
6.94415476407613
7.63837677401699
7.47198905216637
7.25094461835851
6.04775513111763
8.97799839445769
5.26227047444604
5.93132232214386
7.96934389760785
10.8994375717564
10.8996976921925
6.05144276435557
7.43099770142294
7.80401613352903
6.64703347446875
8.17597545743153
7.25210968317259
5.80343594635585
5.23146972778074
6.39072183096421
7.19009142663385
7.997792895817
6.34670041019076
7.13846492621926
6.62889460894701
6.4306986658969
6.6290077655851
8.39979803416719
7.75424937422081
8.56402455939246
7.28048992350289
8.66777331913922
7.24102997495061
7.09597276609591
7.17794123629811
7.88608930274255
8.56870481833962
7.99054961846034
6.39962463221672
6.20118833242837
6.29383068755267
6.35393224415813
6.94009447991536
8.68560396781092
6.82426742482882
7.14082053008474
6.48522162666853
6.29041799766569
7.23494546024071
6.80295838642656
7.37891099988025
6.80073809671549
7.23115219944172
7.32262629594516
6.41535038912533
9.60756925360527
6.07896590096264
5.92215373278319
7.40800195150018
7.31910866423887
8.3176751907223
6.80548377683103
7.17419354793814
7.63219217051187
6.28145004419293
6.41699752015669
6.56184937868731
6.14186724348984
6.57447492918223
6.44323947351374
6.0681095630533
6.52273087839979
6.20661774770181
7.41208858286818
5.54074258364996
8.36868650854129
6.3086629838588
6.77005940533844
8.4975419156639
6.09768396839314
6.94933264136259
7.77166322056576
5.35355388946981
5.86566567691249
7.04107696942475
7.03750888941193
6.52920203341938
7.00274333773769
6.70783343079651
6.71990702789076
5.15351545993624
7.53049866955926
6.74202605779417
6.46549781695893
7.9447278485381
7.27050463025597
5.09254187621279
6.73072051381818
6.58945290330305
6.25044889277115
6.27213967372699
7.01716143725924
6.54389168018754
6.85520699679581
6.21007008264879
5.19261852129836
8.43812800634113
6.51884594591582
7.12323925188413
6.11735834036374
7.69553125428547
4.91963104342998
5.89331775046034
6.82987225821698
7.22855205553166
7.38435656753514
6.76080258232179
5.67319414005107
7.12510904786933
7.0556565511842
5.8370177543569
6.75109694170972
7.33404910572039
6.59739713617007
9.10416260710244
5.86282596840969
6.02159612728419
6.61040838139175
5.29872171640398
5.54853183766653
6.01839904706248
7.77138305776164
6.27650996282965
7.13427255550558
7.65201021028686
5.6303352192464
6.95939472138754
5.77458635148092
6.6628685863829
5.63280411024661
6.46638766204013
6.65601732880515
6.26870439589531
5.2325632710051
6.95111572013888
6.05513297272732
6.0687479359294
6.12097484938451
7.45899457949983
6.11544620181206
6.25721633293535
5.23188879993245
6.5013115306768
7.20131573322754
6.9513812282282
6.62995360484685
7.07929968419196
7.24225084067945
6.61411038210532
5.79015045061871
6.83520961838952
6.92521802410499
6.50909143720401
7.43420380266343
5.80951315980083
8.17946023453474
7.2654891529306
7.61159842966524
5.34826182293898
6.63856937114565
7.08381911622155
6.59800528931824
6.45290305500661
8.26419884973554
8.65060279709541
7.28800433213786
9.09445593236901
6.01946651929152
8.3433526874541
6.19676007479533
6.21831026454846
9.33302438037686
5.98473382129752
7.29427615154692
5.86042474142533
7.72911561451429
5.1394504681896
8.07653734648062
6.46541529457498
6.31923252413492
6.42056556474685
5.14251000080631
6.01495264780262
7.08126469064429
6.33204062767683
9.23339423835455
6.41265008269496
6.80176697502885
9.31288013224549
7.22717312348934
6.30547865969748
5.99401440161167
7.15086336864514
7.16717351424225
7.37308305169744
6.52074096817869
7.03181214141852
5.80992182134362
6.96590811881651
6.11946456104139
7.14919749303439
8.0072551600619
6.51501910789292
7.22919962758237
6.73783031648129
7.70707990437021
6.11244653384732
6.74418470993474
7.07947430616566
6.09996330990904
6.07973379217969
7.67213941921994
7.18096473240427
6.61843375780671
6.83687420048205
6.23975595630068
6.08331503962824
6.54950148894345
6.44933152375288
6.14011716869918
6.5207185716704
5.60337915145356
6.1818012545544
6.75368131488406
7.13952739185447
7.293919539897
9.25426259494671
6.82964173619523
9.18758631032404
8.69058571537707
5.66346785712811
7.78287976327236
7.27921145895303
8.09378157165457
5.940472856779
6.25239169251954
6.35628474323874
6.93604932561355
7.88681772645662
6.26992340237098
5.36519894519407
6.34517580239653
7.2092756195365
6.02629712380121
6.98986440686172
7.67768742477824
8.84725584808064
10.9152167092029
7.19552344429748
6.55398837854724
6.84960846083651
7.26083875853336
6.64086634604162
6.07553844210026
5.23553918625212
4.48177442155993
6.18793257590832
8.74833764951199
6.02819892988145
8.11173731588167
6.17305035827763
8.49455906451634
6.56805738143879
8.38212487440184
7.69515128778886
5.6736651109182
6.69044711659002
5.75204220627265
5.12955259285657
8.9912093244906
6.39121006814345
7.34324221682573
8.03492334740773
6.98322211036247
6.89879452996095
6.74933137052473
6.50624778395113
10.9175905623799
5.6500491791625
6.00416999671855
6.62403378591141
7.55252214943142
6.96530315293235
6.5571519150471
7.80081061953096
5.82369375929719
6.64210180571192
7.38088145383668
7.47648116726107
7.33565648257297
7.76657631298711
6.61054037865592
7.43269209312512
6.05441102136627
5.19151725935998
8.00599029763528
6.27037149826271
7.01422326832302
7.12793169138496
6.06392945510336
6.39723149181811
7.64331390250252
8.42915151069766
6.47198508973248
7.03757936939143
6.0192992393442
6.72211210651526
6.39265633886911
6.35420067895914
7.09179607460884
6.29829990247082
6.24193080792721
6.60285138578147
8.21422597894136
5.34168262094683
5.8209362803331
4.95214694312344
7.45325557195052
7.89034185925637
5.51093738994763
6.74072254058188
6.24066961692976
8.09198778284867
7.35884769308751
6.63910335548193
6.99224759406856
6.44005061205567
7.34712459643098
7.08132011145247
7.34612328282654
6.77459319211522
4.89444579666996
6.86507485412217
10.1406004914043
7.83504092269427
8.06655826706105
7.06584205082126
6.20861723625005
5.62336178365699
5.38682445388253
6.02979270209405
5.59144002121177
6.93011878639694
6.20668350970156
6.0972209158961
4.46315981652669
7.46378026617969
8.99421902986764
5.81097796906185
6.75328515653781
6.82152639884275
7.42949665491997
7.81862243039177
6.62767215705498
6.88552342019805
7.23199018439838
7.70787263204157
6.64079890197117
6.68502473198637
6.95966778755942
7.17704163396498
5.945425808811
5.89375610172348
7.19151597609923
6.59003249259937
6.99513227275134
5.66829532132963
7.19171681840489
6.99240435201569
6.82688811884026
7.42634404685299
8.28717855284206
8.01117953135227
6.98401342493256
7.64683100515434
7.58965427577669
7.59394856709082
7.68243573136625
6.8593944219728
8.34125869657633
6.79742994857619
7.04997868323498
7.10157444593108
6.00821661745409
7.37705437139748
6.79942328692039
6.51305007716386
8.02095978030169
7.26955921787227
6.68978825696165
8.69735706139852
7.23707261867232
8.06319762705929
7.28693654159471
9.49645096455466
6.55420933788722
7.68879012245255
6.97467975585654
6.89240030556454
7.07709923801544
7.35947608147678
6.48851752774219
5.86217161764671
8.09495095772887
8.78809205860198
6.41641526292682
6.51421577593668
6.97623785527645
6.12819658432432
7.15077612238791
7.01827661433554
6.06236618511065
6.42188632334033
6.43608338217253
6.91550244671905
5.54967546403256
5.96953292663551
5.59872473515586
6.90132673808168
6.95736044853695
6.80480822177028
6.07157136977523
6.25093392892481
6.77124452742576
6.46791475802248
6.25919905022146
6.53134868635301
7.49673278864961
7.54667127688687
8.80661680037504
6.90476902546346
7.5917124304741
6.72811682917727
6.4142518495901
6.80196340460359
5.28434517203378
6.30819249400425
6.26737539325516
5.80557077716888
6.97468351656104
6.69806767785369
7.50005440371018
6.75965378471709
7.38182174828659
6.50623524543751
7.01541454400267
7.80414382480274
6.16574898805879
7.04139520209663
6.9188412902585
5.13489559333599
6.76970009631922
6.49946896777849
6.10964311721052
6.28530531435875
8.03413018360891
6.32320033443287
7.21549506340839
6.58963060631811
8.09316149923306
7.77619595538556
7.01280119928352
8.48130004086121
7.12643961957971
7.49989318345824
6.73692148381135
7.23408169875736
6.22280906508466
5.66518016958622
7.14172410378788
7.83704314290704
6.17469173920776
5.7379897067613
6.22761723671212
7.44004886680099
6.24015834717115
5.98201916939205
5.97146227931844
8.86775012934909
6.52202289576976
8.96906646389258
6.74348760511494
6.01424072636151
8.36468860026218
10.9338321290245
6.91117439205389
7.47046953652067
7.43121216243395
7.97175001394029
6.93839107401738
6.97382993786104
6.4570038893206
9.20804415779447
7.75049154080887
7.47443686762572
6.98912914540651
6.56707239108237
6.49525728405549
6.23532171578811
5.97511690007904
6.62055961770906
6.82740135698157
7.67343960092539
7.35912652868742
7.113946656558
7.27303206393738
6.01892819882727
5.9496066161918
7.57494966546652
5.35677572674523
7.40917583535414
6.87847872310667
5.54465446601293
6.33093563070528
7.52125475891178
6.76569860010952
6.0626284352395
6.37067452743369
8.00147774579254
7.87634552441357
6.32942904513974
7.65495684887389
6.58212213611132
6.78635922725916
6.41899235955701
7.33061681303444
9.00184025719162
5.79079425228696
6.84801727081118
6.37922044146299
8.878547396883
6.57166582652844
5.94688647100187
7.57781647997381
6.93069376536396
8.58097195555582
6.30717103074006
7.0922616374089
5.9637355042295
7.11614865390445
6.72100676895932
7.93448844386669
8.45910280861823
6.13285814230401
7.62154113246639
6.26465124249858
6.86697966898374
6.79419888028719
7.04064763724447
7.1524290953637
8.90448946306764
6.29697669415026
5.74883385023401
7.06980012006668
6.38878495911856
7.09854752851265
6.86163453017195
5.45546392486268
6.57639213762345
6.59725849065727
8.50411024711774
6.65243073716023
6.02292052820332
7.05575034105709
6.73130527395591
9.29998201002334
8.55198919922425
9.67494942319953
6.68547754600419
8.28224124082591
5.95676126896794
7.31631576000956
7.31664241813877
8.11713138717743
8.78187618964432
7.47099390362146
6.2679238904039
6.0830166057029
7.13116699061977
5.88790298776122
7.34395973029849
6.26535981569246
7.40349261371172
6.41309983080946
6.38652558065181
8.14316153212477
6.34203394833443
7.92855274037636
6.95341377168342
7.12121224760799
5.33034913405656
6.47756771252426
7.48282513023975
6.83901040208313
7.73771418283268
8.3474955341424
6.95399339305747
6.41621488012168
7.27779968325306
6.79482645039465
8.39306756371601
8.06845670708307
7.24782630115297
7.48693294480528
6.83695576378699
7.68209185498227
7.19385476847899
6.85284052573324
5.87418351444828
5.86680855823794
7.25258479891588
7.83181783630385
6.61296594659954
9.32352105920882
6.01758441638269
6.1089397891106
8.5355266542043
10.0444086947183
8.00130780831454
7.6660005674451
8.17483666142132
6.67550725080814
6.70385972158989
4.67724402938428
5.98421835008104
6.67560405141481
6.78370850206272
6.69329824714232
8.91959290447628
6.4830752245281
6.94526907304963
7.31301355225832
7.40011403630657
6.64817588886615
6.28675716922627
9.28685119828559
7.86384509988577
5.43399946083707
5.2012326947483
6.54118906675627
6.78115551616066
6.28944245053628
6.15375685402228
7.54585701515857
6.51657460071508
6.62047513726719
5.41384157555007
6.29776440818613
6.71193483340077
6.84391443392812
4.75375493024262
7.14343976729378
6.87077703003924
6.49547767448131
7.34585654517792
8.28514645837609
7.72767662422396
6.67982263925347
5.68033455529768
6.69906503704904
6.24661054101248
6.68749495998166
7.38324854509221
6.21100886507665
6.95279280136526
7.76231761272555
7.06704816026288
7.07791068969458
6.98112336239203
6.65252368211933
8.21521160212533
8.29164346829751
8.18510087734885
7.65403796983491
6.29189986146596
7.40960956846474
7.23400614655741
7.49948402053198
7.79229110561262
5.95674451656476
9.03627729674616
8.1869012191222
6.31368027549903
9.7599249252177
8.77780662377323
7.45999909162376
7.8929346147298
7.88542281532038
7.99022463579934
7.86740173154767
8.77281306012436
7.89659585540118
7.55851763083287
7.83765139433077
7.42680748379437
8.1075658697112
5.40800668047536
7.40663325752575
7.36259311786524
9.49190622204576
6.78549675803437
6.70934006244116
7.00686495742708
7.71210309643258
6.79918401794629
6.73140117588243
6.37827654711267
6.89712376683032
7.91545176202042
8.67731984367501
7.00048978463333
7.43339878043381
7.31259073866571
6.85828511450807
9.02969138300113
8.14686554050525
9.59330175288886
6.97992423373264
10.9587555801368
7.66384165733608
7.33375603029009
7.32706688904082
8.89716966246089
8.46602491664054
7.84017110740533
5.77438496558783
7.3317446318698
8.3065152962368
9.13962428602371
7.14070963702582
7.44167550486853
6.51275872258148
6.53487459753315
7.84908595252833
8.94839634585673
10.9615697455999
7.15507605852381
8.42341524876373
7.74120939442979
6.8832094268236
9.17543430737502
6.56629275773504
7.29367204682206
7.14621904771065
8.12389215197446
7.83439931209124
7.86096503274496
8.94811171542539
6.76458195298477
7.08274677837253
6.88200451148079
7.87155376901014
7.5743392719448
6.33671251852154
7.11849086499255
7.38187708572304
8.10030112354589
7.49964029361164
9.2782726137289
7.46207928677719
8.09857172723485
6.55044838814706
7.34729688005239
9.03580553727035
7.42203231741292
7.32023678455444
6.90549542672444
8.05817343530312
6.43109275800887
8.01793606615138
6.69732389469022
7.24297290357812
9.43459866263798
9.17080959159559
7.07970620511109
8.42239796087082
7.91501773225436
10.3316521412212
9.45787957054728
6.65578409479247
8.29590929915395
6.2764524369869
6.80546577101346
7.5534156864792
7.38448137611642
7.78372458331827
7.70593816319463
7.18661851720533
7.70058528097611
7.5651239931349
8.43692268639283
7.78177847089889
8.635062527831
6.74041049500291
6.70666582508207
7.53907626542974
7.05088076412148
6.91355747657875
7.85831306922867
6.03986378542986
7.62450058480612
7.20802864912198
7.41652654005251
8.82319131902804
7.20728619378753
7.50464401207415
7.80985159764322
7.22516030728524
7.66986249025743
8.4562699259697
7.04858175359178
9.01110793741597
7.68539458925149
7.17956958970715
7.0288517540743
7.39276745658548
7.79874270723053
8.04955986498857
7.51576739560639
8.35175250850343
8.57701061084142
8.86115324634013
7.9636138765364
7.44442205268396
7.42477161301205
7.44579178183903
7.63233808332748
7.20892613909086
7.31740127244882
6.89107982412218
7.47277607352521
7.73082632973225
7.12933692537848
7.98800506025138
7.49656215896314
9.32495534549298
6.31460144372793
7.12546875688192
7.69627166093742
7.00528186038713
6.14489408531608
6.4564195973267
7.00842975454123
8.19975132999502
8.1167741221794
8.36354637893612
8.86235360001835
8.10809962438928
7.05021686568273
6.19112769453066
6.80802431490156
7.91812249789534
8.8102176507605
7.4521449143071
7.12859098462717
7.23896365266124
7.48795520628687
8.28190706970802
6.79055035524666
7.85253555080395
7.21151422014352
8.0971097394696
9.20976208192867
8.10599636186762
7.94346705754319
8.20187115920242
8.27716242037186
7.81982472744625
5.96774077955564
8.51571493235405
9.74900893863662
8.41495852784569
6.9228448391336
8.04698348952972
7.13840790407374
7.38165654159267
9.05631849951479
8.10129788713172
8.55072515253356
7.5622224319327
8.56546504113366
7.36289270670774
7.27772073481671
7.40589451354764
7.80288588445889
7.21245877535363
7.03910325180643
8.23400608752195
8.27538085673315
8.3086871069125
6.53903668850928
9.3662966787857
7.18072987239028
7.49233166043215
8.55554175113347
7.08754673328363
7.05770916817365
8.26662290953014
9.02267194293823
9.72043444514972
8.48097644394088
8.48110211285894
8.17143830342038
7.53891900220089
7.52286317339449
8.05330193846182
6.75576760218002
6.51188036995749
6.89139399492541
6.70922642998551
7.91395677221372
6.80437059482757
6.08854853184339
7.28404941815391
7.23543936127718
7.58125930412533
6.22860915281769
7.50522025164333
5.35795879880358
7.34440185177795
8.4965245231198
7.04346057151404
6.90374392684168
7.8836502456008
6.7536588885181
5.92787967433332
6.39202812462822
6.8572139472366
7.96272822630711
8.67965799478549
7.97552859725208
7.00190142141236
7.32486125584436
7.73027730270599
7.07236368225947
6.58865926354632
6.92436317902427
7.98192908000693
7.40177394831269
8.07377985110083
8.72308541775392
6.05550476860864
7.73863709636564
7.85031142727204
7.84680719774952
6.59734508398392
7.82842825292374
6.91446052996009
9.04184977345244
7.77257189102102
6.83878694187867
8.14835844638343
7.09780726991811
7.45409396602161
9.07839774809015
6.21356803572174
6.83504204210561
8.21379924438412
7.59382534589106
7.26466276836301
7.51496831043986
6.9156752129352
7.80667433918948
7.08485148246514
7.62436202273083
7.99691410008101
6.74411897086935
6.20041379845734
8.69026907334043
8.84406747196601
7.17378700579089
8.98998628619895
6.88916466860779
7.59256837867606
9.43480571866647
6.78184522141828
6.9871288479046
7.72446895303328
5.78378328868207
8.16279316159588
9.2505229482179
7.86756906403598
6.27797619373523
6.73821400152793
7.88160138071217
7.4625095291275
8.83721432829557
7.57084850468896
7.34132443171132
9.13861411887062
6.41120733377957
6.58583402467227
7.85570246096552
6.5973358816284
8.57391119735021
7.74622473521766
8.16866379379378
6.96052056990364
9.55062618774811
7.07240238772695
9.98623423509813
6.70285040374424
6.91451018158411
6.1666963317783
5.08921688562797
6.73002483097051
6.73344392734426
9.85977008575587
7.00010191193181
6.93802469390079
7.91754355227886
7.81728919068903
6.62412814613721
7.25920544885357
7.72765022076807
5.97387208832103
9.30858200419685
7.39214393169471
6.50153504934491
6.9978773275468
8.0735430180342
10.1002009767941
5.74330710642565
7.0192734958592
8.70633962884483
5.91436783898261
7.31385282307659
8.12783025559491
7.79665323501265
6.83338827468232
7.10588409672674
8.06958774693577
6.99576480776372
7.20075967113228
9.90570079039177
8.43190671347118
7.78434212814926
7.11730525264933
8.27071389731109
7.16905914056317
9.65295157669844
8.12480816448127
7.05950851988644
7.94425229774361
7.18295907971545
7.42446765762857
7.09892755146948
5.53607363905322
7.2125516314676
8.38656110748333
8.05369714499024
9.49046127621191
6.68190966788275
8.83139244111017
7.15203078398107
6.87139530990398
9.22537061988345
7.63125807702099
7.5592234935861
9.45386215767669
6.92867717624378
7.96370921765373
7.22155746831704
6.48115355938008
6.41195686067131
7.2496859261733
6.52948443172513
6.95235227522272
7.34085938170167
8.26415428467114
7.59410492010513
7.75322782396917
8.48677860618301
5.89677327736876
7.2194531327378
7.71890930970762
7.60691228214006
8.05204548735293
5.76266963986034
6.97426135116084
6.96537398733806
8.43160158434321
6.84211189857219
9.18828581204115
7.72388184445777
9.37503687278726
6.54867090500272
6.63344511391994
7.29723399587464
8.84354684407065
6.94902035793677
8.59786718082392
7.81962448270419
7.27969292587556
7.25360633104074
7.59244306304131
8.24241846560318
7.11838948729859
6.99747567029229
9.39710013016352
7.70025171041401
6.76098466491599
6.98232383360515
6.99761789041495
6.89829444858692
6.9419174713432
7.67477572317698
7.16385468079389
8.49263418779416
6.76250110331682
5.94107549378706
7.77197223948362
8.48755955303803
5.88368401301147
7.25084508210943
8.00409669107395
7.93882220520333
7.83628333493523
8.2896828687757
6.8494943247643
6.933197222069
7.76149723791823
6.49948699183821
9.19129958603673
8.4582699932051
9.55286121352766
7.80414753853897
8.59971575505639
6.94586913386178
7.91426047780202
6.83221935167311
9.20049962510335
9.23530280936802
7.94170349857603
7.12487830169375
6.17514533703438
7.18468539945068
6.90978250559968
8.36757274442726
7.69008140150922
9.13772249655709
6.224674682638
7.35846312241577
7.79946810537365
7.45098684815543
6.80814493423396
6.58793160515359
6.84466871463827
8.48993476780467
7.62833439168365
6.32567267476966
6.29961399967578
7.23341041257059
7.0198435815006
7.39733582164368
7.06797104339517
8.17627096715518
6.98620230247722
7.69290155857832
7.94998864608285
9.83566599008528
7.06853955074739
7.9253822724663
7.26139270296069
7.34677688838429
6.17411189755048
8.95869874062002
9.42040385802636
6.98253935810269
6.76167144032214
8.8482697038792
8.98065478069558
8.39577941294171
7.02248069615115
7.43405153508551
6.40214785557495
7.40164698613817
7.17278189556947
7.7904720813305
6.47580087538613
7.61885898354059
7.27406730207574
7.12381922236698
7.88794127128965
5.96949706410906
7.79840465389119
9.17993966799847
6.62005721770938
7.3476326854545
8.29197439018232
8.18470830662533
6.59154450698601
7.67370528895021
6.6677072643946
7.96039906806044
6.1127089162256
7.5585764322394
6.42358488921594
6.81833022151467
7.7571462405511
7.45831721402334
6.68825103095457
7.80289486683086
8.15371937465789
7.03786411085002
7.11799114613284
7.15940111998491
7.0521472491811
7.30597676680669
7.68352440364733
6.9103357276033
7.52193404033038
8.42048821603739
9.40064316860445
7.5580558567654
6.8331886314614
6.86229570188453
8.08791518129497
9.64881969765179
6.82631200203028
8.58243418350783
6.18168651630687
7.25285592219794
6.86077892852983
8.56305295637508
7.35216245038544
7.71452128689559
8.07866851353408
9.27058834348781
7.94576602144361
9.2908224521508
7.5226225032522
7.44342853023907
7.5184983422871
8.59220798478584
6.54365985366883
7.08643135988611
7.69142845110169
7.77988703318807
7.20466197199581
7.77963930514653
7.37810237883348
6.75710245391718
6.99173076564126
8.46087068745751
11.0421558286956
6.78575534161819
7.88581248458084
6.6175888522605
7.57632657323069
