8.81026846721648
8.44924508569177
7.35839083081613
7.2010135077321
7.68359729498367
7.278956505481
7.30672133470131
7.75065209454818
6.22856292338672
7.90011072116752
7.77024160452618
9.87132932919839
9.25572560102301
6.83938178391702
7.66172381879593
8.57922704463173
8.09103291556316
6.82614400805617
7.7273689643098
7.73992788605805
7.04544081719279
8.53029899469996
7.80067849123572
7.19728526013031
10.2024430423697
7.84444690901017
8.31921139780897
7.89680640529574
7.08557517968494
7.59692508729425
7.5819872757909
7.49359154436512
7.68795432947637
7.41961391832911
7.89901064615994
9.62763928690225
7.25284539311492
7.1601427304112
7.47682184770469
7.44786043912896
6.6000433638226
5.29921221086358
8.54914552847632
5.46882726007532
7.98558845785907
8.30410496260146
6.4569204572553
7.20863362224278
10.286586533326
7.885360755142
5.85187399101351
5.92124021669025
6.44716958292811
7.31366275315358
6.43667708620195
7.68209208903449
7.53743187070339
10.2618022454503
7.86296382463463
7.17823200234622
6.64200946568672
7.93030547709813
7.39651265600835
8.10578757799535
7.97099125330858
8.49875963375084
6.37245070893356
6.01634543060809
8.12583262197281
8.05712775687197
6.11753014572131
6.97578343375084
6.73071641303062
9.65938478336425
10.306239460368
7.29553706689649
7.27537685432739
10.2990682440699
6.60805601139228
7.44564361762333
6.94241914358707
7.97850010959037
7.41254506762753
8.08086016204725
7.33992308523881
8.01022672013931
8.37959100550027
7.13533305036377
6.62033956036962
7.23474128230986
7.65517647691211
6.65182518239402
7.39492049040841
9.3826600641529
7.96428743856936
7.85288480385845
8.5725331655093
8.17862027523925
8.18204581015114
8.16731086099295
7.90264120100503
7.17252942440882
8.83414960292573
7.89533664513964
7.97863429971284
8.03348769260642
7.18436233800639
6.18422225696089
9.30202111901356
7.72689361763705
6.94287271123422
5.84983791384259
6.46125011171459
5.81674482323715
7.32736343015176
6.89885112002999
6.2945971569838
5.9020689382502
8.67224331353185
8.48422661686072
6.97586100744253
7.04164564862822
7.30387732179298
7.27940722779086
6.54407261728366
6.0175910861194
4.97161255630538
7.03437322778514
7.30989470788456
9.50732566838851
7.80810288746853
6.91664156045606
7.87143766472189
7.62417327459883
8.15907085852688
7.26646663389884
8.16907712244624
7.49470215134227
8.98833190952753
6.30538999542629
6.90564211259858
7.76529851913519
6.67454322757811
7.25205017837108
7.00203706108254
9.16388306053641
8.35085682238749
7.6019839888872
9.2851706290145
7.55843428327954
6.70261928915389
7.28262743183689
8.00095299067203
8.27807295574076
6.59996540651408
8.24441836164544
7.34184211637001
7.62476628648845
7.44348553112236
7.40893454249144
7.56466600256556
7.25698212626692
5.94762260687679
7.6096108235761
6.95837497671389
6.76997086988314
7.57447748127734
8.32103561070429
7.07877023836401
9.64128749452546
7.54541781511399
8.71448477564958
6.79797235138984
7.2102701050983
8.05940081918383
6.41081187329321
7.37859799053073
8.56758762770146
6.66940314307722
8.08786928937463
8.56831503744547
8.48425236231031
8.1971761167139
7.69043101722855
6.67412212266802
8.01307402818876
7.88555655453903
8.14620784586262
7.93523329408033
6.55240465453311
7.96326009200438
7.11718434150343
7.16975646805096
7.3670767572548
7.64594851014014
8.73858325324122
7.20678497814118
8.91260271850228
6.72075231596822
7.41875586317467
6.73494975679742
7.07338725948861
7.20764492006442
7.05652402005919
7.89603638479401
7.02238463225711
7.19953020282492
8.30737977134844
6.19183306092442
6.25682784162104
6.02519691678016
6.78524215101282
6.84955315387547
8.95456248320759
7.17439877916474
7.55833934501312
7.71942884501346
7.90340871420798
7.70463696500998
6.60768087245984
7.84303642832674
6.75772755594531
7.85829967094171
7.86661677748315
7.97149884912999
7.22111072035266
7.34716467702068
6.39881714539488
7.0112401352971
6.06929301064019
6.73362797549408
6.90168118041732
7.59946379881269
7.31165144602709
6.78516099652965
6.67501672298881
7.60473730946217
6.86742779675138
6.64246111925972
8.13524519685284
6.39134552720463
6.23312227377476
7.06561359582034
9.2018494298469
7.04630829864726
7.06859736792714
8.12743347781607
8.30644424400314
6.58442718517598
7.47576388558565
7.05672736103373
8.03291134070963
7.95108002777595
10.382681013108
7.07988186698356
7.52896931326362
7.36563981945838
7.19487633162863
7.38350435621027
6.80203549311493
6.84377450170614
6.84392502706083
8.21825691114747
7.47525279290868
7.37142221102382
6.45780644703986
7.90014946651594
8.03885212830171
7.04181343263436
7.74425203256472
7.76043542491345
7.43276012499194
7.99452179699502
8.19250701220475
7.72008422218744
7.19654501577979
10.41541134072
7.82058986896024
8.06512758919679
7.06182189156223
6.76696982880294
8.72468174430706
7.04162354673932
8.33019925109942
7.09296619274727
7.26053269376716
7.49067557724594
6.95109025722559
6.76199573949043
6.55410575509367
8.3282102362865
8.25074216867334
5.88532202071138
7.95920635655302
7.54601894931606
8.98472479903539
8.47828533531971
6.90015626063241
6.53596541955817
7.35309322385124
7.1524533409942
7.97253621513093
6.67687467924944
7.63486721568006
6.99331169117392
6.3861246301498
9.70197466428147
7.76174268510689
7.47951595506303
8.09910188368825
8.17285130871125
7.69510330095355
6.69820416645175
7.95182636969436
7.27213313950803
7.58962001088332
8.59232200871197
8.03644819754169
6.47753674377561
6.01902300482655
7.68442757290194
5.97209373454538
7.22496764894404
7.99049395207744
6.95409989506828
7.47405207569598
7.20442014819644
7.1205559750321
6.72108149653698
8.49304060854672
7.2422540855726
6.14301273489993
6.8874949902174
7.64024949531473
7.03467450170603
6.71172644352469
8.31817218299859
8.80118465516835
7.42744612683226
6.97708902629688
6.60610202687062
7.68003512478502
7.5934297215867
5.62181016280337
6.07789509777999
8.0850102346554
6.81146024164181
6.86939561627818
7.03731432431087
7.08591332037051
6.6520509708017
7.8418144148502
7.3208034955394
7.28417774838437
7.42577678133667
6.50263651342906
7.63456404713224
7.08057259620445
6.64479386484102
6.81416104233298
8.59326489082721
5.99227893685575
7.79625374128138
6.21799026563609
8.70391469342903
7.18808964611699
7.40147126204455
7.26525508439827
7.90210283425693
7.00430676722811
7.1265615450188
7.427863312773
6.33699969212634
6.18277394486122
7.89531341391262
8.22298856724457
6.2963029530221
7.03057136912747
6.27040759906079
6.39361273766021
7.24955267328767
6.14870315252187
9.039847726962
7.3698478683138
8.02156768160064
6.44493047757857
7.35529256557782
7.89095949541125
6.6861641448847
6.38915908230446
5.96205171498194
8.20835866587757
7.08768991464989
6.35906737304014
7.4784821564195
7.67837885167758
6.06180141529946
6.47015832695136
7.5660763369307
7.87164451505897
7.13765804374412
6.52454502531195
6.70111243374549
5.78076376918933
8.9368042400556
7.44533751338556
6.99245744132219
6.45097180077199
8.06252865476067
7.06776961118787
6.11342925307413
6.90748184423653
7.48208778609496
6.8897549890641
8.40612928414423
8.26352534123652
7.35931211611805
7.33503857948506
6.9705392268395
6.79091711735604
7.44936998361203
9.12531113628091
6.72730096861226
6.57226609531702
8.44593275331828
5.61815025133953
5.86698714327401
6.39965863611522
6.97263016342984
7.42681060383714
8.31385205590351
6.49268444454717
5.65360226745865
5.87017672472762
10.4686564041562
10.4694475398483
7.75779779910506
7.17665102063561
7.94138052656283
6.29948251842703
7.80668962454136
7.59494330992536
6.84160486735959
6.50977699591132
7.01375632727134
6.74736393376652
7.03884415273902
6.09452208208932
7.31324355210401
6.94394572556884
6.18119483572258
6.85461490543152
8.49991969270087
7.60960598546301
6.96755498370353
6.36934101149336
6.98334161118985
4.86433063209606
5.59942644969409
7.21963414359211
6.88528591339753
4.84119265026589
6.62948189444445
6.76351672563132
8.50012636170715
7.88652810658345
9.73573050518188
8.25815133341078
8.2062725867555
7.32214944377621
6.16172491474908
5.45237639301371
7.26406012330535
8.03735346178298
6.1294254291494
6.57520845142296
6.79250035428114
7.06892411589248
7.08758601697791
6.63977383184818
6.61420653591411
8.37257070401764
6.68654900462147
7.12919993801131
6.59244360164345
8.26911013312255
8.77962481325583
6.56128247461685
6.69155636230744
6.10049274793642
5.76423259247396
7.42562035579596
7.0971689121243
6.77228225716197
6.23240136995705
7.64023406651107
7.9307141742703
7.08953593094711
7.57481870839419
6.4461630358783
6.40678440971212
7.48072829579744
7.00667624996598
6.94061621417862
7.07687784070257
8.47664963827858
6.90266303629225
6.83532709910785
7.98217283798026
6.07365368431459
7.19481204403392
5.3226741982732
6.30213290053709
6.91402193879908
7.40931389858751
7.27892890694953
6.22796833383099
6.62308475066856
7.38160293951913
8.38054071048572
9.26356849432324
6.65278302049699
6.47386646871607
6.92129818161636
6.4541123078901
8.55165952359748
7.29764543934202
8.39270928577642
7.31843079050064
6.10290163173517
8.0801971696957
6.53789237517317
7.47485233801055
7.79871654379017
6.93643250339067
7.23119400234175
7.41414010599053
8.63846056633555
6.53603451751408
8.226521263571
7.64992871391092
7.00867266242974
8.001041795896
7.77716121274171
6.50917004635746
5.58458843766736
7.22805089182982
7.51496758526232
5.96046420355962
6.92711418360308
6.4975587601543
10.5003202868607
7.28866660272803
8.97507777754951
7.12580122788209
7.72641145389146
8.32600942146658
7.16612664019586
7.2774648496787
7.81393240871277
7.39295236994429
6.7806830412539
5.74955999888119
6.29242554614835
7.20824158048415
8.20195002389758
9.06482459500863
5.81848253382252
5.8576016586589
7.79633879234377
6.09364543656622
5.72388483607679
7.30825410460092
8.64799275512644
7.17871017952029
8.25233868672475
7.93945164270017
8.1572356828721
7.34814098736461
6.31610777256266
6.31225724037433
7.60740532679847
6.43451967823737
8.43544350027686
6.32976086507507
7.39497796093399
6.60090789791396
6.22434406473686
7.1775514139119
8.45649481504636
7.06455524662339
6.87206541960721
5.21327783334515
6.4579657677722
6.32053742408889
6.35412065842697
6.69739558425621
7.85618198814836
7.74436001946483
6.23083561701447
8.81913568649715
7.52086935666187
7.47798068848629
6.94264065864544
5.69558537168444
7.02345440061204
7.17743172106315
8.39631325757737
6.92822217823822
7.43392491892344
8.5660285660841
6.6252868476104
6.37836737595629
6.41538737115082
7.26367453803291
6.86135556372934
6.09673248151877
6.90659448407119
7.7284451203522
8.68002389985286
5.73085210215888
6.92225898986158
6.84096020573394
6.98171274333944
6.30136129175476
6.89702275343457
6.20112172409672
5.9893801945232
5.58374694869676
7.85391450709001
7.04697872403093
9.6656050177456
6.59522361984447
6.80573133258295
6.55075140785608
6.17803553376216
5.94134715387216
6.31905268494314
8.8966749925326
7.99779059764728
6.93003043408507
6.22508543288995
8.40177949926837
5.38178487701742
6.24455080275797
5.35869054140152
5.8556508572656
6.77430611397059
6.37699796671394
6.82751052740182
9.17508505061651
8.7862257044023
7.58933808062007
7.48126443770753
6.68873405345394
6.51646326545573
6.27277394676859
6.77498097945132
8.75116905038023
7.55794437878683
7.29252614912447
6.77449654184502
6.09564694191147
7.66897851982931
5.44578257469065
6.0058645176344
6.25385314977194
6.54907796540275
8.46966593762239
8.36690135903502
7.20978814925104
6.91838816645843
7.27756884941992
9.57216639909956
6.57832348950905
6.57097371512123
8.84386263805823
6.3128708178508
7.03058686038025
6.59378320628523
7.30931469366138
6.96050792106817
6.86244329988395
7.67612626511337
7.59927376619352
7.47325840267153
6.0320966313242
7.6833044636443
6.72532333423324
6.68104059931244
7.92466214413979
6.82158115290017
6.87464314370698
7.21072529516503
6.90547775574883
6.69604520410728
7.26168744512675
7.30127081817143
7.82117371841503
7.07838885721905
8.40775525108226
7.04456843714907
7.57327501804009
6.93296850497136
6.56503459220225
9.17163299598185
5.50000503848561
6.54404379385119
7.98715141266807
7.75114670422323
6.21213316800998
7.43631185660764
7.35069387697036
7.99924184476027
6.80728436143389
5.73933827025565
6.15371143541528
7.63982854156034
6.40751480739152
6.12937568167154
7.65132297357679
7.81974852532519
7.54060774606708
7.51444505784056
8.5503051761865
8.0723405672685
7.88419908204974
7.72825555596094
8.00308701985604
7.99646345422787
7.05967891626691
6.95229527280697
7.20705877783454
6.5246718502721
8.1155628882428
6.74573918014878
5.90918758481086
7.47434571075164
7.29675174359055
8.22963640505958
6.06638350491694
6.53814638183947
8.89177320288677
7.39702654445736
8.02319944032202
7.66147893681253
7.67248054724495
7.18811410529741
6.43011338341473
7.08956040637554
7.43964019072845
7.18318555436763
6.25465470302579
7.96936232050064
6.56280881909023
6.38180197282499
6.77582801356689
6.27180657728486
6.65747050436236
5.56990572971167
6.6879062999493
6.73154404725641
7.79792420238737
7.62136993744991
6.55237984753771
7.13519052937139
9.66934324859202
7.99414626374316
7.51799823581817
7.53341160399395
7.33220658445993
6.41801522642373
7.80930361423424
6.65749503876066
6.93787239112284
7.73605196952622
7.53539086613135
6.83847967179843
7.46800003461851
7.07771168319072
7.17204612423659
5.91987075357347
8.47640571814151
9.20224693180075
5.71499029387827
7.93748056852252
7.90262912144486
7.31927876817735
7.6864031856591
7.50135549016336
6.26066221779156
7.35385455641828
7.75008286105839
7.82537921095801
7.77633789914359
7.11416330640785
7.10449637994571
6.90475921539012
6.72008730250965
7.0130462366197
5.83173190529543
7.47572044470491
6.9304979616423
7.25657827018014
7.46378925377794
6.45958563748595
7.13764578381985
6.26379591314831
7.48798656910038
8.13064789823882
7.19777316135825
5.41746785073565
5.89333625445496
7.42368476143916
5.84626333427094
6.22327671727281
8.69496572001085
7.17424546266786
5.75479105832018
6.28330312020632
7.97500017798719
6.85950635545346
7.17381648375192
8.82047576439333
7.5646514863012
5.09545144486971
5.82664279812568
6.77172703169874
7.71022674423949
6.87423787271108
6.7661117120142
6.91057384833622
6.3731636733975
6.97321907299612
7.92673127904601
6.19002217235083
7.74907713072783
9.43791040141839
7.5031134480834
6.35123011185388
7.83461185908258
7.45271641995372
6.21437371287521
6.92586669038708
7.52688849821662
8.59086040029995
6.50664163815758
6.24018273915011
6.87294482706925
7.4831078435611
8.39045145844153
7.91302401276993
6.91309406598439
6.97937551613473
6.8796581513287
7.6241415450721
6.39245175679664
7.30350728970835
9.38560332929435
7.42159938771417
7.619029195175
7.61450694130528
7.12515224016636
5.98306746921689
7.67055708072701
8.30858253956652
7.24023415840051
7.36603084013206
8.10416684911271
7.44939695169073
6.99490212861518
6.12022873776122
6.78461649448655
7.44539343066889
6.90375796224088
6.40354817670796
7.9145638528943
7.91276343111044
6.64772804910156
6.89939185991592
7.01329866265704
7.21083336596329
7.36019970889135
6.31231754483609
8.24040482804168
8.11301051448789
7.75053921987376
5.74521569077991
7.81343864699079
6.27221521240957
6.61896100436907
7.31203383998395
6.63321710556591
7.03087260422289
8.3661517739303
5.99773422565176
6.12778230787906
6.64314515510522
6.80090820667005
5.72500032120854
6.58300732443663
5.96454266410036
6.62714980837495
6.79966907840653
5.92085203551668
5.46354703575817
6.73171124446025
7.37538753921256
7.21655642125009
6.73855680157016
7.05636184128475
6.63832623090464
5.54627108704781
7.47327169415704
10.5810811412914
6.83464593922495
7.89317711223603
6.49885475973281
6.58616455546589
5.62842030693432
7.0331026193723
7.08684229278733
6.42697572011754
5.99868238315288
7.23608342827524
6.9911149783561
5.83581409799606
6.77666425481614
6.43526790372684
6.59666755383819
6.3888181488852
6.80090503222712
8.05736842021817
7.73435088833169
6.51706832687286
5.5044360436331
7.34398794419672
6.99158244232273
7.72584405787244
6.97569358391534
5.94858276797328
9.10022440710044
7.10035542658874
8.05947112050766
6.30464324357905
5.47513336827175
5.70911139140243
6.63743797311267
7.6654872497471
7.00994859182029
6.62317578127226
6.29590573550982
6.33565220886036
7.01839314835325
7.25612464831499
9.06746588367625
6.98662812333119
8.1455827899968
6.78665924797313
5.3713412952647
5.44521963448933
6.70125499195081
5.76630320360283
7.33673447044831
6.06948820147493
7.40159333176096
5.44598784376559
7.60766578766734
8.25867469060869
6.56997261608629
7.71782618814186
6.73364935497335
6.94310279067763
7.48265044434777
5.4337498400526
7.47112048787838
6.37645310329151
6.01462618697736
5.95353560990901
6.61010670953932
7.35529384215353
6.51187796662476
10.5818757218936
7.8208023818561
7.05974353218607
6.76299573296009
5.54351459979586
5.95985422498101
6.13333306145887
7.08189085559489
5.75546499716347
5.78258738058856
7.31718095834865
6.52927935839252
5.92867658723915
4.81886594246641
6.69526859422703
5.52635910404793
6.90506646919983
6.87565181142049
