5.84154594652211
4.97189918638885
5.35514356025807
3.98952736038741
4.85652272651254
5.31949299392849
4.75081711932087
5.31310009501904
5.24573360949995
5.13313886072587
5.58524324918568
5.82191584007171
5.34495872673415
5.17470219810429
4.41903543244282
4.57088832703632
5.5559188559561
5.55768260077898
5.50777791133895
5.42118453172528
4.67968302378285
4.74362573844394
5.04806913859476
4.96074197802284
4.93008393869192
4.76716814361655
5.37684660648352
5.63884560874298
5.53860834884972
5.46381459751793
5.70453372897466
5.29622107647166
5.71106641219264
5.50661145318421
5.54510209886364
5.91196765624306
5.52924751651647
5.54458665250412
5.09465702056866
5.55263444853703
4.9148830664515
5.44271742560869
5.18873883678735
5.69154835521206
4.94577130639685
4.76599149553127
4.97292241708685
4.55644172109616
5.31408881740561
5.03413233697231
4.99158265214296
5.42208857444354
5.32816489788484
5.26371419689521
5.51523066327979
4.36466877961016
5.54819639603998
5.1594958161489
5.49635392059799
5.49794053626778
5.23316221425458
5.688863592863
5.8025947567146
5.87672873869034
5.09472212960321
4.77000003349723
4.73234113481181
5.36880091378607
5.26064064591339
5.02675249534593
5.16268177967426
5.21978764879158
5.27412520298073
5.67541661341032
5.64087410111088
5.792033400975
5.76485981066569
5.83820176880213
5.54754196443494
5.90445329136676
5.46067092699316
5.13340180711259
5.17360489257938
5.67091076750286
5.43248458898261
5.76798988509977
5.81886245905839
5.81787487249609
5.80127272965979
5.8768190893382
5.41193636128723
5.6937175739738
5.39852699372404
5.46002686540089
5.23736871763572
5.3546656588497
5.21749494624071
5.74976270963645
5.61834658357916
5.88076268004516
5.96951376368665
5.81845716205056
5.38268381438821
5.5934062120296
5.51680624274449
5.53726101928544
5.15362464998134
5.03585868512318
5.78615723359265
5.04636477232469
5.38061140455725
5.44466877410897
5.32845203832307
5.45531014063859
5.58210701789855
5.17098017039597
5.24743500429852
5.23693653309973
5.23052833710478
5.7414215844948
5.76962483177831
5.52742976204047
5.41891846508732
4.96897567277677
5.63885994641509
5.72886305732733
5.87632509773818
5.7092107656724
5.86007326094829
5.93188240850162
5.59832389753996
5.66657188858551
5.79703411845942
5.58498556887714
5.64995369760352
5.40933784162615
5.6959319451403
5.29378371001702
5.38422487190916
5.05710185096987
5.58723638868328
5.45282857974665
5.47902835928888
5.47605848051398
5.15341874981155
4.76067211064192
5.13601360070889
4.88306013545731
5.40696675031585
5.19458019834147
5.46746802097521
5.7359988401147
5.50103840037861
5.4510046781546
5.56643334506019
5.49311373140091
5.25220800892487
5.4098581375753
4.93284763139242
5.27646013038479
5.25534522124793
5.4472128840201
5.33651333356268
5.38501618370298
5.33786165274939
5.30483187394298
5.78385538891759
5.77347756038794
5.1124454470958
5.23112478715162
5.42232200658569
5.38811223719383
5.41159015264766
5.74064327022152
5.59223748584604
5.27141802772852
5.24106164654683
5.43601781051559
5.43761950140081
5.29041147376387
5.17063009202605
5.47482832020396
5.58444258181442
5.49164218338819
5.11835347940794
5.67239377901909
5.37267719984341
5.28625504209661
4.72116978728886
5.06568362619105
5.06139368398729
5.37964731031131
5.06978042131837
5.22211513288963
5.1475039819721
4.72857409534492
5.11222905706217
4.92677639982345
5.38978637608089
5.41191541687496
5.36721289618188
4.86948673884573
5.07928873761996
5.51152892359469
5.56103454277652
5.86510310588812
5.86300023365776
5.38726261505301
5.33419444561396
5.20589675569169
4.93790560150608
5.42873680394918
3.72534107610789
5.38059183783762
5.26341726941304
5.20290871656358
5.32945927796432
5.70620123639932
5.56986550256591
5.6490302915309
5.74279503666838
5.7158373153152
5.83616046162591
5.95925980917272
5.87701204960302
5.27052997239773
5.56021626092476
5.69384179678601
5.31786535904387
5.46941910472772
5.76177838744247
5.33600151853256
5.7492087256068
5.09775075372158
5.63313874702822
4.91882866318457
4.4930163333427
4.8063883391025
5.24262911584381
5.32806955711767
5.38488666500672
5.31281421712664
5.72550283730573
5.40243614861703
5.17638756797911
5.36195737333147
5.48768737607166
5.51475470812519
5.79322861838656
5.57095429406567
5.73913362841829
5.88864909633358
5.62732480816233
5.56633029010417
5.64606150724545
5.33262965645655
5.21464247959416
5.27383943111008
5.52686082793979
5.5854135243578
5.60532755939555
5.57599199685114
5.69509541121898
5.0008605324517
5.52920745012453
5.22492751766057
5.17288843573571
5.33369769296194
4.94496497789941
5.2957302415008
5.20768017524689
4.73215615829392
4.852917395695
5.30495040137496
5.68279346102528
5.57847926638692
5.88936922110467
5.67498308721368
5.25033628519388
5.32477938736216
5.47988219075575
5.20641807006387
5.28789346981208
5.45502438795082
4.95010063137913
5.61567777251678
5.4461362165036
5.72994728595192
5.78169355763092
5.77095660445423
5.66343668074707
5.42815305031952
5.35083031888936
5.59659788750039
5.2671514745759
5.17544465821558
5.12145219505121
4.85450584800737
4.05906518747703
4.16766628687779
4.58414916903816
4.38224242284098
4.45345259511056
4.97888547760521
5.06834868665659
5.08717675788011
4.97237150502926
5.19146763907004
5.20610481309729
5.21930363346326
5.11711517147418
5.55581258543164
5.52136672176964
5.43366951244072
5.56179968992308
5.3955940383854
5.36395274481194
5.27531631405777
4.95072966567974
5.12680728079214
5.2139070679552
3.91775241919438
5.04417089245899
5.24654204761189
5.48900820104312
5.62828647675269
5.33369648776852
4.80173321590452
5.23025089628625
5.42587364138008
4.83445147278118
4.77081150234804
4.7698351966212
5.31393366854783
5.16922400259589
5.37224649718744
5.46988159171476
5.77517502443891
5.76808115775298
5.50512426020646
5.61748790155248
5.35557197477888
5.53326984051987
5.68794114630999
5.40479821038015
5.37341970051168
5.77609328786844
4.91978138345663
5.61182838472643
5.38542589364529
5.61137095857126
5.61608402313746
5.76727184678985
5.83142085320968
5.77034234516724
5.98082035639428
5.99319831501122
5.45763813181206
5.15495568081941
5.54601644270337
5.40574572375184
5.4990248261767
5.3758384506548
5.49965295297616
5.09784073947868
5.45782912305103
5.55535927050035
5.3658533947279
5.50061328456315
5.54495283107315
5.37343722551432
5.13157418935976
5.50843022210874
5.64266676889312
5.45663378814221
5.52639280805108
5.71855743190328
5.37076555375155
5.5825680686827
5.58170708005728
5.70109815622757
5.59921009938826
5.278722694101
5.39918769037512
5.55324845871405
5.05336762347324
4.82222427066193
5.39703953231079
5.71656384800261
5.30292625025035
5.38524067815569
5.54410251517616
5.39082562208465
5.54386930034994
5.31059528354207
5.66841145846225
5.29419731654758
5.75676963112818
5.6263683216241
4.98586331313784
5.62475291760527
5.70272718007197
5.28365866540992
5.04413398261059
4.00103412104685
5.0899558472131
5.5955201785695
5.32714833550239
5.5377835735704
5.32084955988026
5.5294582619537
5.51420783352898
4.91314304761177
4.25832416843831
4.71787870006854
4.88223565427486
5.31545636460601
5.00666719176537
4.12461266844034
4.90097157092611
4.79033008080967
4.96634516790574
5.56143318477943
5.21942355663012
5.56747429472802
5.09099520405866
5.55714047710747
5.81192621304915
5.74474400726249
5.85797930830284
5.69079054855725
5.83053849630018
5.5013166868174
5.41923735063663
5.21061969928399
5.31263905676113
5.14768282871013
5.62968057516858
5.81375521045164
5.50624447400325
5.51766535588174
5.23303495339691
5.68847541614814
5.53832020009871
5.44567263764282
5.48795068825375
5.35337550357454
5.4659115338068
5.47375316954131
5.70355906372209
5.64127184266295
5.48519001201347
5.14775050029777
4.94230485225182
5.50238872995684
5.69308246286258
5.65898065429089
5.71646581792428
5.61772601761366
5.69537093623345
5.79118920244663
5.65526948164807
5.36704940504878
5.09714247991322
5.44979877226221
5.6936941054034
5.605867472649
5.8992200123103
5.34294186119815
4.19468194084597
5.05846174498347
5.15662349927849
5.23754144077672
5.08112487077579
4.99148294039611
5.06543892494904
5.6030878710427
5.75582941326911
5.59218750282135
5.16600678873728
5.53085941204266
5.53524065769755
5.74490609124186
5.72209794278749
5.35677523100123
5.44147748016931
5.34536725536931
5.61384609721649
5.08955889738985
5.42690866124721
5.3575533839993
5.34384371162356
5.70901954551061
4.62889341415613
5.08867070086104
5.24488088861354
5.61719048040332
5.17967733427225
5.38499147508469
5.49119106849006
4.72218160377865
5.14534796385636
4.77522975166528
5.18638906372525
5.63285678422239
5.39737383565171
5.14112445671897
4.98147173888481
5.37309379305143
5.46880893529782
5.44550493970061
5.0723349649144
5.00887538704379
5.45732302650184
4.96779784868804
3.86846995653689
4.70394275267134
5.21630369033657
5.22074576609681
4.1925882625257
5.53747413969901
4.96071726865878
5.30616029347224
5.40062658282745
5.2830136979579
5.57208845534804
5.64409045998527
5.36848327947533
5.49434054712769
5.17747568832343
5.4303456738941
5.57173164967141
5.54065231991982
4.53353124573753
5.37884755106698
5.33244278728803
5.72801605349743
5.70562960303303
5.6522849227258
5.41832269897379
5.8519691597448
5.48476068657795
5.29314795243852
5.42136781378467
5.25108428502326
5.17804175349882
5.22769543289634
5.5336333814689
5.36423722978367
5.53740598791354
5.66200421711109
5.01135623472379
5.35237151452788
5.000590428859
4.6373025681712
5.47857785182272
5.01902856790412
4.8557359042835
5.6657031638243
5.19388134929947
5.79665030166155
5.8457464835819
5.44059829127829
5.63732012310291
5.25830449674698
5.33816943244335
5.22346875697952
5.18667192882328
5.06750380625301
5.57314424052846
5.0396113639764
4.91670778236915
5.4703239314569
5.10553902707377
5.22901056427561
5.39276384008647
5.42959426031664
5.33625729093007
5.56676054691263
5.42184019232024
5.38972063599949
5.6886570830939
5.19247505880134
5.62104075371257
5.53840306462368
5.82151567366154
5.5729094146829
5.20544523522035
5.17675895094972
5.32776354257276
5.32619664895859
5.07961174384672
5.21332838376557
5.44083947806478
5.18272265620729
5.22641416584111
5.62023928429526
5.49162731225657
5.58948205628351
5.52812050275328
5.51483400703431
5.55110100726591
5.4223661275047
5.4294265248036
4.71440100631601
5.00103949065563
5.20855196860347
5.47459302686717
5.59697974802935
5.52320086711291
5.20275957861732
5.51274562917987
5.24385684052246
5.1427510811927
5.56630586183019
5.33971243058583
5.63727001781797
5.70611443732429
5.40357486896319
5.64693017116594
5.0571212748223
4.82451512959578
5.43861664231238
5.40662278704241
5.03558997678401
5.29462928826658
5.22328593355212
5.68730932583726
4.4441701595094
4.9297488400403
4.06836380590827
5.0784234659923
5.17529580803639
5.45891702788089
5.46222918804135
5.69855866938185
5.44581055558728
5.80810031171025
5.35239883728609
5.51521367091361
5.60264434676373
5.54679830100967
3.33336548859402
5.36866022395771
5.54572384090906
5.61900521468782
5.59640950398496
5.71787036615289
4.65513766000256
5.03903298282063
5.27642792467804
5.40968402512279
5.69532092316459
5.36235925186771
5.04441122548147
5.42837476762111
5.38081551138689
5.6222150236032
5.79558766852068
5.68618019497551
5.91847245326008
5.72653045090863
5.80525484726808
5.83347441613023
5.53279750812912
5.75448940634055
5.81729962053777
5.45553802953316
5.75499504567296
5.68612423968044
5.21830468361606
5.51374329161951
5.33382818413575
5.43907915296161
5.79057787220496
5.29799374556032
5.73944768973803
4.32460043828958
4.38796787476524
4.9642503474612
4.95222810721265
5.64674402280494
5.23340993799705
5.71531614153444
5.01838187665232
5.33811833907864
4.87449426998219
5.24703017376719
5.39923388492517
5.35838248900711
4.66554032453082
5.41656784109134
5.14355161916073
4.93490551033188
5.2688972751517
5.30874245536056
4.98040214680026
5.30707536182723
5.15168379948742
5.22940383873875
5.06562170788459
5.40425163602525
5.33932867397009
5.32599657157658
5.13431645198095
4.70539083835965
4.76858193718194
4.62815346964303
5.20090208440149
5.06340792225135
5.05388694284729
5.01421798100854
5.41630042632407
5.30040395839437
5.16850813057711
4.7076320234443
3.25937794745807
4.75223062933685
5.42467784849831
5.50540674882486
5.28216179391192
4.48304932681969
4.97009306900294
4.87774075154582
5.2491560510297
5.24323891957619
5.21113926412183
5.55470421391453
4.57722401178449
5.36549426530669
4.88244783325087
4.47200393279075
5.14982463875503
5.56709132835382
5.32811506872449
5.32556288939238
3.75571854550408
4.52790589858133
3.84835876747826
4.57741367819531
4.95654667882612
5.25019612178871
4.87846564491521
5.35217137394548
5.49402744881009
5.52803913990364
5.53360111569185
5.64854585624872
5.45529646398666
5.02766146676925
5.12459734767376
5.62248610928379
5.14689234427572
5.57725517762603
5.71366110932949
5.506438661411
5.34978526815664
5.42677497658864
4.20535948864865
5.24640258394042
5.41861560380752
4.93685759152326
5.41216033469325
5.22036983970727
5.78634408769531
5.20939489273458
4.44518570020542
5.03599427974245
4.25231624899026
4.32710119302301
3.50213730951952
4.00164426621519
5.08714388667308
5.59252592905122
5.6791650609411
5.6158748378504
5.61155744789192
5.41914789268781
5.34797161655592
5.22185430189229
5.0178399143918
5.4090223676448
5.41853418855494
4.77051582129035
5.01838770245487
5.22487982601491
5.37861535477912
5.6766588954202
5.28849917592603
5.7194857923762
5.19996728937884
5.57796225172566
5.63310872861935
5.51379927307007
4.80255556746034
5.05882281660543
5.51234317202586
5.76166329123037
4.73670852058807
5.55762313884695
5.35521131310322
5.24285263558532
5.34304889937971
5.6593088722405
5.4433938146046
5.58681664994713
5.41358688640895
5.51864175361608
5.71575001169695
5.64270672510861
5.56787732162276
5.3449970613652
5.07921943031392
5.23803058901473
4.19986685494798
4.94369841328235
4.79551371378391
4.75255868156854
5.28508380673132
4.62927136682266
4.89242574491268
5.19476963866295
5.46623970590514
5.43288611520024
5.64176677232821
5.33319091445134
5.0994989450161
5.21964217143714
4.98772089369905
5.10968146792487
5.02709317663311
4.95394118327293
5.13848434417625
5.57420315131997
4.22808560891015
4.855076176183
5.3138037949796
5.08739091808463
5.26612851004757
5.22314026432922
5.46468584296774
5.17670627302595
5.01622037824798
4.70504220713596
5.01643039396069
4.72770572246117
5.28484657865257
5.20094391861862
5.1650334217496
3.96090354417571
4.91221031470852
5.47034321362477
4.46400624682626
4.61156649986569
4.3211738106604
4.45730357831417
4.62880424828297
4.78016069090141
4.83704948756636
5.21333221542988
4.67094552633477
4.56914102076656
3.86773733073279
4.97700243926591
4.79048097419749
4.88414630120687
5.23806256639
5.05597069531168
5.09734930130921
5.5326979077121
4.70704148522228
4.55051673247162
4.24249520454294
4.65513208574439
4.8782283671773
4.98065024430701
4.36654602311672
5.18047255234925
5.67744776559042
5.19363527023974
5.23290241876275
5.13493271417276
5.34139401083572
5.03110103682834
5.39633843350873
4.28823243244739
5.33856071618909
5.47414607682356
4.94960181279588
5.17784097541847
4.41203852903195
4.19880292762075
5.25766748641339
5.37468663678952
5.00687916235076
4.54576736951054
5.26831696681541
5.20075692322153
5.19078393068687
4.97067019491383
5.15500711280115
4.8168848608788
5.42686527725974
5.54782264189875
5.60405452259298
5.58675310476044
4.83641474211692
4.8755480709853
5.64047580035615
5.50800460014446
5.50270870209325
5.68847761823814
5.31240315617172
5.1232071598032
5.25566276088037
5.28623301808121
5.25000433854461
5.2571925753889
5.59686916566299
5.54346053936265
5.43550549824201
5.27909114312159
5.36925339697193
5.35905850838949
4.99848528799226
4.92829055563001
5.01716346354852
4.9953033753413
4.81318946567388
5.08002761725324
4.64123453377586
4.46482500128626
4.29236790600808
4.09323793674056
5.31597613548186
5.21082522045221
5.5554070521285
4.77520724645042
4.99518900566559
4.66519727647628
4.95752344308235
5.47736824058348
4.17875965020698
4.45391888028853
4.70140747587225
4.04431115645645
4.71995968367925
4.48219417934494
5.34749237219343
5.46328088070476
5.58570885290162
5.20524866170459
5.5255678293928
5.17692173480227
5.27777444771635
5.12324535831774
5.41301497045007
5.17656674848614
5.1508556624159
5.22687228374836
4.97448528369025
4.16689605303417
4.59139988121577
5.17009706730428
3.80005641112363
4.77601578569513
5.31583045652509
5.84419279064194
5.72378242993212
5.55957590964876
5.25257116644359
5.67273889339503
5.59236342065049
5.14218292479587
5.1837234719343
5.24335977281233
4.74746486466189
5.02016485581888
5.32428183638458
5.49813780236047
5.17265651159766
4.56294576621356
4.89174256780688
4.40096727480985
3.9319972103355
4.25930587537702
4.29096038600448
5.19036098776757
5.15751036067553
5.48636261778107
5.2177232047415
3.99760139495848
4.45487306273924
4.80070329187016
5.08890444596211
4.94971826134836
4.98644627154874
4.73765904323729
4.72515572024787
4.37777213507275
4.15566336097025
5.14611599613866
5.13127564048892
4.99546259059079
4.15960742863753
4.67733336822757
4.89381323280377
5.59664369183864
5.46565701380156
5.81602125450156
5.58725031674041
5.64439260522808
5.42265899719608
5.31071530515035
4.97059677481346
4.98942979584962
5.47199734671959
5.73319698795364
5.07851316653699
5.47048813116759
5.25988782015073
5.35959804285497
5.02412090822923
5.17718117640595
5.07362836485406
5.22228272518299
5.73741633339616
4.8880399217904
4.57427789188453
3.23105757532347
4.72490154586746
5.08508756161012
5.63406820553763
5.30484057373075
4.51564361925699
4.86036727327687
5.36526439707119
5.25647006876799
5.6653799046872
5.81710648636019
5.79936208678389
5.62553638327653
5.5288961158682
5.62110482056551
5.8980537738784
5.73538998237885
5.35188991648352
5.59768011206193
5.59604740173683
4.8649223734627
5.38068292532294
5.54183813420299
5.83125766991824
5.8060179779235
5.8053494471844
5.72141106405
4.0646319765799
4.7431761738286
4.90508576272642
5.64727597560273
5.48046610981703
5.42777247217899
5.68149476781286
5.73382446805739
5.40301813773412
5.54088483224338
5.75999800940726
4.88999358361771
5.39050053109463
5.84432993174475
5.74977335831295
5.34610719463993
5.58681704981049
5.15398325103531
5.48109925562236
5.31533981907832
5.32024709443654
5.45148686877682
5.18630279354803
5.31521392187161
5.23151099488283
5.01957339120339
5.233753549155
5.44552232681198
5.28653243244942
5.58276762091007
5.33039049867364
5.42305612505809
5.12663919849991
4.63592542300327
5.02696240451192
4.9419664027219
4.92918664814956
5.3356490920236
5.46137549120571
5.32597308988784
5.50732797816736
5.76936831290365
5.69876561323467
5.79901395130837
5.27986764032782
5.42635335932666
5.64840655365063
4.61980166361019
4.74686949509324
5.13141467414951
5.58972786126442
5.41669753458757
5.75328831533295
4.91679759919625
5.21295341122252
5.28123320800271
5.41764706728157
5.48801040887374
5.56867727437634
5.52277600608505
5.29261184717998
4.97174381678453
5.3981357432236
5.3040334521778
5.28138277935292
5.38588570952766
5.26992398259372
5.61860544223515
5.5982553017768
5.47719591376075
5.53961718360355
5.70366178146522
5.81343220485647
5.23423555436612
5.48805776042976
5.68568365192894
4.47156381008819
5.09423528784455
5.1432186836147
5.66618572324794
5.15072637003648
5.09575544552741
5.37581474669085
5.28331452355485
5.11018100270928
4.8090645664227
4.79271549014257
4.88354988341075
4.91176950934232
4.95028892478699
5.13600899795101
5.4475659943558
5.40270057199804
5.44366794316163
5.24627763645084
5.17776468552273
5.3875567752274
5.32972875057411
5.64766505173535
5.42079960275851
5.53308274103076
5.2854662521068
5.44466832017354
5.59949069734198
5.00694893440601
5.41294440289474
5.33136991279205
4.60595651234401
5.40956762357601
5.59664124096179
5.33285170770087
5.40061116580605
5.65501912227229
5.49252042184224
5.48390649930111
4.11333304824489
4.11987163877745
4.94250882277417
4.86727776173741
5.33877205479972
4.58715991504991
4.96563582415036
4.67638458019684
5.26496570683593
5.28987396814548
5.47670185956643
5.11381597191857
4.57035209186758
4.35109514711096
4.67207068965785
5.22762476307232
5.45343023488058
5.12882572396066
5.28164410130816
4.72934034622835
5.26267586248407
5.65820987273575
5.60260211327525
5.12425408583054
5.51127467132508
5.22493188717127
5.09426689522985
5.1516549053908
5.13073465513957
5.24864474685428
5.30038855566976
5.21349977920661
5.01247358543811
4.9663328831187
5.65698110178588
5.45455333759016
5.10593729399985
5.51915745318646
4.80522829181617
5.43969785370022
5.12703149512048
5.41489516919687
5.36227044899033
5.49803753345493
5.28111265738972
4.9319383092816
5.53656813903581
5.59644648132638
5.41386023335343
5.28881510613275
5.36639649792252
4.93470098003511
4.70680414818012
5.38487639889022
5.26075778109416
5.20213923783839
5.06884551484084
4.92288048354248
5.12040219217503
5.13631531390952
4.97665385661964
4.42633520667155
4.57212881902411
4.80394242812416
4.73097454352817
5.07865930428022
5.01258186754978
5.7315958115195
5.33637503798166
5.635527309757
5.37301129301451
3.97188089147966
4.35123407288736
4.47535595617205
4.6871872980372
5.07517357318579
5.45827572488113
5.63299454333067
5.28386507170292
5.33600923635055
5.14080678842158
5.13487930663355
5.18358713372034
5.17766628288963
5.25556067448636
5.25472486781599
5.31205303417583
5.79046940008803
4.87663196492789
4.18708971096567
4.84680870459777
3.63804929554641
4.73744067854229
5.08342023943104
4.79446467073927
5.04496235602377
5.05473994994403
4.48757144632894
4.49509966892105
5.04018520514353
5.108713521932
5.14119399672099
5.37857446946846
5.0507675615857
4.74250138157167
5.09751055716338
5.2354414598953
5.45962205244762
5.23846367775955
5.37511937342528
5.6118770076245
5.49933320332648
4.5140178499742
5.0372508461487
5.1971903767013
4.3944976566581
4.31500269236867
4.9793556561705
5.06960703075
5.23155953848107
5.51576246583133
5.39654527116943
5.12699388597259
5.42230614372815
5.42411713643209
5.4375485738522
5.54367344878823
5.68358664789534
5.0751807566772
5.46599034682373
5.33254727704509
5.60104041313335
4.92874060788776
5.08746945672504
5.15731342350151
4.35793954048467
5.24925430539941
5.32460269146314
5.16395072899422
5.01429690341205
4.61031110325641
5.49669141114792
5.64633664305875
5.8989158884252
5.5803019251515
5.75215601964623
5.4537528176291
5.15495381047895
5.36041579445787
4.4561073707399
4.88071680497885
4.97045145833787
5.44867654193592
5.77121740283839
5.28712762231908
5.38758082045374
5.62289077505266
5.25881279256487
5.38742573750608
5.18728378849815
4.97073755030958
4.59759422367583
5.43512882389188
5.66543475071213
4.15229844433061
4.73974004070026
5.30518592730499
5.61248593840255
5.60211368384094
5.47914614837907
5.00882668508357
5.25298536839715
5.2163975344397
5.62449812601482
5.41940897931745
5.03754127834509
5.23471845885853
5.44153117778572
5.79347532420283
5.61915371245753
5.33278729939267
5.65819221605924
5.48979172639916
5.49029681441283
5.45848479226796
4.51587938840705
5.44678072290365
5.00867139997482
5.39233295450896
5.48506049760168
5.42494373713219
5.66425611997232
5.42961401880169
4.87406580092613
5.37547023435471
5.24115869234769
5.45376809582794
4.77323700247466
5.09793254104866
5.54044029002782
5.43421901238631
5.65703277817527
5.49749916628636
5.28779382549499
5.55651585654084
5.13763876584252
5.58395248073936
5.40938295026485
5.49349735689275
5.46504281995329
5.189521897009
5.27739893720278
5.43671159707759
5.42519621788482
5.77000597396588
5.44299343842778
5.64996988301426
5.29323064973186
5.02161886212111
5.34489440217478
5.14575981170941
4.97346986568692
4.93619706887063
5.60299863168177
5.41984674653293
5.66951703012243
5.09301545324165
5.25445455933849
4.89910848466027
5.26460702294791
5.49471129670899
5.01653604464902
5.47272903885283
5.51282025149918
5.29244161437537
5.47791246995753
5.46339412218074
4.56623626802034
4.85336741949206
4.59554982547767
5.24656745192288
4.97308771598228
4.56918416467147
5.18480388257026
5.22016261128356
5.3774542585275
5.25856118975765
5.16813252259832
5.41969567852241
4.94241369756163
4.52861323492207
4.61715357469608
4.24025180799258
4.45501058553269
4.95103015902746
4.66426659541102
5.28206336381064
5.61028915455333
4.88092004592975
5.33937926112988
4.98173378588013
5.30854561118451
5.81530838855179
5.10501885012097
4.93747273334557
4.87019433389398
5.05066984149649
5.42267475572749
5.4378415852485
5.54262561839068
5.62067055607178
5.35759738347618
4.57802556179714
3.63408006583139
5.06225657948905
5.13148881139704
5.42545092310039
5.38654122383599
5.34569670742073
5.38246549160254
5.42911558148735
5.39082408584608
5.49672469655988
4.94351366263732
5.19389116212423
5.00967498296181
4.91887421691269
5.2906331715037
5.20617258511848
5.43780402014999
4.45110094206077
2.44540723136261
4.53301479713329
5.08343698832877
4.77982890596274
4.96397767338437
4.92829569621136
5.34886461622682
5.28443197253011
4.85712223697338
5.28651811268028
5.48406647486359
5.00243582854846
5.38330571032326
5.03799066254989
4.69647250391398
5.01782679734909
5.22986037911053
4.90909257607
4.52800227233878
4.75219486038982
5.0930534901731
5.08754976575974
5.40751462240165
5.1676021410944
5.4336526552847
5.81149372353708
5.09402189874761
4.4917709676443
4.60958864188593
5.14109032289144
5.6597436478681
5.2110573785455
4.1776127780582
3.96617740492026
5.29594371427519
4.37671500731271
4.87536300596091
5.21347260885648
5.15148398133545
5.06359542894939
5.03584568186031
5.22743023031902
5.4566351294037
5.59387958846299
4.40025350452836
5.29591267612741
5.33428321741096
4.6806800765791
4.75987645194791
3.20880801495773
4.14502269481713
4.20526170609652
4.5358437101081
5.09010352125665
5.32293250536218
5.71708924802597
5.02308319024189
5.20969518641286
5.42270395202335
5.6333075782111
5.69273872990843
5.64573667915956
5.13085939497
5.04139924416104
4.00021446814029
4.35082659894483
4.48977452115409
3.98077767066321
5.33732994426142
5.40387630848415
4.6904476138115
4.99924611796406
5.57270025820118
5.43059341233405
5.42838074195124
5.6381100215443
5.55133518925229
5.4284863574341
5.66153681649634
5.31730605240018
5.15344522051623
5.27953791556455
5.66952083020055
5.67757360228673
5.60173561913303
5.32718555026458
5.30610237603681
5.36742269619003
5.16850085047095
5.5275395644639
5.72513930404134
5.64691891478574
5.82054715029507
4.68124160815208
5.0460820362357
4.92198044645282
5.56648535041799
5.40697169068791
5.5424137080482
5.3102951634148
5.10778947593713
4.76500306483548
5.32912940646127
5.07066670908279
5.77590552848289
5.26762977454472
5.68502775847217
5.13962949637147
5.51135919979944
5.64046509849531
5.30230183461678
5.69983257154517
5.4084890189997
5.65187948394119
5.75316793067981
5.11303089678967
5.59387956951634
5.59074576798758
5.40523981305919
5.65951031373131
5.90373603103982
5.75849209275972
5.07539769113023
5.50101501870477
4.90605084691726
4.35820628265806
5.1261093635613
4.97595240706737
5.53520795774403
5.05547824365096
5.39705901358279
4.68820268993156
4.89622590237865
5.18669245696054
5.47853203449639
5.43051050917543
5.75144030971046
5.09881884643486
5.24298530844218
5.70632516929213
5.67840315874567
5.51308562212035
5.19475116274233
5.7955687323991
5.77882579369067
5.97399207227005
5.88486706319952
5.44004609779881
5.50060228827863
5.46722689388294
5.40407219422477
5.02704061536232
5.76585298682271
5.46263022577832
5.44273635055379
5.4976226573163
5.71091032938171
5.66363602657055
5.4004062908074
5.4827857389413
5.41278947549296
4.26917335422005
5.14718380080297
5.51528348880037
4.97943022023019
5.17084448749388
4.86223000821947
5.26027071334521
5.26500155257748
5.50431811838665
4.77812534569463
5.10302148585236
5.70226314269846
5.71965673017051
5.65761486966943
5.51438743356223
5.44312771189456
5.72591353085293
5.46453551696248
5.21279821263046
5.39596142029492
5.23313464752413
5.47960620937272
5.68926739239803
5.58245796493911
5.75341689395641
5.47540156669794
5.50947413871351
5.50956579716994
5.2618722265814
5.15426881061546
4.88218101563929
5.53909198383147
4.37541233174291
4.48146224894766
4.86916360065815
5.59858494421352
5.64060949892014
5.71338403815459
5.52882700459613
4.73891511053523
4.32781399946853
5.49188130857236
5.33286119162767
5.35220714724402
5.49846769211676
4.96143296857981
5.46276999365264
4.99741822640575
4.74202007307079
5.62757161119497
5.71126357831311
5.57764844593438
5.81411993966264
5.60945440514422
5.59532709758913
5.50213991880425
5.80313942299271
5.40760011823416
5.6440477487115
5.52521140472151
5.68917281625704
5.46267094528957
5.68239026444239
5.75390066471373
5.4063468243195
5.58078276231999
5.49505577759736
5.27433949004362
4.92715668861492
4.78359316390756
5.37224382594359
5.56987757613007
5.31434137033458
5.1459149803325
4.25267390125733
4.76935429191669
4.92494102272478
5.31821362176265
4.98385051954082
5.5442369690959
4.18697174564996
5.25601964654769
5.35433963378299
5.48444639775142
5.83859918389525
5.64333502967142
5.51876969843378
5.78441283786489
5.58229451546962
5.76718302331533
5.75892767442277
5.59684920828063
5.47969503623358
5.42820715712098
5.89737986748321
5.79074404910343
4.77041774275751
5.06788917128039
5.31698181230858
5.07718158522333
5.07963436131973
5.29312970390613
5.23429924783077
5.27884436433305
5.50427505081069
5.43690373755242
4.87584572075004
5.32190360144142
5.22413091637043
5.67833634913616
5.7268071525476
5.83252193329587
5.70454790099475
5.49490495577426
5.52732516453391
5.85462845188863
5.53087042666794
5.07074141571412
5.43727611498172
5.12139335423499
5.09584609139039
5.31935204977751
5.66096545522793
5.69431603904705
4.61962365521507
5.38743626685625
5.08295061172069
5.18589286085626
5.0633604148235
5.62460427666814
5.84942478529661
6.01207124336206
5.85278442198368
5.89795053013413
5.6767498324757
5.7050857001834
5.83089613008787
5.6173276474391
5.64219144932043
5.29483961943164
4.91660640713289
4.81089444782385
5.11396745969814
5.72167873865542
5.78143834213361
5.76997483635801
5.72828923589467
5.56983115153246
5.77312990166859
4.87495682030424
5.55902052619315
5.67515559753798
5.49671587424506
4.67997320395865
4.41314189079944
5.01254616495347
5.43593144514117
5.50741829925797
5.64145876112954
5.57710922899079
5.64824113661818
3.02866417686575
2.48104365430178
5.39592510961226
3.45713074829263
2.33161291958556
4.79042299616317
4.65243573549499
4.87013108960779
4.96878514275798
5.3605790145925
5.35675348496277
5.706334610944
5.85571793134683
5.89304585707933
5.57964347539952
5.09838379030978
5.39541506744434
5.5874123603119
5.42426929797922
5.31641824696931
5.03704910675835
4.42707691709681
4.6003263109344
4.42658090738177
5.08476805541066
5.59216346885786
5.45722810018888
4.88478962622368
5.70462643937113
5.62329925439277
5.22705067527287
5.427255172848
5.34036130946779
5.32087658663291
5.41452877122925
5.35011397638049
5.55675727062764
5.06273409777955
4.99944718493406
5.41424431519149
5.25021313456395
5.39358832900706
5.35117305653384
5.53272776344913
5.78963779899006
5.63169365009653
5.67730354768626
5.53701732127084
5.68994167249468
5.9046577464436
5.70590922931503
5.78608742381902
5.44480310631651
5.27336173250719
5.12653218832864
5.36781967519107
5.09538458504479
5.23591941200965
5.3775907830657
4.99788515651867
5.55688970947759
5.45477768032768
5.8435863806204
5.41933169705622
5.42685454678306
5.37520784407846
4.96083662309283
5.46699732511442
5.71975060584536
5.64909948848641
5.53606774554297
5.76590749231555
5.35897215467286
4.83035953286518
4.93627083588076
5.04127962941365
4.80902993764554
5.17842929212293
5.33815819313434
5.59326593182523
5.89908150193463
5.72465464926286
4.28197312622541
5.07316259692496
5.10212458995448
5.45482932828788
5.70349205612824
5.56149976885011
4.8936148587029
5.53728227937095
5.59659933563576
5.07432364181738
5.07292389709712
5.22476954820044
5.46328895520249
5.70607657250406
5.68273201863623
5.83000336306885
5.49555377953718
5.60314984279828
4.89508654523943
5.24312103293112
5.56055657224554
5.57361668246253
4.98548922167132
5.39578214348197
5.38394849998147
5.18609670451205
5.16809833213492
5.37934924761932
4.28208499527491
4.6171731575855
5.34823298162016
5.7193316896664
5.65654534187851
5.8349368870493
5.47591153247673
5.37108967141269
5.15077127397909
5.60224101763373
5.13882329159198
5.46859231476093
5.229482355968
4.82181657299755
4.87710828468609
5.38774510030315
5.0118640474758
5.69949195797169
5.60642026177045
5.46655097830751
5.17420050210366
5.59467727672034
5.62571215946018
5.22455523943337
4.98402362925958
5.55022818148585
5.38632176686057
5.42144109774202
5.57982137495349
5.63341978845788
5.69305042530651
5.97591306020346
5.67387340988964
5.11592161782091
5.32268882643027
5.13086269923972
5.34588071342192
5.22162785199668
5.39869637379015
4.8128167496337
5.36209506004073
5.1787408558325
4.88910513765136
5.42558192987679
5.82103156066775
5.61524909717526
5.4880710906808
4.6854401461606
5.12867521625828
5.54585350593832
5.33809040523613
5.30210083208936
5.28885815773307
5.40963233604752
5.58749501678454
5.74371607055554
5.24451344031631
5.07819624690093
5.47030826339399
5.237773427752
5.75280253554836
5.8146000206037
5.7331057728615
5.96522979539937
5.88197612875959
5.56569394789258
4.37920131077899
5.64339918241108
5.14910402577893
4.92071925968682
5.13635617550106
5.28612004938867
5.10882909240011
5.2808487960852
5.26669939141801
5.54872574806845
5.16568783244231
5.4450180930552
5.30188045731195
4.58496276866443
4.64044420848177
4.12570840184476
3.0175206980908
4.58753986749114
5.41641048659067
5.69722803664789
5.42395364700046
5.65851513147988
5.59520807388152
5.35435695980347
5.2577583471972
5.24732977363047
5.04963593555167
5.07380023163359
4.66016962871552
4.84597184134529
4.69408291751566
5.21231292615669
4.83955317974508
5.1942670560794
5.11517968636799
4.97087761660102
5.42992703276284
5.54031808038197
5.07899167587316
4.93120489659046
3.93270274511267
5.20275611714235
5.24115573617384
5.10968554821689
5.49641809500557
5.61917016684232
5.65309821176182
5.28269407770821
5.76771097863061
5.11567189973492
4.81933940680863
5.12232508232491
5.30538424817802
5.08645534303951
4.93420281045247
5.47507252934269
5.31789008118097
5.19082301632453
4.94113094344228
4.89854091783818
4.78712589286051
4.97546687261069
4.71293328086307
4.91574433133387
4.58919087100818
4.74163291318237
4.53663527704382
4.70432849972021
4.78210854954625
5.24075313523596
5.60953521929592
5.11081500944687
5.23707784968371
5.51920290923895
4.17771411094927
3.92267671557345
4.96274895384374
4.84383989081864
5.21696237669762
5.43506897657441
4.94926193800401
4.32788399017383
4.98397474794588
3.96777559004319
5.16207980878816
5.63900111328421
5.70018179045429
5.47933582179882
5.06071489760208
4.48119388028157
4.84628155951129
5.4817997170167
5.38257032470763
5.0812941883968
5.20174923452504
5.12065117194019
4.90066157366138
5.05115182863377
4.76181964692438
5.4094378049139
5.40819960307592
5.56127349029409
5.60963893017013
5.50277156268232
5.7081709222976
5.01060581402203
5.31625386783097
5.15159441168964
5.18469810195215
5.79583273969046
5.03954408450917
4.40146819233828
5.17261743890096
4.53278664734006
4.42454830527224
3.25572905073005
4.64834884146042
5.42207497416943
5.69338978322211
5.08927723342209
5.20912582758654
5.54988052644841
5.29994778085013
5.64866434633025
4.78590407927359
5.04238171955629
5.20950438194305
5.57034833814586
4.43365092539937
5.18436863245781
5.37795784041588
5.52653797598658
5.52849105550709
5.21807981825967
5.2308367880725
4.84317174153057
5.40280820378361
4.50496212767672
5.47620034063918
5.29279622753488
5.60155096809233
5.27555525034276
5.50366985258222
5.39231405074859
5.34499622623728
5.25760599065038
5.17120493668251
4.99180172946599
4.76840284709738
4.79103099371259
5.24560248057374
5.02971551823739
5.55718310851821
5.64840853325572
5.78893109480681
5.96317299551125
5.76220501292794
5.20976040891192
5.06858275463839
4.83945643359981
5.0165652886163
4.96291590367682
5.18594978582186
5.31387915674913
5.59388047353094
5.55046192944837
5.59672115832626
4.91141180998712
5.21512230461972
5.40582098518747
4.57725128126575
5.03096906994212
5.03339695347385
5.43397548086894
5.40129963217032
5.41039432756644
5.16392030843716
4.93407576923813
4.64220164748361
4.97569920652856
5.0836390505769
5.29248766027005
5.64136466419615
5.0811177671893
5.06059682111872
5.46547450308344
5.30593405749545
5.62115950866624
5.51102413790396
4.747679228836
5.30153008101385
4.75153597490015
4.25283133221568
5.16725367072491
5.13393662762345
5.19916638149056
4.87807024848977
5.16449491436036
5.21495768861318
4.82277018034361
4.82001285986298
5.42734810788118
4.91928677832505
5.56748156945225
4.86609905486583
5.19518963211894
5.2102435799811
5.51815901396944
5.31045159292029
5.47916505244439
5.20849775013976
4.81843059950224
4.8915163527365
5.13913703882972
5.48290413408685
5.81908077259559
5.10428514367664
5.02315933981502
4.88990650635469
4.54159532764674
4.87313850280479
4.84774687495272
5.11221451826192
5.55757953312628
5.40085289050609
5.58813985628053
5.5237206508795
5.36873837878448
5.03287183931097
5.37148820992697
5.41255921479124
5.5606161511602
5.79258196437412
5.60887208402701
4.94972029389329
5.07622502623911
5.33019056091497
4.2855416182721
5.14580398880693
5.39888488469814
5.5719758777652
5.63449704663689
5.71272949017651
5.88246801663059
4.63775874183511
4.86718927534915
5.40325682560796
5.47470593077784
5.26236413914841
5.56780695786113
5.50645057612881
5.42055423958082
5.42866646499361
5.56412111759415
5.41013346953214
4.98685377733681
5.00952553530883
5.21215723759879
5.3825472679397
5.400929286785
5.38005234739526
5.16879342158309
5.18597441997298
5.58116284899136
5.1507194774646
5.47429717873447
4.99064565810456
5.08992598011318
4.99837674157495
5.58708002071327
5.33133087534318
5.30936117357437
5.58366854535983
5.13273177923224
5.30683105366971
5.54673386908588
5.39567838538436
5.77778673649547
5.39229200093718
4.90365841724145
5.09294118286365
5.20143514930428
5.31170315354395
5.12609601773022
5.29222493842711
5.60306418553134
5.4196768697838
5.1491511854389
5.22553157816407
5.22720283796846
4.65268766981032
4.85735930054457
5.41803553835628
5.45679315189224
5.70879051724006
5.67097227119667
5.45523385450445
5.28402262854676
5.21918667160457
5.48538988537703
5.59514343244752
5.58459444841848
5.7221998905558
5.33447258884165
5.56558811380828
5.27874884290975
5.70809619000702
5.53976583609945
5.24359541574771
4.82733940754087
5.50105631313282
5.40358385600982
5.55000175642158
5.56818294072091
5.1494941210179
5.36377165904757
4.87548260709175
5.17144624080571
5.1797556351053
5.59954258469098
4.64129659533337
5.56889693161949
5.69326531677916
5.10736237510212
5.40263580624948
5.3053944626315
4.95641494578858
5.68639426453654
5.01061420524096
5.10062568374207
5.10307946674191
5.67756216809489
5.90164132563874
5.17970916928312
4.93107564574503
5.12096046119459
5.51250398703627
5.17026236565533
5.45631802504904
5.28067765344243
5.45008147718673
5.61139524783586
5.80020508196634
5.78657212860083
5.96340210000298
5.47526382908745
5.86679740111946
5.42281464042711
5.06590835410592
5.45032260998776
4.47289760952155
4.90084400878885
5.5445336073553
5.33271030025125
5.26038734776771
5.41731005451615
5.53057766272458
5.10195678010737
5.44067982498953
5.45800856321524
5.39335067899533
5.52194662056192
5.88693674287221
5.53321276787952
5.50932046068722
5.34775780372222
4.85499485099957
4.63762688056673
5.28382639354477
5.47478319377509
5.49355234538507
5.59187674171703
5.68113060308089
5.42835751037125
5.30901415620211
5.41744765968226
5.53573618912138
5.28673249801975
5.19312577636756
5.5169792632743
5.42988853438503
5.31624629533176
5.31706757127511
5.54619603788105
5.64768707670755
5.32354682850244
5.40364970407024
5.69967487142465
5.3325871438251
5.25678365913783
5.55183111448645
5.46424569254324
5.54929659988107
5.20391595602514
5.41104768242807
5.04329339006284
5.12567404335589
5.45632822500584
5.73512094812553
5.61008445085
5.55353109441736
4.7201810239821
5.35452129259934
5.60425612948252
5.49537222760735
5.40244979918836
5.36603294548191
4.96079801319707
5.24904491358756
5.84476052058247
5.59697193856671
5.61529358921725
5.59237683125959
5.71200390875232
5.09277796978423
4.9049802442579
5.09333764624384
5.61708083554393
5.55021735476765
5.64054412954471
5.3529195482637
5.13838532611963
5.2366787573064
5.63869311524191
5.73697290724518
5.57736485632441
5.12866203660964
5.29393803090937
5.6253292243446
5.15102621063839
5.26993730641133
5.23928079086741
5.46718420107658
5.42176244687386
5.27039403372483
5.11428298463887
5.30396738267983
5.53620102155295
5.1019198084029
5.40725746001919
5.04384966456788
5.21704819623233
4.25968366598762
5.07810328652352
5.38826861588436
5.50066651487559
5.28716444928484
5.5010116573395
5.40182210477735
5.03257730732391
5.42837160587469
5.08470378447486
5.02966032854497
4.94290525658522
5.29354947159631
4.8762528990889
5.22139102974598
5.05925137144405
5.2170154615558
5.3833634457485
4.96544527165052
5.13949481683673
5.33843421392666
5.43784671733139
5.05942560397331
5.59501382128967
4.83461557925082
4.62825683669249
5.06296410286548
5.17397271686341
5.29341456919371
5.41235940567458
5.40786733643138
5.70364655365649
5.59264695033116
5.58062784182062
4.88428289181528
5.18169520357295
5.59126245388876
5.6856189133265
5.60007305295737
5.50532536803656
5.79034288710279
5.56003736389589
5.63157170326898
5.34136883807326
5.35321947273242
4.94559955112394
5.36725871928716
5.26771869652475
5.40096910384784
5.51333985266222
5.46848104418323
5.04203011746262
5.01041363236931
5.58734032169509
5.24682294274991
5.30437152621285
5.26675984559226
5.39581416366069
5.7184261844199
5.68285690703019
5.51652020635761
5.28911604226186
3.870806901648
4.82087271724041
4.75897409233691
5.47525494908406
5.53749966979201
5.49498662361665
5.43222162199699
5.68713664966638
5.55419190086872
5.44259056149308
5.32409901493512
5.51884004032213
5.23615278885132
5.54435246332802
5.34049945694012
5.174293804061
5.43462927142141
5.7302391223531
4.65549336838355
5.37602867225934
5.0824698605518
5.31131077986992
5.37571189906107
5.25132745613619
5.68613259299944
5.40277761665103
5.6782756233202
5.01760386130978
5.05686196409206
5.1216117802324
4.67154137508137
5.25615732794326
5.24833683911951
5.39684488757937
5.3189152356043
5.38874518736351
5.20143781635309
5.04900388541297
5.46822919155936
5.7299518794337
5.34397155029953
5.21489045396065
5.09834372048507
5.24935485962245
4.74747601286141
5.26010357544892
4.67895083430759
5.56959531776109
5.36666854653479
5.3670814821929
5.53169750198742
4.89633378357453
5.40763167594655
5.08277866104783
5.31455958671808
5.21453385297102
5.43941577714981
5.29007937688696
5.76492769303994
5.5342025626277
5.863425643173
5.31013464326317
5.37476186684148
5.34875507280686
5.55505268451614
5.72496935390624
5.83054465076245
5.78528203323568
5.40721215464697
5.66861233749749
5.34094912074091
5.19406317398708
5.14705014763675
5.03148075440552
4.54137463965697
4.82492426704829
5.09892066013639
5.18058176766272
5.47258306316578
5.70669282110306
5.82198930993585
5.67022642322112
5.33093150284549
5.51230506674871
5.46469427236995
5.3565453231552
4.3743048334487
5.47413496332484
5.46161318870922
5.1292491044423
5.49157463860378
5.44143684767517
5.58209542780657
5.74037981971736
5.71107920626486
5.11646732803021
5.67796209506643
5.669194501281
5.38593322893519
5.33839561155615
4.87889411316489
5.59645870107335
5.68333906205222
5.67086053898808
5.64840836147336
5.51143123216926
5.49429412225744
5.2975782788192
5.48836287941264
5.0554865704026
5.35040176399648
5.27109357700381
5.33298854057048
5.31295534241779
5.43205469193564
5.63061489811706
5.69124602596537
5.64126699626796
5.65276740449694
5.61242069062686
5.55210660461265
5.40925043795642
5.50790371261858
5.63173444965628
5.68676577857363
5.41652856775492
5.37775139996564
5.38555411734767
5.56704253261273
5.47881455980753
5.6642481941706
5.76523565367107
5.78334217965615
5.63409765105832
5.94184423366313
5.78088077775605
5.73328082403223
5.88942874835632
5.88937568019198
5.95401899930632
5.65556333876714
5.16884415786238
5.7497049934411
5.54189236526335
5.49707123094088
5.562358606823
5.62046932878527
5.668896205911
5.67837921861224
5.2572400772502
5.42588476861444
5.03576941309023
4.9428060079103
5.06192806214167
5.49117010412016
5.27420094000788
5.12504607553265
5.63431451439643
5.89492945276288
5.90856883280269
5.40799132039485
5.3601536433462
5.69435157045621
5.58577196865066
5.783963736201
5.83402632108115
5.69382559701723
5.56055773726331
5.44978517087967
5.46475570680471
5.43538722236577
5.77750199352131
5.62637013760408
5.55755013469436
5.37870817686849
5.32126630185918
5.2393088711403
5.66165367505081
5.53960929895116
5.65587577515297
5.68700257670153
5.46016833333169
5.6581715750007
5.70419579123012
5.83149898614623
5.72408875363569
5.73171737819477
5.58426148526178
4.85257607758654
4.38466096637387
5.11929392050757
5.04512386630008
4.93408797882365
5.34084766894986
4.88744737525
5.59935936616585
5.03082800265924
5.53570323933998
5.27323895992947
5.51911691165139
5.41834328634483
5.43994999280885
5.29056009288159
5.29922981220584
5.49813865790809
5.70297427272436
5.89284363878792
5.74997033168632
5.91327986579968
5.48278449093957
5.45746400896817
5.30471749851956
5.60448237699331
5.82903203901614
5.52603069462415
4.74646003152545
4.35708717087988
5.45908145368117
5.30233207403227
5.38471836974445
5.55010160020253
5.62992649969832
5.84156576842361
5.81547384506188
5.30056890354605
5.6605965910536
5.28791142545306
5.42104693789733
4.96179645962099
5.3419632402225
5.22139024704624
5.13152280273661
5.63962277416998
5.71973534720149
5.53008134976641
5.39097526295857
5.40395745018293
5.30567995233205
5.52908059290356
5.47315883654674
5.42420241781955
5.2563548712091
5.20779903567272
5.54311300249729
5.63693645118422
5.72965501742886
5.61908792485411
5.6111125018125
5.61617972379298
5.68507792457657
5.60591746374247
5.48817094392383
5.49315012506917
5.85782615793088
5.78522989732437
5.78289550286573
5.20372108180083
5.26428350091701
4.32844294560479
4.86642293625914
4.93519464322786
4.89515844070186
5.31391894944939
4.37190178242239
5.44134856703818
5.59187775313311
5.59566752728527
5.75680213047097
5.87109826976506
5.52121322815964
5.68127569431753
5.58585681564119
5.43283158550095
4.87528675403474
5.31589508699318
5.44293649291849
5.6959987951428
5.93809725993552
4.48527945351966
5.70607046835734
5.77988264495193
5.37935849529297
5.30548209719983
5.72444850008973
5.49524181453327
5.62833633572694
5.4753203677077
5.01341802568388
5.34431179959006
5.02437698451285
5.57690616565278
5.43344484989466
5.59193322680725
5.58037516413177
5.49612604949082
5.4391249123777
5.12254501077646
5.36464924006563
5.63596970277476
5.71180540524323
5.89320982991325
5.57610970959335
5.42251765081453
5.67081185142724
5.21705749751001
5.48408884016255
5.42744043472081
5.12930401942694
5.82128524041697
5.52235504092843
5.42415753275092
5.71638330183561
5.6042032270202
5.52105224122544
5.56996400733289
5.83961338538747
5.95841369715122
5.48646013606459
5.48931856698026
5.79180211600466
5.1843749380567
4.921898223522
5.14815132097929
4.82914150332978
5.4744494452763
5.47508820053885
4.92083036437225
5.58517074216605
5.18089158493894
5.44478685603444
5.19318501533149
5.20640261695732
5.54177963004829
5.14861996100098
5.66069770067281
5.89827083041692
5.53846566307155
5.31656982135156
4.94522625565829
5.63464250001981
4.8885506871035
5.26016524011337
5.60542156910704
5.5743347488073
5.72430532361624
5.56902237080083
5.58271478835145
5.12774828434389
4.97717783766677
5.10983210806045
5.31648116232543
4.79704412214261
5.39202160650016
5.02118634190377
4.44158509102929
4.85030525966397
4.86391429095862
5.19533467347844
5.56176608878213
5.80045126857429
5.24002856633379
5.55565612221094
5.76907132194891
5.4333598101627
5.67469796230428
5.59819377248215
5.78180577396838
5.51065513872789
5.53872371757847
5.07164789987762
5.07954820935
5.39949628283478
5.24040711163856
5.407579028629
5.53034560612462
5.74068373660556
5.6588965683368
5.16658780146919
5.7366334135107
5.47478586328153
5.85336569813963
5.24999324915832
5.40667260105849
5.1064856301921
5.69861095410923
5.81976732410477
4.90690603215997
5.24692382960908
5.65749689613662
5.55118909350778
5.69584967774894
5.52849534428447
5.39871756382651
5.27531007241516
5.68334753001052
5.69538436905022
5.701778012729
5.94717783505587
5.59136736792398
5.0956029031328
5.1494529685794
4.94513646774777
5.42588264807886
5.65087094624086
5.31096618114552
5.09163228618852
4.61975502026171
5.13242723100957
5.57725227998598
5.67474235596598
5.65470544957331
5.51306674772399
5.66308675280896
5.64016996114114
5.57647417111919
5.29283394456837
5.69121241850975
5.81817696931839
5.74879591798517
5.27490359530697
5.1740271388184
5.54337186420378
5.57851702285219
5.17986450162666
4.46033098423142
4.81116069874968
4.85780687067851
4.86572888581174
4.72507441435111
5.29907469203653
5.21267078930129
5.66489629430045
5.55014547112804
5.41936695822117
5.51703726484493
5.3004301356382
5.62730921250233
5.16518765877422
5.31998020768521
5.38029294258967
5.35382464695156
5.67831143422322
5.68368869616126
5.93476621665919
5.75083877412101
5.69772714839051
5.68422502442311
5.18016923705019
5.26755873166582
5.2622979481478
5.57382469991922
5.38733490158849
5.22488219899664
5.26895790853492
5.57688856783542
5.49935321114218
5.6928095106671
4.61649378355744
5.13824425974802
4.93390797954347
5.04338905760268
5.54490780350235
5.55113352292393
5.23699113196556
5.1382392242085
5.44892314995907
5.23112865688028
5.40306707037048
5.541339211777
5.70434848485225
5.60317579690043
4.91741047159048
4.59582987521951
5.16505740891038
4.8815394349942
4.81616222989069
5.27126791581899
5.19116318236321
5.3333069997805
5.77337436245927
6.03169901833882
5.46237231760747
5.79229292934492
4.95714716353419
5.24790016261247
4.57347248211088
4.57789892624901
4.95251735843646
4.9970014237876
5.43822957700019
5.5516910577109
4.80323104497348
5.17818053859014
5.47076615437438
4.78529540289489
5.27623997705721
5.41684664693657
5.18928601048414
4.87598832662809
5.41400819602752
5.39695574407266
5.46804536260779
5.58333919215555
5.21904763578863
5.13618306353502
5.22148569459029
5.0017717870662
5.45102846984511
5.0878036255958
4.78677419211523
5.09565622555907
5.60654502062899
5.1886629499438
5.10351423675804
5.53596976413944
4.83471823333632
5.2596150160381
5.48274310806992
5.62447999351971
5.54280518993959
5.04630432359093
5.21516881259877
4.95904326049381
5.15970482447494
5.22559759687331
5.64253381463655
5.04009645750814
5.24094596128043
4.05885461230725
4.61679856031998
5.16840138903164
5.25103298911844
5.42011030118918
5.24126612673284
5.40304878728447
4.63286979579197
3.55944060035977
4.62601746514057
4.86519914241639
4.74205798609207
5.2575029460955
4.94279015948179
5.64423331861412
5.80759024177795
5.48262740614888
5.61271994129288
5.801856815202
5.65505714885968
5.50247853540858
5.21697187603083
5.58669579513537
5.27283309933199
5.38163683358319
5.74335036029807
4.94145109405095
4.82988419799659
5.03710988524045
5.53107599632575
5.50030179266769
5.13691433829037
5.24266450372637
5.00522979258856
5.02417030078362
4.87401576057495
5.44253510653173
4.56856224665732
5.35385380270394
5.28965573281668
5.5463581731382
5.80401645096793
5.25391962253586
5.20390787116885
5.5352729746497
4.66002970265618
4.17503661630303
4.5676404079555
5.44941975227247
5.06037397517411
5.28502116419688
5.47212752875076
5.67589876882362
4.84680981876645
4.34113977827695
5.22425404440925
5.10194329390832
5.12107880247802
5.30295960251994
5.35045941660603
4.88865597641643
5.14286393324334
5.26865417355263
5.61510190646788
5.58263390609127
4.67705266986642
5.32374777030676
5.29490103674991
5.48959365024375
5.44445047859245
5.72216702206666
5.59398238150993
5.71662143241225
5.85077701311098
5.90853212819807
5.31731707595005
5.61478625590003
5.27379772063813
4.90449722992743
5.49436182556487
5.5171446182799
5.78428436862418
5.91821951597236
5.85854114833602
5.43217927497151
5.08851508580452
4.6554851140649
4.71186662642329
5.40028973330908
5.48166037526569
5.50833391151663
5.13053337825281
5.59333648982517
5.2539503437197
4.91094457412799
5.14214700845086
5.39053456449851
5.17674896086181
5.15783055200885
5.38626258000234
5.41288180097376
5.44120149807436
5.18638211894472
5.00690194097888
5.19883176391799
5.22917124585349
5.44604261713115
5.51481636032152
5.27583815504155
5.52011102001013
5.75163401237896
5.6348028430846
5.80721759692265
5.48741979507818
5.70681496038897
5.40300610148339
5.33189162646986
5.59071963379063
5.7896182783333
4.95730100356778
4.7920422144886
4.96745371323507
5.51692483650745
4.76165416132511
5.06391527592388
5.60528119450744
4.81310968679602
5.47509741097697
4.89121839884152
5.3823944149039
5.25046036104774
5.02324956245419
4.99626555280941
5.28400315075636
5.26930874866509
4.94854401351578
4.99399409440559
5.42967735372962
5.44533164653941
5.46024253042673
4.56821377078384
5.05473593757251
5.46501696771626
5.57670441972574
5.25672187529356
4.97161575314669
5.11595950287908
5.20328033946184
5.393289615228
5.4758128646307
5.28011950431627
5.03550836370058
4.99776202117109
5.11592093285972
4.99350404293348
5.03316349712315
5.16869581536721
5.28738611275415
5.37011882267492
5.25072704472155
4.8150459029685
5.16902860038159
5.31723385154438
5.6484116455531
5.6662061645586
5.21989811902225
5.27055203653903
5.48121552030606
5.67790665991499
5.79844959622817
5.84314403475996
4.58572716212007
4.68187026814123
4.82640661237562
5.13610502660991
5.21388120794544
5.6124972987766
5.72672761477477
5.53631450176048
5.43703069637843
5.38521444552947
5.20550853808256
5.50160056762032
5.34988874474279
5.2465652442273
5.52769874318253
5.47906617238419
5.32482647083496
4.98873795254355
5.19669255180645
5.29827932507457
5.41478875363268
5.31566276872766
5.57610797784589
5.3922731015908
5.28335585756533
5.5733686001678
5.61214186752307
5.1873282623038
5.18473220846952
5.00726480468158
5.06811554991978
4.95759785099601
5.28752102183211
4.72145035201766
5.04356900740756
5.00294686415074
4.64518863053884
5.47131846109939
4.6063089136681
5.20939996515143
5.62281741155681
5.35575983812793
5.24150427976358
5.32676863369724
5.59034942059458
4.12200388233129
5.03607191544931
5.28391566626152
5.4674421884328
5.38810160838847
5.70729007635292
5.66678726898498
4.58127604929917
5.40921455739332
5.08944539515712
5.23252065077052
4.8583613659051
5.30528456154209
5.66985551564038
5.66132124383353
5.36126371460832
5.39030371235637
5.18864670629635
5.18119580207477
5.4685382088174
5.46985010625681
5.3523347117597
5.28959101572695
5.73105218361854
5.73576320538934
5.41797640275855
5.0042306099321
5.03872376802928
4.95455958179639
5.35823793830159
5.06793586563458
5.09677266055528
5.18210800862036
5.60064670033504
5.80260173503802
5.70174307285982
5.49781759488617
5.50455292782967
5.33987302905588
5.62547328761442
5.42811273668754
5.16493569123083
4.94872270657294
5.44961659047026
5.06911483453327
5.01935715625446
5.36058393316512
5.02658051413759
5.30413220660408
5.1829951319775
5.59910655247862
5.00555201199245
5.30874707686552
5.6163836967402
5.5557407558467
5.67297440638803
5.61620835333515
5.88700842408313
5.76218748170142
5.18127589890293
5.17664850179817
5.65598320795617
5.18809795842827
5.68085996684701
5.08547974469802
5.36349993045042
5.73359130012534
5.46700190987988
4.93722410464648
5.08965561836345
5.03629068927623
5.23185733826361
4.65162698975669
5.40220801988103
5.15018634469011
5.63933683650605
5.47976255234965
5.29636968750147
5.15451491348182
5.69118919448277
5.43495080864781
5.8213617417028
5.31072736334224
5.64474214059731
5.90121320125337
5.3125354023752
5.35899502750467
5.33027383972155
5.19372071720645
5.31071934446741
5.54651922588385
5.74787340209675
5.85443571993431
5.8272119130348
5.60137306951914
5.71260227751511
5.39328818538517
5.26150575493921
4.77774842537235
5.42307627653145
5.57166213221313
5.11040750859916
5.02400258133915
5.34840885783094
5.67180286945367
4.9533825376486
5.24123605762123
5.14869977452896
5.42047552608759
4.8817524594268
5.51008340394276
5.39678495267945
5.54858420997684
5.70003809057887
5.4869489021454
5.32042809530683
5.14204589674365
5.22139415707066
5.34866463964523
5.19604297437475
5.43092303052667
5.16893318589571
5.53667020112034
4.93794182614305
5.18288770606543
4.79342068979854
5.44686149286167
5.70911094806304
5.19947178124237
5.48276977497614
5.30294107751857
5.40783563002884
5.29768867560296
5.28123732233645
5.38633015111724
5.04797461167902
4.7291134239429
4.97376170003125
4.96680838618643
5.33248046017064
5.08308750031729
5.20571451693571
5.34506507355753
5.25542487041274
5.44127034174257
5.41786571523074
5.31359817604871
5.38877977963587
4.63224672362773
5.08432971586331
5.19637846649572
5.65772749520915
5.48015065750515
5.51089776546741
5.26446659885126
5.62348232633034
4.96613942467433
5.50909908233646
4.92841900780656
5.6958205791242
5.5228388421596
5.23165779676668
5.15810377064416
4.93730480744406
5.45395519352194
5.02736321618635
5.53505584606547
5.30815229648358
5.43421713262956
5.5773684324426
5.69217518163885
5.41301597553131
5.31003802217402
5.57868646440011
4.17169065765401
3.90235231284466
3.87779144623008
5.15374355424018
4.98925992765848
4.80351984600577
5.40796920738227
4.19251938535396
5.03544285514722
5.46418392626665
5.31688673626379
4.88316198343991
5.60248724814799
5.17456486285458
4.89361313754895
4.97701860970311
5.05879011950186
5.28118244514504
5.47204281311757
5.46858298961436
5.1958506239125
5.01773174240319
5.30922639616105
5.57613134266763
5.88133133933807
5.70647537479185
5.67567921835627
5.37178491875846
5.2353396512916
5.67786471157762
5.6937336174836
5.60674785266804
5.75385197862838
5.55998233747726
5.5154322902228
5.58462850781785
5.50031467236698
5.6571959362057
5.72590929738915
5.85410595832496
5.81701773501196
5.29626005178061
5.12962299503557
5.60868542317602
5.63386794401694
5.36842938625463
5.54582921111154
5.6891011740109
5.09354843444568
5.17165678688461
5.14254763324531
5.41815687381685
5.81634473577279
5.70395574992661
5.2843180991751
5.25258821439843
5.02810372988357
5.16061792798168
4.9406288242378
5.14646254160426
5.09236996097188
5.36806768325357
5.49895365483219
5.69253300126836
5.27766654936145
5.66002521419221
5.08284217658253
5.38888927447436
5.71282212794992
5.54186684743641
5.65979073088675
5.86414175342002
5.57134572189604
5.8158589768474
5.59263915792148
5.56858931056193
5.35533887210653
5.21666147516368
5.15501860784151
4.6227527865334
5.16733404747022
4.9132381999815
4.84497162497372
5.15809327551729
5.2122655885224
5.18186564971958
4.9856048042657
4.96712413250933
4.83387310720817
4.89592973228177
4.90536847272335
4.51199408391026
4.67908294254447
4.90545060091354
5.29227508544664
5.7083491095847
5.00949250460787
4.84842748231447
5.1065647928831
5.48777686010513
5.38598154411607
4.25491772502097
5.07847469502769
5.64583281619731
5.36745725342552
5.73886333223515
5.60160527122649
5.39556085053767
5.75561372430437
5.1315845721711
5.32235217941427
5.15674779850035
4.96949963162964
4.31503086266084
4.34214544214119
4.47223911615798
4.60341495974798
4.83523289450376
5.213745839899
4.8586536096109
5.2872435509605
5.13398229880025
4.69591775709932
4.85342113486194
4.95108246336323
5.56220937931324
5.57997332190202
5.30817048715014
4.69084903953241
5.14094711392962
4.5403800614529
4.85099111919375
4.24877676860421
4.02749977319644
4.37984999974491
4.68237614321391
4.72247115558057
4.80980663218269
4.43957869665591
4.9956370378218
4.34646637638274
5.05316534742639
5.25630452040857
4.94740058648033
5.31803803207052
4.4339447766823
4.92414660892312
4.55924341996897
4.74827695057196
4.68985346457554
5.31119265371063
4.41446299001973
4.25311022592586
4.65670186783416
5.08485778422191
4.61203297308149
5.16204637865871
5.39632154601411
4.42568015099097
3.99750926530447
4.72758982039415
5.20776491055667
4.8067614432637
4.95449417304172
3.85010536111593
4.61207771399167
5.15847415676142
5.51622563410564
5.15478097433101
5.25949144125766
4.7678493802444
5.39418600854473
4.71392509345042
3.84902277074242
3.01181208458035
2.83301768852829
2.52996698439685
4.73500930884112
4.11267564114357
5.17907763508167
4.30262234653574
5.0576416730057
4.94550096694117
4.88367065815451
3.79939928759102
4.47407435278732
3.40161504835883
5.11332826648322
5.48056463574316
4.74884797331555
5.10908176877903
5.10161247914114
4.41841167297534
4.72585368820475
4.81654015041812
4.68683370604511
3.76577019461721
4.14020622681351
4.92818818546359
5.28719372348264
5.42834905808541
5.56705960438267
5.38794580829954
4.9635844001835
4.25171830656033
3.97441145496243
4.28003080136288
3.89525618862909
4.58364797664645
4.62247856895937
5.31925596102104
5.13019771300727
4.78297974524228
4.75263694463463
4.50040636846332
4.21276778942525
3.29648917388704
4.38695814498482
4.08578460428635
5.14477558301199
4.92256322925202
5.28946140472595
5.34735545501795
5.05561106336114
4.17456926967529
4.53495349187774
5.32379982985707
5.43838486434807
5.35928350697676
5.70527260957005
5.41354614945814
5.33562451381008
5.72978441432223
5.44112790864381
4.96446876542745
4.9320026240806
4.89494330293273
5.46592433952868
5.42991018287031
5.42565621573787
5.4498383082025
5.33313579557137
5.39343558341122
5.49224260704507
5.0405077824811
5.60225433747456
5.43278228108982
5.37036240284507
5.13467743592655
4.7568879101536
4.4626299730383
4.63954205191358
4.78162248527001
4.76756448769569
4.98491231031105
5.46306807104941
5.57024207884314
5.53588236580649
5.79733362955904
5.50702648287942
5.47992359257019
5.90617018262075
5.51665740970723
5.57976976315326
5.5111494302845
5.6149519478555
5.73386237152185
5.40761897126347
5.3556968543853
4.86574345663134
3.47996660172859
3.99232463634501
4.2235791938276
4.50859546976583
4.79791201269908
4.9016227958973
4.95600679706523
5.2687961498572
5.30261910749064
5.79124971529736
5.66241314140298
5.39513341127212
5.55436406538079
5.18795399356605
5.11287109851518
5.60779110228843
5.27975884073132
5.21650879752556
5.10841052445712
5.12552921521714
5.37464182769498
5.29280415299871
5.51471108599208
5.67597421525054
5.19193083164184
5.56927059672566
5.31693454154801
5.03884320296786
5.52558287526228
5.79114837029468
5.63914327455056
5.360298762589
5.16780027047851
4.55207609650746
4.56743736801684
5.30457595022056
5.16418288191411
5.31924411134336
5.47452296471779
5.74722432485074
5.55468672396789
5.44313464817146
5.4541383944535
5.6904466388513
5.60282314191937
5.44641381275176
4.98041039530318
5.03595477093025
5.05113660044572
5.26172474088626
5.44159697196018
5.83434324719471
5.42021697944702
5.82674127378605
5.73181262796786
5.73834264031989
5.82679487162363
5.96752464076099
5.57630652757258
5.29439592355066
5.25811933205534
4.95777654831605
5.24064869066678
5.32239784859756
5.68303122702804
5.74437913928082
5.18145580817927
4.57538408326157
4.57190974805048
4.90813666883529
4.58371402073626
4.26804415833841
4.35700063135064
4.55409316483443
4.97145748709072
4.97480700415479
4.82375420357029
5.1590340990973
4.70079092261806
5.38568288971569
4.68688330034009
4.82728525840767
5.00013125925144
5.16666689959637
5.64805693725713
5.13367784601049
4.16043117090107
2.71077314181562
2.85107570801787
4.5322936309556
4.82217185148299
5.0336846083119
5.2832798531935
4.98734921270228
5.00958004339524
4.60197053856086
4.83499050751806
4.51510851702765
4.51080445489337
5.14843802161162
5.40248079882547
4.58849599269849
4.8897192248988
4.3206861715258
4.80921610893578
4.86103312329785
4.73972086690974
5.23057464813324
5.07308972163709
5.29305370668559
5.3198236523596
4.73878582130016
5.06159716288083
5.38431132968974
4.7582680132186
5.10119220070079
5.09445556577257
5.3143795329483
5.57058957738015
5.4483060108636
4.35945325068641
5.22317545331761
4.69161379357377
4.82267421671996
4.37078393961268
3.92467794011053
4.78436831625389
5.35729199131655
5.82897534310206
5.44926360261487
5.67825617841476
4.70843142015561
5.29410656916264
5.24931779947697
5.28369026420877
5.49607045216831
5.11822152063966
5.29466996246841
5.62936645627928
5.29307181567582
5.43291423352361
5.47067940346067
5.3040948257163
5.2099182054238
4.984329835287
5.44102401708191
5.38779240982731
5.33458563410848
5.37200842111434
4.19359087441926
4.07456547803636
4.68804152055147
5.37987588963046
5.31118844787477
5.66857183235241
4.61955198630022
5.17960203320245
4.5874362368432
5.26490512232492
4.80640935942738
5.11006799118433
5.20131049276371
4.99797923252835
5.41435320520573
5.62192732490258
5.15045483014512
4.81965137310978
4.72583591929806
4.85589962322145
4.92404433198472
5.00817627104605
5.49752704457576
4.9928658659771
5.44576301546031
5.20223470805519
5.48482631132073
5.51502944542565
5.55170292286376
5.6420341502107
5.65340931853708
4.80721354309906
5.37362096158524
5.15778253367171
5.70529259284546
5.54047247394382
5.66944284752273
4.85097595852299
5.30338270734573
5.7722646941836
5.10735798752244
5.73164246546136
5.65178660935329
5.39198105554852
4.82782848101023
5.14666915913677
5.41075108195682
5.38355862315906
5.35384728167592
5.74957676754917
5.6509263069451
5.35497901426548
5.76567038398496
5.93530024260822
5.25181121183694
4.92900496051836
5.19023273406084
5.18641427126956
4.93546862432384
3.8116297593545
4.29383185958281
4.32801715056224
4.65320809718015
5.24265210867924
5.23678690970749
5.11289870833194
5.39130062718219
5.45362006495339
5.15524504133729
5.38709593627821
5.45636899653309
5.38097183200676
5.33808093001278
5.68195512032863
5.58424649832706
5.60818050293432
5.06871804727168
4.9882377791429
4.99429039140151
5.41849407083489
5.75147276637351
5.44447192403463
4.96152176872958
5.14385466884704
4.76945454135689
4.58534849848202
4.72701327535285
5.37039170407991
5.14303069351334
5.34096959421868
5.58884946198155
5.14563801473691
5.57317117228234
5.3085595360879
5.44384193759952
5.45676150728872
5.24744531625918
5.41928013371353
5.18711545562862
4.94259098322914
5.21146767159831
5.59734017542192
5.45956647702978
5.08179590112785
5.38520535481969
5.5374354288541
5.31631555352974
5.46519703150553
5.41149720975963
4.9404906969464
4.5786230995418
5.25390641117923
5.44127660313656
5.40530223436055
5.57337568088027
5.52399193089098
5.55668733036465
5.36861318073713
5.50161834099881
5.78665542573507
5.72588759071351
5.91062260571909
5.92678069531866
5.68863874943446
5.29517616468582
5.61284464391761
4.96931327125397
4.53652956693063
4.8778895689417
4.44948611042411
5.08588661905211
5.0414434089261
5.57079036004039
5.1630672809303
5.19725826294513
4.9846476058472
5.04647595041565
5.32133315635694
5.55577688220635
5.23042928121873
5.53098522978522
5.44414681665172
5.105187076159
4.91474932554009
5.25604621750251
5.08060712035139
5.39657643933462
5.73821393584671
4.89146033070298
4.94262887751063
5.4974449946204
5.1386576518742
5.21605089651104
5.17262995774265
5.33620718589581
5.6549363614758
5.42272130997371
5.38643774596077
5.53311018989191
5.59503986627446
5.4999547899413
5.32567421889851
5.54449601206723
5.07904298297047
5.40198019619905
5.50614668331743
5.32405040551961
5.46482784346474
5.51236705593569
5.2609971026928
4.97770934942638
5.21072879386228
5.40762916768402
5.31967822015263
5.54994780211463
5.21765721033541
5.3264431217438
5.376894592346
4.54381553455517
5.20715292062523
5.4079209745001
5.07638858423775
5.13106719945349
5.37093387779846
4.55705031036154
3.4329872091922
3.60663065707657
4.70275270367367
5.13942792730487
5.04623306605508
5.06485975523138
4.78197663931599
4.90630036256048
5.27062101812811
5.68957354793538
5.37836620220869
5.34111377190363
5.40384964961411
5.7542484726027
3.0078191449221
4.70370356141082
4.71657543977065
5.54285786844559
5.59061009718011
5.3561979817624
5.40228281366296
5.63479696048236
5.3429933297974
5.53491054476933
5.83346940567024
4.9885984829816
4.81694526545268
5.53144686484865
5.11830672769446
5.56967993728156
5.35381123481891
5.67985409376363
5.64774601042553
5.52549961972617
5.20781474387859
5.42415806733988
5.78347414215363
5.82228973549339
5.47064921644337
5.79530547089483
5.24229534931772
5.03858868181573
5.19525716375787
5.17926735850135
5.19009702632025
5.03034201160551
4.76499550552809
5.15272061075945
5.56106756447317
5.4655689878085
5.36850618117542
5.24888084939529
5.22046825140656
5.56302385247853
5.52132937486494
5.05026876799877
5.41833837590885
4.71158764002841
5.12490034109236
5.79139149474965
4.76699025680213
5.38704934722137
5.67859138422103
4.89376317926489
5.58144093106628
4.9664964306578
5.08811535797861
5.19594528546392
4.98513855814793
4.91239769460352
5.34699375073574
5.43311287950743
5.60737381763751
5.38870634340879
5.56438431816782
5.50704910872555
5.02972565679142
5.53615107170681
5.88240690304811
5.79779332259238
5.698206372234
5.67384431472041
4.85480577680952
5.62041806364478
5.3146613342226
5.2305665528244
5.82265098883604
5.34419178554875
5.57745855111013
5.56245350146682
5.0331944968916
5.02176277592299
3.94482436470479
4.93022827177261
5.19132811014743
5.18360053782909
5.27383037416704
5.11898390337025
5.05054519040028
5.56297385952665
5.43435628898872
5.26845818979392
5.27832445568346
5.76104251685574
5.87348760663386
5.40024586803335
4.99731224280198
5.57396603054393
5.13325751031021
4.88735068756097
5.10233883619826
5.16546872482481
5.02883227383002
5.3698417667234
5.09930714292993
5.11323518395282
5.35574694897411
5.11313581729589
5.55981308257708
5.18480162791194
5.31408928455694
4.73661791470002
5.21712958242286
5.59798864998777
5.47485775107849
4.79197700916595
4.57984031109436
5.10570086455386
4.5284239969467
4.42767226897347
4.87439429803279
5.12671295592481
5.53782550826988
5.03398925905973
4.55142729066352
5.28034420555027
5.02603989183822
5.04292024568221
5.48076053980752
5.5958199639877
4.90391175970304
5.17310597278697
5.1462167850124
5.50903790168391
5.54682128748157
5.88161430924485
5.77827789573649
5.81502421793113
5.21245233044383
5.32537867080922
5.3391539496474
5.37595806270251
5.20672523654943
5.30813279469505
5.50063712465061
5.70977592191727
5.28792960666501
5.76768902419305
5.69887951739789
5.06831786733659
4.33646139709018
4.39159327645422
4.33289459503892
4.48059631829012
4.24255697305409
4.17132388335985
4.33599829161119
4.03002375628421
3.9908109684127
3.86170562136528
4.8972392939001
5.58612368832264
5.81047653852869
5.37877797136572
5.25773165222184
5.34166663179899
5.72328130825968
5.87687003284929
5.94320408284658
5.59569586854581
5.2631989938844
5.73798394705731
4.5189080346065
5.45958571537931
5.00198008530034
5.05000309037671
5.48078574482872
5.36798235323004
5.44722885790645
5.78842968776412
5.51942258819753
5.10842895616947
5.3932223552752
5.11040206701607
4.94527382432437
5.1219897833103
4.90210659257521
5.26586137881758
5.54865961566583
5.49693404944427
4.7305588347444
5.0379885533445
3.75753255986119
4.61206112710791
4.43806141719559
5.00972292833783
4.38086461875819
3.84292269942761
5.21341737169053
5.06138732678919
5.61596974739082
5.80614984741115
5.34619520243355
5.28689991557349
4.08226926196472
3.91780067457533
4.5458585064205
4.82789194059038
5.07219295712725
4.22038166820857
5.37047511304215
5.73825518193435
5.7819361364137
5.64675504572442
5.9110737100914
5.67046623498577
5.41984667393696
5.65942910052812
5.36831113005558
4.6322469954938
4.23713520019892
4.16840655058236
4.91849330986985
5.28130306261913
4.75314614233128
5.23457359506319
5.57555723298598
5.38724601082415
5.53306180894762
5.35522420538319
5.45049966629095
5.72918010389325
5.42827698857189
5.54974171719124
5.14666095805277
5.74956049100907
5.51647851899567
5.43157578471036
5.01213356858601
5.4250993945922
4.79760464519467
2.43862744979664
4.71847727434032
4.64050087056036
5.03118826998259
4.23822330310878
4.99875581996594
5.02643251019152
5.14838837704791
5.41145484326846
5.17753862323576
4.88687580361798
5.11029667443679
4.74592277751802
5.23680220434982
5.08598590741695
4.73082245703745
5.07833683132917
5.3021414745319
5.40841159842398
5.37776112090882
5.37629115640507
4.65772559735817
4.62569200216182
5.29877543129176
5.27907390872746
5.57031259914431
5.55623486198889
5.89794019236359
4.72205304034783
5.15879028204871
5.0764910016134
4.86211055560321
4.99653306109671
5.07439836260319
5.47805908179494
5.65991186893133
5.5030147935038
5.74270257652344
5.59788174237499
5.4437854936676
5.65578825518793
5.46602564726507
4.86968378324208
5.39210107238052
5.47310302934641
5.05919000891588
4.8294068038447
4.51258867467398
4.48165526503858
5.27137204732748
4.70491406619526
4.67492060224458
4.57902884721537
4.67981930694314
4.22594659154803
3.35820169211306
3.14746991200062
3.43044669723587
2.94205059394552
3.64141927737493
4.8678166894836
5.20687982674035
5.09234805539477
5.4865330662668
4.4854465406118
4.78218105036493
4.40165598593026
5.11189189590286
5.09860485355562
4.88691173516317
5.0286730379858
3.99729027683401
4.86897547924231
4.99775294204072
5.27768230357088
5.53063550475497
4.96951134073406
5.15412832710114
4.85955409757027
5.34350599728714
5.72253605791202
4.88449784752216
5.23400625512762
4.96707688558849
4.38885557483254
4.24409899449269
5.09708084371296
4.93965039500424
4.70545429193003
4.91071129264622
5.37541734129018
5.24253600706144
4.75671754784381
4.56808040320483
4.87676771237695
5.19844339657857
3.80808056565294
4.53579701875028
5.02107687648463
4.64612954411036
4.558455109834
4.26092821662985
4.86162789735567
4.75550418565901
4.8743914953302
4.36570240090596
4.66986794989854
4.63835306919359
5.24896304328438
5.54526113991174
5.58453566930657
4.34905899909745
5.02069626331757
4.89387063989304
5.02356569179381
5.07587725514068
4.73354916729181
5.43250091774986
4.86700899999131
5.20787415978855
5.49320511456836
5.38941541277362
4.76549456881094
4.03288607433301
5.02275187502011
5.06713355087662
4.77932858062197
4.96583943650655
5.06596173337985
4.91703757829652
5.11668755816554
5.51776228582548
5.07558876855778
5.63646107188794
5.48149198680529
5.62212108700823
5.49139534351696
5.03531654854015
5.41933423355488
4.67828269882915
4.40858524102221
4.76280202232178
4.27375424835351
4.45017830470611
5.1658756061645
5.39926420707469
5.17753840124016
5.66156469357019
5.61473683965131
5.74256680706537
5.44677778367798
5.02790959964267
5.21117172557912
5.62722607180985
5.48812929585515
5.3112851277598
5.25707315837408
5.17326745767509
5.51881492082352
5.07140119019827
5.44030688499013
5.15480434207353
5.48712325017946
5.2356383683082
5.02921693986579
5.04397848995714
5.00995742344732
5.55273547732165
5.34901263941939
5.2014879508229
5.53304524420912
5.55741805614787
5.5741964093304
5.21683672697349
5.48190324647531
5.68223735601499
5.76458338591536
5.8187775483063
5.17882952658478
5.08664726985908
5.28212971264014
4.18192743222178
4.8966456786036
4.87963248494679
5.22788903590153
5.28094096275897
5.61311932306553
4.78779630259873
5.212635575513
4.91292933825902
5.14783010140247
5.35318122392994
5.13768781852802
5.18129887167641
5.73368795515994
5.59190099412876
5.57632151924259
5.641702455373
5.2947477241778
5.34018423069208
5.76649172573634
5.75252409026983
5.89945124810642
5.69230756235129
5.85369138995741
5.60583035906739
5.56078936444384
5.39435100090607
5.75494399143573
5.77905167935064
5.20444169216591
5.66012163610944
5.57559198473401
5.67619794324804
4.89584233694627
5.42899446503567
5.69473458760573
5.46978736148845
5.59768350372924
5.7816838357657
5.5739146285064
5.71928923386715
5.73919262444786
5.11596687821138
5.20063439205219
5.72731007128426
5.75909966839082
5.72593968306156
5.72897529846945
5.6889578671481
5.4986219856647
5.6522138286372
5.87106627103438
5.51939769554432
5.72943511469989
5.73534236206225
5.64586470983805
5.5098804959596
5.27144897846951
5.47845317548294
5.43556889409766
5.43896119231957
5.71583617127621
5.7014349136657
5.89891893171653
5.60364771504146
5.80604389121554
5.72208933282573
5.84524337384864
5.86430707700887
5.31984333834323
5.37839578437388
5.79920322623173
5.7070660814791
5.5274129140666
5.52246273290973
5.34164274308387
5.55261531066158
5.70823009830044
4.92957135793453
5.36290661678545
5.50952223496728
5.24806090757454
5.34578107171828
5.24091177786068
5.55836984597879
5.47833420660583
5.82504967756702
5.79821790053839
5.7547423491182
5.58932625370989
5.54380932801569
5.57473700016341
5.17402552323099
5.31347018208258
5.56432419914328
5.72176368820751
5.93680793053192
5.78006050639822
5.40105376996086
5.09623469275533
5.50081834535345
5.75031579921485
5.7695209470518
5.3571345162178
5.1615207487412
5.63828350738833
5.35294502869646
5.43679395018619
5.76692798217717
5.17378743065704
5.19900808011696
5.49791150803622
5.33994359157921
5.42418463905794
5.76381651845058
5.1481099832874
5.32934602249599
4.98860744192293
5.06870735313976
5.36119687920963
5.46029329994626
5.30757835955602
5.52102574818417
5.56428515068064
5.54027560312816
5.3249491342201
5.28451387090369
5.58563306561729
5.79138022720869
5.48999101019583
5.38872572259485
5.76268929529978
5.77460428986904
5.54462723554731
5.71117112676093
5.59430563700436
4.89452743862979
4.8315981011552
5.19012364411713
5.58850731248973
5.24648956549806
5.24853989883156
5.54394137404706
5.23928417604038
5.57561314857164
5.67841848636298
5.34860488014828
5.42769977119153
5.6436968429036
5.88908749188067
5.75811233154088
5.78357530315923
5.61543736096472
5.52057918663672
5.61874271085395
5.41588723052186
4.9908758088863
5.27218581047505
5.62693198033265
5.27227098659288
5.11020534074921
5.674879373262
5.48931012736623
5.39972550719432
5.64065670823428
5.05365061223659
5.48321840315098
5.50554735564517
5.66317411024139
5.79079909986301
5.67964116395942
4.94567409174648
5.33103132325369
5.38608042304656
5.11276272331821
5.22177925995414
5.21559438085609
5.63038053340587
5.66779706152192
5.27953869341687
5.24466126814266
5.78944298745937
5.47445940876974
5.53146009604521
5.46452579684197
5.63865100605618
5.47822480914723
5.49922868513371
5.25141082356232
5.69340089164567
5.683776096375
5.71684242659531
5.69635816853312
5.09669207610842
5.18218120005376
5.52688948570769
5.73116021717562
5.49635623114995
5.15381911273323
5.66478003829129
5.44805193611816
5.2463451190185
5.5895308538986
5.32999896512018
5.74839647325153
5.74585096755721
5.32791483548607
5.84653269290442
5.83398285242235
5.59654031059684
5.58745783616931
5.79821962976407
5.89009016690877
5.77559753706015
5.4773500331319
5.59955647096513
5.8115194433183
5.42807050149648
5.52774406270931
5.5404893486773
5.76012646849869
5.86196507918653
5.56555057460909
5.66194216369812
5.5066830227251
5.58009350532975
5.63944773555653
5.81874738167909
5.86418036847726
5.72303776842712
5.5026918874343
5.39178578368201
5.64544144338995
5.56083228667694
5.38295331351451
5.31214799793369
5.34742012592947
5.35699488048682
5.69061478878356
5.76718768568875
5.51035733597065
5.79015660431583
5.70021544536274
5.11379690171425
5.56767344594658
5.63711002919525
5.42517929215902
5.65000170572011
5.19620466229395
5.33432141934892
5.62912275204078
4.95437073322208
5.59609281606052
5.59341033121845
5.7793339847708
5.8386548019045
5.69442421787325
5.71848803917261
5.58662860058075
5.58120788269867
4.72606367794653
5.47774006871851
5.67708427655001
5.62434635199576
4.95277409772343
5.46681818099865
5.81651900021929
5.68439467118814
5.83155652703817
5.75794941235992
5.75900041425219
5.50327106878562
5.65462008215383
5.60093926082956
5.6813427389561
4.87543929197679
5.29896587961084
5.70023396255175
5.53802109005514
5.5580439899696
5.68906354413563
5.81620988439557
5.41737987944034
5.68348726636791
5.62379181677113
5.58607349920851
5.87618061128347
5.7363980055798
5.39421841773345
5.3548001374225
5.48944665747748
5.33666618727972
5.67653758494134
5.37104753382218
5.6333065220972
5.52962618831351
5.45493619897719
5.61562179773279
5.58665627165321
5.87349895930337
5.89778940440686
5.90595454735953
5.93146527344507
5.41648789705703
5.59572279086251
5.55263309893051
5.58053076590628
5.63127094996288
5.69679638530456
5.53235961655918
5.22012550686985
5.57520161910294
5.68386206733044
5.85560058168288
5.88613324120693
5.41521285624378
5.68024698364315
5.67022386791007
5.80143558770535
5.76817732782974
5.56683220540504
5.29955658077389
5.51164978072924
5.12834528904855
5.54423067694071
5.53446446467425
4.51055095456073
5.22724439078096
5.66104078026901
5.43792178608877
5.13117991754036
5.02637242584111
5.06476554262452
5.56415537523142
4.89475415706146
5.48381664255421
5.75127854749947
5.57514546615024
5.67093133545177
5.69822408175842
5.54567282319451
5.67729179977461
5.73753972824766
5.4979684020006
5.6085789414461
5.12801904549019
5.47584765459953
5.53962688455734
5.36044801170872
5.33587897233848
5.65865420362311
5.73082557532962
5.9005592776149
5.84319306307546
5.98692659299047
5.9912875465875
5.57937951545655
5.83147793336037
5.79141239791768
5.4269765552109
5.55008169462202
5.46264500628071
5.28613217445165
5.60562062911821
5.33746310213034
5.31030634657809
5.16304564156113
5.30418212678069
5.03519496353668
4.11179502164716
4.82310162660939
4.27063998275054
5.23238385690061
5.50489341283276
5.57005889522427
5.6020189947067
5.66420990182533
5.55910215243218
5.66333372875407
5.9005417754729
5.90035006814649
5.85842177352741
5.57118526163042
5.37465125797308
5.1951233166411
5.10711565122021
5.61431688276866
5.72092199340874
5.88267281790352
5.81362773787522
5.83816558229436
5.68642149844256
5.82532291720368
5.76630772408562
5.68079567282707
5.02182646797267
5.30731327140721
5.60546143035948
5.48566860646709
5.80141557091435
5.43397749303063
4.35880732123936
5.26396894783959
5.78762354894675
5.67017453607554
5.41585284776089
5.64527641262194
5.82143864277107
5.60337251000222
5.46288396423872
5.30716543135556
5.66984581567751
5.67330294493804
5.29584412513462
5.71137550354198
5.67662421071746
5.47457949550795
5.15548748135134
5.44301582983754
5.0845032914828
5.58976478068956
5.69771886974172
5.03275113382481
5.6396649638032
5.91079639793787
5.34420995547584
5.29102521710976
5.61575041725176
5.68389866360544
5.83209403408696
5.29049036298098
5.34680771074505
5.66549405086118
5.69937667766443
5.67019384003998
5.83573121848404
5.64340501792307
5.64288509498517
5.51604510327198
5.67638276657637
5.69135966986042
4.47632089787409
5.5450100781872
5.84149283853851
4.93384276302189
5.47612169086185
5.17645109714311
4.99973081662386
4.76066953876735
5.26210355205112
5.62565097892684
5.52648269564027
5.37750954433316
5.44661631037649
5.45629468479939
5.35961696797934
5.71533366265242
5.10100939886338
5.61488721587757
5.36136215966537
5.44028542101753
5.53149785615282
5.57787649918127
5.37850838625528
5.20394514700829
5.26597658314623
5.74048894252173
5.78078703359748
5.51872446209745
5.68566252088857
5.04897756307427
5.62404792085302
5.48973216939034
5.33966496396606
5.44685573534503
5.25220660792867
5.60242037285267
4.56409161033092
5.24997826252551
5.36118019992151
5.49847762734743
5.57949023724395
5.42551719936788
5.69360762117099
5.88488947106493
5.78944913138016
5.65860594198705
5.77441870237726
5.63944331868335
5.88178196961834
5.9011537094141
5.84000763432347
5.57044994245145
5.74019496773013
5.71929022288184
5.85283803525778
6.03009166312849
6.08754639709416
6.03629507814057
5.72105988590831
5.73561516287054
5.97212220273057
5.93843730252045
6.05294374374594
5.97552162013861
5.38696369967572
5.56802883039499
5.89914957092811
5.87358263541345
5.9763184746665
5.79902695985928
5.82942290801324
5.63055931440752
5.47750012059127
5.81318226337012
5.48476944355528
5.51204841761616
4.75078288859618
5.40957104423751
5.17375010641828
5.54161388670707
5.47249236544374
5.4276830923605
5.68287545108616
5.66088733699627
5.62276605778152
5.32045456158089
5.69723866590807
5.78879358771747
5.16172317594686
5.45516356495375
5.37950304569307
5.40318052435367
5.75216412326103
5.76306806210949
5.90786279304702
5.56174519761474
5.85795760171092
5.53693660877252
5.81639567232217
5.68945610160701
5.53877573713182
5.54926815770118
5.84527718246692
5.47575391610209
4.89734194390403
5.100342974731
5.61976130821875
5.57188845249222
5.32088030452495
4.89337307383962
4.86784768832587
5.31314177761966
5.65994780958158
5.67417084042723
5.62295313371253
5.91868064056503
5.76308859121125
5.92794393922244
5.82812589727728
5.82830456243264
5.80907169504072
5.86384738063311
5.83504488459459
5.99439303484582
5.95344143859545
5.85158773380364
5.70208670289475
5.88045508983596
5.6860575073015
5.60142386164839
5.33971046148069
5.40668440254064
5.35636435355222
5.52295492487346
5.63464556724448
5.83122185858517
5.92436772916299
5.78744028506851
5.29269911310504
5.61272881485308
5.7834003986618
