5.84154594652211
4.97189918638885
5.35514356025807
3.98952736038741
4.85652272651254
5.31949299392849
4.75081711932087
5.31310009501904
5.24573360949995
5.13313886072587
5.58524324918568
5.82191584007171
5.34495872673415
5.17470219810429
4.41903543244282
4.57088832703632
5.5559188559561
5.55768260077898
5.50777791133895
5.42118453172528
4.67968302378285
4.74362573844394
5.04806913859476
4.96074197802284
4.93008393869192
4.76716814361655
5.37684660648352
5.63884560874298
5.53860834884972
5.46381459751793
5.70453372897466
5.29622107647166
5.71106641219264
5.50661145318421
5.54510209886364
5.91196765624306
5.52924751651647
5.54458665250412
5.09465702056866
5.55263444853703
4.9148830664515
5.44271742560869
5.18873883678735
5.69154835521206
4.94577130639685
4.76599149553127
4.97292241708685
4.55644172109616
5.31408881740561
5.03413233697231
4.99158265214296
5.42208857444354
5.32816489788484
5.26371419689521
5.51523066327979
4.36466877961016
5.54819639603998
5.1594958161489
5.49635392059799
5.49794053626778
5.23316221425458
5.688863592863
5.8025947567146
5.87672873869034
5.09472212960321
4.77000003349723
4.73234113481181
5.36880091378607
5.26064064591339
5.02675249534593
5.16268177967426
5.21978764879158
5.27412520298073
5.67541661341032
5.64087410111088
5.792033400975
5.76485981066569
5.83820176880213
5.54754196443494
5.90445329136676
5.46067092699316
5.13340180711259
5.17360489257938
5.67091076750286
5.43248458898261
5.76798988509977
5.81886245905839
5.81787487249609
5.80127272965979
5.8768190893382
5.41193636128723
5.6937175739738
5.39852699372404
5.46002686540089
5.23736871763572
5.3546656588497
5.21749494624071
5.74976270963645
5.61834658357916
5.88076268004516
5.96951376368665
5.81845716205056
5.38268381438821
5.5934062120296
5.51680624274449
5.53726101928544
5.15362464998134
5.03585868512318
5.78615723359265
5.04636477232469
5.38061140455725
5.44466877410897
5.32845203832307
5.45531014063859
5.58210701789855
5.17098017039597
5.24743500429852
5.23693653309973
5.23052833710478
5.7414215844948
5.76962483177831
5.52742976204047
5.41891846508732
4.96897567277677
5.63885994641509
5.72886305732733
5.87632509773818
5.7092107656724
5.86007326094829
5.93188240850162
5.59832389753996
5.66657188858551
5.79703411845942
5.58498556887714
5.64995369760352
5.40933784162615
5.6959319451403
5.29378371001702
5.38422487190916
5.05710185096987
5.58723638868328
5.45282857974665
5.47902835928888
5.47605848051398
5.15341874981155
4.76067211064192
5.13601360070889
4.88306013545731
5.40696675031585
5.19458019834147
5.46746802097521
5.7359988401147
5.50103840037861
5.4510046781546
5.56643334506019
5.49311373140091
5.25220800892487
5.4098581375753
4.93284763139242
5.27646013038479
5.25534522124793
5.4472128840201
5.33651333356268
5.38501618370298
5.33786165274939
5.30483187394298
5.78385538891759
5.77347756038794
5.1124454470958
5.23112478715162
5.42232200658569
5.38811223719383
5.41159015264766
5.74064327022152
5.59223748584604
5.27141802772852
5.24106164654683
5.43601781051559
5.43761950140081
5.29041147376387
5.17063009202605
5.47482832020396
5.58444258181442
5.49164218338819
5.11835347940794
5.67239377901909
5.37267719984341
5.28625504209661
4.72116978728886
5.06568362619105
5.06139368398729
5.37964731031131
5.06978042131837
5.22211513288963
5.1475039819721
4.72857409534492
5.11222905706217
4.92677639982345
5.38978637608089
5.41191541687496
5.36721289618188
4.86948673884573
5.07928873761996
5.51152892359469
5.56103454277652
5.86510310588812
5.86300023365776
5.38726261505301
5.33419444561396
5.20589675569169
4.93790560150608
5.42873680394918
3.72534107610789
5.38059183783762
5.26341726941304
5.20290871656358
5.32945927796432
5.70620123639932
5.56986550256591
5.6490302915309
5.74279503666838
5.7158373153152
5.83616046162591
5.95925980917272
5.87701204960302
5.27052997239773
5.56021626092476
5.69384179678601
5.31786535904387
5.46941910472772
5.76177838744247
5.33600151853256
5.7492087256068
5.09775075372158
5.63313874702822
4.91882866318457
4.4930163333427
4.8063883391025
5.24262911584381
5.32806955711767
5.38488666500672
5.31281421712664
5.72550283730573
5.40243614861703
5.17638756797911
5.36195737333147
5.48768737607166
5.51475470812519
5.79322861838656
5.57095429406567
5.73913362841829
5.88864909633358
5.62732480816233
5.56633029010417
5.64606150724545
5.33262965645655
5.21464247959416
5.27383943111008
5.52686082793979
5.5854135243578
5.60532755939555
5.57599199685114
5.69509541121898
5.0008605324517
5.52920745012453
5.22492751766057
5.17288843573571
5.33369769296194
4.94496497789941
5.2957302415008
5.20768017524689
4.73215615829392
4.852917395695
5.30495040137496
5.68279346102528
5.57847926638692
5.88936922110467
5.67498308721368
5.25033628519388
5.32477938736216
5.47988219075575
5.20641807006387
5.28789346981208
5.45502438795082
4.95010063137913
5.61567777251678
5.4461362165036
5.72994728595192
5.78169355763092
5.77095660445423
5.66343668074707
5.42815305031952
5.35083031888936
5.59659788750039
5.2671514745759
5.17544465821558
5.12145219505121
4.85450584800737
4.05906518747703
4.16766628687779
4.58414916903816
4.38224242284098
4.45345259511056
4.97888547760521
5.06834868665659
5.08717675788011
4.97237150502926
5.19146763907004
5.20610481309729
5.21930363346326
5.11711517147418
5.55581258543164
5.52136672176964
5.43366951244072
5.56179968992308
5.3955940383854
5.36395274481194
5.27531631405777
4.95072966567974
5.12680728079214
5.2139070679552
3.91775241919438
5.04417089245899
5.24654204761189
5.48900820104312
5.62828647675269
5.33369648776852
4.80173321590452
5.23025089628625
5.42587364138008
4.83445147278118
4.77081150234804
4.7698351966212
5.31393366854783
5.16922400259589
5.37224649718744
5.46988159171476
5.77517502443891
5.76808115775298
5.50512426020646
5.61748790155248
5.35557197477888
5.53326984051987
5.68794114630999
5.40479821038015
5.37341970051168
5.77609328786844
4.91978138345663
5.61182838472643
5.38542589364529
5.61137095857126
5.61608402313746
5.76727184678985
5.83142085320968
5.77034234516724
5.98082035639428
5.99319831501122
5.45763813181206
5.15495568081941
5.54601644270337
5.40574572375184
5.4990248261767
5.3758384506548
5.49965295297616
5.09784073947868
5.45782912305103
5.55535927050035
5.3658533947279
5.50061328456315
5.54495283107315
5.37343722551432
5.13157418935976
5.50843022210874
5.64266676889312
5.45663378814221
5.52639280805108
5.71855743190328
5.37076555375155
5.5825680686827
5.58170708005728
5.70109815622757
5.59921009938826
5.278722694101
5.39918769037512
5.55324845871405
5.05336762347324
4.82222427066193
5.39703953231079
5.71656384800261
5.30292625025035
5.38524067815569
5.54410251517616
5.39082562208465
5.54386930034994
5.31059528354207
5.66841145846225
5.29419731654758
5.75676963112818
5.6263683216241
4.98586331313784
5.62475291760527
5.70272718007197
5.28365866540992
5.04413398261059
4.00103412104685
5.0899558472131
5.5955201785695
5.32714833550239
5.5377835735704
5.32084955988026
5.5294582619537
5.51420783352898
4.91314304761177
4.25832416843831
4.71787870006854
4.88223565427486
5.31545636460601
5.00666719176537
4.12461266844034
4.90097157092611
4.79033008080967
4.96634516790574
5.56143318477943
5.21942355663012
5.56747429472802
5.09099520405866
5.55714047710747
5.81192621304915
5.74474400726249
5.85797930830284
5.69079054855725
5.83053849630018
5.5013166868174
5.41923735063663
5.21061969928399
5.31263905676113
5.14768282871013
5.62968057516858
5.81375521045164
5.50624447400325
5.51766535588174
5.23303495339691
5.68847541614814
5.53832020009871
5.44567263764282
5.48795068825375
5.35337550357454
5.4659115338068
5.47375316954131
5.70355906372209
5.64127184266295
5.48519001201347
5.14775050029777
4.94230485225182
5.50238872995684
5.69308246286258
5.65898065429089
5.71646581792428
5.61772601761366
5.69537093623345
5.79118920244663
5.65526948164807
5.36704940504878
5.09714247991322
5.44979877226221
5.6936941054034
5.605867472649
5.8992200123103
5.34294186119815
4.19468194084597
5.05846174498347
5.15662349927849
5.23754144077672
5.08112487077579
4.99148294039611
5.06543892494904
5.6030878710427
5.75582941326911
5.59218750282135
5.16600678873728
5.53085941204266
5.53524065769755
5.74490609124186
5.72209794278749
5.35677523100123
5.44147748016931
5.34536725536931
5.61384609721649
5.08955889738985
5.42690866124721
5.3575533839993
5.34384371162356
5.70901954551061
4.62889341415613
5.08867070086104
5.24488088861354
5.61719048040332
5.17967733427225
5.38499147508469
5.49119106849006
4.72218160377865
5.14534796385636
4.77522975166528
5.18638906372525
5.63285678422239
5.39737383565171
5.14112445671897
4.98147173888481
5.37309379305143
5.46880893529782
5.44550493970061
5.0723349649144
5.00887538704379
5.45732302650184
4.96779784868804
3.86846995653689
4.70394275267134
5.21630369033657
5.22074576609681
4.1925882625257
5.53747413969901
4.96071726865878
5.30616029347224
5.40062658282745
5.2830136979579
5.57208845534804
5.64409045998527
5.36848327947533
5.49434054712769
5.17747568832343
5.4303456738941
5.57173164967141
5.54065231991982
4.53353124573753
5.37884755106698
5.33244278728803
5.72801605349743
5.70562960303303
5.6522849227258
5.41832269897379
5.8519691597448
5.48476068657795
5.29314795243852
5.42136781378467
5.25108428502326
5.17804175349882
5.22769543289634
5.5336333814689
5.36423722978367
5.53740598791354
5.66200421711109
5.01135623472379
5.35237151452788
5.000590428859
4.6373025681712
5.47857785182272
5.01902856790412
4.8557359042835
5.6657031638243
5.19388134929947
5.79665030166155
5.8457464835819
5.44059829127829
5.63732012310291
5.25830449674698
5.33816943244335
5.22346875697952
5.18667192882328
5.06750380625301
5.57314424052846
5.0396113639764
4.91670778236915
5.4703239314569
5.10553902707377
5.22901056427561
5.39276384008647
5.42959426031664
5.33625729093007
5.56676054691263
5.42184019232024
5.38972063599949
5.6886570830939
5.19247505880134
5.62104075371257
5.53840306462368
5.82151567366154
5.5729094146829
5.20544523522035
5.17675895094972
5.32776354257276
5.32619664895859
5.07961174384672
5.21332838376557
5.44083947806478
5.18272265620729
5.22641416584111
5.62023928429526
5.49162731225657
5.58948205628351
5.52812050275328
5.51483400703431
5.55110100726591
5.4223661275047
5.4294265248036
4.71440100631601
5.00103949065563
5.20855196860347
5.47459302686717
5.59697974802935
5.52320086711291
5.20275957861732
5.51274562917987
5.24385684052246
5.1427510811927
5.56630586183019
5.33971243058583
5.63727001781797
5.70611443732429
5.40357486896319
5.64693017116594
5.0571212748223
4.82451512959578
5.43861664231238
5.40662278704241
5.03558997678401
5.29462928826658
5.22328593355212
5.68730932583726
4.4441701595094
4.9297488400403
4.06836380590827
5.0784234659923
5.17529580803639
5.45891702788089
5.46222918804135
5.69855866938185
5.44581055558728
5.80810031171025
5.35239883728609
5.51521367091361
5.60264434676373
5.54679830100967
3.33336548859402
5.36866022395771
5.54572384090906
5.61900521468782
5.59640950398496
5.71787036615289
4.65513766000256
5.03903298282063
5.27642792467804
5.40968402512279
5.69532092316459
5.36235925186771
5.04441122548147
5.42837476762111
5.38081551138689
5.6222150236032
5.79558766852068
5.68618019497551
5.91847245326008
5.72653045090863
5.80525484726808
5.83347441613023
5.53279750812912
5.75448940634055
5.81729962053777
5.45553802953316
5.75499504567296
5.68612423968044
5.21830468361606
5.51374329161951
5.33382818413575
5.43907915296161
5.79057787220496
5.29799374556032
5.73944768973803
4.32460043828958
4.38796787476524
4.9642503474612
4.95222810721265
5.64674402280494
5.23340993799705
5.71531614153444
5.01838187665232
5.33811833907864
4.87449426998219
5.24703017376719
5.39923388492517
5.35838248900711
4.66554032453082
5.41656784109134
5.14355161916073
4.93490551033188
5.2688972751517
5.30874245536056
4.98040214680026
5.30707536182723
5.15168379948742
5.22940383873875
5.06562170788459
5.40425163602525
5.33932867397009
5.32599657157658
5.13431645198095
4.70539083835965
4.76858193718194
4.62815346964303
5.20090208440149
5.06340792225135
5.05388694284729
5.01421798100854
5.41630042632407
5.30040395839437
5.16850813057711
4.7076320234443
3.25937794745807
4.75223062933685
5.42467784849831
5.50540674882486
5.28216179391192
4.48304932681969
4.97009306900294
4.87774075154582
5.2491560510297
5.24323891957619
5.21113926412183
5.55470421391453
4.57722401178449
5.36549426530669
4.88244783325087
4.47200393279075
5.14982463875503
5.56709132835382
5.32811506872449
5.32556288939238
3.75571854550408
4.52790589858133
3.84835876747826
4.57741367819531
4.95654667882612
5.25019612178871
4.87846564491521
5.35217137394548
5.49402744881009
5.52803913990364
5.53360111569185
5.64854585624872
5.45529646398666
5.02766146676925
5.12459734767376
5.62248610928379
5.14689234427572
5.57725517762603
5.71366110932949
5.506438661411
5.34978526815664
5.42677497658864
4.20535948864865
5.24640258394042
5.41861560380752
4.93685759152326
5.41216033469325
5.22036983970727
5.78634408769531
5.20939489273458
4.44518570020542
5.03599427974245
4.25231624899026
4.32710119302301
3.50213730951952
4.00164426621519
5.08714388667308
5.59252592905122
5.6791650609411
5.6158748378504
5.61155744789192
5.41914789268781
5.34797161655592
5.22185430189229
5.0178399143918
5.4090223676448
5.41853418855494
4.77051582129035
5.01838770245487
5.22487982601491
5.37861535477912
5.6766588954202
5.28849917592603
5.7194857923762
5.19996728937884
5.57796225172566
5.63310872861935
5.51379927307007
4.80255556746034
5.05882281660543
5.51234317202586
5.76166329123037
4.73670852058807
5.55762313884695
5.35521131310322
5.24285263558532
5.34304889937971
5.6593088722405
5.4433938146046
5.58681664994713
5.41358688640895
5.51864175361608
5.71575001169695
5.64270672510861
5.56787732162276
5.3449970613652
5.07921943031392
5.23803058901473
4.19986685494798
4.94369841328235
4.79551371378391
4.75255868156854
5.28508380673132
4.62927136682266
4.89242574491268
5.19476963866295
5.46623970590514
5.43288611520024
5.64176677232821
5.33319091445134
5.0994989450161
5.21964217143714
4.98772089369905
5.10968146792487
5.02709317663311
4.95394118327293
5.13848434417625
5.57420315131997
4.22808560891015
4.855076176183
5.3138037949796
5.08739091808463
5.26612851004757
5.22314026432922
5.46468584296774
5.17670627302595
5.01622037824798
4.70504220713596
5.01643039396069
4.72770572246117
5.28484657865257
5.20094391861862
5.1650334217496
3.96090354417571
4.91221031470852
5.47034321362477
4.46400624682626
4.61156649986569
4.3211738106604
4.45730357831417
4.62880424828297
4.78016069090141
4.83704948756636
5.21333221542988
4.67094552633477
4.56914102076656
3.86773733073279
4.97700243926591
4.79048097419749
4.88414630120687
5.23806256639
5.05597069531168
5.09734930130921
5.5326979077121
4.70704148522228
4.55051673247162
4.24249520454294
4.65513208574439
4.8782283671773
4.98065024430701
4.36654602311672
5.18047255234925
5.67744776559042
5.19363527023974
5.23290241876275
5.13493271417276
5.34139401083572
5.03110103682834
5.39633843350873
4.28823243244739
5.33856071618909
5.47414607682356
4.94960181279588
5.17784097541847
4.41203852903195
4.19880292762075
5.25766748641339
5.37468663678952
5.00687916235076
4.54576736951054
5.26831696681541
5.20075692322153
5.19078393068687
4.97067019491383
5.15500711280115
4.8168848608788
5.42686527725974
5.54782264189875
5.60405452259298
5.58675310476044
4.83641474211692
4.8755480709853
5.64047580035615
5.50800460014446
5.50270870209325
5.68847761823814
5.31240315617172
5.1232071598032
5.25566276088037
5.28623301808121
5.25000433854461
5.2571925753889
5.59686916566299
5.54346053936265
5.43550549824201
5.27909114312159
5.36925339697193
5.35905850838949
4.99848528799226
4.92829055563001
5.01716346354852
4.9953033753413
4.81318946567388
5.08002761725324
4.64123453377586
4.46482500128626
4.29236790600808
4.09323793674056
5.31597613548186
5.21082522045221
5.5554070521285
4.77520724645042
4.99518900566559
4.66519727647628
4.95752344308235
5.47736824058348
4.17875965020698
4.45391888028853
4.70140747587225
4.04431115645645
4.71995968367925
4.48219417934494
5.34749237219343
5.46328088070476
5.58570885290162
5.20524866170459
5.5255678293928
5.17692173480227
5.27777444771635
5.12324535831774
5.41301497045007
5.17656674848614
5.1508556624159
5.22687228374836
4.97448528369025
4.16689605303417
4.59139988121577
5.17009706730428
3.80005641112363
4.77601578569513
5.31583045652509
5.84419279064194
5.72378242993212
5.55957590964876
5.25257116644359
5.67273889339503
5.59236342065049
5.14218292479587
5.1837234719343
5.24335977281233
4.74746486466189
5.02016485581888
5.32428183638458
5.49813780236047
5.17265651159766
4.56294576621356
4.89174256780688
4.40096727480985
3.9319972103355
4.25930587537702
4.29096038600448
5.19036098776757
5.15751036067553
5.48636261778107
5.2177232047415
3.99760139495848
4.45487306273924
4.80070329187016
5.08890444596211
4.94971826134836
4.98644627154874
4.73765904323729
4.72515572024787
4.37777213507275
