5.84154594652211
4.97189918638885
5.35514356025807
3.98952736038741
4.85652272651254
5.31949299392849
4.75081711932087
5.31310009501904
5.24573360949995
5.13313886072587
5.58524324918568
5.82191584007171
5.34495872673415
5.17470219810429
4.41903543244282
4.57088832703632
5.5559188559561
5.55768260077898
5.50777791133895
5.42118453172528
4.67968302378285
4.74362573844394
5.04806913859476
4.96074197802284
4.93008393869192
4.76716814361655
5.37684660648352
5.63884560874298
5.53860834884972
5.46381459751793
5.70453372897466
5.29622107647166
5.71106641219264
5.50661145318421
5.54510209886364
5.91196765624306
5.52924751651647
5.54458665250412
5.09465702056866
5.55263444853703
4.9148830664515
5.44271742560869
5.18873883678735
5.69154835521206
4.94577130639685
4.76599149553127
4.97292241708685
4.55644172109616
5.31408881740561
5.03413233697231
4.99158265214296
5.42208857444354
5.32816489788484
5.26371419689521
5.51523066327979
4.36466877961016
5.54819639603998
5.1594958161489
5.49635392059799
5.49794053626778
5.23316221425458
5.688863592863
5.8025947567146
5.87672873869034
5.09472212960321
4.77000003349723
4.73234113481181
5.36880091378607
5.26064064591339
5.02675249534593
5.16268177967426
5.21978764879158
5.27412520298073
5.67541661341032
5.64087410111088
5.792033400975
5.76485981066569
5.83820176880213
5.54754196443494
5.90445329136676
5.46067092699316
5.13340180711259
5.17360489257938
5.67091076750286
5.43248458898261
5.76798988509977
5.81886245905839
5.81787487249609
5.80127272965979
5.8768190893382
5.41193636128723
5.6937175739738
5.39852699372404
5.46002686540089
5.23736871763572
5.3546656588497
5.21749494624071
5.74976270963645
5.61834658357916
5.88076268004516
5.96951376368665
5.81845716205056
5.38268381438821
5.5934062120296
5.51680624274449
5.53726101928544
5.15362464998134
5.03585868512318
5.78615723359265
5.04636477232469
5.38061140455725
5.44466877410897
5.32845203832307
5.45531014063859
5.58210701789855
5.17098017039597
5.24743500429852
5.23693653309973
5.23052833710478
5.7414215844948
5.76962483177831
5.52742976204047
5.41891846508732
4.96897567277677
5.63885994641509
5.72886305732733
5.87632509773818
5.7092107656724
5.86007326094829
5.93188240850162
5.59832389753996
5.66657188858551
5.79703411845942
5.58498556887714
5.64995369760352
5.40933784162615
5.6959319451403
5.29378371001702
5.38422487190916
5.05710185096987
5.58723638868328
5.45282857974665
5.47902835928888
5.47605848051398
5.15341874981155
4.76067211064192
5.13601360070889
4.88306013545731
5.40696675031585
5.19458019834147
5.46746802097521
5.7359988401147
5.50103840037861
5.4510046781546
5.56643334506019
5.49311373140091
5.25220800892487
5.4098581375753
4.93284763139242
5.27646013038479
5.25534522124793
5.4472128840201
5.33651333356268
5.38501618370298
5.33786165274939
5.30483187394298
5.78385538891759
5.77347756038794
5.1124454470958
5.23112478715162
5.42232200658569
5.38811223719383
5.41159015264766
5.74064327022152
5.59223748584604
5.27141802772852
5.24106164654683
5.43601781051559
5.43761950140081
5.29041147376387
5.17063009202605
5.47482832020396
5.58444258181442
5.49164218338819
5.11835347940794
5.67239377901909
5.37267719984341
5.28625504209661
4.72116978728886
5.06568362619105
5.06139368398729
5.37964731031131
5.06978042131837
5.22211513288963
5.1475039819721
4.72857409534492
5.11222905706217
4.92677639982345
5.38978637608089
5.41191541687496
5.36721289618188
4.86948673884573
5.07928873761996
5.51152892359469
5.56103454277652
5.86510310588812
5.86300023365776
5.38726261505301
5.33419444561396
5.20589675569169
4.93790560150608
5.42873680394918
3.72534107610789
5.38059183783762
5.26341726941304
5.20290871656358
5.32945927796432
5.70620123639932
5.56986550256591
5.6490302915309
5.74279503666838
5.7158373153152
5.83616046162591
5.95925980917272
5.87701204960302
5.27052997239773
5.56021626092476
5.69384179678601
5.31786535904387
5.46941910472772
5.76177838744247
5.33600151853256
5.7492087256068
5.09775075372158
5.63313874702822
4.91882866318457
4.4930163333427
4.8063883391025
5.24262911584381
5.32806955711767
5.38488666500672
5.31281421712664
5.72550283730573
5.40243614861703
5.17638756797911
5.36195737333147
5.48768737607166
5.51475470812519
5.79322861838656
5.57095429406567
5.73913362841829
5.88864909633358
5.62732480816233
5.56633029010417
5.64606150724545
5.33262965645655
5.21464247959416
5.27383943111008
5.52686082793979
5.5854135243578
5.60532755939555
5.57599199685114
5.69509541121898
5.0008605324517
5.52920745012453
5.22492751766057
5.17288843573571
5.33369769296194
4.94496497789941
5.2957302415008
5.20768017524689
4.73215615829392
4.852917395695
5.30495040137496
5.68279346102528
5.57847926638692
5.88936922110467
5.67498308721368
5.25033628519388
5.32477938736216
5.47988219075575
5.20641807006387
5.28789346981208
5.45502438795082
4.95010063137913
5.61567777251678
5.4461362165036
5.72994728595192
5.78169355763092
5.77095660445423
5.66343668074707
5.42815305031952
5.35083031888936
5.59659788750039
5.2671514745759
5.17544465821558
5.12145219505121
4.85450584800737
4.05906518747703
4.16766628687779
4.58414916903816
4.38224242284098
4.45345259511056
4.97888547760521
5.06834868665659
5.08717675788011
4.97237150502926
5.19146763907004
5.20610481309729
5.21930363346326
5.11711517147418
5.55581258543164
5.52136672176964
5.43366951244072
5.56179968992308
5.3955940383854
5.36395274481194
5.27531631405777
4.95072966567974
5.12680728079214
5.2139070679552
3.91775241919438
5.04417089245899
5.24654204761189
5.48900820104312
5.62828647675269
5.33369648776852
4.80173321590452
5.23025089628625
5.42587364138008
4.83445147278118
4.77081150234804
4.7698351966212
5.31393366854783
5.16922400259589
5.37224649718744
5.46988159171476
5.77517502443891
5.76808115775298
5.50512426020646
5.61748790155248
5.35557197477888
5.53326984051987
5.68794114630999
5.40479821038015
5.37341970051168
5.77609328786844
4.91978138345663
5.61182838472643
5.38542589364529
5.61137095857126
5.61608402313746
5.76727184678985
5.83142085320968
5.77034234516724
5.98082035639428
5.99319831501122
5.45763813181206
5.15495568081941
5.54601644270337
5.40574572375184
5.4990248261767
5.3758384506548
5.49965295297616
5.09784073947868
5.45782912305103
5.55535927050035
5.3658533947279
5.50061328456315
5.54495283107315
5.37343722551432
5.13157418935976
5.50843022210874
5.64266676889312
5.45663378814221
5.52639280805108
5.71855743190328
5.37076555375155
5.5825680686827
5.58170708005728
5.70109815622757
5.59921009938826
5.278722694101
5.39918769037512
5.55324845871405
5.05336762347324
4.82222427066193
5.39703953231079
5.71656384800261
5.30292625025035
5.38524067815569
5.54410251517616
5.39082562208465
5.54386930034994
5.31059528354207
5.66841145846225
5.29419731654758
5.75676963112818
5.6263683216241
4.98586331313784
5.62475291760527
5.70272718007197
5.28365866540992
5.04413398261059
4.00103412104685
5.0899558472131
5.5955201785695
5.32714833550239
5.5377835735704
5.32084955988026
5.5294582619537
5.51420783352898
4.91314304761177
4.25832416843831
4.71787870006854
4.88223565427486
5.31545636460601
5.00666719176537
4.12461266844034
4.90097157092611
4.79033008080967
4.96634516790574
5.56143318477943
5.21942355663012
5.56747429472802
5.09099520405866
5.55714047710747
5.81192621304915
5.74474400726249
5.85797930830284
5.69079054855725
5.83053849630018
5.5013166868174
5.41923735063663
5.21061969928399
5.31263905676113
5.14768282871013
5.62968057516858
5.81375521045164
5.50624447400325
5.51766535588174
5.23303495339691
5.68847541614814
5.53832020009871
5.44567263764282
5.48795068825375
5.35337550357454
5.4659115338068
5.47375316954131
5.70355906372209
5.64127184266295
5.48519001201347
5.14775050029777
4.94230485225182
5.50238872995684
5.69308246286258
5.65898065429089
5.71646581792428
5.61772601761366
5.69537093623345
5.79118920244663
5.65526948164807
5.36704940504878
5.09714247991322
5.44979877226221
5.6936941054034
5.605867472649
5.8992200123103
5.34294186119815
4.19468194084597
5.05846174498347
5.15662349927849
5.23754144077672
5.08112487077579
4.99148294039611
5.06543892494904
5.6030878710427
5.75582941326911
5.59218750282135
5.16600678873728
5.53085941204266
5.53524065769755
5.74490609124186
5.72209794278749
5.35677523100123
5.44147748016931
5.34536725536931
5.61384609721649
5.08955889738985
5.42690866124721
5.3575533839993
5.34384371162356
5.70901954551061
4.62889341415613
5.08867070086104
5.24488088861354
5.61719048040332
5.17967733427225
5.38499147508469
5.49119106849006
4.72218160377865
5.14534796385636
4.77522975166528
5.18638906372525
5.63285678422239
5.39737383565171
5.14112445671897
4.98147173888481
5.37309379305143
5.46880893529782
5.44550493970061
5.0723349649144
5.00887538704379
5.45732302650184
4.96779784868804
3.86846995653689
4.70394275267134
5.21630369033657
5.22074576609681
4.1925882625257
5.53747413969901
4.96071726865878
5.30616029347224
5.40062658282745
5.2830136979579
5.57208845534804
5.64409045998527
5.36848327947533
5.49434054712769
5.17747568832343
5.4303456738941
5.57173164967141
5.54065231991982
4.53353124573753
5.37884755106698
5.33244278728803
5.72801605349743
5.70562960303303
5.6522849227258
5.41832269897379
5.8519691597448
5.48476068657795
5.29314795243852
5.42136781378467
5.25108428502326
5.17804175349882
5.22769543289634
5.5336333814689
5.36423722978367
5.53740598791354
5.66200421711109
5.01135623472379
5.35237151452788
5.000590428859
4.6373025681712
5.47857785182272
5.01902856790412
4.8557359042835
5.6657031638243
5.19388134929947
5.79665030166155
5.8457464835819
5.44059829127829
5.63732012310291
5.25830449674698
5.33816943244335
5.22346875697952
5.18667192882328
5.06750380625301
5.57314424052846
5.0396113639764
4.91670778236915
5.4703239314569
5.10553902707377
5.22901056427561
5.39276384008647
5.42959426031664
5.33625729093007
5.56676054691263
5.42184019232024
5.38972063599949
5.6886570830939
5.19247505880134
5.62104075371257
5.53840306462368
5.82151567366154
5.5729094146829
5.20544523522035
5.17675895094972
5.32776354257276
5.32619664895859
5.07961174384672
5.21332838376557
5.44083947806478
5.18272265620729
5.22641416584111
5.62023928429526
5.49162731225657
5.58948205628351
5.52812050275328
5.51483400703431
5.55110100726591
5.4223661275047
5.4294265248036
4.71440100631601
5.00103949065563
5.20855196860347
5.47459302686717
5.59697974802935
5.52320086711291
5.20275957861732
5.51274562917987
5.24385684052246
5.1427510811927
5.56630586183019
5.33971243058583
5.63727001781797
5.70611443732429
5.40357486896319
5.64693017116594
5.0571212748223
4.82451512959578
5.43861664231238
5.40662278704241
5.03558997678401
5.29462928826658
5.22328593355212
5.68730932583726
4.4441701595094
4.9297488400403
4.06836380590827
5.0784234659923
5.17529580803639
5.45891702788089
5.46222918804135
5.69855866938185
5.44581055558728
5.80810031171025
5.35239883728609
5.51521367091361
5.60264434676373
5.54679830100967
3.33336548859402
5.36866022395771
5.54572384090906
5.61900521468782
5.59640950398496
5.71787036615289
4.65513766000256
5.03903298282063
5.27642792467804
5.40968402512279
5.69532092316459
5.36235925186771
5.04441122548147
5.42837476762111
5.38081551138689
5.6222150236032
5.79558766852068
5.68618019497551
5.91847245326008
5.72653045090863
5.80525484726808
5.83347441613023
5.53279750812912
5.75448940634055
5.81729962053777
5.45553802953316
5.75499504567296
5.68612423968044
5.21830468361606
5.51374329161951
5.33382818413575
5.43907915296161
5.79057787220496
5.29799374556032
5.73944768973803
4.32460043828958
4.38796787476524
4.9642503474612
4.95222810721265
5.64674402280494
5.23340993799705
5.71531614153444
5.01838187665232
5.33811833907864
4.87449426998219
5.24703017376719
5.39923388492517
5.35838248900711
4.66554032453082
5.41656784109134
5.14355161916073
4.93490551033188
5.2688972751517
5.30874245536056
4.98040214680026
5.30707536182723
5.15168379948742
5.22940383873875
5.06562170788459
5.40425163602525
5.33932867397009
5.32599657157658
5.13431645198095
4.70539083835965
4.76858193718194
4.62815346964303
5.20090208440149
5.06340792225135
5.05388694284729
5.01421798100854
5.41630042632407
5.30040395839437
5.16850813057711
4.7076320234443
3.25937794745807
4.75223062933685
5.42467784849831
5.50540674882486
5.28216179391192
4.48304932681969
4.97009306900294
4.87774075154582
5.2491560510297
5.24323891957619
5.21113926412183
5.55470421391453
4.57722401178449
5.36549426530669
4.88244783325087
4.47200393279075
5.14982463875503
5.56709132835382
5.32811506872449
5.32556288939238
3.75571854550408
4.52790589858133
3.84835876747826
4.57741367819531
4.95654667882612
5.25019612178871
4.87846564491521
5.35217137394548
5.49402744881009
5.52803913990364
5.53360111569185
5.64854585624872
5.45529646398666
5.02766146676925
5.12459734767376
5.62248610928379
5.14689234427572
5.57725517762603
5.71366110932949
5.506438661411
5.34978526815664
5.42677497658864
4.20535948864865
5.24640258394042
5.41861560380752
4.93685759152326
5.41216033469325
5.22036983970727
5.78634408769531
5.20939489273458
4.44518570020542
5.03599427974245
4.25231624899026
4.32710119302301
3.50213730951952
4.00164426621519
5.08714388667308
5.59252592905122
5.6791650609411
5.6158748378504
5.61155744789192
5.41914789268781
5.34797161655592
5.22185430189229
5.0178399143918
5.4090223676448
5.41853418855494
4.77051582129035
5.01838770245487
5.22487982601491
5.37861535477912
5.6766588954202
5.28849917592603
5.7194857923762
5.19996728937884
5.57796225172566
5.63310872861935
5.51379927307007
4.80255556746034
5.05882281660543
5.51234317202586
5.76166329123037
4.73670852058807
5.55762313884695
5.35521131310322
5.24285263558532
5.34304889937971
5.6593088722405
5.4433938146046
5.58681664994713
5.41358688640895
5.51864175361608
5.71575001169695
5.64270672510861
5.56787732162276
5.3449970613652
5.07921943031392
5.23803058901473
4.19986685494798
4.94369841328235
4.79551371378391
4.75255868156854
5.28508380673132
4.62927136682266
4.89242574491268
5.19476963866295
5.46623970590514
5.43288611520024
5.64176677232821
5.33319091445134
5.0994989450161
5.21964217143714
4.98772089369905
5.10968146792487
5.02709317663311
4.95394118327293
5.13848434417625
5.57420315131997
4.22808560891015
4.855076176183
5.3138037949796
5.08739091808463
5.26612851004757
5.22314026432922
5.46468584296774
5.17670627302595
5.01622037824798
4.70504220713596
5.01643039396069
4.72770572246117
5.28484657865257
5.20094391861862
5.1650334217496
3.96090354417571
4.91221031470852
5.47034321362477
4.46400624682626
4.61156649986569
4.3211738106604
4.45730357831417
4.62880424828297
4.78016069090141
4.83704948756636
5.21333221542988
4.67094552633477
4.56914102076656
3.86773733073279
4.97700243926591
4.79048097419749
4.88414630120687
5.23806256639
5.05597069531168
5.09734930130921
5.5326979077121
4.70704148522228
4.55051673247162
4.24249520454294
4.65513208574439
4.8782283671773
4.98065024430701
4.36654602311672
5.18047255234925
5.67744776559042
5.19363527023974
5.23290241876275
5.13493271417276
5.34139401083572
5.03110103682834
5.39633843350873
4.28823243244739
5.33856071618909
5.47414607682356
4.94960181279588
5.17784097541847
4.41203852903195
4.19880292762075
5.25766748641339
5.37468663678952
5.00687916235076
4.54576736951054
5.26831696681541
5.20075692322153
5.19078393068687
4.97067019491383
5.15500711280115
4.8168848608788
5.42686527725974
5.54782264189875
5.60405452259298
5.58675310476044
4.83641474211692
4.8755480709853
5.64047580035615
5.50800460014446
5.50270870209325
5.68847761823814
5.31240315617172
5.1232071598032
5.25566276088037
5.28623301808121
5.25000433854461
5.2571925753889
5.59686916566299
5.54346053936265
5.43550549824201
5.27909114312159
5.36925339697193
5.35905850838949
4.99848528799226
4.92829055563001
5.01716346354852
4.9953033753413
4.81318946567388
5.08002761725324
4.64123453377586
4.46482500128626
4.29236790600808
4.09323793674056
5.31597613548186
5.21082522045221
5.5554070521285
4.77520724645042
4.99518900566559
4.66519727647628
4.95752344308235
5.47736824058348
4.17875965020698
4.45391888028853
4.70140747587225
4.04431115645645
4.71995968367925
4.48219417934494
5.34749237219343
5.46328088070476
5.58570885290162
5.20524866170459
5.5255678293928
5.17692173480227
5.27777444771635
5.12324535831774
5.41301497045007
5.17656674848614
5.1508556624159
5.22687228374836
4.97448528369025
4.16689605303417
4.59139988121577
5.17009706730428
3.80005641112363
4.77601578569513
5.31583045652509
5.84419279064194
5.72378242993212
5.55957590964876
5.25257116644359
5.67273889339503
5.59236342065049
5.14218292479587
5.1837234719343
5.24335977281233
4.74746486466189
5.02016485581888
5.32428183638458
5.49813780236047
5.17265651159766
4.56294576621356
4.89174256780688
4.40096727480985
3.9319972103355
4.25930587537702
4.29096038600448
5.19036098776757
5.15751036067553
5.48636261778107
5.2177232047415
3.99760139495848
4.45487306273924
4.80070329187016
5.08890444596211
4.94971826134836
4.98644627154874
4.73765904323729
4.72515572024787
4.37777213507275
4.15566336097025
5.14611599613866
5.13127564048892
4.99546259059079
4.15960742863753
4.67733336822757
4.89381323280377
5.59664369183864
5.46565701380156
5.81602125450156
5.58725031674041
5.64439260522808
5.42265899719608
5.31071530515035
4.97059677481346
4.98942979584962
5.47199734671959
5.73319698795364
5.07851316653699
5.47048813116759
5.25988782015073
5.35959804285497
5.02412090822923
5.17718117640595
5.07362836485406
5.22228272518299
5.73741633339616
4.8880399217904
4.57427789188453
3.23105757532347
4.72490154586746
5.08508756161012
5.63406820553763
5.30484057373075
4.51564361925699
4.86036727327687
5.36526439707119
5.25647006876799
5.6653799046872
5.81710648636019
5.79936208678389
5.62553638327653
5.5288961158682
5.62110482056551
5.8980537738784
5.73538998237885
5.35188991648352
5.59768011206193
5.59604740173683
4.8649223734627
5.38068292532294
5.54183813420299
5.83125766991824
5.8060179779235
5.8053494471844
5.72141106405
4.0646319765799
4.7431761738286
4.90508576272642
5.64727597560273
5.48046610981703
5.42777247217899
5.68149476781286
5.73382446805739
5.40301813773412
5.54088483224338
5.75999800940726
4.88999358361771
5.39050053109463
5.84432993174475
5.74977335831295
5.34610719463993
5.58681704981049
5.15398325103531
5.48109925562236
5.31533981907832
5.32024709443654
5.45148686877682
5.18630279354803
5.31521392187161
5.23151099488283
5.01957339120339
5.233753549155
5.44552232681198
5.28653243244942
5.58276762091007
5.33039049867364
5.42305612505809
5.12663919849991
4.63592542300327
5.02696240451192
4.9419664027219
4.92918664814956
5.3356490920236
5.46137549120571
5.32597308988784
5.50732797816736
5.76936831290365
5.69876561323467
5.79901395130837
5.27986764032782
5.42635335932666
5.64840655365063
4.61980166361019
4.74686949509324
5.13141467414951
5.58972786126442
5.41669753458757
5.75328831533295
4.91679759919625
5.21295341122252
5.28123320800271
5.41764706728157
5.48801040887374
5.56867727437634
5.52277600608505
5.29261184717998
4.97174381678453
5.3981357432236
5.3040334521778
5.28138277935292
5.38588570952766
5.26992398259372
5.61860544223515
5.5982553017768
5.47719591376075
5.53961718360355
5.70366178146522
5.81343220485647
5.23423555436612
5.48805776042976
5.68568365192894
4.47156381008819
5.09423528784455
5.1432186836147
5.66618572324794
5.15072637003648
5.09575544552741
5.37581474669085
5.28331452355485
5.11018100270928
4.8090645664227
4.79271549014257
4.88354988341075
4.91176950934232
4.95028892478699
5.13600899795101
5.4475659943558
5.40270057199804
5.44366794316163
5.24627763645084
5.17776468552273
5.3875567752274
5.32972875057411
5.64766505173535
5.42079960275851
5.53308274103076
5.2854662521068
5.44466832017354
5.59949069734198
5.00694893440601
5.41294440289474
5.33136991279205
4.60595651234401
5.40956762357601
5.59664124096179
5.33285170770087
5.40061116580605
5.65501912227229
5.49252042184224
5.48390649930111
4.11333304824489
4.11987163877745
4.94250882277417
4.86727776173741
5.33877205479972
4.58715991504991
4.96563582415036
4.67638458019684
5.26496570683593
5.28987396814548
5.47670185956643
5.11381597191857
4.57035209186758
4.35109514711096
4.67207068965785
5.22762476307232
5.45343023488058
5.12882572396066
5.28164410130816
4.72934034622835
5.26267586248407
5.65820987273575
5.60260211327525
5.12425408583054
5.51127467132508
5.22493188717127
5.09426689522985
5.1516549053908
5.13073465513957
5.24864474685428
5.30038855566976
5.21349977920661
5.01247358543811
4.9663328831187
5.65698110178588
5.45455333759016
5.10593729399985
5.51915745318646
4.80522829181617
5.43969785370022
5.12703149512048
5.41489516919687
5.36227044899033
5.49803753345493
5.28111265738972
4.9319383092816
5.53656813903581
5.59644648132638
5.41386023335343
5.28881510613275
5.36639649792252
4.93470098003511
4.70680414818012
5.38487639889022
5.26075778109416
5.20213923783839
5.06884551484084
4.92288048354248
5.12040219217503
5.13631531390952
4.97665385661964
4.42633520667155
4.57212881902411
4.80394242812416
4.73097454352817
5.07865930428022
5.01258186754978
5.7315958115195
5.33637503798166
5.635527309757
5.37301129301451
3.97188089147966
4.35123407288736
4.47535595617205
4.6871872980372
5.07517357318579
5.45827572488113
5.63299454333067
5.28386507170292
5.33600923635055
5.14080678842158
5.13487930663355
5.18358713372034
5.17766628288963
5.25556067448636
5.25472486781599
5.31205303417583
5.79046940008803
4.87663196492789
4.18708971096567
4.84680870459777
3.63804929554641
4.73744067854229
5.08342023943104
4.79446467073927
5.04496235602377
5.05473994994403
4.48757144632894
4.49509966892105
5.04018520514353
5.108713521932
5.14119399672099
5.37857446946846
5.0507675615857
4.74250138157167
5.09751055716338
5.2354414598953
5.45962205244762
5.23846367775955
5.37511937342528
5.6118770076245
5.49933320332648
4.5140178499742
5.0372508461487
5.1971903767013
4.3944976566581
4.31500269236867
4.9793556561705
5.06960703075
5.23155953848107
5.51576246583133
5.39654527116943
5.12699388597259
5.42230614372815
5.42411713643209
5.4375485738522
5.54367344878823
5.68358664789534
5.0751807566772
5.46599034682373
5.33254727704509
5.60104041313335
4.92874060788776
5.08746945672504
5.15731342350151
4.35793954048467
5.24925430539941
5.32460269146314
5.16395072899422
5.01429690341205
4.61031110325641
5.49669141114792
5.64633664305875
5.8989158884252
5.5803019251515
5.75215601964623
5.4537528176291
5.15495381047895
5.36041579445787
4.4561073707399
4.88071680497885
4.97045145833787
5.44867654193592
5.77121740283839
5.28712762231908
5.38758082045374
5.62289077505266
5.25881279256487
5.38742573750608
5.18728378849815
4.97073755030958
4.59759422367583
5.43512882389188
5.66543475071213
4.15229844433061
4.73974004070026
5.30518592730499
5.61248593840255
5.60211368384094
5.47914614837907
5.00882668508357
5.25298536839715
5.2163975344397
5.62449812601482
5.41940897931745
5.03754127834509
5.23471845885853
5.44153117778572
5.79347532420283
5.61915371245753
5.33278729939267
5.65819221605924
5.48979172639916
5.49029681441283
5.45848479226796
4.51587938840705
5.44678072290365
5.00867139997482
5.39233295450896
5.48506049760168
5.42494373713219
5.66425611997232
5.42961401880169
4.87406580092613
5.37547023435471
5.24115869234769
5.45376809582794
4.77323700247466
5.09793254104866
5.54044029002782
5.43421901238631
5.65703277817527
5.49749916628636
5.28779382549499
5.55651585654084
5.13763876584252
5.58395248073936
5.40938295026485
5.49349735689275
5.46504281995329
5.189521897009
5.27739893720278
5.43671159707759
5.42519621788482
5.77000597396588
5.44299343842778
5.64996988301426
5.29323064973186
5.02161886212111
5.34489440217478
5.14575981170941
4.97346986568692
4.93619706887063
5.60299863168177
5.41984674653293
5.66951703012243
5.09301545324165
5.25445455933849
4.89910848466027
5.26460702294791
5.49471129670899
5.01653604464902
5.47272903885283
5.51282025149918
5.29244161437537
5.47791246995753
5.46339412218074
4.56623626802034
4.85336741949206
4.59554982547767
5.24656745192288
4.97308771598228
4.56918416467147
5.18480388257026
5.22016261128356
5.3774542585275
5.25856118975765
5.16813252259832
5.41969567852241
4.94241369756163
4.52861323492207
4.61715357469608
4.24025180799258
4.45501058553269
4.95103015902746
4.66426659541102
5.28206336381064
5.61028915455333
4.88092004592975
5.33937926112988
4.98173378588013
5.30854561118451
5.81530838855179
5.10501885012097
4.93747273334557
4.87019433389398
5.05066984149649
5.42267475572749
5.4378415852485
5.54262561839068
5.62067055607178
5.35759738347618
4.57802556179714
3.63408006583139
5.06225657948905
5.13148881139704
5.42545092310039
5.38654122383599
5.34569670742073
5.38246549160254
5.42911558148735
5.39082408584608
5.49672469655988
4.94351366263732
5.19389116212423
5.00967498296181
4.91887421691269
5.2906331715037
5.20617258511848
5.43780402014999
4.45110094206077
2.44540723136261
4.53301479713329
5.08343698832877
4.77982890596274
4.96397767338437
4.92829569621136
5.34886461622682
5.28443197253011
4.85712223697338
5.28651811268028
5.48406647486359
5.00243582854846
5.38330571032326
5.03799066254989
4.69647250391398
5.01782679734909
5.22986037911053
4.90909257607
4.52800227233878
4.75219486038982
5.0930534901731
5.08754976575974
5.40751462240165
5.1676021410944
5.4336526552847
5.81149372353708
5.09402189874761
4.4917709676443
4.60958864188593
5.14109032289144
5.6597436478681
5.2110573785455
4.1776127780582
3.96617740492026
5.29594371427519
4.37671500731271
4.87536300596091
5.21347260885648
5.15148398133545
5.06359542894939
5.03584568186031
5.22743023031902
5.4566351294037
5.59387958846299
4.40025350452836
5.29591267612741
5.33428321741096
4.6806800765791
4.75987645194791
3.20880801495773
4.14502269481713
4.20526170609652
4.5358437101081
5.09010352125665
5.32293250536218
5.71708924802597
5.02308319024189
5.20969518641286
5.42270395202335
5.6333075782111
5.69273872990843
5.64573667915956
5.13085939497
5.04139924416104
4.00021446814029
4.35082659894483
4.48977452115409
3.98077767066321
5.33732994426142
5.40387630848415
4.6904476138115
4.99924611796406
5.57270025820118
5.43059341233405
5.42838074195124
5.6381100215443
5.55133518925229
5.4284863574341
5.66153681649634
5.31730605240018
5.15344522051623
5.27953791556455
5.66952083020055
5.67757360228673
5.60173561913303
5.32718555026458
5.30610237603681
5.36742269619003
5.16850085047095
5.5275395644639
5.72513930404134
5.64691891478574
5.82054715029507
4.68124160815208
5.0460820362357
4.92198044645282
5.56648535041799
5.40697169068791
5.5424137080482
5.3102951634148
5.10778947593713
4.76500306483548
5.32912940646127
5.07066670908279
5.77590552848289
5.26762977454472
5.68502775847217
5.13962949637147
5.51135919979944
5.64046509849531
5.30230183461678
5.69983257154517
5.4084890189997
5.65187948394119
5.75316793067981
5.11303089678967
5.59387956951634
5.59074576798758
5.40523981305919
5.65951031373131
5.90373603103982
5.75849209275972
5.07539769113023
5.50101501870477
4.90605084691726
4.35820628265806
5.1261093635613
4.97595240706737
5.53520795774403
5.05547824365096
5.39705901358279
4.68820268993156
4.89622590237865
5.18669245696054
5.47853203449639
5.43051050917543
5.75144030971046
5.09881884643486
5.24298530844218
5.70632516929213
5.67840315874567
5.51308562212035
5.19475116274233
5.7955687323991
5.77882579369067
5.97399207227005
5.88486706319952
5.44004609779881
5.50060228827863
5.46722689388294
5.40407219422477
5.02704061536232
5.76585298682271
5.46263022577832
5.44273635055379
5.4976226573163
5.71091032938171
5.66363602657055
5.4004062908074
5.4827857389413
5.41278947549296
4.26917335422005
5.14718380080297
5.51528348880037
4.97943022023019
5.17084448749388
4.86223000821947
5.26027071334521
5.26500155257748
5.50431811838665
4.77812534569463
5.10302148585236
5.70226314269846
5.71965673017051
5.65761486966943
5.51438743356223
5.44312771189456
5.72591353085293
5.46453551696248
5.21279821263046
5.39596142029492
5.23313464752413
5.47960620937272
5.68926739239803
5.58245796493911
5.75341689395641
5.47540156669794
5.50947413871351
5.50956579716994
5.2618722265814
5.15426881061546
4.88218101563929
5.53909198383147
4.37541233174291
4.48146224894766
4.86916360065815
5.59858494421352
5.64060949892014
5.71338403815459
5.52882700459613
4.73891511053523
4.32781399946853
5.49188130857236
5.33286119162767
5.35220714724402
5.49846769211676
4.96143296857981
5.46276999365264
4.99741822640575
4.74202007307079
5.62757161119497
5.71126357831311
5.57764844593438
5.81411993966264
5.60945440514422
5.59532709758913
5.50213991880425
5.80313942299271
5.40760011823416
5.6440477487115
5.52521140472151
5.68917281625704
5.46267094528957
5.68239026444239
5.75390066471373
5.4063468243195
5.58078276231999
5.49505577759736
5.27433949004362
4.92715668861492
4.78359316390756
5.37224382594359
5.56987757613007
5.31434137033458
5.1459149803325
4.25267390125733
4.76935429191669
4.92494102272478
5.31821362176265
4.98385051954082
5.5442369690959
4.18697174564996
5.25601964654769
5.35433963378299
5.48444639775142
5.83859918389525
5.64333502967142
5.51876969843378
5.78441283786489
5.58229451546962
5.76718302331533
5.75892767442277
5.59684920828063
5.47969503623358
5.42820715712098
5.89737986748321
5.79074404910343
4.77041774275751
5.06788917128039
5.31698181230858
5.07718158522333
5.07963436131973
5.29312970390613
5.23429924783077
5.27884436433305
5.50427505081069
5.43690373755242
4.87584572075004
5.32190360144142
5.22413091637043
5.67833634913616
5.7268071525476
5.83252193329587
5.70454790099475
5.49490495577426
5.52732516453391
5.85462845188863
5.53087042666794
5.07074141571412
5.43727611498172
5.12139335423499
5.09584609139039
5.31935204977751
5.66096545522793
5.69431603904705
4.61962365521507
5.38743626685625
5.08295061172069
5.18589286085626
5.0633604148235
5.62460427666814
5.84942478529661
6.01207124336206
5.85278442198368
5.89795053013413
5.6767498324757
5.7050857001834
5.83089613008787
5.6173276474391
5.64219144932043
5.29483961943164
4.91660640713289
4.81089444782385
5.11396745969814
5.72167873865542
5.78143834213361
5.76997483635801
5.72828923589467
5.56983115153246
5.77312990166859
4.87495682030424
5.55902052619315
5.67515559753798
5.49671587424506
4.67997320395865
4.41314189079944
5.01254616495347
5.43593144514117
5.50741829925797
5.64145876112954
5.57710922899079
5.64824113661818
3.02866417686575
2.48104365430178
5.39592510961226
3.45713074829263
2.33161291958556
4.79042299616317
4.65243573549499
4.87013108960779
4.96878514275798
5.3605790145925
5.35675348496277
5.706334610944
5.85571793134683
5.89304585707933
5.57964347539952
5.09838379030978
5.39541506744434
5.5874123603119
5.42426929797922
5.31641824696931
5.03704910675835
4.42707691709681
4.6003263109344
4.42658090738177
5.08476805541066
5.59216346885786
5.45722810018888
4.88478962622368
5.70462643937113
5.62329925439277
5.22705067527287
5.427255172848
5.34036130946779
5.32087658663291
5.41452877122925
5.35011397638049
5.55675727062764
5.06273409777955
4.99944718493406
5.41424431519149
5.25021313456395
5.39358832900706
5.35117305653384
5.53272776344913
5.78963779899006
5.63169365009653
5.67730354768626
5.53701732127084
5.68994167249468
5.9046577464436
5.70590922931503
5.78608742381902
5.44480310631651
5.27336173250719
5.12653218832864
5.36781967519107
5.09538458504479
5.23591941200965
5.3775907830657
4.99788515651867
5.55688970947759
5.45477768032768
5.8435863806204
5.41933169705622
5.42685454678306
5.37520784407846
4.96083662309283
5.46699732511442
5.71975060584536
5.64909948848641
5.53606774554297
5.76590749231555
5.35897215467286
4.83035953286518
4.93627083588076
5.04127962941365
4.80902993764554
5.17842929212293
5.33815819313434
5.59326593182523
5.89908150193463
5.72465464926286
4.28197312622541
5.07316259692496
5.10212458995448
5.45482932828788
5.70349205612824
5.56149976885011
4.8936148587029
5.53728227937095
5.59659933563576
5.07432364181738
5.07292389709712
5.22476954820044
5.46328895520249
5.70607657250406
5.68273201863623
5.83000336306885
5.49555377953718
5.60314984279828
4.89508654523943
5.24312103293112
5.56055657224554
5.57361668246253
4.98548922167132
5.39578214348197
5.38394849998147
5.18609670451205
5.16809833213492
5.37934924761932
4.28208499527491
4.6171731575855
5.34823298162016
5.7193316896664
5.65654534187851
5.8349368870493
5.47591153247673
5.37108967141269
5.15077127397909
5.60224101763373
5.13882329159198
5.46859231476093
5.229482355968
4.82181657299755
4.87710828468609
5.38774510030315
5.0118640474758
5.69949195797169
5.60642026177045
5.46655097830751
5.17420050210366
5.59467727672034
5.62571215946018
5.22455523943337
4.98402362925958
5.55022818148585
5.38632176686057
5.42144109774202
5.57982137495349
5.63341978845788
5.69305042530651
5.97591306020346
5.67387340988964
5.11592161782091
5.32268882643027
5.13086269923972
5.34588071342192
5.22162785199668
5.39869637379015
4.8128167496337
5.36209506004073
5.1787408558325
4.88910513765136
5.42558192987679
5.82103156066775
5.61524909717526
5.4880710906808
4.6854401461606
5.12867521625828
5.54585350593832
5.33809040523613
5.30210083208936
5.28885815773307
5.40963233604752
5.58749501678454
5.74371607055554
5.24451344031631
5.07819624690093
5.47030826339399
5.237773427752
5.75280253554836
5.8146000206037
5.7331057728615
5.96522979539937
5.88197612875959
5.56569394789258
4.37920131077899
5.64339918241108
5.14910402577893
4.92071925968682
5.13635617550106
5.28612004938867
5.10882909240011
5.2808487960852
5.26669939141801
5.54872574806845
5.16568783244231
5.4450180930552
5.30188045731195
4.58496276866443
4.64044420848177
4.12570840184476
3.0175206980908
4.58753986749114
5.41641048659067
5.69722803664789
5.42395364700046
5.65851513147988
5.59520807388152
5.35435695980347
5.2577583471972
5.24732977363047
5.04963593555167
5.07380023163359
4.66016962871552
4.84597184134529
4.69408291751566
5.21231292615669
4.83955317974508
5.1942670560794
5.11517968636799
4.97087761660102
5.42992703276284
5.54031808038197
5.07899167587316
4.93120489659046
3.93270274511267
5.20275611714235
5.24115573617384
5.10968554821689
5.49641809500557
5.61917016684232
5.65309821176182
5.28269407770821
5.76771097863061
5.11567189973492
4.81933940680863
5.12232508232491
5.30538424817802
5.08645534303951
4.93420281045247
5.47507252934269
5.31789008118097
5.19082301632453
4.94113094344228
4.89854091783818
4.78712589286051
4.97546687261069
4.71293328086307
4.91574433133387
4.58919087100818
4.74163291318237
4.53663527704382
4.70432849972021
4.78210854954625
5.24075313523596
5.60953521929592
5.11081500944687
5.23707784968371
5.51920290923895
4.17771411094927
3.92267671557345
4.96274895384374
4.84383989081864
5.21696237669762
5.43506897657441
4.94926193800401
4.32788399017383
4.98397474794588
3.96777559004319
5.16207980878816
5.63900111328421
5.70018179045429
5.47933582179882
5.06071489760208
4.48119388028157
4.84628155951129
5.4817997170167
5.38257032470763
5.0812941883968
5.20174923452504
5.12065117194019
4.90066157366138
5.05115182863377
4.76181964692438
5.4094378049139
5.40819960307592
5.56127349029409
5.60963893017013
5.50277156268232
5.7081709222976
5.01060581402203
5.31625386783097
5.15159441168964
5.18469810195215
5.79583273969046
5.03954408450917
4.40146819233828
5.17261743890096
4.53278664734006
4.42454830527224
3.25572905073005
4.64834884146042
5.42207497416943
5.69338978322211
5.08927723342209
5.20912582758654
5.54988052644841
5.29994778085013
5.64866434633025
4.78590407927359
5.04238171955629
5.20950438194305
5.57034833814586
4.43365092539937
5.18436863245781
5.37795784041588
5.52653797598658
5.52849105550709
5.21807981825967
5.2308367880725
4.84317174153057
5.40280820378361
4.50496212767672
5.47620034063918
5.29279622753488
5.60155096809233
5.27555525034276
5.50366985258222
5.39231405074859
5.34499622623728
5.25760599065038
5.17120493668251
4.99180172946599
4.76840284709738
4.79103099371259
5.24560248057374
5.02971551823739
5.55718310851821
5.64840853325572
5.78893109480681
5.96317299551125
5.76220501292794
5.20976040891192
5.06858275463839
4.83945643359981
5.0165652886163
4.96291590367682
5.18594978582186
5.31387915674913
5.59388047353094
5.55046192944837
5.59672115832626
4.91141180998712
5.21512230461972
5.40582098518747
4.57725128126575
5.03096906994212
5.03339695347385
5.43397548086894
5.40129963217032
5.41039432756644
5.16392030843716
4.93407576923813
4.64220164748361
4.97569920652856
5.0836390505769
5.29248766027005
5.64136466419615
5.0811177671893
5.06059682111872
5.46547450308344
5.30593405749545
5.62115950866624
5.51102413790396
4.747679228836
5.30153008101385
4.75153597490015
4.25283133221568
5.16725367072491
5.13393662762345
5.19916638149056
4.87807024848977
5.16449491436036
5.21495768861318
4.82277018034361
4.82001285986298
5.42734810788118
4.91928677832505
5.56748156945225
4.86609905486583
5.19518963211894
5.2102435799811
5.51815901396944
5.31045159292029
5.47916505244439
5.20849775013976
4.81843059950224
4.8915163527365
5.13913703882972
5.48290413408685
5.81908077259559
5.10428514367664
5.02315933981502
4.88990650635469
4.54159532764674
4.87313850280479
4.84774687495272
5.11221451826192
5.55757953312628
5.40085289050609
5.58813985628053
5.5237206508795
5.36873837878448
5.03287183931097
5.37148820992697
5.41255921479124
5.5606161511602
5.79258196437412
5.60887208402701
4.94972029389329
5.07622502623911
5.33019056091497
4.2855416182721
5.14580398880693
5.39888488469814
5.5719758777652
5.63449704663689
5.71272949017651
5.88246801663059
4.63775874183511
4.86718927534915
5.40325682560796
5.47470593077784
5.26236413914841
5.56780695786113
5.50645057612881
5.42055423958082
5.42866646499361
5.56412111759415
5.41013346953214
4.98685377733681
5.00952553530883
5.21215723759879
5.3825472679397
5.400929286785
5.38005234739526
5.16879342158309
5.18597441997298
5.58116284899136
5.1507194774646
5.47429717873447
4.99064565810456
5.08992598011318
4.99837674157495
5.58708002071327
5.33133087534318
5.30936117357437
5.58366854535983
5.13273177923224
5.30683105366971
5.54673386908588
5.39567838538436
5.77778673649547
5.39229200093718
4.90365841724145
5.09294118286365
5.20143514930428
5.31170315354395
5.12609601773022
5.29222493842711
5.60306418553134
5.4196768697838
5.1491511854389
5.22553157816407
5.22720283796846
4.65268766981032
4.85735930054457
5.41803553835628
5.45679315189224
5.70879051724006
5.67097227119667
5.45523385450445
5.28402262854676
5.21918667160457
5.48538988537703
5.59514343244752
5.58459444841848
5.7221998905558
5.33447258884165
5.56558811380828
5.27874884290975
5.70809619000702
5.53976583609945
5.24359541574771
4.82733940754087
5.50105631313282
5.40358385600982
5.55000175642158
5.56818294072091
5.1494941210179
5.36377165904757
4.87548260709175
5.17144624080571
5.1797556351053
5.59954258469098
4.64129659533337
5.56889693161949
5.69326531677916
5.10736237510212
5.40263580624948
5.3053944626315
4.95641494578858
5.68639426453654
5.01061420524096
5.10062568374207
5.10307946674191
5.67756216809489
5.90164132563874
5.17970916928312
4.93107564574503
5.12096046119459
5.51250398703627
5.17026236565533
5.45631802504904
5.28067765344243
5.45008147718673
5.61139524783586
5.80020508196634
5.78657212860083
5.96340210000298
5.47526382908745
5.86679740111946
5.42281464042711
5.06590835410592
5.45032260998776
4.47289760952155
4.90084400878885
5.5445336073553
5.33271030025125
5.26038734776771
5.41731005451615
5.53057766272458
5.10195678010737
5.44067982498953
5.45800856321524
5.39335067899533
5.52194662056192
5.88693674287221
5.53321276787952
5.50932046068722
5.34775780372222
4.85499485099957
4.63762688056673
5.28382639354477
5.47478319377509
5.49355234538507
5.59187674171703
5.68113060308089
5.42835751037125
5.30901415620211
5.41744765968226
5.53573618912138
5.28673249801975
5.19312577636756
5.5169792632743
5.42988853438503
5.31624629533176
5.31706757127511
5.54619603788105
5.64768707670755
5.32354682850244
5.40364970407024
5.69967487142465
5.3325871438251
5.25678365913783
5.55183111448645
5.46424569254324
5.54929659988107
5.20391595602514
5.41104768242807
5.04329339006284
5.12567404335589
5.45632822500584
5.73512094812553
5.61008445085
5.55353109441736
4.7201810239821
5.35452129259934
5.60425612948252
5.49537222760735
5.40244979918836
5.36603294548191
4.96079801319707
5.24904491358756
5.84476052058247
5.59697193856671
5.61529358921725
5.59237683125959
5.71200390875232
5.09277796978423
4.9049802442579
5.09333764624384
5.61708083554393
5.55021735476765
5.64054412954471
5.3529195482637
5.13838532611963
5.2366787573064
5.63869311524191
5.73697290724518
5.57736485632441
5.12866203660964
5.29393803090937
5.6253292243446
5.15102621063839
5.26993730641133
5.23928079086741
5.46718420107658
5.42176244687386
5.27039403372483
5.11428298463887
5.30396738267983
5.53620102155295
5.1019198084029
5.40725746001919
5.04384966456788
5.21704819623233
4.25968366598762
5.07810328652352
5.38826861588436
5.50066651487559
5.28716444928484
5.5010116573395
5.40182210477735
5.03257730732391
5.42837160587469
5.08470378447486
5.02966032854497
4.94290525658522
5.29354947159631
4.8762528990889
5.22139102974598
5.05925137144405
5.2170154615558
5.3833634457485
4.96544527165052
5.13949481683673
5.33843421392666
5.43784671733139
5.05942560397331
5.59501382128967
4.83461557925082
4.62825683669249
5.06296410286548
5.17397271686341
5.29341456919371
5.41235940567458
5.40786733643138
5.70364655365649
5.59264695033116
5.58062784182062
4.88428289181528
5.18169520357295
5.59126245388876
5.6856189133265
5.60007305295737
5.50532536803656
5.79034288710279
5.56003736389589
5.63157170326898
5.34136883807326
5.35321947273242
4.94559955112394
5.36725871928716
5.26771869652475
5.40096910384784
5.51333985266222
5.46848104418323
5.04203011746262
5.01041363236931
5.58734032169509
5.24682294274991
5.30437152621285
5.26675984559226
5.39581416366069
5.7184261844199
5.68285690703019
5.51652020635761
5.28911604226186
3.870806901648
4.82087271724041
4.75897409233691
5.47525494908406
5.53749966979201
5.49498662361665
5.43222162199699
5.68713664966638
5.55419190086872
5.44259056149308
5.32409901493512
5.51884004032213
5.23615278885132
5.54435246332802
5.34049945694012
5.174293804061
5.43462927142141
5.7302391223531
4.65549336838355
5.37602867225934
5.0824698605518
5.31131077986992
5.37571189906107
5.25132745613619
5.68613259299944
5.40277761665103
5.6782756233202
5.01760386130978
5.05686196409206
5.1216117802324
4.67154137508137
5.25615732794326
5.24833683911951
5.39684488757937
5.3189152356043
5.38874518736351
5.20143781635309
5.04900388541297
5.46822919155936
5.7299518794337
5.34397155029953
5.21489045396065
5.09834372048507
5.24935485962245
4.74747601286141
5.26010357544892
4.67895083430759
5.56959531776109
5.36666854653479
5.3670814821929
5.53169750198742
4.89633378357453
5.40763167594655
5.08277866104783
5.31455958671808
5.21453385297102
5.43941577714981
5.29007937688696
5.76492769303994
5.5342025626277
5.863425643173
5.31013464326317
5.37476186684148
5.34875507280686
5.55505268451614
5.72496935390624
5.83054465076245
5.78528203323568
5.40721215464697
5.66861233749749
5.34094912074091
5.19406317398708
5.14705014763675
5.03148075440552
4.54137463965697
4.82492426704829
5.09892066013639
5.18058176766272
5.47258306316578
5.70669282110306
5.82198930993585
5.67022642322112
5.33093150284549
5.51230506674871
5.46469427236995
5.3565453231552
4.3743048334487
5.47413496332484
5.46161318870922
5.1292491044423
5.49157463860378
5.44143684767517
5.58209542780657
5.74037981971736
5.71107920626486
5.11646732803021
5.67796209506643
5.669194501281
5.38593322893519
5.33839561155615
4.87889411316489
5.59645870107335
5.68333906205222
5.67086053898808
5.64840836147336
5.51143123216926
5.49429412225744
5.2975782788192
5.48836287941264
5.0554865704026
5.35040176399648
5.27109357700381
5.33298854057048
5.31295534241779
5.43205469193564
5.63061489811706
5.69124602596537
5.64126699626796
5.65276740449694
5.61242069062686
5.55210660461265
5.40925043795642
5.50790371261858
5.63173444965628
5.68676577857363
5.41652856775492
5.37775139996564
5.38555411734767
5.56704253261273
5.47881455980753
5.6642481941706
5.76523565367107
5.78334217965615
5.63409765105832
5.94184423366313
5.78088077775605
5.73328082403223
5.88942874835632
5.88937568019198
5.95401899930632
5.65556333876714
5.16884415786238
5.7497049934411
5.54189236526335
5.49707123094088
5.562358606823
5.62046932878527
5.668896205911
5.67837921861224
5.2572400772502
5.42588476861444
5.03576941309023
4.9428060079103
5.06192806214167
5.49117010412016
5.27420094000788
5.12504607553265
5.63431451439643
5.89492945276288
5.90856883280269
5.40799132039485
5.3601536433462
5.69435157045621
5.58577196865066
5.783963736201
5.83402632108115
5.69382559701723
5.56055773726331
5.44978517087967
5.46475570680471
5.43538722236577
5.77750199352131
5.62637013760408
5.55755013469436
5.37870817686849
5.32126630185918
5.2393088711403
5.66165367505081
5.53960929895116
5.65587577515297
5.68700257670153
5.46016833333169
5.6581715750007
5.70419579123012
5.83149898614623
5.72408875363569
5.73171737819477
5.58426148526178
4.85257607758654
4.38466096637387
5.11929392050757
5.04512386630008
4.93408797882365
5.34084766894986
4.88744737525
5.59935936616585
5.03082800265924
5.53570323933998
5.27323895992947
5.51911691165139
5.41834328634483
5.43994999280885
5.29056009288159
5.29922981220584
5.49813865790809
5.70297427272436
5.89284363878792
5.74997033168632
5.91327986579968
5.48278449093957
5.45746400896817
5.30471749851956
5.60448237699331
5.82903203901614
5.52603069462415
4.74646003152545
4.35708717087988
5.45908145368117
5.30233207403227
5.38471836974445
5.55010160020253
5.62992649969832
5.84156576842361
5.81547384506188
5.30056890354605
5.6605965910536
5.28791142545306
5.42104693789733
4.96179645962099
5.3419632402225
5.22139024704624
5.13152280273661
5.63962277416998
5.71973534720149
5.53008134976641
5.39097526295857
5.40395745018293
5.30567995233205
5.52908059290356
5.47315883654674
5.42420241781955
5.2563548712091
5.20779903567272
5.54311300249729
5.63693645118422
5.72965501742886
5.61908792485411
5.6111125018125
5.61617972379298
5.68507792457657
5.60591746374247
5.48817094392383
5.49315012506917
5.85782615793088
5.78522989732437
5.78289550286573
5.20372108180083
5.26428350091701
4.32844294560479
4.86642293625914
4.93519464322786
4.89515844070186
5.31391894944939
4.37190178242239
5.44134856703818
5.59187775313311
5.59566752728527
5.75680213047097
5.87109826976506
5.52121322815964
5.68127569431753
5.58585681564119
5.43283158550095
4.87528675403474
5.31589508699318
5.44293649291849
5.6959987951428
5.93809725993552
4.48527945351966
5.70607046835734
5.77988264495193
5.37935849529297
5.30548209719983
5.72444850008973
5.49524181453327
5.62833633572694
5.4753203677077
5.01341802568388
5.34431179959006
5.02437698451285
5.57690616565278
5.43344484989466
5.59193322680725
5.58037516413177
5.49612604949082
5.4391249123777
5.12254501077646
5.36464924006563
5.63596970277476
5.71180540524323
5.89320982991325
5.57610970959335
5.42251765081453
5.67081185142724
5.21705749751001
5.48408884016255
5.42744043472081
5.12930401942694
5.82128524041697
5.52235504092843
5.42415753275092
5.71638330183561
5.6042032270202
5.52105224122544
5.56996400733289
5.83961338538747
5.95841369715122
5.48646013606459
5.48931856698026
5.79180211600466
5.1843749380567
4.921898223522
5.14815132097929
4.82914150332978
5.4744494452763
5.47508820053885
4.92083036437225
5.58517074216605
5.18089158493894
5.44478685603444
5.19318501533149
5.20640261695732
5.54177963004829
5.14861996100098
5.66069770067281
5.89827083041692
5.53846566307155
5.31656982135156
4.94522625565829
5.63464250001981
4.8885506871035
5.26016524011337
5.60542156910704
5.5743347488073
5.72430532361624
5.56902237080083
5.58271478835145
5.12774828434389
4.97717783766677
5.10983210806045
5.31648116232543
4.79704412214261
5.39202160650016
5.02118634190377
4.44158509102929
4.85030525966397
4.86391429095862
5.19533467347844
5.56176608878213
5.80045126857429
5.24002856633379
5.55565612221094
5.76907132194891
5.4333598101627
5.67469796230428
5.59819377248215
5.78180577396838
5.51065513872789
5.53872371757847
5.07164789987762
5.07954820935
5.39949628283478
5.24040711163856
5.407579028629
5.53034560612462
5.74068373660556
5.6588965683368
5.16658780146919
5.7366334135107
5.47478586328153
5.85336569813963
5.24999324915832
5.40667260105849
5.1064856301921
5.69861095410923
5.81976732410477
4.90690603215997
5.24692382960908
5.65749689613662
5.55118909350778
5.69584967774894
5.52849534428447
5.39871756382651
5.27531007241516
5.68334753001052
5.69538436905022
5.701778012729
5.94717783505587
5.59136736792398
5.0956029031328
5.1494529685794
4.94513646774777
5.42588264807886
5.65087094624086
5.31096618114552
5.09163228618852
4.61975502026171
5.13242723100957
5.57725227998598
5.67474235596598
5.65470544957331
5.51306674772399
5.66308675280896
5.64016996114114
5.57647417111919
5.29283394456837
5.69121241850975
5.81817696931839
5.74879591798517
5.27490359530697
5.1740271388184
5.54337186420378
5.57851702285219
5.17986450162666
4.46033098423142
4.81116069874968
4.85780687067851
4.86572888581174
4.72507441435111
5.29907469203653
5.21267078930129
5.66489629430045
5.55014547112804
5.41936695822117
5.51703726484493
5.3004301356382
5.62730921250233
5.16518765877422
5.31998020768521
5.38029294258967
5.35382464695156
5.67831143422322
5.68368869616126
5.93476621665919
5.75083877412101
5.69772714839051
5.68422502442311
5.18016923705019
5.26755873166582
5.2622979481478
5.57382469991922
5.38733490158849
5.22488219899664
5.26895790853492
5.57688856783542
5.49935321114218
5.6928095106671
4.61649378355744
5.13824425974802
4.93390797954347
5.04338905760268
5.54490780350235
5.55113352292393
5.23699113196556
5.1382392242085
5.44892314995907
5.23112865688028
5.40306707037048
5.541339211777
5.70434848485225
5.60317579690043
4.91741047159048
4.59582987521951
5.16505740891038
4.8815394349942
4.81616222989069
5.27126791581899
5.19116318236321
5.3333069997805
5.77337436245927
6.03169901833882
5.46237231760747
5.79229292934492
4.95714716353419
5.24790016261247
4.57347248211088
4.57789892624901
4.95251735843646
4.9970014237876
5.43822957700019
5.5516910577109
4.80323104497348
5.17818053859014
5.47076615437438
4.78529540289489
5.27623997705721
5.41684664693657
5.18928601048414
4.87598832662809
5.41400819602752
5.39695574407266
5.46804536260779
5.58333919215555
5.21904763578863
5.13618306353502
5.22148569459029
5.0017717870662
5.45102846984511
5.0878036255958
4.78677419211523
5.09565622555907
5.60654502062899
5.1886629499438
5.10351423675804
5.53596976413944
4.83471823333632
5.2596150160381
5.48274310806992
5.62447999351971
5.54280518993959
5.04630432359093
5.21516881259877
4.95904326049381
5.15970482447494
5.22559759687331
5.64253381463655
5.04009645750814
5.24094596128043
4.05885461230725
4.61679856031998
5.16840138903164
5.25103298911844
5.42011030118918
5.24126612673284
5.40304878728447
4.63286979579197
