-0.000166666666666667
0.9995
1.99083333333333
2.93834586466165
3.69180492709904
4.16334122421373
4.69938650306749
4.78002745367193
5.21721099015034
5.78562707134136
6.09462780898876
6.15451021846371
6.16926621765331
6.17429388630676
6.24554455445545
6.34088437839797
6.24185030049171
6.15019255455712
6.10275364997228
6.11113179448995
5.98670909771621
6.0559849198869
5.95184834123223
5.99409298780488
5.94079325541291
5.88670520231214
5.92237531535028
5.94514932656647
5.94545811261526
5.95709766706208
5.97390957976499
6.00721876879888
5.94694371595723
5.95199513874823
5.96642246642247
5.93789711006354
5.94294541709578
6.03124353403683
5.97211238293444
5.98933723604432
5.96636535631701
6.02768385460693
5.96283712040773
5.96221178479932
5.998498176357
5.97580993520518
5.94291295854135
6.00458615418214
5.99846288976724
5.98964073176108
5.96652626911993
5.99487293802942
6.00852209015474
6.03204694199955
5.98776342624065
6.04628362973096
6.00550458715596
6.03835489833641
5.98114525139665
6.01174812030075
6.02231189176359
5.94592645998558
6.00861220472441
5.95480081716037
6.00297458085452
5.92355371900826
5.89386629910407
5.91397379912664
5.8830923947203
5.91082802547771
