4.04571961023763
3.80277342704517
3.65914497014526
3.69452728676932
3.6120561117054
3.58281666586713
3.52607788354391
3.49867824569264
3.47262026253454
3.43223826519744
3.45070251690834
3.44369102762607
3.45830709891646
3.45826239796098
3.44448313367558
3.43990398624538
3.43541487136449
3.43248464921378
3.4213210226582
3.42003184562999
3.42279475772347
3.42428507233951
3.41638974575617
3.41105574983286
3.40287580861418
3.39083372474505
3.39220457386055
3.36935892720475
3.39682705159564
3.35904422500485
3.35919432902629
3.35821336448859
3.36212484770032
3.35288019963753
3.35790713028734
3.35435466833119
3.35190971586788
3.35428059129014
3.35137762276388
3.34019507621562
3.33858645722305
3.34440052169851
3.34731489570532
3.33233475617094
3.3194858402695
3.3297204208803
3.32035109702618
3.31749271767195
3.31523411232453
3.31104892445846
3.31748183800727
3.31799586106945
3.3319866606701
3.32962630617291
3.32247582571387
3.31893344288365
3.31284850516558
3.3141508079525
3.30454163654165
3.30069362109327
3.28745031184512
3.29469000292912
3.32197458165425
3.31332093640276
3.31912505425801
3.32062518614737
3.32509185002318
3.30800011969157
3.29458762556315
3.3400123655602
