4.04790908869278
3.80448465498547
3.66344082292405
3.69693504178191
3.60820765482994
3.58205313242907
3.52806813832751
3.49794826175157
3.47990197933399
3.4467298540788
3.45249633625231
3.45454450523205
3.46118891170588
3.45975575691613
3.44452324903324
3.442028123582
3.43555262154478
3.42839182738363
3.42001299210677
3.41815701786573
3.41862796998585
3.42140569163669
3.41927402781003
3.4112779267502
3.40625825053611
3.4000046365481
3.39744507617816
3.37420485532208
3.39352592743879
3.37907925569703
3.37188958601165
3.36570372244249
3.36851764533752
3.36212464199302
3.36334648269203
3.36234253303012
3.35691599028537
3.36206121735443
3.35087507398977
3.34593529833845
3.34049201592413
3.34610627179055
3.35099858582827
3.3388276033789
3.33836857403845
3.34329130701799
3.32972011493975
3.33354900912956
3.32557012095829
3.32060310499362
3.32717726295575
3.3315071215479
3.34055065703154
3.32955218215843
3.33305697821843
3.32885469655564
3.32777626270867
3.31656863682927
3.31341465755329
3.31597754411928
3.30341490655781
3.30712522822311
3.33037138173907
3.32061518278763
3.32209050283006
3.32191976839922
3.34238145997499
3.33477822929892
3.31659594458732
3.3648435127191
