-0.001
0.997
1.972
2.8345035105316
3.38152610441767
3.68490374873354
3.91794871794872
3.94232749742533
4.51295336787565
5.08045977011494
5.37223974763407
5.29820864067439
5.38535031847134
5.431330472103
5.25269978401728
5.357220412595
5.25873362445415
5.06476399560922
5.12913907284768
5.01333333333333
4.85682326621924
4.98985343855693
4.72655367231638
4.81114903299204
4.73714285714286
4.76896551724138
4.87122969837587
4.93240093240093
4.86416861826698
4.81582054309327
4.78978622327791
4.81406436233611
4.84348864994026
4.85060240963855
4.91404358353511
4.89684466019417
4.84596577017115
4.90786240786241
4.82983970406905
4.87080745341615
4.82352941176471
4.85768261964736
4.80228136882129
4.7618437900128
4.9293059125964
4.83441138421733
4.9025974025974
4.80939947780679
4.90551181102362
4.86904761904762
4.83510638297872
4.86155913978495
4.79674796747967
4.96875
4.88964577656676
4.91381668946648
4.91873278236915
4.9584487534626
4.9025069637883
4.86779184247539
5.04142857142857
4.84425036390102
5.03851851851852
4.84923076923077
4.95
4.99128919860627
4.73061224489796
4.84102564102564
4.81227436823105
4.62222222222222
