4.03984716409688
3.77270952368387
3.62690858256139
3.66268648930146
3.5699777802802
3.56195130102349
3.50845573082445
3.47186264705931
3.43243396424019
3.4179848515509
3.43154051481362
3.42936643170335
3.42144572368477
3.43460039661006
3.44991050764145
3.44468645335117
3.42146577656586
3.4141889926581
3.38457625131416
3.40360292179293
3.40515917464796
3.40362312760761
3.4014572205498
3.39432226545696
3.39425215609769
3.3727942325105
3.3567217701121
3.35330917335828
3.37681887263051
3.32363892525347
3.31880172876463
3.33010243956638
3.33576180513662
3.33826847298639
3.33160748023594
3.34930816952979
3.35222298153215
3.35619038095369
3.33926517670508
3.34121525246457
3.33733296777319
3.35047334105693
3.33436930998577
3.30433392109337
3.2806151200497
3.29862366135214
3.28639610891848
3.29782082684646
3.2963979158845
3.30315199662277
3.30211228210801
3.30035699288405
3.31101991603021
3.31299901800433
3.30554127269079
3.30762647781981
3.30460149515746
3.30684213386185
3.28957961970653
3.29682395049482
3.26620044657716
3.29296402069901
3.32380869167181
3.30170315173392
3.30519871725587
3.32173017574086
3.3130388768878
3.29488827094039
3.29416238296075
3.3549629173821
