3.31886149428223
3.25054359654647
3.42308064519377
3.25778908749818
3.50744058644669
3.38682993503949
3.39142661290199
3.29970624409452
3.14823423121154
3.14449535533444
3.38383018226559
3.41213671242231
3.39587836223299
3.07291814896938
3.1284210870461
3.62473760525124
3.34922282547006
3.71079118526216
3.47333167096999
3.43301902098329
3.43683178029047
3.44215359997786
3.42016530021317
3.31987435296877
3.86586796447394
3.58061436701592
3.39483053135629
3.40357649054964
3.54577962949492
3.34903738825537
3.54426734622201
3.69969835527982
3.46426825071763
3.53629725579428
3.08407173553924
3.46156720904184
3.63162422492249
3.43056689745376
3.34994689350853
3.22913171707359
3.67123504807497
3.44327912300478
3.54108249389339
3.31129898864871
3.64019266975709
3.12046954880273
3.04947882209668
3.42155220004346
3.3012828971075
3.44369809196099
3.30030826208669
3.25021832357731
3.41847278886806
3.36900928775798
3.21952962827958
2.9157398563528
3.36666757087134
3.13674194454154
3.33913204605499
3.32086883368798
3.5742749155122
3.51230329051786
2.92168370228791
3.32973710155995
3.44307615569773
3.38723837239172
3.37831524547918
3.08648147738657
3.26163912086871
3.50496644134874
3.5001563240279
3.61299858403523
3.6013084089384
3.36496145540246
3.44254578380538
3.47513255600173
3.2540273089694
3.36370464936268
3.24638311081808
3.47344380696162
3.30025364368198
3.33935668782571
3.57525777631385
3.61811582270775
3.40109517574703
3.25935658989437
2.33031128061761
3.32869802620352
3.64570929691448
3.16771048777065
3.35409838118616
3.63670440530276
3.53241551237285
3.56608184007035
3.52837074499319
3.42382424766438
3.36680055598138
3.23997541340299
3.30641427072885
3.25685265053859
3.44960999406057
3.44064181653975
3.41535988970005
3.47627701175776
3.49874840966743
3.65459249238272
3.50744628823176
3.3241228462665
3.55763221757156
3.07595597398118
3.33528144670258
3.4169408596139
3.64681291452864
3.37181564028943
3.4853702144048
3.55988538999105
3.55553845332813
3.42003487577769
3.25948768414792
3.24856189948068
3.35914801761658
3.42623942478342
3.41295618688889
3.283774799696
3.69567831030785
3.71393221203046
3.59921008862349
3.05346791413881
3.29166485900518
3.53521620938419
3.08881822620159
3.56276212125653
3.23053368275204
3.36049066572237
3.33365734372444
3.11143602146836
3.41825930047089
3.50900442028187
3.62733037388846
3.45257168226596
3.71024692683926
3.65150230198135
3.58607322785519
3.5785893507253
3.28476791605997
3.2764556911745
3.62084691990657
3.5169825794448
3.67697891892227
3.53483039758817
3.52322600332831
3.24545772839748
3.5855648749702
3.53587960355207
3.37490634802265
3.50730512097458
3.1345413884338
3.1415700310864
3.51840260374606
3.44625468937261
3.59054419516094
3.58000565957404
3.48876371738867
3.96265200105517
3.68184054107035
3.43503727900993
3.47063959408053
3.43067310612237
3.41433253593556
3.29561491696742
3.4757143502337
3.07485857011872
3.24776839651032
3.31652431757131
3.21472700345678
3.42448820778074
3.34198405378266
3.39509795386413
3.32868167642097
3.34740436198351
3.33456829190691
3.50796286365335
3.47206672701518
3.51332191683224
3.17465374418032
3.46778813309525
3.31323469683615
3.60886353781438
3.33099035690078
3.45398787783688
3.67803253465418
3.52035306430915
3.51099024824183
3.34701599457081
3.42964164714154
3.40653360819413
3.422152651004
3.50986205911743
3.60399873803989
3.21359079878458
3.27087901863494
3.54730821860254
3.32977424763033
3.43757160226191
3.11485515100766
3.51838730491625
3.3397129630136
3.73633035758672
2.76555056952115
3.31864317482747
3.32678153638128
3.4884536656342
3.24724520431076
3.03383799832902
3.1371804478492
3.09091476618334
3.41142765857864
3.64296252125766
3.68257893491554
3.54249293311042
3.61201367193347
3.39012437117778
3.50349638715193
3.16093704160417
3.5184210670058
3.59562233857215
3.58714839045674
3.2814405297019
3.37156685029146
3.45118294294936
3.3531660757192
3.71095589474305
3.41939167600719
3.45533933875483
3.35104888252914
3.23360323306465
3.43519705849579
3.41570832440045
3.32343943991175
3.67057491015017
3.46657088577358
3.6059520494027
3.29192565060923
3.63146922311775
3.64114484515047
3.17214363371056
3.21060114844269
2.92377627956458
2.9631963348687
3.51665726396176
3.46420596364154
3.45918728441498
3.45398161703604
3.2014246245715
3.56163353166323
3.54665586731318
3.18521647753932
3.39054245602145
3.61134798377052
3.46859979788356
3.54602765341365
3.50813909249414
3.05183799495827
3.37932383055854
3.68732665644122
3.36290815919294
3.28739776656367
3.41732596862875
3.40223988944405
3.44304784220198
3.53512697864094
3.73287204228006
3.14782501908953
3.37774522205061
3.39178513926108
3.47008855471701
3.49179409679053
3.55569436468272
3.56768693299706
3.79055454411786
3.52648246744223
3.3895902421946
3.50894430236389
3.69103467824232
3.60972273828117
3.81815480828744
3.56429853431098
3.5472323166882
2.66494207838988
3.53242687254754
3.62934734049103
3.50037624907448
3.25336848537688
3.48647603748599
3.59860146677696
3.52465290840908
3.55613864964115
3.47827692213405
3.1073942384496
3.81219559125973
3.3925410512565
3.5782765389992
3.36588022118688
3.0685317252881
3.38732555312825
3.72219821896157
3.58982580457322
3.68311860915962
3.27325201157757
3.45293529621933
3.26257385703123
3.20557521888393
3.44733845383267
3.52623499140776
3.64840496756854
3.39924116259303
3.56553242631725
3.58514331020695
3.40837388937605
3.23355564150794
3.26886913506856
3.84442349820038
3.63020726674329
3.2145001979867
3.4000426590706
3.52413584405401
3.18593620041784
3.43461024869323
3.69786934307856
3.49009166611786
3.51981306678491
3.54513077584467
2.74896015098166
3.22126578342342
3.39611226684115
3.46630027733474
3.43417689628265
3.54840695501514
3.51155541267398
3.79257415252121
3.15221622252398
3.41105532471973
3.1569291671427
3.48143083460856
3.07271681061077
3.71700970833649
3.53857861498859
3.53167485192647
3.48202613251259
3.4397685990513
3.47024337644784
3.37636598807781
3.10561561275016
2.94374980610693
3.48184682318046
3.47102219600462
3.53238799388442
3.83879822018811
3.4137461040201
3.28998593313339
3.49947126292058
3.72843478814547
3.49009597891259
3.35457313375444
3.43297600175137
3.58796497246152
3.75431260090456
3.52839144291657
3.32444267509124
3.45570578647382
3.30697991680781
3.59322714965008
3.37782483505899
2.98510870549976
3.17326519921332
3.58439159055966
3.58152490773851
3.50838791198649
3.3066427448116
3.08402784336289
3.62621182356091
3.26882036861694
3.36386581507872
3.26577481966164
3.11402164194149
3.48252373901722
3.57483943344646
3.46158990759501
3.26302975886155
3.58493525860525
3.27768105669033
3.14083321235679
3.50090194392539
3.38960726459807
3.0681006429655
3.7144641820848
3.5133481935542
3.68030450089054
3.51958626117111
3.24751016506329
3.78419544302988
3.53190607833245
3.64224673344868
3.45036678823656
3.43753135177487
3.13510308021349
3.72343558505331
3.59095393460264
3.60424536122411
3.50199576374623
3.46148160971037
3.53289711444733
3.33641636636967
3.4326131122098
3.53895131033634
3.5647309762359
3.56254119715462
3.49215527057932
3.80831900408963
3.33362441509789
3.44218966971251
3.48633078110857
3.55067749285993
3.48516870378028
3.43330014802595
3.07619457186918
3.40498983768436
3.33858909419353
3.39239440948366
3.49487136590439
3.60167159216741
3.64105517636348
3.32358555171128
3.49471838303162
3.44961479134279
3.45084337211411
3.34960002061044
3.2640256295067
3.34224833697501
3.28253027791593
3.58607275029273
3.58570014287152
3.3170165009219
3.66491184281249
3.10743126637364
3.92787501560045
3.71779208314855
3.54699671297628
3.86634587363486
3.63987030448098
3.59993963178702
3.21239848988075
3.29379822795086
3.24743383386026
3.3910767858744
3.87796291953483
3.37671556335198
3.32825489386229
3.5672325655661
2.69167975034227
3.27983977435739
3.5429782035733
3.39632222935696
3.47621762595693
3.68664666616361
3.16827369118355
3.42428475854667
2.93995962101051
2.9930386868716
3.57908384121509
3.43232849200636
3.50803716092715
3.61235909032734
3.38842650858356
3.58125440195995
3.6776940552537
3.28589093882633
3.34404895960642
3.15813359957197
3.60161594797758
3.45882203559124
3.65985912891264
3.78932930751032
3.6291661236122
3.4882875648294
3.78272612741694
3.65697541477628
3.62325213911866
3.4228586571463
3.39278235266368
3.25732988859097
3.27682045620406
3.10341671498121
3.2862457392666
3.85920707035718
3.81634813939753
3.62877382194439
3.38114560770406
3.26018568453181
3.36642807193773
3.6111427321547
3.34265648587381
3.54525640306292
4.04921182263301
3.2516763981408
3.52035382859279
3.1111499042615
3.47893369838983
3.18574517272296
3.3040285912796
3.37593824562461
3.16781487476632
3.31000819487801
3.54474599804985
3.75124161197716
3.19621704997414
3.47251528247012
3.35255307693221
3.49201015896815
3.67539153758424
3.74854722336318
3.26156558512121
3.55150845849856
3.24822940943321
2.811625971026
3.10321721511096
3.60843350913827
3.20689917515945
3.27589631661185
3.48420280798709
3.30941633939462
3.62477912869889
3.36494263548568
3.57166275330838
3.54854067349546
3.55274777521965
3.28160727381676
3.43516844444439
3.22109569985358
2.92990349988492
3.66136237416017
3.6047859043274
3.74170939129097
3.4000627756011
3.11154133053183
3.43807262699007
3.61253426489918
3.48487688501006
3.43148873494032
3.31801185977599
3.35444836432863
3.47306603480961
3.51447811121902
3.35528437593101
3.40464713768022
3.47939525709052
3.6968112795501
3.4014656744373
3.54462022128836
3.43908361612662
3.31728570355845
3.52765932152726
3.36755429560528
3.75434316985994
3.74562321270396
3.78668079817455
3.18682408695175
3.4854940094725
3.29293077454972
3.21561416182411
3.08892599762058
3.16890488763833
3.45639510090585
3.39863375597884
3.6633659798276
2.98632309728132
3.392796927177
3.23083294196368
3.21310039361726
3.16982071359101
3.57422780205865
3.23716507503112
3.35474153852142
3.50102694251017
3.17623977325342
3.46956741173001
3.88322045991033
3.28943033443097
3.41623314822186
3.59073261305641
3.19275645802887
3.5033853848465
3.4577184191648
3.36779935769224
3.34248667594171
3.51428429817648
3.11248933791217
3.4419836417871
3.43344723665056
2.93624287354219
2.37795798567076
3.20453891940471
2.94638537347919
3.44066736543852
3.44992719514274
3.79733231486165
3.5649566062543
3.49909680315025
3.44155714815817
3.69989684775096
3.71592724099104
3.6199062844231
3.56460427615259
3.59698361965482
3.62459065458134
3.38365606035861
3.46501680004931
3.58351793299044
3.5874222693832
3.38654210541167
3.34591564705685
3.20290159727399
3.1166703767373
3.21477528536556
3.12964419731402
3.55106620304138
3.71206833250167
3.5362255143141
3.69773572669427
3.44986072956994
3.26096533785995
3.11045090387313
3.57003825206824
3.38188182566595
3.64144742052115
3.80360016809969
3.32373565007768
3.20214710757047
3.20888377504963
3.30833760526498
3.55946804248294
3.08372195481569
3.50824217428999
3.69318888778952
3.34066334459411
3.58985352011243
3.49974128111747
3.54528590395413
3.59074943067585
3.5475378283485
3.32557422603321
3.6192387944193
3.6078114057832
3.35414172819665
3.44357077434344
3.46037921822555
3.13705745344954
3.38408078033648
3.41057692020562
3.43244895294051
3.41025895462869
3.33133366310885
3.24942505678559
3.31341458978676
3.33066578044536
3.45404791491601
3.24918399886411
3.09661680004515
3.13195131263146
3.47262766336727
3.37026453933204
3.58362012880833
3.54804883709109
3.52979643094261
3.315460754393
3.53301360673961
3.19124819266001
3.45154250366343
3.20501210724455
3.538906517381
3.39094082501883
3.47395543695581
3.36714887491111
3.55868070551015
3.5485052886392
3.86159927061984
3.35647273129213
3.28374214464746
3.08152527988885
3.5388249875128
3.61683488790826
3.3413498951359
3.30205491746748
3.24099308405506
3.6370064284479
3.48465020143381
3.28698029458411
3.44273286637985
3.42009700383563
3.3549918220504
3.43886631190938
3.28815201502503
3.59632972792269
3.21252976767282
3.5178885991676
3.71181413169002
3.48195867756826
3.59283971878488
3.54411717382808
3.39299608567361
3.5496904137256
3.22882013139481
3.58024399290179
3.31596717468191
3.5234762336447
3.64837102286996
3.46025610991339
3.47027639757257
3.89041014775505
3.90711579361741
3.55583884651492
3.47543665036093
3.60008285612145
3.6224942308465
3.80579903207752
3.68662652386678
3.53486748377337
3.37164183336846
3.28013034995129
3.49668870580014
3.53148662093314
3.50963568625482
3.60924939578267
3.93262940742625
3.50591667607151
3.71648950926121
3.65942937102909
3.49333453582493
2.9712484567998
3.15820080153626
3.49256723040726
3.46121653671033
3.40427933415705
3.55625965415249
3.50536378207567
4.01012297367945
3.60792265380078
3.48894641716468
3.19706269633124
3.62958066858485
3.62554363981364
3.48044981075891
3.5026750507609
3.07153217213314
3.67866954655215
3.39946412757185
2.98423412938738
3.39325840979438
3.54876321993781
3.00293243028277
3.42668004003825
3.49527187747934
3.12696204957724
3.13128382188386
3.67430050508561
3.34549082235792
3.47199757460965
3.53726640319238
2.97336091424188
3.22905784099571
3.57787121735554
2.35178606156578
3.70036870120906
3.25971380092522
3.20247664655164
3.6258055435027
3.48471335350343
3.51992700603383
3.24160276159308
3.30191236162706
3.41199310355729
3.10652238703151
3.25681298536049
3.37176026944326
3.54361265375693
3.39270466477763
3.38128844768607
3.25156704435022
3.01515655351389
3.4487285903881
3.45770214905059
3.44860690517
3.65684813424766
3.99495690708044
3.5360124027008
3.50574858586671
3.37281025578418
3.17697315784358
3.3118206531837
3.23607649162641
3.1730950176
3.67017508209114
3.76705256441707
3.02645109596083
3.29889092119247
3.56338869452823
3.26011569894788
3.37370219329412
3.41178266551365
3.48306927195145
3.3443455954932
3.61046549028242
3.39157784029943
3.5036891541769
3.48643715940879
3.44448083610466
3.43710821839905
3.39441634058275
3.31524526992469
3.3360788118973
3.40968994007529
3.21241262283282
3.27133399872024
3.41227176283845
3.7321532570678
3.46101851501515
3.36938330487047
3.17291537044176
3.94390102738848
3.63744711600581
3.26117758749759
3.48777885739695
3.37761496657774
3.47403577645257
3.68753673918882
3.50334792831531
3.47408643815632
3.41958044858379
3.51951351268649
3.59392081992641
3.59431608595492
3.42354740910209
3.21546219309606
3.3699945933546
3.33776980572512
3.59912894215366
3.68404026144143
3.58006225998293
3.53073251806375
3.28040264893912
3.65416509949092
3.61399601012935
3.61242946000716
3.53445510100124
3.23577147917468
3.50854346467146
3.73493351087291
3.04676163224011
3.04478826955329
3.84113500281198
3.42953765691276
3.1275840298458
3.16020594191822
3.35607554605796
3.5585470374299
3.33422246439324
3.66273537304629
3.46820410385084
3.57676799881347
3.37488275928511
3.48240182414098
3.65293549235888
3.66517532333152
3.67887387545617
3.34923805200832
3.24329728453608
3.50171749500851
3.48462376064129
3.12084849507922
3.14357724032748
3.01165480022466
3.38374908793564
3.64055286485932
3.65095822338386
3.26985289624768
3.18823663206933
3.553682768899
3.44004085427133
3.24761145013912
3.32686474451082
3.34247075336143
3.64170289195877
3.32811898685839
3.38847104320419
3.55588517605153
3.53363918793974
3.46079912864218
3.31838364159068
2.90594702941468
3.33029651669197
3.07610773343061
3.22560542831255
3.12052212544664
3.14741225263477
3.4051992193465
3.58513253590141
3.37227813754849
3.77500667183145
3.3868831404742
3.55489823706809
3.24214488788703
3.41932766704306
3.40497548666781
3.00099461817293
3.24267373506172
3.16429509918074
3.201898608288
3.21992445884591
3.36392639855864
3.60243624933796
3.42920251835997
3.14777525713867
3.64890377200194
3.46983342461331
3.27744959744693
3.37782077041735
3.44441097273925
3.13375864322619
2.80415738574606
3.27530543863999
3.34736484301613
3.27665747510471
3.66701161179459
3.20676160414282
3.06051585180874
3.36455827087784
3.41959513890868
3.44629344253098
3.43008865029735
3.52826133255179
3.65035915964255
3.40269593796933
3.54619660980582
3.40191304787584
3.54157674360279
3.02010023146298
3.35077569902525
3.36485064808612
3.37866562115441
3.50807843199279
3.33620643766169
3.56083784476021
3.13686863592778
3.31828749202239
3.37991403167003
3.38747822105068
3.30435625987808
3.27726396979164
3.64676526490284
3.27021546875139
3.18643265515747
3.78923265579327
3.74305321879121
3.41073953196982
3.27225461909962
3.54405928154292
3.2751640626493
3.30931982845739
3.28759496828249
3.60201875545156
3.2098610785251
3.53891308999947
3.48118225908852
3.15667975002901
3.00329379269935
3.72066926301596
3.48916215026851
3.45640266534632
3.06357870753447
3.39344252050712
3.2318611609226
3.01595957661063
3.11537867353609
3.47203398005152
3.2167194378053
3.43080492969504
3.43229227978813
3.51358020133499
3.36219148448204
3.18692786988121
3.38666438626476
3.38701821644847
3.22577388225937
3.40903151912667
3.22891331290261
3.43700163267212
3.16524849792624
2.98817790656698
3.23770865851379
3.20470700354133
