-5e-04
0.9985
1.986
2.90075187969925
3.54947262682069
3.90283400809717
4.26710929519918
4.32
4.85051546391753
5.35052083333333
5.68619246861925
5.69952805453592
5.75554382259768
5.76129718234981
5.7434526990914
5.83772165502418
5.70534268753373
5.53771025501899
5.60435967302452
5.56743421052632
5.38876651982379
5.4679203539823
5.22961730449251
5.38573021181717
5.30536912751678
5.28226711560045
5.36420101637493
5.32463110102157
5.35860889395667
5.37679494543366
5.38372763993076
5.32444959443801
5.38461538461539
5.34289057928613
5.48087110064744
5.38947990543735
5.40225787284611
5.49432835820896
5.43173652694611
5.42178098676294
5.38363636363636
5.42474101157831
5.38837920489297
5.34174876847291
5.49226963512678
5.42945929148539
5.40761548064919
5.36997487437186
5.48768161718256
5.41396825396825
5.35755258126195
5.37203335471456
5.40400775694893
5.48796356538712
5.39490861618799
5.44575936883629
5.48412698412698
5.39840637450199
5.40560373582388
5.44159351789332
5.46648426812586
5.32548476454294
5.43413597733711
5.28079178885631
5.43474903474903
5.38030560271647
5.25124626121635
5.39493670886076
5.35368043087971
5.22058823529412
