4.03966076904055
3.77755214552401
3.62876685104697
3.66480044888467
3.57311257069122
3.56133034702897
3.50171970341796
3.47420748490511
3.44710576771649
3.4015247085526
3.41485384700239
3.41203861236017
3.42544349888755
3.43009074137939
3.42816385700736
3.42580611603031
3.41227284408018
3.4061662456358
3.39909249632824
3.3953117197598
3.40753836306183
3.40751283591351
3.39760025088317
3.38919884857983
3.38810075213097
3.37738830882305
3.3755297383326
3.35144620028908
3.38539146183403
3.33456601325566
3.34169482368471
3.3500422997332
3.35338857601807
3.34502406870138
3.34570341656395
3.350200058738
3.33460147335391
3.34273293098913
3.34447610138836
3.33714149183108
3.32724888435352
3.34688773658311
3.34303871708802
3.32251582135265
3.30370967466187
3.31010768591464
3.29906190763237
3.29942311506937
3.30263742551841
3.30016983287508
3.31699735996903
3.30966770172654
3.32084331274029
3.32240286313489
3.30969280540057
3.30090614976409
3.3028776094434
3.30205495074549
3.29648658770126
3.29236198303539
3.28719540519189
3.29451471769136
3.32920292755968
3.30749256737291
3.31882747345411
3.3129059919212
3.31790700350782
3.30583964443695
3.29775677981731
3.34685100013273
