4.67752303420177
3.95019723045359
3.14621468565167
3.42321920684476
3.47843833503808
3.38212856244551
3.19614402899199
3.08860770831112
3.39123826371444
3.29459252514967
2.83621479467571
2.81935550340536
3.1764277940434
3.22724658622966
3.27090789518392
2.8822721600107
3.20296839461219
3.07362693372287
3.08997046636224
3.13322874566128
3.08466928370088
4.10096133181568
2.79446627639485
3.00975984935962
2.58891116159608
3.2070403714181
2.96221132846953
2.992074248182
3.55888935096966
3.2140855700474
3.19653745089439
3.20057128408937
3.41024119362556
3.14494569861034
3.20232568874668
2.95528643945323
3.40164391968468
3.22614158981782
3.09227236004848
3.48958260968957
3.38169314388719
3.39083845068595
2.78941443288469
2.70569386172682
2.75916503234791
3.12623070541493
2.41676619927388
3.09005578806386
2.52535983943753
3.19046725898699
3.12549907920177
3.23459515193158
2.67047348147239
2.99914839831405
4.28909847354815
3.81493622208636
3.24223591382284
2.80937717652893
2.7723026782691
3.22582790465574
2.92403310641865
3.77653372527063
3.01645978951801
2.99667344548557
2.90850822843605
3.10434577012304
4.28256526412342
3.1860998055538
3.19225157090398
3.07475294058973
3.02895060646093
2.93951842067609
4.018118909457
3.40509201177071
2.86886298664
3.11120605390648
2.66070466007916
3.12005850939452
2.91566257394042
2.80547632543124
3.15927892825717
2.97918632216319
3.23529180194845
2.99106712732084
2.89557973363723
3.21899691216433
3.04616397431243
3.17894335051995
3.20768120724616
3.06968535906213
2.96488918063342
3.09706809361413
3.06944346663511
3.3969451461742
2.90418201961737
2.98524720425673
2.98340084880376
2.91484744482255
3.03029527656985
3.09832737315808
3.115305933367
4.02787796698341
3.13004833224147
3.55337453608881
3.1615894104582
3.31296933122842
3.05940268852893
3.2087798321936
2.95388377235394
3.00180085301254
2.94342475567604
2.85577634043875
3.09664801778302
3.35186702959481
3.10804223609081
2.57559935558033
3.06174926134973
3.22722394378313
3.14834770474192
3.02993815909728
2.90449679232357
2.83040289909824
3.0141722678973
3.0713366200553
3.95122359231402
2.70842118469237
2.91971418636339
2.9320005512494
2.82239779509329
2.78193499649787
3.18986433214969
3.00095749209154
3.00892331942371
2.93048423555257
4.13602577024308
2.68428460598241
4.14393255951392
3.12569090157347
2.94927247933889
2.76865355401276
3.0042659500883
2.94972960648986
2.83569371622631
3.09312442915107
3.21812583845664
2.96438065434365
2.76756985184544
3.20017554404723
2.87245059701574
3.0208724511584
2.88171534235781
2.82517397077376
3.03841972935039
2.84297396449169
2.96770492940001
3.09192947572798
3.03730140940697
2.89540121803018
2.69963605774981
3.06023470099275
2.93208957242386
2.55626649940423
3.00768035648816
3.53264673448154
2.81900044305801
3.12017472066378
2.80082567042744
2.98714460238864
3.03607581174199
2.99597619151261
2.65226584981143
2.84461342550749
2.55029234574472
2.43206286867173
2.62307294486818
2.91750286776545
2.94408313613182
3.04829737451137
3.39161137381173
2.96842710941352
3.29820945461248
2.93379918274215
3.94382424941435
2.80327801302003
2.72509189448794
2.69588046050811
3.18473127476294
2.83071647690719
4.03575383890037
2.55692365650451
2.85927526234297
2.96291436008432
3.14037287409831
2.90807061553898
2.94037601220285
3.72843834515341
2.6510835513458
2.91032566349493
2.90615897040017
3.01555511054599
2.72315871656934
2.53762560886658
3.20208752342928
4.30100669131194
3.12604477575246
2.86921077312834
3.03299038512518
4.40043904160333
2.52531751219298
3.15980326274679
3.02375463895307
2.55509277900008
2.68609866324671
3.06114146030474
2.51102239486109
2.86932765550059
2.69791246240872
2.32941847122222
2.78281810536949
3.85494042365553
2.74023206146898
2.93760971255786
3.1406664828754
2.66350708041841
3.00416518551051
3.18431012051216
2.82062325863289
3.0075424898418
2.9839983823362
2.78131627125804
2.86366375452073
2.86663568670321
4.05811248181022
2.40565572634795
2.8265749960533
4.06874428541513
2.80245606695603
3.32246777933308
2.39434191043746
2.8088545791349
2.8694178075819
2.8005055673834
2.7312799836013
2.34761684290066
2.83326220163315
2.79602016572667
2.64313647868355
2.96465433109594
2.64217897414416
2.96955398821714
3.02811971676173
2.86789225759984
2.87961333521999
2.97686917454515
3.01941824152549
2.49766279913429
2.5823118662234
2.84549616326435
2.49430340723043
2.96058827729384
2.91710597236552
3.24268234831861
4.39590633248086
3.07172300947821
2.71670682373138
3.11376699869826
3.07906966968833
2.63292622525251
2.94165490051008
2.31162512204563
2.52015914816627
2.41522286078544
4.92887810850779
2.78409337759706
2.82488091800275
2.37942548308348
2.76853763567014
3.79450112583084
2.7253561357735
2.82554973305885
2.35543897308095
3.47795114445916
2.72546789918671
2.61086862322834
2.55311914724416
2.49457125697339
3.10355531534584
2.78293730816047
3.34011493798246
2.54346366694972
2.6083661958226
3.10289116995061
2.99579552977526
3.37820061925577
2.60178885218445
3.6184819957169
2.88425965443565
3.20366144395982
2.47822814426088
3.15306404641727
2.62171399185626
2.98339469872067
2.61574800022408
3.09366718870455
2.98365571002506
2.48719218399411
2.78954769429239
2.76067796302368
3.08413443988107
2.74149966363901
2.85265073408478
2.88010084269088
2.70393358157586
2.58729679168928
2.98484782636965
2.97557116844342
2.69413462775362
2.67393812834221
4.76945016698914
2.85818089188195
2.82453184044608
2.86686842686426
3.03539781134732
3.21566485603261
2.59662519860754
2.71786576473776
2.71234490183237
3.29853500524941
3.19164914232218
2.82489069712216
2.76835569341855
2.3360339973464
3.06937005355872
2.56621473083079
2.78732432453572
2.62008839204915
2.73160449609455
2.81223095276987
2.15465175948713
3.07293446843838
2.80507754638499
2.73709136969313
2.92780018359403
3.17977499068911
3.67815656257047
3.15359438604693
3.02358179679354
3.23840240593166
2.5866231011689
2.76221750113461
2.53533377966944
2.67686776243923
3.47933902692215
2.67324741078757
2.63577136677754
3.53238532458366
3.40168754409417
2.66729807220399
2.71345961955124
2.83607737141609
2.76228199684379
2.81473413312151
2.4245963243621
3.18196457504948
3.22076646280914
2.63770507840964
2.48291828138564
2.89193124894511
2.85258514366292
2.88159898544285
2.47741063536478
2.42629621637975
3.05404529003645
2.84232743898819
3.2328938084986
3.02257441389759
3.6219663492264
3.99396444036403
3.24269017352803
2.71601862558321
3.07551800054356
3.1577350713677
4.36351388270702
2.81501424294621
3.02833471514691
3.0127598233048
2.81693141970348
2.45930740677794
3.5328637650359
2.51396216123636
2.92076676529525
2.71686950153745
2.81449254767718
2.67176451049256
2.41307593213374
2.67950065724275
2.98800758554664
3.0625336461978
2.88637549716387
2.99653058572685
2.59840998423575
2.59012083224818
2.69743502677159
2.88471172273109
2.4629554593186
2.80532933058446
3.06616134643257
2.79545533823395
2.83065040712482
2.85109348833909
2.57645274517783
2.86117812110256
2.71624544402036
2.78448785078764
2.7512723864283
2.86512362789729
2.82570622459476
2.41818479899912
2.58423617872448
2.71998939374933
2.52853815770097
2.81413494477477
2.34346227031163
2.63443053134842
2.44639364686358
2.75335427105456
4.46735199748272
2.6792360412235
2.61080556786549
3.56974107631335
2.77905781291527
2.4761371070264
2.70826046672484
3.16224521774658
2.83287372707188
2.28962891214006
2.87051940045972
2.27649754031767
3.00188553820473
3.03278094318784
2.75148630139771
2.29901501074103
2.94469882936604
3.235466080901
2.60979017809892
4.10457536782008
2.81651262034962
2.5477470861193
2.21189950433066
3.05167682544955
2.36386158483108
2.87025563591143
2.66877250961443
2.83225207858233
3.16733851605
2.77501138230945
2.72889566817168
2.85852172833752
3.26421981646456
2.78909449420201
2.78563693512835
2.90086274821697
2.69493590280538
2.55841859755885
2.49140954240084
3.02094504859685
2.80898584193368
3.57510993265418
2.44172687889136
2.84905233491966
3.42427324713671
2.65387603116149
2.90473907289432
2.64770325185419
3.33412872442083
2.91830883464973
2.43740499509158
2.52858067328661
3.25726259979276
2.71532723487179
2.78281918766293
2.75682908845976
3.2533287141708
2.51922134602903
2.65261447897701
2.8884189000133
2.41521668850319
2.61512125310074
3.03355876837405
2.58563397078877
2.73656932599018
2.92409579359036
2.28148432382996
2.45480978209996
2.96936507031262
2.77567696715357
2.91642809244267
3.16425962778247
2.54846247888077
2.91027273841994
2.89589342247064
4.12764439745127
2.71010042742314
2.85262415599982
2.82261314847566
2.66630202233901
2.85379649130888
2.62864316697941
2.89597469309715
3.0767084489479
3.2864290201807
3.08184752065596
2.51862979914661
2.63400801723635
2.43343524568591
3.07580476580825
2.32242011638874
2.73373428986182
2.81519316387087
4.24526835064613
2.78228678477695
2.51054108378642
2.17842637503284
2.55843127524016
2.57785521720692
2.53352141732927
2.91291222859947
2.40323972571446
2.91636740247001
2.47922880506422
2.57769379805623
2.689307198932
3.63725571044029
3.102542189903
2.44884391854471
2.47257850019275
4.22061309398904
2.40897917951663
2.45932655204749
2.70967542601495
2.71498242802901
2.40844058773403
2.74658593764809
2.68794031857566
2.23201540535526
2.90482892543557
2.69179667744816
2.52447151267607
2.77066343757839
2.86493696874189
3.23160855490498
2.4875880052605
2.9097064328972
2.11700655884802
2.70095472987688
2.41327574941002
2.27663153720339
2.73549751345426
2.66454222638523
2.93247804932275
2.61459262578667
2.71503566428412
2.7830458595244
2.53143883024398
2.94638587389307
2.75087189552611
2.33247121579739
2.59688975261929
3.89377942405351
2.56228361616282
3.21321939558164
2.72390761636395
2.51422248389522
2.3645828055764
2.39152380922953
2.62909715651907
2.60277933992105
2.14110500405111
2.79278793932584
2.85947651764952
2.69082890098168
2.57728205744675
2.74281476938375
2.98900887509126
4.81412406441289
2.88813864860384
3.02830144834934
2.90620702395643
2.94559224189522
2.81811433304618
2.96097574843256
3.42910518194084
2.33137145401181
2.69707143804947
2.77754870942904
2.56176496586012
2.83584101104541
2.89285748410707
2.52455624961972
2.81492191028712
2.88624627194423
3.17383535506364
2.35798172618151
2.49852664379257
3.08973767558885
2.48386794826855
3.18137110643519
2.70227773484044
2.34025193659292
2.24664029245093
2.74346795739531
2.38532088223716
2.32171801569322
2.52018099388176
2.83303109946398
2.29777787548527
2.51949951072728
2.51587288152223
2.85949447262685
2.7396779607607
2.82620237463984
3.63276117811707
2.73737255070396
2.69613764626671
4.81267095737368
2.55591946553902
2.79990784017758
2.45519193191277
3.22839137555525
2.76101045599539
2.69817651617035
2.56836742455276
2.7474993936617
2.38547905556989
2.65873249853573
2.31173792405739
2.84501292552608
3.14338032135858
2.61963947314757
2.64672017926422
2.86952596672123
3.04019759997481
3.4720597018003
2.66918391707797
3.271707931117
2.67666630916077
2.22425784239594
2.81433812814889
3.13554444151848
3.05902545984366
3.7234504532038
2.61725505068597
2.89185309104633
2.61248808649179
3.19752049592295
2.73962553543716
2.98544377904911
3.46039042129872
2.71688857151163
4.14207499118906
3.14906073036444
2.48618719632999
2.83300890792309
2.84993204642072
2.34577285826567
3.82503944940357
2.63932686540733
2.65146854846354
2.7164907265504
3.00750559574559
2.3792894116429
2.59066458859136
2.63928569716381
2.67593535724322
3.12174256282776
3.08418114583491
2.89422194918375
2.821100011538
3.32233240093248
3.17398099951454
2.64547355648
2.61769910960265
2.89634052553039
2.90881133587751
3.17036009053333
2.77250344775199
3.505156122193
2.80707333841499
3.06428247933009
4.06166949641513
4.25542331639332
2.76440297732665
2.89540218231402
2.7355268660296
2.66828550690944
2.5977278500327
2.97769177071289
2.71968395137311
3.92835783877155
2.34889402302196
2.69677606759488
2.56944414195417
2.23485963105934
2.61523400337528
2.92437847516735
2.52061717339102
2.58136019613316
3.08797213168721
2.78013960757122
2.74481031048322
2.43681066463656
2.53661106007174
2.72111941994274
2.70202770252032
3.70779411474212
2.36731880866206
2.83327757452775
2.90588304946297
2.87611331696171
2.47955822832505
2.76149621660694
3.54919455107309
2.75880353718334
2.94974473409505
2.22689971179829
2.85055083866295
3.18645647916023
2.92339380331094
2.54395797245986
2.62617132088227
2.62187568593691
2.71007940362766
4.08193725196653
2.74836336355643
2.67927901404213
4.12736463008379
3.00463818418718
2.50109395155273
2.34758794610409
2.75261924573059
2.66130839280085
2.27279071962894
2.87617190038695
3.16559868398958
2.41220953182108
2.88446845028861
2.82539291342967
2.57689874092053
2.92839020694152
2.69464655747488
2.17247884276577
2.31228662710835
2.41327919711655
2.55412626668448
2.0599271873094
3.12356138006579
2.85011498625108
2.29980920114597
2.55828986851452
3.18228317307274
2.31844456433952
2.85257713406258
2.82286423796725
3.04135258589545
2.60936435647765
2.55108939359719
2.34314862776022
3.15504768517204
3.09213061236779
2.58763592264894
2.15029761636459
2.58534683858748
2.59614698268111
3.29767104082251
2.71698358278514
2.88246054017155
3.02286133727535
3.23218245639453
2.70874394332178
2.79216293129004
2.56277973640255
2.60814705480915
2.49878298457143
2.89875844725217
2.72974751562086
3.17361859916941
3.31197852802049
2.46523063822825
2.66382604405671
2.68571028553444
2.61165036676864
2.62175400880917
3.28667511056497
2.51421850510984
2.58712282218276
2.88192241779566
2.26744128559666
3.02436576203522
2.7799375871342
3.37562146592941
2.68473265899909
1.99756120617117
2.51995934913126
2.20770286348952
2.73661823991954
2.45446899917403
2.23158454511536
2.4337703367353
2.45437464542794
3.21211998120908
4.15380788326217
2.54410375178297
2.77068615188283
2.40654463837468
3.01981057002801
2.9122352177495
2.95807681785387
2.54406532815408
2.6505465389848
3.01436354444565
2.57845617823734
2.46124867282882
2.28734758147479
2.88576245236113
4.16368301102162
2.25069967602698
2.20834513082458
2.24990399173882
2.44521445535011
3.03435976271657
2.1831047758303
2.5705291594254
2.84076342617846
2.93218071514129
2.70479020495061
2.3174382671346
2.92462728616646
2.91342646098033
2.43281679048769
2.56867966190261
2.57125729334342
2.89602935703441
2.89185996987871
2.65962451529256
2.96076048554716
2.50395286937866
4.7247440465483
3.81994591276673
2.46803085993747
2.69399652377461
2.86256228111618
2.94916218707789
2.791991042148
2.62093534600845
2.45116940107545
2.7017662684914
2.96516330320793
2.8828525396907
2.46107520386961
2.97019794593253
2.85293451769776
2.59689829324489
2.59941516181462
2.88953232266453
2.83116886380717
3.20620905632844
2.45805800475335
2.3999579532523
3.11010371611535
2.5298792112091
3.11004640958923
2.32042868903111
2.70237648311871
2.48944475754442
2.54341385325972
2.58072424950236
2.63513236039952
2.73566949822592
2.7818691440059
2.9051671612185
2.54108239711325
2.67009339055854
2.24906025587416
3.44449371563434
2.29380489076685
2.66043752685603
3.17145748497371
2.24064231232056
2.38390980198349
2.56617328561593
3.89373830804001
2.5179948269499
2.44500810697247
2.41269837084311
2.10911477224365
2.94026791811259
2.46734369688094
2.54571844445204
2.57711918560529
2.44306576311437
2.56793776221435
2.578593635409
2.76081902787177
2.76079064920229
2.69783727817796
2.2662214610718
2.58187983064462
2.72826748345078
3.61160400937256
2.85325264626488
3.3830491037571
4.36012142017323
2.24307172738291
3.13966585445244
2.64140933639792
2.42785887105333
2.25330668839063
2.11637635216649
2.43960802824199
3.18048508444076
2.35805423780316
2.63762405928669
2.83763767137429
2.47144899840985
2.41084143107788
2.64517728681537
2.74390297398714
2.8251412693092
2.57144948562716
2.56343547774975
2.90951020210575
2.51652289442599
2.45178750862938
3.51864573676532
2.64556342806626
2.67090013109977
2.44209874727817
2.77054495579225
2.51400641194423
2.60175127432747
2.40521424782749
2.87205664699597
2.80405585655727
2.75242183993766
2.65753537027482
2.76469168248714
2.22240702321009
2.48887773382591
2.36325965807066
2.42003108267243
2.54721332029343
3.33477486215674
2.42848333957841
2.19146115727087
3.31100164336345
2.22332561744615
2.62594469979508
2.47160322610837
2.49998093158751
2.80557785723402
2.66512805000693
2.48152290578648
2.43632095607268
2.79572865373076
2.12557234101164
2.51867404617796
3.34906241154398
2.6387542686002
2.8291465493906
2.43298402413955
2.34723843142607
2.63907658262422
2.34990673377604
2.62299742593733
2.49139823147441
2.62741231793856
2.30782179166217
2.47199946822311
2.57099402164664
2.5164700526025
2.59701660621381
2.3517066632663
2.33733749350825
2.77761562237318
2.46443713648361
2.45853521805805
3.0659041567612
2.96939894915894
2.8205784802777
2.6812247705029
2.45183418877838
2.75890573097572
3.3468802660775
2.73525373734808
2.53636033875475
2.1037609554785
2.85486772936083
2.95217519231807
2.58831221072238
3.15138738501212
2.85137453602306
2.71282868687711
2.72993055668975
2.5453992225222
2.84204978498576
2.86972821714321
2.70937148752839
2.74169849428361
3.10230703215751
2.60601910777634
2.55812437051849
2.80334140065587
2.47799040022987
2.61334866545739
2.00338889464136
2.49445949671052
2.43108389315057
2.72757998535177
2.42187107921265
2.81920380508201
2.44645995815634
2.50027064293426
2.76941322255565
2.57245658051062
2.679867775871
2.46629282962208
2.85229284519376
2.49245756706841
2.50545716269502
4.00507957156149
2.48496845098172
2.69521421833427
2.74903883876132
3.19356627257282
1.80460114569804
2.20548657692728
2.76288430742081
2.94366467467566
2.94131172391515
2.1409365410224
2.51289040658063
4.20231712009307
2.291157136925
2.47889674502674
2.70944711319748
2.28001944627905
2.6652015584451
2.81247977972497
1.8763675943913
2.41469373783786
2.30028475315021
2.57598845365157
2.38563552330588
2.73697814909277
2.19399941270609
2.11456009079475
2.31859936683348
2.64585963561928
2.85529063771343
2.1522653417341
2.40668045143814
2.61082185070063
2.41175280880136
2.83955179791962
2.50844872663039
2.7463652744118
2.71006834296042
2.5971287020132
2.58568103379303
4.32438792293242
2.40734345020324
3.3742532154697
2.64381051406074
2.7422088469353
2.97965256162437
3.00600536369834
2.78456646314865
2.42225350439317
3.36821988761977
2.11918482574545
2.71933102809874
2.5873720642373
3.34061434590064
2.70302655980681
2.48361862372297
2.5986462332444
2.41290988936454
2.84180591506223
2.59049616058125
2.6670494010179
2.41137689349495
2.62484351092773
2.37071867432248
2.36724585812842
2.83301933378007
2.45183278285379
3.04024300896132
2.5874728356424
2.28564625309426
2.50589540905627
2.50140611103745
2.81007504702777
2.50409784358141
2.39998387207839
2.24942812032841
1.94450864902138
3.35557843626363
2.35162565941444
2.63196014500254
2.27378180372083
2.44109011908898
2.7593249290353
2.40130116708484
2.0838310353538
2.62561421650298
2.31364443805248
2.60416917202598
2.36815565415304
1.96782013770551
2.25079113351295
2.34908075850255
2.37560138301772
2.509138535039
2.33960077036666
2.82460781876777
2.55598846910817
2.16127591883234
2.32426459291391
1.93967579484612
3.11305799250345
2.32966442078845
2.53583516962948
3.12535588373095
2.88946576214314
3.21893987474033
2.21761919448656
2.96578200137276
2.7963249664747
2.86296828991147
2.56535924264412
2.87237592050706
2.79274631249448
2.69655662748303
2.13611119711572
2.51079852084087
2.4331475127934
2.80176337984123
2.29225073136086
2.4647701548775
2.67313214186043
2.22936644895361
2.69116143846806
2.48662091274947
2.51737312436974
2.64236665718374
2.67364209731595
3.14691739750609
3.39071073142573
2.72922066273712
2.56069423862093
2.83577059424112
4.8327522215349
2.64804236646219
1.83261829629315
2.53382552927702
2.52048533639025
2.48205026896988
3.51776095044491
2.66024402685527
2.572650651834
2.5138664298898
2.48838832444396
2.77917066666881
2.55432119190224
2.18703240952924
2.13351345833224
2.22883086909432
3.22808601683522
3.18250272675414
2.49291861320675
2.05749992695687
2.1855211112787
2.50399184198046
2.08958116850582
2.72983447563693
2.87236375117124
2.6782824614986
2.6076455120427
2.11911003043557
2.32075830943304
2.52248803572278
2.43782952716258
2.21240598187223
2.4252838650594
2.98780825444938
3.49099611187188
2.63755623493825
2.83950202913079
3.18334511626332
2.59125988661313
2.34429319482988
2.44216458289219
2.56246320524241
2.34706097402088
2.63608369701595
3.39050204495714
2.56828765258836
3.53521015215883
2.26160671617758
2.14651639344968
2.50898253404869
2.28717557342765
2.97121476721762
2.69485036899745
3.33383157558639
3.2363692318884
2.63500578551554
2.831639418954
2.46623732423743
2.32901277893693
2.33805273337251
2.44921997221143
2.05905877335753
1.88810607450097
2.5493717584186
2.3795675464321
2.66686272032436
2.52442603873391
2.65881988006565
2.44764029441049
1.99870249917468
2.23973057164902
2.59539782280643
1.77455745302023
2.21577228653925
2.48196594181404
2.92221096179985
2.15461249044236
2.38392882381944
2.20610164253424
2.29387148742718
2.70461273704647
2.84663244018118
2.83920912464926
2.51672351090901
2.46982028847592
2.756961409571
2.68828357454151
1.72246637586398
2.59344806343127
2.74405686788695
3.08369008988091
2.06407173513322
2.65992827369258
2.27200624746963
2.42350003659374
2.42659079135173
2.27553424073613
2.22288372630562
3.09206205838369
2.41827975844624
2.32240777389541
2.38590371566074
2.8317168750597
2.42956518127969
2.62079350816203
2.25344417711684
2.63070506752731
2.42713778108566
2.8348781703883
2.8810296362532
3.26104784632651
2.4423978739639
2.34597488277674
2.53142901172319
2.67760137841727
2.36863187774487
2.54616878732128
2.20550322644919
2.30176481341456
2.54036553435865
2.14092423371716
2.77077559332458
2.80604839280465
2.37537950903713
2.71515675626345
2.55235474006989
2.53436794725025
2.35862005439605
2.40988378916076
1.99665533397865
2.29394545210808
2.40480588057098
2.22043436245467
2.84805907909303
4.61921958095233
2.22660841934671
2.75838801514029
2.35462528822034
2.44731697798479
2.47983697604608
3.16442757885851
2.26387474465102
2.35600113769981
2.62759234644253
2.63598970972835
2.53717420573318
2.87867412247433
2.67369429227331
3.45739440572327
1.89041338592271
2.55521476831491
2.26685898350771
2.29437257737599
2.55323419853757
2.43757410944935
2.197681118704
2.13805810686043
3.4521088820278
2.20612159647095
2.82153716780522
2.77432804188135
2.3513468966153
2.81592102383264
3.51668703434653
2.51156904730643
2.31251206342313
3.43931227180897
2.384312559709
2.67481217793312
2.59463797197379
2.4983874748197
2.54138935127429
2.5512590698328
2.77088524628943
2.88731339984612
2.41548074640715
3.28969513182484
2.02477064865769
2.77257394878319
1.96039787554087
2.26210493518866
3.09081691607343
3.36475757542577
2.8104799030036
2.61924819924367
2.702372818713
2.51292765102549
2.72252886595501
2.07548024937031
3.12064701462442
2.65504550348012
2.64797731226994
2.42802917529584
2.3828321205782
2.513781692351
2.32871008114329
2.50378542340906
3.08037803614961
2.63416510941142
2.653109638447
2.48795050770794
2.98457652530592
2.23645202584541
3.05476633275475
2.48172276252161
2.77276305322783
2.42049101919338
2.30713880384925
2.42514985604783
2.22460757699862
2.227088872161
2.49305800724729
2.25215724335131
2.57256910418912
2.62453116960974
2.14034194408908
3.1628232528432
2.2287636765793
2.41143289016466
1.87292924166123
2.62754018486942
2.22862530737857
2.51924277540632
3.02902295604456
2.55869553232792
1.80943283050285
2.59572451995384
2.25132389945904
2.90444176603952
2.78738860189971
2.80640912399367
2.53589834940752
2.62547533279098
2.56235564060013
2.41182008969684
1.99157247245119
2.03297074198072
1.98439202676561
2.60772461529724
2.55308402584938
2.49470749457229
2.49387865457323
2.0266596016048
2.54105422203484
2.83798209265795
2.39970690094033
2.42437079687157
2.08717485187057
2.42937405974669
2.15290249873354
2.35108256924956
2.38927153414692
3.00457254988377
2.08935887171175
2.6611358754243
2.8953529213897
2.19653031178547
2.29445661653616
2.6418242817675
2.60340018040632
2.21440914436663
2.28499685601247
2.11053359874584
2.17357359249029
2.28519711369216
2.23094410228883
2.35244832623338
2.05422905509406
2.07448601016029
2.18009139290034
2.39257247240796
2.15234069297539
2.19581467712886
2.56056105479795
2.43969146246297
2.40958926937842
2.49573667909441
3.11885041197116
2.6445610619515
2.85567244420671
2.77364249764376
2.57185348375942
2.30818290504319
2.65070991566173
2.95709565691929
3.40716656084611
2.22632550617481
2.37779242637533
2.82249755487025
2.66664486205973
2.49862575213008
2.15190674176482
2.32967089217497
2.47153901717557
2.25169288692413
2.75250853221218
2.46422374668897
2.5980535173377
2.67202381280741
2.31566722944145
2.78349814390309
2.94941404993328
2.3006150140628
2.26498250154231
2.38088830604446
2.70861276821297
2.63912333703494
2.62590832543077
2.28007236924491
3.45338346872676
2.45984253023373
2.45965099066559
3.34093704892136
2.59287496307002
2.5796028992163
2.85506857587964
2.27100981542156
2.09553333899897
2.39233681824114
2.31358408936187
3.15604278420056
1.96932290497956
2.52185012843046
2.60077058384018
2.59689503937378
2.96739526426436
2.78594238702274
2.00579673199363
2.70689853944325
2.39269966897511
2.4797047190092
2.11595586743125
2.46536695376292
2.45634745816582
2.74763495535659
2.68640477393707
2.62318918355001
2.17019372886279
3.68012223231835
2.40956156718398
3.3599929736476
2.26820675794389
2.84635996598645
2.2446657909161
2.1968770137869
2.77578803583184
2.59657272890845
2.3844599507521
2.18981366549199
2.73974529173478
2.55265692286459
2.11906078576752
2.41194826569943
2.03868708353229
2.31884893871389
4.10895491470451
2.53191003558025
2.05236817890245
2.15792903024724
2.17825599309388
2.54203112598676
2.47932229985828
2.16458564930282
2.28628843922525
2.29660673269785
2.62024361038729
2.09807572597665
2.37282874877737
2.59790734320744
2.30279006434303
2.6282546795678
2.00899382999571
2.25023632685892
1.94611440576784
2.29452058404165
2.22887983677432
2.3935998243269
2.23314805202235
2.38350392845726
2.76867393090396
1.98486538665468
2.03394548030143
2.12308410868739
1.98374238565144
2.13696541686933
1.78000326235791
2.31450633982887
2.98112853459578
2.76447983318251
2.81771235267238
2.54996300547852
2.68509604481736
2.68201326549285
2.73707888753897
2.69568753622151
1.83668900175204
3.19064966069388
2.14807520356494
2.46176366251015
2.91472068795476
2.41568180534928
2.22153739892535
2.68720465325602
2.15806921914118
2.0626235343911
4.16731148504184
2.83483955545376
2.52669278886921
2.38927869824269
2.66989967520921
2.64021000224422
2.27754665981285
2.48501285590808
2.29998753314055
2.35038613916413
2.32665473583884
2.59523124025513
2.61924336464176
3.49669543731702
2.08972141890102
2.62674349874702
2.44203941370206
2.5133676213381
2.72189816265673
2.87632662185417
2.4573302355723
2.76250875015148
2.59088041965537
2.51467909522076
2.56301740891681
2.33902614787773
3.4197625030238
2.5073686132276
2.27991421180254
2.79675822467117
2.82182907815847
2.26625074716342
4.16149376617878
2.13125192302835
3.70002912215988
3.13936222519071
3.15820149126289
2.36435069931788
2.5401224578559
2.56474256684696
2.64712758092927
2.59687020218234
2.46933647878228
3.05406189744619
4.14479848025213
2.82880259542616
2.58857272102096
2.6501900310982
2.48458203813607
2.59090558699744
2.62291761248284
2.41014569099974
2.10977560042609
2.39021495034226
2.07389055991946
2.36720929382961
2.0653213678207
2.83782226377223
2.5733997053602
2.49180451999662
2.33922070490629
2.59007709191926
2.74575204131579
2.52208704772552
2.51172929064599
2.5476919109358
2.60078130822838
2.5839938863168
2.48877671815628
2.8063160469343
2.77598866206267
2.80215376806874
3.40851636724772
2.71539403894355
2.48955894727252
2.7589700560919
2.80905430842808
2.92497837682868
2.40642922970075
2.88029204818206
2.80905313890679
2.32052204403246
2.53401046900867
2.68416772460173
2.69433672033586
2.54351277023664
2.81546686695548
2.62255711619534
2.87471370802435
2.16016431857463
2.32132286480844
3.55276871269546
3.40132008329651
2.69548527766714
2.31360627370478
2.40601871951774
2.63650309488472
2.63154487941211
2.42465222688465
2.19207892709806
2.516506350506
2.59767244276827
2.21792441796993
2.4817607872458
2.49002722766746
2.56384169649895
2.61733566378196
2.60193527515272
2.67166806688695
2.8543236461644
2.59355714029697
3.15127306276915
2.58455810884223
2.57942812751762
2.40439970362713
2.38453742214267
2.78014920786804
2.69941733834068
2.48905548783878
2.47454138073329
3.01231398751222
2.22316257265101
2.37132688678958
2.50039758950735
2.69468372519557
2.35333377833103
2.71387623978241
2.63667138307734
4.70622250136183
2.71428657767194
2.77178699234931
2.46301531377335
2.4440968070251
2.37121207143964
2.46392596022644
2.79373301678231
2.91345624393541
2.63893029190511
2.05492659181429
2.64915859793651
3.04726339926742
2.55704862587133
2.45991727706668
2.27864257556961
2.70463523416062
2.72284476329637
2.33265732795274
2.71333263107366
2.41976523860824
2.7084886340014
2.51145215482131
3.50203846640669
2.47632610578443
2.34237977578111
2.53439148276552
2.188325843692
2.52791981303397
2.17907111424951
2.60227603305832
2.52381712170934
2.50163246656663
2.7219081704209
2.69854594608685
2.55139205179526
2.54307663276278
2.3609245131301
2.52363570495549
2.35211805521021
2.17253331623464
2.59770338346641
2.0342492658231
3.19430529958052
3.47801796786289
2.70178559563615
2.20570340820503
2.54388063191476
2.67816571135994
2.75726886125398
2.19611587624756
2.56685916756385
2.65799414655649
2.23502118228265
2.85820557594803
2.6974454599572
2.67865969499243
2.47642031275586
2.73495879274253
2.18847129404966
3.3106383158971
2.61904971250648
2.51492280039381
2.14720787768467
2.47601282397232
2.49797441477256
3.06925824853751
2.6471652514154
2.24322730491107
2.61292732071017
2.622080608289
2.19519871866175
2.61852280753198
2.40629869226772
2.63522474118294
2.29903999787167
3.6513059609208
2.5732777375101
3.95169289621491
2.58026487193075
2.46705659149303
2.71623055588842
2.72746855813262
2.64138460048985
2.81536152849536
2.75518877934677
3.02907665107821
2.73679982959008
2.49746637067391
2.54017673943446
2.76832198311329
2.86659693846212
3.23857080393206
2.754611066242
2.35403163419166
2.45588377693751
2.18302930359154
2.39331812283774
2.50449267759575
2.50404299133267
2.6484429598323
2.63709473412048
2.43233807105432
2.42688052593016
2.37001344398157
2.61005686164635
2.78217693421732
2.5149685973986
2.70100358688621
2.48933262044436
2.77798763649731
2.43894815569049
2.58265957362282
2.32164400774046
2.5964517214425
2.1891140705132
2.74781887421805
2.67832944270568
2.91613679427095
2.7527226399109
2.60008314485116
2.79406091174788
2.56599432083293
2.56357169847626
2.67730060913384
4.73019435217759
2.59152133900522
2.79338640614868
2.50138429194165
2.34764042272309
2.35669810039055
2.39628120173284
2.7050199782875
2.75767019840076
2.60865907858836
2.47359767888775
2.57813510044174
2.31121589425405
2.57272979157048
2.58419164043919
3.02549535038963
2.49897262810691
2.38783387105147
2.64165197106419
3.34151506684198
2.30973199288672
2.56446633193597
2.73829888809282
2.46107621402099
2.50415683146961
2.38443543846926
2.45715163209424
2.19204457515839
2.49629359498116
2.38005374802603
2.18530248477731
2.42772528635942
2.43402352463891
2.61751699949727
2.62593595608292
2.21990115585807
2.11037944021654
2.4919948939423
2.41406561699336
2.27176011228582
2.04577590867043
2.04420275145
2.2750559730395
2.48908666895337
2.67454630428049
2.48174784579917
2.66169845797896
2.56430799411446
2.44015618607675
2.47882858803481
2.44736652503006
2.51471057623598
2.46455213702313
2.68895127705929
2.54469621657488
4.10969596607488
2.2095795012384
2.59725339339275
2.61334983991599
2.59235067822365
3.76721721473176
2.42338455890483
2.50378648182843
3.74191236535176
2.48899092003876
2.89724209853185
2.51852618680768
2.64526511942144
2.58049338372682
2.51111942581573
2.5248212987807
2.44506777638468
2.04051064677722
2.67182860342788
2.33881703748357
2.44938253826642
2.50167591162164
2.61324823801921
2.09778368387741
2.48049214340357
2.35030869238239
2.460522141987
2.32877213778509
2.39474000457591
2.48985721253825
2.57303676681911
2.36431072135242
2.67843559127543
2.65242792294662
2.12228607178866
2.74969170414235
2.17301175052438
2.248815802912
2.57640288760906
2.46075782282575
2.46730234866817
3.60895228636595
2.36142695005196
2.36077202805287
2.64178161044138
2.53098740411902
2.2500346693081
2.63297795270753
2.43938108571011
2.75263670867535
2.784790178134
3.47697881580455
2.8073935374028
2.70257014939172
2.50154802996299
2.9891227377909
2.5672798750284
3.00316606506944
2.97099953285841
2.47191900494945
3.21907253294256
2.48142263655803
2.46901735769755
2.70081781738262
2.47641734592365
2.63108180752047
3.86998016485613
2.59653115407725
2.91935543402726
2.84103889200572
3.75401672359787
2.58247482742478
2.78321747151225
2.8228635163344
2.47900820030458
2.11984763753957
2.65166915445629
2.06299052558292
2.51302905767414
2.7830327820706
4.53519016133411
2.62982225816909
2.46034552001239
2.47008677415131
2.59809137764417
2.46619645623103
2.42837091255725
2.51414560294689
2.64006135137004
2.35302328634774
2.92946902973277
2.29122090117749
2.20179130771837
2.17718300103314
2.36146883399106
2.22480667249424
2.56519228317919
1.74203913287076
2.93561367769572
2.58287126188199
2.156239760901
2.33842415003395
2.40578222895529
2.14138035302855
2.28512155014242
3.64450035043264
2.39630477738164
2.65558110932124
2.49866858021453
2.64719021667771
2.69079528221402
2.85926236075309
2.22036010401802
2.00620117571043
2.71512023676338
2.71847743010953
2.41525349447681
2.61939891094687
2.27122658092793
4.40608529659349
2.4547467628935
2.35802451451808
2.47746477223246
2.43170199609889
2.46212647900145
3.42668209239496
