6.8178001484319
5.59579286004401
5.73972108840196
5.50985156018192
5.24940618156382
4.59168823385513
4.62731330992184
4.4328227422031
4.3352933886955
4.53993288695218
4.55473356445926
4.57794970871348
4.58613376049238
4.67090821780944
4.66942739779879
4.63618759017507
4.69201493470108
4.69284877549233
4.72558120181823
4.7493856322367
4.7519219995104
4.76095720034548
4.76383292291207
4.70597375383085
4.67871621193805
4.67334469376343
4.61667349959602
4.76024050352194
4.57933763114455
4.62674410385978
4.65337222836743
4.65134660454893
4.58318806601593
4.69806402753695
4.65735369746502
4.63277486311112
4.66511651685617
4.63135713239572
4.59378909075202
4.65859335628816
4.6339345981591
4.61361011428436
4.60468593812118
4.54587387344141
4.59143059910366
4.59193871783438
4.57139476817347
4.5297334398163
4.52700572799532
4.57854496352733
4.61907342986405
4.64257643373756
4.58480096147334
4.58347668229525
4.58613682696226
4.54038767346674
4.56768690428331
4.53156989402093
4.52715440153997
4.4795339681854
4.50591917212546
4.58378082274762
4.58785644557395
4.49928662008156
4.55833038445494
4.5419578826692
4.53252575333756
4.56885897564762
4.86024755546343
5.09317052316284
