-0.000142857142857143
0.999571428571429
1.992
2.94588403722262
3.71783457782883
4.20367955961176
4.77126185266229
4.8654919236417
5.30628233555063
5.8400954653938
6.17247072951066
6.21786951936116
6.2487494315598
6.24385026737968
6.32544196771714
6.43407613741876
6.33628731343284
6.25825637814995
6.19747832939322
6.20111111111111
6.11139482923715
6.17815261044177
6.10556900726392
6.14292667099286
6.091131398761
6.0252417636453
6.04503464203233
6.09870603848706
6.07119039679893
6.09820379385597
6.10970250169033
6.13500170241743
6.08320493066256
6.08972155379856
6.09552599758162
6.0716397148322
6.05992313067785
6.13177750482541
6.0878461809843
6.09780297661233
6.09285332382819
6.14495610105716
6.07940223262514
6.06879073135409
6.11444687045124
6.08841295991214
6.06736609607951
6.125764030376
6.12493018059952
6.11188026192703
6.10876928867143
6.1222558667676
6.123311132255
6.14777947932619
6.1201230059581
6.17549284885968
6.15746500777605
6.15818324197337
6.12352012628256
6.15485668789809
6.14012866907921
6.05845213849287
6.13386155129274
6.0767070008643
6.1307727480567
6.03859561752988
6.02550724637681
6.02505526897568
5.98357180710122
6.0183585313175
