4.97448096025814
3.88757738484652
3.28340811917564
3.32512337053704
2.99344441338314
2.69496593163352
2.72487991162986
2.31932131869809
2.37427859227379
2.55307800506514
2.60529055886107
2.44245837418164
2.40645957387367
2.407553076705
2.41786639159634
2.44838276496331
2.43879138054891
2.4273505135958
2.42403638938825
2.44507069923048
2.42798523377505
2.46491313954592
2.45171887299995
2.47376948936213
2.46257072263908
2.42871969787494
2.45457146753283
2.47141810567984
2.44381793081131
2.47462791867337
2.47862075791096
2.46492459826099
2.43422089101572
2.44253666558143
2.4521326227313
2.44024673522639
2.43975076405654
2.44085491763916
2.43224213471132
2.42554860076435
2.44972236317775
2.45035770033544
2.42130316320224
2.43939978442842
2.44377836577312
2.46298467820475
2.42370135135711
2.42680278908802
2.43232633905562
2.44923328345912
2.42088174527817
2.45610036346791
2.43463906510547
2.45071130601636
2.44959266392239
2.44494134743708
2.4376147064756
2.44546702929372
2.43888526649652
2.45330528681398
2.43537231424919
2.41902926707267
2.42816482976285
2.41091035747279
2.44379874447137
2.40218046981746
2.37538507988811
2.26705146955773
2.15509959560165
2.00982811944028
3.61884812560701
2.50476673790952
3.76008551646514
