6.80762482212963
5.59530415548195
5.72911278937937
5.48904866144264
5.22505878856128
4.60844771801
4.64262547181786
4.4534626089717
4.40715213478101
4.53656264923115
4.59114447972062
4.58550987627485
4.59416897207244
4.66148017484281
4.65956068719445
4.62698889583833
4.65974805057443
4.69579796672493
4.71383130295963
4.75696334295048
4.77649715997137
4.75956933749644
4.74441686430909
4.71095906150836
4.71064374663776
4.68519920868946
4.61154105702594
4.74343018831902
4.64136616780819
4.67500035520125
4.67361442039107
4.68523995234589
4.61183067240441
4.71340998489063
4.65505700795001
4.64525218663611
4.67788572309662
4.61413765216407
4.61836143544077
4.63859197951726
4.62376396441013
4.63633403011811
4.60977957632175
4.58796985711693
4.60777216913055
4.59209075108707
4.60653100815553
4.52975591275865
4.5537754640223
4.56595794752449
4.63778378392371
4.62988125149806
4.56497734136645
4.58245162933852
4.56560378592951
4.57018129981857
4.53284116531923
4.53507220587443
4.54914154481765
4.48862166500199
4.50707500051563
4.56781945676545
4.58292189658229
4.4935150615619
4.52931925076357
4.57422721380576
4.61887671569147
4.65556545529351
4.89216970478554
5.1079538920806
