-0.000125
0.999625
1.993
2.95165330661323
3.73711987936667
4.24201723264065
4.82937723328229
4.94619237190189
5.38684244539227
5.91339506977957
6.25983735571878
6.28960885025682
6.31995230524642
6.33373381391003
6.41527926960258
6.51438605970552
6.42597367349708
6.35404150737302
6.29671387322975
6.27620102450505
6.20437143254907
6.27772325809617
6.202337369755
6.23456964892412
6.1900426742532
6.11611611611612
6.14347388113398
6.20355902777778
6.16477603257708
6.2067300658376
6.20921672555948
6.224314306894
6.17722462363989
6.17357474188239
6.18185920577617
6.17320806182755
6.15887281035796
6.2172582619339
6.17956608709032
6.20058723535775
6.19319241529375
6.2569108230517
6.19359899592093
6.16850741558851
6.20107833809071
6.18535651619078
6.17356432467116
6.21727199354318
6.20986852783639
6.21477495107632
6.18949958982773
6.21095167408873
6.21979114868225
6.23803169307756
6.2023789579494
6.25122156697557
6.23592265943012
6.2205154463219
6.20835482207323
6.24076963078523
6.21348511383538
6.16137049529558
6.22527272727273
6.15740915081905
6.21841371064169
6.13975694444444
6.10911846425865
6.11200514966205
6.06877323420074
6.08126195028681
6.5
4
4
