4.04927832971401
3.80610159372434
3.66533251111292
3.69780341241489
3.60861903713183
3.58337771311446
3.53339816132132
3.5041699125271
3.48774490807508
3.45175816461575
3.45789625815285
3.46325065595487
3.46796569620667
3.4638124315328
3.44884284087983
3.45063552433995
3.43973146500923
3.43225455502673
3.42389378907213
3.41861638234322
3.42093574005169
3.42493626099763
3.42444292470661
3.41467860023241
3.41265247071814
3.40481064261428
3.39894759228515
3.37931127628111
3.39612035088669
3.38200469316007
3.37658208014382
3.37278144944572
3.37648426658137
3.36869022427839
3.36729177863143
3.36251603926291
3.3545269174003
3.36714551413922
3.3508697404899
3.35069648011748
3.34540685687235
3.34968588360024
3.35312354499302
3.34450198208338
3.34666816364705
3.35134974492912
3.33394752219611
3.33915312895739
3.33543169131702
3.32454721899513
3.33184838978674
3.33664501310027
3.34828067312472
3.33490059664802
3.33865399717694
3.33771699849053
3.33427022370733
3.32240206512233
3.32371352464202
3.32037111965349
3.31030692135338
3.31508199535389
3.33618364000616
3.3253737304481
3.32468578219353
3.32565441579707
3.3477857007505
3.33892949655439
3.31922761530474
3.35814891692705
3.27143198666914
3.26730959074157
2.97480150976872
3.42290424439102
3.27036776943266
3.17702433451202
2.58658714987191
