5.23979018323283
4.3483651114797
3.60710164555676
3.40638868394834
3.0925174501942
2.61167512290439
2.64789788171506
2.26157635428167
2.35235340867337
2.5168699253957
2.70683669421869
2.46029470994267
2.40759738657256
2.47423943133719
2.46259873543034
2.4635503241841
2.43205166975836
2.43334207296069
2.5236337712008
2.56998893204341
2.48874524923284
2.58146769411651
2.5187118495899
2.53246009458133
2.55967855510066
2.51218020947774
2.53391645154182
2.5091547281104
2.52652976482312
2.57069407760828
2.58925767107192
2.55649558827475
2.54724145073315
2.49713999126909
2.50404863976678
2.50562586908901
2.50771945248116
2.52194678207492
2.52068089766257
2.49438033647491
2.54762175914908
2.52171519800905
2.52697395965559
2.52098072327302
2.54854334519683
2.5507762573188
2.55470277648578
2.47807308624121
2.55424615094773
2.52741138580201
2.49060686723885
2.5332692895158
2.53392658680749
2.56738433968564
2.52435030238863
2.57650659169437
2.54394115052729
2.53651374116098
2.49570018998758
2.47660977426559
2.5066296932308
2.47243690448657
2.52328103395103
2.48311309915518
2.51933495092486
2.49766364167767
2.45772469922912
2.39092521379953
2.26758780024249
2.13652359420868
