4.72886700615003
3.11649306038978
2.39341537111166
2.50175197336206
2.40138424380541
2.08381322676446
2.14267865370248
1.70568238604324
1.72319777782587
1.961944884085
2.02748851701099
1.81895798943458
1.7544740109586
1.81105055533905
1.81707204301114
1.85275314570197
1.85706268017609
1.84051912183914
1.85640286541868
1.88393948931434
1.84354283239068
1.88788801792384
1.87600416319733
1.91727860863248
1.90622729253506
1.839573791589
1.86106645831309
1.8636747652717
1.90325123902926
1.90440466154902
1.89194453102977
1.91771185688485
1.86885004472269
1.88041433019403
1.91745704845929
1.900870891504
1.8487519267963
1.88562229212637
1.87777782695269
1.8645569219685
1.89657081771186
1.89134942329939
1.88191334587545
1.89781076431692
1.89524504665482
1.91677522038428
1.81524935798891
1.84966672238275
1.87223944899084
1.86647991905871
1.87107489412118
1.87136448935948
1.81247122604412
1.87038241552903
1.87985570138216
1.84748291543797
1.85838511327601
1.8649366742499
1.85007555542461
1.90363962065982
1.87469867640288
1.82742720588245
1.85860033265672
1.80971613734358
1.85160001778175
1.78748792714842
1.76456996224192
1.595206437387
1.60142236318984
1.51908331462697
