6.69989121880431
5.47787566525119
5.66808815690708
5.33529297180888
5.21733778116679
4.52890994489144
4.55491870733941
4.38591537828693
4.28996401885718
4.41462248557586
4.47828743005533
4.48838583860476
4.51351159386864
4.6886854737803
4.65665097909416
4.53280919075808
4.60919750596631
4.60083785410575
4.67034018845216
4.71454916464711
4.64779911749265
4.72129724520662
4.7016640074092
4.65702928521444
4.63041243954693
4.55395044200444
4.53144980747008
4.68567241836454
4.48041385795743
4.56466287463056
4.65596251041814
4.6488731059762
4.55735718926355
4.64841207081475
4.62025222767167
4.56194624749983
4.66692420621139
4.59846645922276
4.57135556889415
4.68733912888063
4.67709560579441
4.62153752379064
4.5879483353538
4.53422143964242
4.60298885727459
4.54056865568516
4.54242074631047
4.49216999153491
4.55673575184458
4.61849570221328
4.6131555205459
4.65379755301466
4.61188232965832
4.52114316301019
4.58078467157125
4.5236037603796
4.54005702958692
4.47623437891619
4.50817434542806
4.52048256309153
4.54514092755822
4.64254981607126
4.56560551709815
4.52375938396576
4.54824960827866
4.54674608724388
4.51635944941369
4.69013145968939
4.91404403513015
4.95502718596657
