4.04594082104455
3.8006433107433
3.65853277420261
3.69083990873005
3.60713695741028
3.58067120162485
3.524556363168
3.49824132832018
3.47544125991345
3.44276259708381
3.44946744701723
3.44923801780175
3.45745856131406
3.45408552318578
3.44003928021748
3.437367238488
3.43121969317007
3.42485941252038
3.41860727785945
3.41829473150006
3.42185365983009
3.42418086638258
3.41699359200321
3.4117276323029
3.40514133405122
3.3984439369551
3.3933070516357
3.3705625293722
3.39044207719028
3.37243856378794
3.36806451235064
3.36441453686614
3.36740111030862
3.35809889288541
3.36234125398501
3.35883790194258
3.35639857556676
3.35702955981697
3.34680003857032
3.33985588576205
3.33409766273439
3.34351196758642
3.34798169456614
3.33796532830005
3.33213744152914
3.33637117817554
3.32442725695949
3.32591045128861
3.31836372863439
3.31411935710135
3.31917996145544
3.32724835956386
3.33583864219732
3.32622099058735
3.32597386121944
3.32256440995825
3.32308541696552
3.30922024864598
3.30706649850208
3.30816527509595
3.29285407911364
3.29939584758611
3.31982616364747
3.31453812853853
3.31498995802475
3.31467056894862
3.33630722693903
3.32886455296721
3.31059552886648
3.36175795585671
