5.33722596589218
4.45521771016619
3.79982565897203
3.46931553594839
3.16216500042684
2.74009661022913
2.64635197446121
2.322699344178
2.36242899198472
2.57990335630032
2.85362589493963
2.51056580619306
2.52016908457388
2.6552633274626
2.5798026844057
2.5588333326279
2.55179986072812
2.58984649255486
2.68402738756683
2.64221315097758
2.61705259836685
2.75153800752427
2.69295275921469
2.68769161426968
2.6869818553586
2.65117110222878
2.65368421350461
2.68993138710414
2.65485330076793
2.73553636531667
2.69338212257254
2.71018998881582
2.67746807755375
2.67269534813582
2.63748119901419
2.66856316100972
2.64699540321528
2.64641294381127
2.6766126103751
2.65427236593251
2.72735569441826
2.74555056843295
2.6985895367405
2.67037561921435
2.67599422150341
2.69782259275177
2.68498650256311
2.60098653407738
2.70479158953682
2.65945340635649
2.64772134104971
2.67475370443168
2.62024742314929
2.69931910844884
2.6572522581689
2.76846947254875
2.70168076828773
2.67565211331532
2.64637031368664
2.56411736885697
2.67160956633975
2.57474876782921
2.69738282101029
2.61393913193716
2.6843318275939
2.71357436623072
2.64284123080064
2.57632885995322
2.40454155868049
2.30435089848827
