5.16860431843963
4.23615718746055
3.51967598787359
3.40806456211144
3.05321897240067
2.64911357350877
2.64751055421461
2.2549339068862
2.29971775928001
2.49622597068663
2.6770139375136
2.4464878108031
2.39196101441977
2.44663000402558
2.46309947036911
2.48378628448677
2.45346065874388
2.44033216040635
2.47980685695579
2.52039153699731
2.48819233649822
2.52461545883657
2.47195099541171
2.50062348544205
2.51047478198378
2.48728114253499
2.50643908612598
2.4960447496224
2.49137582649435
2.507530006635
2.54101299830635
2.53788456034417
2.51011090661695
2.47231605377703
2.46018876080225
2.44053324576034
2.46288404673005
2.51760289359701
2.47263352188151
2.49805916486183
2.50985932247585
2.49167185591874
2.50636343597844
2.50116929934808
2.50893267991
2.50441957644058
2.48337440494183
2.46170374103711
2.52802600705493
2.50211942572419
2.46484622579796
2.50938262014688
2.49160925684235
2.52956466385849
2.50876535493466
2.50422364195265
2.50487620995928
2.52052162834059
2.48657255743628
2.47335910185546
2.47749154804237
2.47345969255628
2.5077121467147
2.44316285297663
2.49027872722098
2.44751247712386
2.43374449042467
2.35391002089582
2.23546526531168
2.06082931071425
