4.76455286935211
3.28030231556387
2.46755715881811
2.556895754339
2.4734223582622
2.00581684649672
1.98074238831171
1.6012903004832
1.667957640881
1.93194501500639
2.11667994596202
1.77609771020931
1.73852991153104
1.84724223785011
1.84777741977702
1.86485865243336
1.86281765522444
1.85833017598005
1.93166047849235
1.93965905261177
1.9099926635817
1.95388095867755
1.89922842374146
1.93090966991277
1.97557380547872
1.88380618786534
1.91990926619177
1.92238490053179
1.97181767293247
1.96396309661839
1.92882639469494
2.00218553691059
1.91236883156671
1.87854134506141
1.89730250823118
1.9131538523746
1.90316700318686
1.93313884101216
1.9260551928767
1.95544000690406
1.94431776116739
1.93949553703021
1.96042773803577
1.96871808421623
1.95018009071192
1.93633756149093
1.88784780802749
1.90993030117057
1.95906188475691
1.94393567023001
1.92295448228035
1.94692576188359
1.87266624311627
1.91596644205451
1.92946175655881
1.87447905067087
1.92244473196349
1.92203576528367
1.87983730309496
1.9589623740417
1.93057339927329
1.87435881593163
1.92587507358512
1.82525815189479
1.90235915786143
1.86864365726458
1.8248622249357
1.72279611453728
1.65046147594416
1.59147037595854
