-2e-04
0.9994
1.9936
2.94648226097414
3.67262861736334
4.12879708383961
4.66958825927436
4.73316912972085
5.19781127400372
5.77574370709382
6.11545701736039
6.15061883784351
6.13243357233235
6.12797619047619
6.18520102651839
6.27499462481187
6.16425329587206
6.06528835690968
6.03307052124398
6.01233751927737
5.89191583610188
5.97724737898729
5.85663082437276
5.89181286549708
5.85672316384181
5.81376334317511
5.84536317953403
5.8648275862069
5.87808820133918
5.87601767852989
5.88371548900328
5.90517647058824
5.87488174077578
5.8652566539924
5.89599236641221
5.85837734037446
5.88760250844187
5.96704628059123
5.89405747686313
5.91587185130839
5.89257620452311
5.957478368356
5.91527950310559
5.87637362637363
5.93124215809285
5.90484603735487
5.87341451040081
5.91147959183674
5.94847475006409
5.91304347826087
5.8944099378882
5.93230929445457
5.92902042954426
5.96787783043707
5.93396724775489
5.97501329080276
5.95052152982081
5.96662180349933
5.92276422764228
5.94640415641236
5.93839779005525
5.86373810856184
5.92146746918888
5.85365853658537
5.90711586901763
5.83545173479904
5.8014440433213
5.80528723945094
5.7848751835536
5.80769230769231
