-0.000111111111111111
0.999666666666667
1.99377777777778
2.95567928730512
3.74647887323944
4.26614084507042
4.8735671319941
4.99394424131627
5.43699701080708
5.97435897435897
6.32668067226891
6.36090930396063
6.39658220388922
6.41263057929725
6.48303870043
6.57386705132828
6.49692066175583
6.42570769043859
6.35412844036697
6.33378494888533
6.27913312693498
6.33927680798005
6.26627441161743
6.30547514159849
6.2547432329876
6.18677685950413
6.2213691618682
6.27126495946468
6.23386366576122
6.27963565387118
6.27121529596647
6.29413315754779
6.24353705422246
6.23093304938107
6.24340607845762
6.24902251584198
6.22859078590786
6.27303661358378
6.25581713660005
6.2653930731171
6.26376972045392
6.30866601752678
6.24112384679899
6.22325319836918
6.26586572438163
6.24825821128963
6.23655606407323
6.27395683453237
6.25488493269648
6.26312727272727
6.24191423971901
6.27056054141533
6.26471458148477
6.27504092870963
6.26812135704678
6.28369434416366
6.27323645171057
6.27826882048156
6.27551803530315
6.29531032347934
6.26555173491716
6.21601903251388
6.27907732293697
6.208024275118
6.27713420067724
6.21492248062015
6.18177727784027
6.15935798222987
6.13220058019063
6.12051282051282
6.5
4
4
