6.82592999248014
5.59025615032764
5.73893792758213
5.50295358069236
5.21316121919147
4.61492174900678
4.6247380386708
4.4679210294896
4.39953984262339
4.53521812523703
4.60758940984635
4.57391779993275
4.61810560561746
4.67610947833753
4.67550181123934
4.6476779878025
4.67000175381957
4.69613055708854
4.70798219964745
4.74385531841452
4.77160067269547
4.77616302040047
4.73927195691237
4.70751065131469
4.71655643836985
4.71200452088605
4.62014852962289
4.75321940126451
4.66274906448335
4.67933499612554
4.68449837537004
4.69577475519216
4.63122837404644
4.72945414399997
4.67027486637636
4.64387536273567
4.71017171987628
4.63262576736931
4.65114258892662
4.65113572434399
4.63268247770374
4.65588562085586
4.61030239048506
4.62049594240887
4.63096967619103
4.60197961188861
4.63227740496745
4.55703462434426
4.57365326630055
4.60431622621808
4.63688078925973
4.64552968997641
4.57713147804472
4.61197354366019
4.57613242187869
4.57503207016556
4.56080283480055
4.56361864803605
4.57078867084522
4.5209898870051
4.52044037261394
4.59406078800666
4.58528120924399
4.52588995252024
4.54392784385959
4.60990758618855
4.64957977614058
4.70202430698504
4.90710914414107
5.15385700503133
