4.70478224732633
2.98443584791299
2.40649814158546
2.51094779811222
2.35912488096023
2.10375942310023
2.12709166927966
1.69136057483681
1.73008891952123
1.95676705703119
2.01315566988287
1.81285109124947
1.76601139457087
1.8102389254728
1.82034364366505
1.86048611006978
1.85161029640593
1.8591963294443
1.859598176929
1.87260175141958
1.83999950092236
1.87383118633745
1.87188323755223
1.898988934041
1.9063536439629
1.86569044171184
1.86907602159942
1.8736265191848
1.87064849191049
1.88996228007624
1.89848549735904
1.91139846869357
1.8603937786947
1.88847994575879
1.90691740808076
1.91475355681992
1.86847167768278
1.87003536822894
1.88084546354755
1.87605735943909
1.90430352807719
1.88937420660521
1.87732353905513
1.89766042230746
1.89726039499973
1.90539628514444
1.85394287251574
1.8549257431087
1.86746233165971
1.87414425494152
1.86666521594429
1.90345848649413
1.82840283905128
1.87157594743803
1.91776978909806
1.85089954370414
1.85683870340535
1.83436394042202
1.87734448844771
1.9184405261059
1.87123461939169
1.82704560699552
1.84558273937901
1.81901075424816
1.84826552128738
1.78889693156952
1.75817322300426
1.60529962594867
1.59578641967232
1.52959313407712
2.09721696872608
1.57713276270092
1.27130929678238
2.10818765581538
0.236594899570838
0.380906381588449
