4.72391053558773
3.06701226440251
2.39684966405849
2.50152276557417
2.3797600332913
2.07772513425877
2.13065400131177
1.69716379762682
1.71710760346891
1.95111101877951
2.01647319176076
1.8014127987756
1.75095748594397
1.79802641084171
1.81227885277221
1.84418503179752
1.84050662415308
1.83425103025312
1.85600726809735
1.87404466984843
1.82550682314951
1.87546612316977
1.87104630181534
1.90300008274005
1.88831832232067
1.83515548975069
1.85097354700691
1.85765468008355
1.87666927528892
1.89900555048297
1.8856580810871
1.89601419180121
1.84888805293956
1.8779204913211
1.90036774939153
1.89944816710392
1.84649211049906
1.86610557534496
1.86046536701019
1.85322373012359
1.88415543439404
1.88225586773033
1.87287434715787
1.89660168816165
1.87147352860227
1.89905024897773
1.81771950708356
1.82853756589622
1.85171830137812
1.85587995799286
1.84970112529219
1.86508879598996
1.8211502201563
1.86725702121481
1.87721013466383
1.83638803989592
1.85787005595097
1.8337971223436
1.83729320277013
1.88427881949732
1.85358912640106
1.82681629955147
1.84017132505687
1.79589429087824
1.83046950547434
1.78322174885309
1.75009092449462
1.59424483007839
1.59663597032002
1.53113394419807
3.19580161344409
2.70013348016883
3.37531677837575
