4.95907432714852
3.8587491838608
3.28446028893703
3.32198810854727
2.98354672778911
2.7166438589815
2.72071803141267
2.32779977576569
2.38361945237057
2.55395799359102
2.60047824026835
2.44475593896922
2.40446658318217
2.41781639689179
2.42258365728278
2.4624429264514
2.44767661097271
2.43918129813537
2.43117486002745
2.44973166989824
2.42700962475392
2.46578356027784
2.45526222941008
2.48209062185562
2.47092652506047
2.45046531059775
2.46650749158297
2.47645780368833
2.44537155968476
2.47234272757522
2.48903448653079
2.46847229936734
2.44617392573456
2.45048034186084
2.46244345533836
2.45428505668186
2.4495189471095
2.44537588854973
2.44092721706335
2.4385837611083
2.45902528541741
2.45758297941973
2.43199632066777
2.45240753642491
2.45468464783904
2.47263746984366
2.43218357074801
2.43561259330354
2.42998560413584
2.45386823268157
2.42794808920489
2.46977265352438
2.44109760851034
2.46012023283486
2.46456254175611
2.449860477216
2.44702304408077
2.45417824299397
2.45212458669709
2.46850026527328
2.43584075754334
2.42539821633349
2.42325069364303
2.42553001720705
2.44421090271269
2.40749428334054
2.38204975782046
2.27397678670454
2.1565457827925
2.00945908948293
2.72434834625162
2.25218026297934
1.90729265740646
2.69217450157815
1.22292649805986
1.75030903394658
