3.31886149428223
3.25054359654647
3.42308064519377
3.25778908749818
3.50744058644669
3.38682993503949
3.39142661290199
3.29970624409452
3.14823423121154
3.14449535533444
3.38383018226559
3.41213671242231
3.39587836223299
3.07291814896938
3.1284210870461
3.62473760525124
3.34922282547006
3.71079118526216
3.47333167096999
3.43301902098329
3.43683178029047
3.44215359997786
3.42016530021317
3.31987435296877
3.86586796447394
3.58061436701592
3.39483053135629
3.40357649054964
3.54577962949492
3.34903738825537
3.54426734622201
3.69969835527982
3.46426825071763
3.53629725579428
3.08407173553924
3.46156720904184
3.63162422492249
3.43056689745376
3.34994689350853
3.22913171707359
3.67123504807497
3.44327912300478
3.54108249389339
3.31129898864871
3.64019266975709
3.12046954880273
3.04947882209668
3.42155220004346
3.3012828971075
3.44369809196099
3.30030826208669
3.25021832357731
3.41847278886806
3.36900928775798
3.21952962827958
2.9157398563528
3.36666757087134
3.13674194454154
3.33913204605499
3.32086883368798
3.5742749155122
3.51230329051786
2.92168370228791
3.32973710155995
3.44307615569773
3.38723837239172
3.37831524547918
3.08648147738657
3.26163912086871
3.50496644134874
3.5001563240279
3.61299858403523
3.6013084089384
3.36496145540246
3.44254578380538
3.47513255600173
3.2540273089694
3.36370464936268
3.24638311081808
3.47344380696162
3.30025364368198
3.33935668782571
3.57525777631385
3.61811582270775
3.40109517574703
3.25935658989437
2.33031128061761
3.32869802620352
3.64570929691448
3.16771048777065
3.35409838118616
3.63670440530276
3.53241551237285
3.56608184007035
3.52837074499319
3.42382424766438
3.36680055598138
3.23997541340299
3.30641427072885
3.25685265053859
3.44960999406057
3.44064181653975
3.41535988970005
3.47627701175776
3.49874840966743
3.65459249238272
3.50744628823176
3.3241228462665
3.55763221757156
3.07595597398118
3.33528144670258
3.4169408596139
3.64681291452864
3.37181564028943
3.4853702144048
3.55988538999105
3.55553845332813
3.42003487577769
3.25948768414792
3.24856189948068
3.35914801761658
3.42623942478342
3.41295618688889
3.283774799696
3.69567831030785
3.71393221203046
3.59921008862349
3.05346791413881
3.29166485900518
3.53521620938419
3.08881822620159
3.56276212125653
3.23053368275204
3.36049066572237
3.33365734372444
3.11143602146836
3.41825930047089
3.50900442028187
3.62733037388846
3.45257168226596
3.71024692683926
3.65150230198135
3.58607322785519
3.5785893507253
3.28476791605997
3.2764556911745
3.62084691990657
3.5169825794448
3.67697891892227
3.53483039758817
3.52322600332831
3.24545772839748
3.5855648749702
3.53587960355207
3.37490634802265
3.50730512097458
3.1345413884338
3.1415700310864
3.51840260374606
3.44625468937261
3.59054419516094
3.58000565957404
3.48876371738867
3.96265200105517
3.68184054107035
3.43503727900993
3.47063959408053
3.43067310612237
3.41433253593556
3.29561491696742
3.4757143502337
3.07485857011872
3.24776839651032
3.31652431757131
3.21472700345678
3.42448820778074
3.34198405378266
3.39509795386413
3.32868167642097
3.34740436198351
3.33456829190691
3.50796286365335
3.47206672701518
3.51332191683224
3.17465374418032
3.46778813309525
3.31323469683615
3.60886353781438
3.33099035690078
3.45398787783688
3.67803253465418
3.52035306430915
3.51099024824183
3.34701599457081
3.42964164714154
3.40653360819413
3.422152651004
3.50986205911743
3.60399873803989
3.21359079878458
3.27087901863494
3.54730821860254
3.32977424763033
3.43757160226191
3.11485515100766
3.51838730491625
3.3397129630136
3.73633035758672
2.76555056952115
3.31864317482747
3.32678153638128
3.4884536656342
3.24724520431076
3.03383799832902
3.1371804478492
3.09091476618334
3.41142765857864
3.64296252125766
3.68257893491554
3.54249293311042
3.61201367193347
3.39012437117778
3.50349638715193
3.16093704160417
3.5184210670058
3.59562233857215
3.58714839045674
3.2814405297019
3.37156685029146
3.45118294294936
3.3531660757192
3.71095589474305
3.41939167600719
3.45533933875483
3.35104888252914
3.23360323306465
3.43519705849579
3.41570832440045
3.32343943991175
3.67057491015017
3.46657088577358
3.6059520494027
3.29192565060923
3.63146922311775
3.64114484515047
3.17214363371056
3.21060114844269
2.92377627956458
2.9631963348687
3.51665726396176
3.46420596364154
3.45918728441498
3.45398161703604
3.2014246245715
3.56163353166323
3.54665586731318
3.18521647753932
3.39054245602145
3.61134798377052
3.46859979788356
3.54602765341365
3.50813909249414
3.05183799495827
3.37932383055854
3.68732665644122
3.36290815919294
3.28739776656367
3.41732596862875
3.40223988944405
3.44304784220198
3.53512697864094
3.73287204228006
3.14782501908953
3.37774522205061
3.39178513926108
3.47008855471701
3.49179409679053
3.55569436468272
3.56768693299706
3.79055454411786
3.52648246744223
3.3895902421946
3.50894430236389
3.69103467824232
3.60972273828117
3.81815480828744
3.56429853431098
3.5472323166882
2.66494207838988
3.53242687254754
3.62934734049103
3.50037624907448
3.25336848537688
3.48647603748599
3.59860146677696
3.52465290840908
3.55613864964115
3.47827692213405
3.1073942384496
3.81219559125973
3.3925410512565
3.5782765389992
3.36588022118688
3.0685317252881
3.38732555312825
3.72219821896157
3.58982580457322
3.68311860915962
3.27325201157757
3.45293529621933
3.26257385703123
3.20557521888393
3.44733845383267
3.52623499140776
3.64840496756854
3.39924116259303
3.56553242631725
3.58514331020695
3.40837388937605
3.23355564150794
3.26886913506856
3.84442349820038
3.63020726674329
3.2145001979867
3.4000426590706
3.52413584405401
3.18593620041784
3.43461024869323
3.69786934307856
3.49009166611786
3.51981306678491
3.54513077584467
2.74896015098166
3.22126578342342
3.39611226684115
3.46630027733474
3.43417689628265
3.54840695501514
3.51155541267398
3.79257415252121
3.15221622252398
3.41105532471973
3.1569291671427
3.48143083460856
3.07271681061077
3.71700970833649
3.53857861498859
3.53167485192647
3.48202613251259
3.4397685990513
3.47024337644784
3.37636598807781
3.10561561275016
2.94374980610693
3.48184682318046
3.47102219600462
3.53238799388442
3.83879822018811
3.4137461040201
3.28998593313339
3.49947126292058
3.72843478814547
3.49009597891259
3.35457313375444
3.43297600175137
3.58796497246152
3.75431260090456
3.52839144291657
3.32444267509124
3.45570578647382
3.30697991680781
3.59322714965008
3.37782483505899
2.98510870549976
3.17326519921332
3.58439159055966
3.58152490773851
3.50838791198649
3.3066427448116
3.08402784336289
3.62621182356091
3.26882036861694
3.36386581507872
3.26577481966164
3.11402164194149
3.48252373901722
3.57483943344646
3.46158990759501
3.26302975886155
3.58493525860525
3.27768105669033
3.14083321235679
3.50090194392539
3.38960726459807
3.0681006429655
3.7144641820848
3.5133481935542
3.68030450089054
3.51958626117111
3.24751016506329
3.78419544302988
3.53190607833245
3.64224673344868
3.45036678823656
3.43753135177487
3.13510308021349
3.72343558505331
3.59095393460264
3.60424536122411
3.50199576374623
3.46148160971037
3.53289711444733
3.33641636636967
3.4326131122098
3.53895131033634
3.5647309762359
3.56254119715462
3.49215527057932
3.80831900408963
3.33362441509789
3.44218966971251
3.48633078110857
3.55067749285993
3.48516870378028
3.43330014802595
3.07619457186918
3.40498983768436
3.33858909419353
3.39239440948366
3.49487136590439
3.60167159216741
3.64105517636348
3.32358555171128
3.49471838303162
3.44961479134279
3.45084337211411
3.34960002061044
3.2640256295067
3.34224833697501
3.28253027791593
3.58607275029273
3.58570014287152
3.3170165009219
3.66491184281249
3.10743126637364
3.92787501560045
3.71779208314855
3.54699671297628
3.86634587363486
3.63987030448098
3.59993963178702
3.21239848988075
3.29379822795086
3.24743383386026
3.3910767858744
3.87796291953483
3.37671556335198
3.32825489386229
3.5672325655661
2.69167975034227
3.27983977435739
3.5429782035733
3.39632222935696
3.47621762595693
3.68664666616361
3.16827369118355
3.42428475854667
2.93995962101051
2.9930386868716
3.57908384121509
3.43232849200636
3.50803716092715
3.61235909032734
3.38842650858356
3.58125440195995
3.6776940552537
3.28589093882633
3.34404895960642
3.15813359957197
3.60161594797758
3.45882203559124
3.65985912891264
3.78932930751032
3.6291661236122
3.4882875648294
3.78272612741694
3.65697541477628
3.62325213911866
3.4228586571463
3.39278235266368
3.25732988859097
3.27682045620406
3.10341671498121
3.2862457392666
3.85920707035718
3.81634813939753
3.62877382194439
3.38114560770406
3.26018568453181
3.36642807193773
3.6111427321547
3.34265648587381
3.54525640306292
4.04921182263301
3.2516763981408
3.52035382859279
3.1111499042615
3.47893369838983
3.18574517272296
3.3040285912796
3.37593824562461
3.16781487476632
3.31000819487801
3.54474599804985
3.75124161197716
3.19621704997414
3.47251528247012
3.35255307693221
3.49201015896815
3.67539153758424
3.74854722336318
3.26156558512121
3.55150845849856
3.24822940943321
2.811625971026
3.10321721511096
3.60843350913827
3.20689917515945
3.27589631661185
3.48420280798709
3.30941633939462
3.62477912869889
3.36494263548568
3.57166275330838
3.54854067349546
3.55274777521965
3.28160727381676
3.43516844444439
3.22109569985358
2.92990349988492
3.66136237416017
3.6047859043274
3.74170939129097
3.4000627756011
3.11154133053183
3.43807262699007
3.61253426489918
3.48487688501006
3.43148873494032
3.31801185977599
3.35444836432863
3.47306603480961
3.51447811121902
3.35528437593101
3.40464713768022
3.47939525709052
3.6968112795501
3.4014656744373
3.54462022128836
3.43908361612662
3.31728570355845
3.52765932152726
3.36755429560528
3.75434316985994
3.74562321270396
3.78668079817455
3.18682408695175
3.4854940094725
3.29293077454972
3.21561416182411
3.08892599762058
3.16890488763833
3.45639510090585
3.39863375597884
3.6633659798276
2.98632309728132
3.392796927177
3.23083294196368
3.21310039361726
3.16982071359101
3.57422780205865
3.23716507503112
3.35474153852142
3.50102694251017
3.17623977325342
3.46956741173001
3.88322045991033
3.28943033443097
3.41623314822186
3.59073261305641
3.19275645802887
3.5033853848465
3.4577184191648
3.36779935769224
3.34248667594171
3.51428429817648
3.11248933791217
3.4419836417871
3.43344723665056
2.93624287354219
2.37795798567076
3.20453891940471
2.94638537347919
3.44066736543852
3.44992719514274
3.79733231486165
3.5649566062543
3.49909680315025
3.44155714815817
3.69989684775096
3.71592724099104
3.6199062844231
3.56460427615259
3.59698361965482
3.62459065458134
3.38365606035861
3.46501680004931
3.58351793299044
3.5874222693832
3.38654210541167
3.34591564705685
3.20290159727399
3.1166703767373
3.21477528536556
3.12964419731402
3.55106620304138
3.71206833250167
3.5362255143141
3.69773572669427
3.44986072956994
3.26096533785995
3.11045090387313
3.57003825206824
3.38188182566595
3.64144742052115
3.80360016809969
3.32373565007768
3.20214710757047
3.20888377504963
3.30833760526498
3.55946804248294
3.08372195481569
3.50824217428999
3.69318888778952
3.34066334459411
3.58985352011243
3.49974128111747
3.54528590395413
3.59074943067585
3.5475378283485
3.32557422603321
3.6192387944193
3.6078114057832
3.35414172819665
3.44357077434344
3.46037921822555
3.13705745344954
3.38408078033648
3.41057692020562
3.43244895294051
3.41025895462869
3.33133366310885
3.24942505678559
3.31341458978676
3.33066578044536
3.45404791491601
3.24918399886411
3.09661680004515
3.13195131263146
3.47262766336727
3.37026453933204
3.58362012880833
3.54804883709109
3.52979643094261
3.315460754393
3.53301360673961
3.19124819266001
3.45154250366343
3.20501210724455
3.538906517381
3.39094082501883
3.47395543695581
3.36714887491111
3.55868070551015
3.5485052886392
3.86159927061984
3.35647273129213
3.28374214464746
3.08152527988885
3.5388249875128
3.61683488790826
3.3413498951359
3.30205491746748
3.24099308405506
3.6370064284479
3.48465020143381
3.28698029458411
3.44273286637985
3.42009700383563
3.3549918220504
3.43886631190938
3.28815201502503
3.59632972792269
3.21252976767282
3.5178885991676
3.71181413169002
3.48195867756826
3.59283971878488
3.54411717382808
3.39299608567361
3.5496904137256
3.22882013139481
3.58024399290179
3.31596717468191
3.5234762336447
3.64837102286996
3.46025610991339
3.47027639757257
3.89041014775505
3.90711579361741
3.55583884651492
3.47543665036093
3.60008285612145
3.6224942308465
3.80579903207752
3.68662652386678
3.53486748377337
3.37164183336846
3.28013034995129
3.49668870580014
3.53148662093314
3.50963568625482
3.60924939578267
3.93262940742625
3.50591667607151
3.71648950926121
3.65942937102909
3.49333453582493
2.9712484567998
3.15820080153626
3.49256723040726
3.46121653671033
3.40427933415705
3.55625965415249
3.50536378207567
4.01012297367945
3.60792265380078
3.48894641716468
3.19706269633124
3.62958066858485
3.62554363981364
3.48044981075891
3.5026750507609
3.07153217213314
3.67866954655215
3.39946412757185
2.98423412938738
3.39325840979438
3.54876321993781
3.00293243028277
3.42668004003825
3.49527187747934
3.12696204957724
3.13128382188386
3.67430050508561
3.34549082235792
3.47199757460965
3.53726640319238
2.97336091424188
3.22905784099571
3.57787121735554
2.35178606156578
3.70036870120906
3.25971380092522
3.20247664655164
3.6258055435027
3.48471335350343
3.51992700603383
3.24160276159308
3.30191236162706
3.41199310355729
3.10652238703151
3.25681298536049
3.37176026944326
3.54361265375693
3.39270466477763
3.38128844768607
3.25156704435022
3.01515655351389
3.4487285903881
3.45770214905059
3.44860690517
3.65684813424766
3.99495690708044
3.5360124027008
3.50574858586671
3.37281025578418
3.17697315784358
3.3118206531837
3.23607649162641
3.1730950176
3.67017508209114
3.76705256441707
3.02645109596083
3.29889092119247
3.56338869452823
3.26011569894788
3.37370219329412
3.41178266551365
3.48306927195145
3.3443455954932
3.61046549028242
3.39157784029943
3.5036891541769
3.48643715940879
3.44448083610466
3.43710821839905
3.39441634058275
3.31524526992469
3.3360788118973
3.40968994007529
3.21241262283282
3.27133399872024
3.41227176283845
3.7321532570678
3.46101851501515
3.36938330487047
3.17291537044176
3.94390102738848
3.63744711600581
3.26117758749759
3.48777885739695
3.37761496657774
3.47403577645257
3.68753673918882
3.50334792831531
3.47408643815632
3.41958044858379
3.51951351268649
3.59392081992641
3.59431608595492
3.42354740910209
3.21546219309606
3.3699945933546
3.33776980572512
3.59912894215366
3.68404026144143
3.58006225998293
3.53073251806375
3.28040264893912
3.65416509949092
3.61399601012935
3.61242946000716
3.53445510100124
3.23577147917468
3.50854346467146
3.73493351087291
3.04676163224011
3.04478826955329
3.84113500281198
3.42953765691276
3.1275840298458
3.16020594191822
3.35607554605796
3.5585470374299
3.33422246439324
3.66273537304629
3.46820410385084
3.57676799881347
3.37488275928511
3.48240182414098
3.65293549235888
3.66517532333152
3.67887387545617
3.34923805200832
3.24329728453608
3.50171749500851
3.48462376064129
3.12084849507922
3.14357724032748
3.01165480022466
3.38374908793564
3.64055286485932
3.65095822338386
3.26985289624768
3.18823663206933
3.553682768899
3.44004085427133
3.24761145013912
3.32686474451082
3.34247075336143
3.64170289195877
3.32811898685839
3.38847104320419
3.55588517605153
3.53363918793974
3.46079912864218
3.31838364159068
2.90594702941468
3.33029651669197
3.07610773343061
3.22560542831255
3.12052212544664
3.14741225263477
3.4051992193465
3.58513253590141
3.37227813754849
3.77500667183145
3.3868831404742
3.55489823706809
3.24214488788703
3.41932766704306
3.40497548666781
3.00099461817293
3.24267373506172
3.16429509918074
3.201898608288
3.21992445884591
3.36392639855864
3.60243624933796
3.42920251835997
3.14777525713867
3.64890377200194
3.46983342461331
3.27744959744693
3.37782077041735
3.44441097273925
3.13375864322619
2.80415738574606
3.27530543863999
3.34736484301613
3.27665747510471
3.66701161179459
3.20676160414282
3.06051585180874
3.36455827087784
3.41959513890868
3.44629344253098
3.43008865029735
3.52826133255179
3.65035915964255
3.40269593796933
3.54619660980582
3.40191304787584
3.54157674360279
3.02010023146298
3.35077569902525
3.36485064808612
3.37866562115441
3.50807843199279
3.33620643766169
3.56083784476021
3.13686863592778
3.31828749202239
3.37991403167003
3.38747822105068
3.30435625987808
3.27726396979164
3.64676526490284
3.27021546875139
3.18643265515747
3.78923265579327
3.74305321879121
3.41073953196982
3.27225461909962
3.54405928154292
3.2751640626493
3.30931982845739
3.28759496828249
3.60201875545156
3.2098610785251
3.53891308999947
3.48118225908852
3.15667975002901
3.00329379269935
3.72066926301596
3.48916215026851
3.45640266534632
3.06357870753447
3.39344252050712
3.2318611609226
3.01595957661063
3.11537867353609
3.47203398005152
3.2167194378053
3.43080492969504
3.43229227978813
3.51358020133499
3.36219148448204
3.18692786988121
3.38666438626476
3.38701821644847
3.22577388225937
3.40903151912667
3.22891331290261
3.43700163267212
3.16524849792624
2.98817790656698
3.23770865851379
3.20470700354133
3.12333090335592
3.53540244502917
3.38931683184544
3.72155961361454
3.60333163265294
3.43811968758301
3.23890250855111
3.1961420986647
3.10700769948458
3.43735989973438
3.68786253117615
3.54339989975349
3.32918013160232
2.99778061178486
3.3538004049158
2.50796220949827
3.43603390615562
3.04802195410028
3.15032049541573
3.32024822743002
3.51002247020686
3.71798451952876
3.23133768561324
3.35726409741308
3.35863776533134
3.53605444165982
3.38101131940432
2.94067608369214
3.04622835995938
3.41783326959656
3.24378745359794
3.32111846681316
3.29502139305223
3.07995458110259
3.35176456503452
3.41715724779182
3.37493865844006
3.2350758785285
3.33549523556457
3.42013036279095
3.50394788709442
3.03362308586416
3.40861751070243
3.41459770659019
3.36273787811712
3.00926556507544
2.96425508319228
3.47607123728108
3.07065056832412
2.99549747347946
3.53001593866747
3.64422258210764
3.52185513011152
3.53360704719144
3.31581624565337
3.14631922142832
3.3009662635685
2.58373092793833
3.2788168165449
3.43960675513446
3.52372167670987
3.17790058272873
2.99696401507768
3.523836848745
3.03439250376303
3.10229907102094
3.38488042775917
3.41304644247884
3.38531647425096
3.6088993543183
3.51819151118
3.44048006182524
3.23732082737564
3.59722595826858
3.23195198298596
3.21493952087093
2.8978658052146
2.99608305111262
3.33140611415179
3.43114889079918
3.18306113479779
3.49385344427282
3.55667703700388
3.70445068739799
2.46367133749228
3.41307324195018
3.33493993209894
3.47398819738567
3.43541544017806
3.2375709355675
3.4034891922586
3.29228024302668
3.09504934765171
3.53136149257968
3.47960285094391
3.51812761517575
3.42029013818486
3.53347203421844
3.46033379617936
3.67567930242639
3.28234334979906
3.47840003825221
3.49622022501254
3.53835548400375
3.4914780493424
3.41423012406004
3.4121888976996
3.19641551604568
3.36579310784427
3.22784489235167
3.36098306845995
3.23781091060215
3.68347472767391
3.76201553972969
3.08191605031719
3.08961088616945
3.55676452756699
3.26187083657275
3.32872840358558
3.60385639010359
3.7232702340213
3.70782985045011
3.6206597606954
3.35836421863852
3.36042513715961
3.47295961853207
3.69849502784654
3.38437338769679
3.67710028745684
3.62219622657895
3.56720910588944
3.30006110620569
3.13247821665514
3.27169114799769
3.07944435380621
3.20082602242322
3.37987327650918
3.45016936664471
3.38522744273725
3.82385890409383
3.65512476648175
3.51485243320375
3.57198753101702
3.37186062976001
3.26127205848792
3.27977649547762
3.25430506565398
3.34522211718041
3.56654169244051
3.39771000451886
3.51584522407346
3.47220470182796
3.41198851578347
3.51301170953644
3.79846266019379
3.63542281495239
3.78674565880702
3.50383903446746
3.31278288760313
3.60782014851818
3.65324215932641
3.26292748391836
3.5321052192871
3.54771139338775
3.42251677569546
3.1506434646621
3.62557010991815
3.51308514458014
3.19775441621369
3.60297348751276
3.39960190983507
3.96951684896784
3.65128419570486
3.76670849908353
3.38585720239889
3.57979989832168
3.31545772779382
3.18072861228421
3.14439548318617
3.45745807517055
3.37208769847589
3.52161480813506
3.39930413152261
3.58412730694401
3.56869136159182
3.52772205438009
3.6125188653189
3.22482960761678
3.37829863715843
3.26151880559307
3.46939277834382
3.40980799214933
3.43403315181101
3.67574591134805
3.50817411123038
3.08388194248918
3.3238574279282
3.37440530942746
3.58926449790702
3.44937061509142
3.51197666925223
3.53569771280762
3.44882563194306
3.76548793180887
3.64450085883476
3.62043318210788
3.53987277518982
3.64475829683211
3.5351558565814
3.47392010841719
3.54985238727432
3.32407337158657
3.45201538246386
3.49453532175377
3.50272555054893
3.35033930427767
3.33510309633872
3.74222073042236
3.58329151800432
3.51081965295375
3.43473776721816
3.44964838459638
2.80086586645451
3.06689294150798
3.50991152411996
3.18266168410665
3.5185063124324
3.26728735206147
3.36418983957953
3.59931645284999
3.50050389779436
3.34506201045924
3.56920403810319
3.47462889115038
3.47596160062118
3.31979954755191
3.77831383789719
3.6233964211255
3.6260644251457
3.48966839985916
3.60854881012304
3.59360181383188
3.68630250231783
3.73433101768005
3.38785300341335
3.27019623170458
3.50874052388633
3.43078420928753
3.20947308513217
3.34332500065767
3.23858149695279
3.38590442422797
3.6407324451673
3.46434903504244
3.62453481727597
3.41769886045176
3.08544674319678
3.13262835230994
3.28556989610191
3.21684364895053
3.24662203276934
3.17343394959911
3.38404133223684
3.17567230372368
2.86937192445756
3.39258855489914
3.23152459301854
3.15940381154421
3.07584385771917
3.48261259159084
3.28965154407721
3.49061039624427
3.49911498676911
3.55203871432031
3.22845270511187
3.0938710227911
3.10048566791787
3.8509868867764
3.50639511084147
3.67755462122187
3.48362037645989
3.7398379082746
3.25137915631876
3.53150013468759
3.06804546738812
3.13369998474142
3.1111193804811
3.44990328031005
3.40987072373701
3.1723945007333
3.31476001884047
3.33264454621355
3.08590218458514
3.35693866397004
3.30138161878965
3.2254631627374
3.26519407628377
3.08491524430639
3.17222783494633
3.39625510055925
3.37845557217898
3.61892194049144
3.31754927555469
3.71883668424031
3.47711394870638
3.40959578046914
3.44856268411832
3.34344085123382
3.5283872473284
3.47342740099003
3.36460958028465
3.4756770224815
3.31579583475042
3.26444631971064
3.56003214738285
3.39726658630512
3.35817640528646
3.4766516553888
3.63314041325584
3.44719488300341
3.50669504004706
3.57340730708746
3.369751339403
3.36195926563504
3.2899401074609
3.58987444227662
3.45082348717774
3.36986444601283
3.27552220926693
3.41318227180621
3.36987876647926
3.40108351816123
3.36240377380862
3.31621369313202
3.46642864096303
3.3608527937948
3.35358377803865
3.34930278490155
3.36358676146461
3.66627580734565
3.23360597201432
3.0972284360122
3.62428049548312
3.29646921543174
3.15998778097912
3.29341807321962
3.59580960501598
3.4583606283426
3.26192657936033
3.19204745686898
3.34772650782476
3.44944891253381
3.2112706653133
3.41795832083093
3.53203915616765
3.3483783490148
3.87881951961796
3.2281770889375
3.07928645177234
3.43968026611797
3.20678786046266
3.09015412590083
3.05742183659937
3.6636476768477
3.5212615412866
3.14038956365903
3.46161970175735
3.47645220609819
3.67823514543432
3.29161450116384
3.46806961766111
3.40321764542279
3.37200725553488
3.31182903629257
3.26566978059607
3.48002757245305
3.25803734252174
3.21934042760959
3.49447929912197
3.60576161167049
3.17152727258678
3.89393711059413
3.4433306999131
3.6340154232541
3.38099445117028
3.32698225472495
3.37712403500441
3.5708074798008
3.51761055856602
3.5086237900019
3.43471386871558
3.16805313629017
3.48721375715898
3.62106647792505
3.52227967569558
3.55562834511972
3.59387662120646
3.1780108578453
3.734280333894
3.53805852045788
3.43242249639236
2.94933312780467
4.26781960926177
3.45129513017434
3.46057795573496
3.52521699311531
3.4049419570097
3.416009283821
3.29854977442412
3.18024188600819
3.41266694203088
3.49145915818067
4.17886369419419
3.69810528543766
2.98806507433801
3.53731582376116
3.66220151696466
3.05342521260546
3.14748822553502
3.40833102773621
3.70819835703962
3.50605210513515
3.48745882870684
3.29869856506477
3.4595776522057
3.29116140381455
3.72144576051557
3.66035420420058
3.26099679349039
3.62224273222293
3.70021829053819
3.39898514282576
3.33289266397311
3.70097761266094
3.58290060148114
3.06170756719328
3.16136735623753
3.35403324902266
3.4774907973317
3.25587090064359
3.43618213935086
3.19716625517396
3.32594625499912
3.0817463773901
3.07675277873846
3.5266525340729
3.58633316094026
3.20895017685357
2.98622697823547
3.39385819735967
3.45705353131004
3.59594868734326
3.55675015292955
3.25765371551208
3.42582412812289
3.43044949257635
3.31394173010226
3.7506989425959
3.38722826374852
3.63141588193585
3.66474698609346
3.4978527566787
3.41380270111467
3.39337884817818
3.40757382281574
3.32148427330451
3.57982967775992
3.41720844500796
3.31044047290224
3.39774865458339
3.4353364017722
3.53791252187844
3.36468395899891
3.49728456905341
3.69351802243083
3.55094104116732
3.26842907587115
3.47183236291628
3.35762901238356
3.00740609759628
3.08072799410891
3.0507634713802
3.55574347050876
3.44457589952788
3.25748586063297
3.55770767313715
3.14417587369819
3.55203197120529
3.62186058406139
3.52471819259388
3.58724822577923
3.51723644539288
3.4403794336657
3.4629008319025
3.32482159318711
3.30414790136124
3.4497205173858
3.34524245238283
3.43243312423969
3.70338603967654
3.64753862283066
3.39105298443454
3.28603396232901
3.5817887322711
4.0379947336738
3.2535023499116
3.49204590003873
2.99749138980458
3.37388094800908
3.32536815887826
3.21570813251993
3.12611208567337
3.20337283584663
3.11576476573256
3.29764372052435
2.83959890042043
2.8363141025307
3.13584900598693
3.25870835561662
3.02900921867476
3.34992807180539
3.49527362842975
3.35810263448912
3.54787083722016
3.32116440226962
3.43838209195995
3.35555815446237
3.22994816654222
3.45451438060121
3.57638633537456
3.50585036439153
3.48826024324717
3.48625992364078
3.65582006915404
3.58268774746147
3.53891368807089
3.4832047702715
3.71280991510448
3.69702837651302
3.32164330096553
3.71931542822581
3.39859252206686
3.538320154198
3.19536701096127
2.94571551758342
3.25159697036938
3.35731157000218
3.62602340171536
3.08758498418558
3.38950071915993
3.69665341057263
3.22713977599658
2.92810987447471
3.6229530549955
3.15409423374547
3.64707359825908
3.39597281573287
3.29024164643312
3.37382099777017
3.26554650228383
3.50914949013235
3.39980292998355
3.10482362251074
3.39903294433999
3.44524484805411
3.33155637458748
3.12392261260735
3.10814728532634
3.15968463327625
3.55982614697729
3.52068653181337
2.76303058938516
3.38780295989364
3.45690206518397
3.35767194419593
3.89344237253345
3.33615416077539
3.58151706092924
3.60972731537621
3.40582515116659
3.33813773733836
3.60981790058177
3.40889336194935
3.40437086470929
3.36790455937523
3.38415782513887
3.40706263149507
3.48796126909769
3.62878185799251
3.85602890591899
3.3015460184507
3.39345501877164
3.48799367486846
3.58026169652101
3.35306970106093
3.51264144758157
3.30419365515129
3.00108755833176
3.30382715699305
3.66102435351519
3.78370345991253
3.66083436637481
3.78141261154602
3.62890967180738
3.45748633970776
3.57475538637172
3.72659316997848
2.40221040943007
3.25345242567998
3.21184616846873
3.42336818263799
3.46428755984852
3.24670499790649
3.43844688721488
3.44619240389978
3.31685620730146
3.79524757767006
3.34508537238351
3.38015849645123
3.14219579579692
3.23368653528968
3.33798650087773
3.61098577829217
3.12461863872981
3.36808640727402
3.38504090024448
3.39635106683386
3.39567196710792
3.71854799988854
3.51730078262313
3.5116181879212
3.65054600901453
3.38329445279753
3.00178114027104
3.38688198096356
3.32189680770914
3.60402639092778
3.56871106098425
3.43565608316081
3.67561627767859
3.653848523001
3.58781052220968
3.22359279881791
3.45961462728353
3.41297746682498
3.86743245033731
3.38471399748167
3.5106964571274
3.68743018368367
3.71777414594378
3.23799938360531
3.3861280373875
3.03297828820389
3.38073495129532
3.27323260362832
3.15869118650602
3.4881511642549
3.26693987110871
3.38284239496869
3.52715001559652
3.2854515426443
3.36481017246109
3.58054466675387
3.25380744456311
3.20091126897573
3.45786833179389
3.51180034463746
3.68623728886487
3.40257574645661
3.38303698059622
3.17715765374019
3.3859894755168
3.29529374235463
3.41402159372724
3.1588806478874
3.56329201675891
3.37362229348596
3.69977356704167
3.4956988968758
3.75598782421748
3.07561496821006
3.26558860147672
3.26982886891478
3.36865066738295
3.5149574967234
3.57037028457933
3.58239439231612
3.3505351831876
3.41380692974985
2.90785926703465
3.06850804053536
3.49376133728128
3.46480413831959
3.76506756015062
3.31490150047478
3.41952694644969
3.31963533874533
3.34200281576901
3.28796071986629
3.37318403070046
3.18876106085295
3.28465648976604
3.17103446663857
3.7106926686128
3.50262685300955
3.55141404056771
3.52609854849266
3.47873914456066
2.6653909390869
3.35900528249432
3.44186407358115
3.45861212716763
3.55923800273648
3.62852640598484
3.01512986181534
3.53681779699871
3.95701609100093
3.90863518649657
3.55888048427789
2.71308694713183
2.68723244016439
3.26581508085113
3.58761866259252
3.61048368511344
3.36270988103508
3.18122572437902
3.50891530958187
3.45324337867334
3.29211995420532
3.82994267637289
3.61694114427223
3.08312795942116
3.21767341361564
3.33690600442337
3.59932632323697
3.49560750528231
3.26054398634476
3.18805448484371
3.45199755057555
3.24811500018615
3.36876455530982
3.55097528985744
3.46052966565216
3.33553896347439
3.47131854392349
2.92304484520143
3.19217012294664
3.42651711262181
3.05793985300226
3.14728908741113
3.10882027834546
3.50610005568228
3.47196820977256
3.2046079669428
3.30978868790093
3.20072036640194
3.24951225558923
3.58993647723799
3.10106392556739
3.43113168284985
3.36014166100275
3.10131901118929
3.03436911598795
3.33710138739041
3.35039731104506
3.69689280290067
3.2373922929873
3.45692249539432
3.40511109572258
3.03515727642658
3.07696200700559
3.41013197165291
3.01228741376374
3.32920187456523
3.48523585313021
2.96045349008707
3.06670960322054
3.32330323604721
3.48893117535944
3.22617453151209
3.11474007756827
3.49698127449803
3.22125791567205
3.16753384979445
3.58655990956904
3.55291751880493
3.17973215377055
3.5887254117948
4.0967029157914
3.52865875513907
3.33112556612261
3.50551873541782
3.27536879180996
2.90892110093178
3.28509966142109
3.36683063636533
2.95245746088111
3.01304730869351
3.54313018777785
3.26946345271498
3.39825149731712
2.6661148526674
3.46611128665015
3.35500357273698
3.26401213636695
3.27743994713107
3.34726495866768
3.22730507927847
2.97714926747397
3.21476517954039
3.21443844690787
3.29986945915037
3.35440710672663
3.40841196377269
3.57483797873093
3.30075460427208
3.49232463493954
3.7215621636862
3.91756943262804
3.25880056560904
3.40692272137093
3.33522746929917
3.58618785155054
3.3165549836754
3.29851439713103
3.37609365286459
3.52350614139947
3.47133143495846
3.47068691708199
3.59349482018045
3.18352929374619
3.46254542861164
3.55780667052505
3.63433229912425
3.33661197346663
3.35485098093658
3.53099806388982
3.50225425878908
3.46946884237357
2.93775698308293
3.54197856234267
3.61486111529524
3.53505189407386
3.63651221224078
3.42953878385227
2.84853657412085
3.24661456236967
3.43192353055031
3.65919950260704
3.51715238527741
3.26793335060434
3.48354051443722
3.19346350046234
3.37652214291014
3.49008104510366
3.41025933086192
3.13556396013134
3.53667135262399
2.95723010500962
2.90638868511206
3.72532661968592
3.43014092673782
3.45979032439693
3.12075279544363
3.4111553935646
3.11114151170673
3.25088038256296
3.34061995241297
3.37375924570427
3.37363084667441
3.44920568093875
3.66156146736432
3.71855587823011
3.5911544581015
3.08820289244261
3.24247104581038
3.26410794529173
2.87734465946419
3.21912979454319
2.87862650343297
3.00299760461072
3.24669385251762
3.35969652223494
3.7048999794327
3.6039652385794
3.61213372232626
2.95544556469608
3.40257488525747
3.4547822774489
3.7552119073296
3.51275368862956
3.33984889425978
3.55240120741052
3.44835879278104
3.56310881708797
3.29511910511059
3.34113767245763
3.69011082191084
3.44426962913301
3.37363966617912
3.26519290399678
3.33288031213242
3.45615020968962
3.61222263542422
3.51782215345354
3.18327754426054
3.53766262299009
3.52641961516738
3.1120539300246
3.13797516090602
3.23030979329442
3.3302857865527
3.72059179855408
3.53298604344177
3.59910991955319
3.63867646898873
3.4973338325294
2.8599148784943
3.4827239183869
3.65083247765423
3.50696905406184
3.50823236203404
3.60824447575954
3.46104415983737
3.42868743476249
3.61864285279032
3.28196771883835
3.18901835498982
3.4260234372244
3.40378924073973
3.53287651582267
3.28220146310555
3.48263097403454
3.69373019038093
3.68061448343941
3.40073179864181
3.32234817175894
3.27547079776548
3.17867807401981
3.38736934863193
3.43050992128321
3.40899664778131
3.34209270798241
3.3883059586516
3.48513249373861
3.51812960324147
3.56773193213133
3.45206775758873
2.85638555219723
3.57987369500889
3.47827841140797
3.15163014563651
3.46986828414455
3.23588021807151
3.38685486739048
3.22153919089098
3.42739870491666
3.4940493238823
3.60583812700256
2.54481759258392
3.36560469684971
3.42584290998849
3.38199682008288
3.39125604944024
3.40787673470635
3.52910246852364
3.44765786770263
3.68008752954745
3.20078412331778
3.63738591160333
3.43632396402032
3.45281179534828
3.57081314390152
3.56032766727767
3.48308094371218
3.22970422181939
3.73311345316283
3.44158253148398
3.14854101599137
3.61707416167852
3.15708326149071
3.25401721173711
3.3191639231684
3.45075375186465
3.44925021155675
3.61741748785732
3.45288906180609
3.07090061301467
3.28997927084724
3.41213614733087
3.42431926362927
3.36069471415635
3.22710038126033
3.34012412581331
2.53321294000837
3.78651025835912
3.07691008657258
3.12823942270941
3.41324048286495
2.97125790862852
3.09083593946277
3.40742758045945
3.55614067850319
3.67636586513398
3.33376254909919
3.53195258354311
3.35917433006749
3.1081170414299
3.37231360541244
3.48287322998464
3.48128714699804
3.61712734548283
2.85414570373909
3.36862605335292
3.60020048016596
3.28273335179081
3.94075785128876
3.39617254313181
3.14238806990404
3.1548594944409
3.0582967841939
3.74313890379229
3.321040205348
3.5023483664115
2.98957269842839
3.4892123892978
3.42410557208469
3.60060791990906
3.37576405696356
3.45263635904848
2.79640676614488
3.29326366809547
3.32901147862785
3.25392182542267
3.55717178695009
3.43675305582549
2.61641415887271
3.3409119969864
3.59078939177512
3.39542294324026
3.31139629244621
3.4677949577538
3.32940821892435
3.36021567208257
3.61562632372305
3.64471728716016
3.68084526573057
3.41522132156329
3.51791735730463
3.22228454315101
3.26051311982064
3.43553573887257
2.86925896445048
3.00696038694563
3.02873084486289
2.80545822958831
2.99244894921126
3.40933585082466
3.33089370114613
3.04140809928226
3.38191477014091
3.23454534155282
3.00075625426722
3.08948795739158
3.64079362351794
3.60319458443716
3.3115853071957
3.5357278538084
3.24472520002475
3.37889360536235
3.27826712879962
3.36457517101334
3.13845112763895
3.42084983192126
3.61544755261457
3.51902522011885
3.45596684102943
3.48477658088971
3.51708367325844
3.24074178454302
3.76077538145452
3.57899083600288
3.39594997497769
3.65967372798449
3.18835065407772
3.44858944961067
3.33721478667197
3.70422598743991
3.54682598198933
3.08031328614761
3.38232803482228
3.51975654233762
3.63839333153768
3.3608691855376
3.35777141916527
3.28683855312984
3.3040921973333
3.36857612460793
3.30977934708009
3.15808081662956
3.46924476500075
3.19724701856652
3.28040239722222
3.01336865294819
3.45982408381772
3.32497896310943
3.55064659733176
3.60924230743835
3.12487535975033
3.32126319934479
3.13967606140783
3.37201805061476
3.34286889726651
3.69226890323129
3.46125963410217
3.08546162955696
3.53734507138867
3.34690772576134
3.26367871387484
3.35237904115717
3.42045631596287
3.50614611915214
3.35826354737109
3.51456516663455
3.28362732301815
3.3843198032303
3.50119335035017
3.40107178081173
3.2909347598358
3.76390137324934
3.23276158834121
3.53800334983721
3.49535811515755
3.52459305399327
3.34985995335721
3.16578782426783
3.2172705086691
3.39239401461529
3.6498760060268
3.32772749246617
3.02680235003254
3.30624208789947
3.07130609284207
2.95715832848689
3.22514001132231
3.5775196272842
3.30881004196577
3.55546911950172
2.95459939845319
3.29627235291101
3.44557778582723
3.53844457883844
3.4699456061794
3.36679531219165
3.54065955771038
2.65277785470733
3.64773206759388
3.77894003922832
3.63982788732315
3.31434328086435
3.33701459480988
3.50710593687073
3.24867801760328
3.23494896054117
3.37526986130799
3.35860315196974
3.40789050380502
3.36680562547623
3.50375516133679
3.68309179203533
3.56951924446819
3.30389073378028
3.53702916684179
3.35863908021145
3.58999634664986
3.55039255777637
3.4016562370454
3.58177229311898
3.2134358487201
3.01733871924154
3.39352668727638
3.32166728211276
3.43485123764805
3.54971800607344
3.30544364119139
3.19081642172195
3.56936118845043
3.52437396001851
3.54930857133979
3.37477906727206
3.52274979192595
2.9195289655935
3.68516642215962
3.58156456259245
3.51822096872741
3.39698682640906
3.58705872965517
3.49205157887348
3.10654788355199
3.39491341209442
3.28300401144331
3.09556345042361
2.77884253170488
3.37677128090264
3.66633405411893
3.36080885512226
3.47235821225117
3.30810858549876
3.52020948251686
3.33927186447557
3.46967244586169
3.27645790838018
3.36129102642686
3.44402376161967
3.43261429120832
3.32245940079201
3.65462114378324
3.47034497625273
3.18460127163075
3.458307984135
3.15512429370602
3.5434624751938
3.69604388552366
3.397855736285
3.36517863165007
3.3645383081069
3.56738242303628
3.30035053926873
3.39233105783317
3.42813659488937
3.63705040512833
3.45385232779873
3.27667741647832
3.37466456566663
3.32083778142233
3.16313316266995
3.40913854278359
3.37496948397487
3.33392791404062
3.70740398537331
3.47005978486266
3.29491256388064
3.3925157563212
3.56876016935047
3.32669771496868
3.42346770326793
3.13855522339039
3.84818653038105
3.4680527844746
3.64687714087414
3.09409985088239
3.570617621822
3.54545925323472
3.38657199930295
3.46942800350688
3.4045673957231
3.45725040263038
3.37178528499007
3.66029722145131
3.54539611090765
3.40734614052606
3.58837717570587
3.73244353476523
3.25630615888777
3.4673683825371
3.59138064389745
3.46485770945843
3.71860501228182
3.64986656472909
3.17836910473733
3.43771544513401
3.38381182644902
3.35821441068895
3.60863098698965
3.32346354162583
3.41689755657608
3.37360372006447
3.50623488909465
3.54685384502605
3.60469224961923
3.51293993614118
3.20751446092017
3.55219528975978
3.60338613393077
2.86954123703656
3.33668962842913
3.09404272043801
3.2285655665591
3.22071716201274
3.67364359696521
3.25939301465657
3.11464857212247
3.68169439706742
3.40627542623692
3.36603133908816
3.39772259076298
3.46305474878986
3.34417208837529
3.08678738784844
3.32745394001067
3.53757498114399
3.45086771781813
2.9519599917862
3.35363179686216
3.57444983792268
3.46754475327436
3.66365890124195
3.46766169068681
3.41169037876048
3.4677807121063
3.44791111365
3.45104054534662
3.60175557576949
3.45091997137906
3.45912053829175
3.67766763968652
3.12897952386328
3.46763238164238
3.48393597657532
3.51654947111085
3.09423223994632
3.41514031082089
3.00409404249517
3.46640079073918
3.28578031518934
3.64184369367001
3.34665107419541
3.40500764768825
3.33754886075091
3.35063535939587
3.31419864905388
3.31598970800394
3.57468223435047
3.47360624339449
3.29607046947391
3.37157489347777
3.19840185464386
3.29581808573728
3.65698170343647
3.27907673156552
3.52531559547014
3.53387165425514
3.50141258298908
3.60952146726661
3.5684271757645
3.35200422308118
3.36130924730663
3.36958181274302
3.44720646507377
3.77947797444035
3.28214010801694
3.28392710011996
3.16771347649229
3.41031872773488
3.16481109483473
3.44132809479659
3.72568023641245
3.24411446591406
3.5728820667484
3.4578419830316
3.53932215934019
3.69115193454527
3.47724713433824
3.64290073872292
3.33328100956645
3.43545795142625
3.46331613001704
3.37440545396007
3.41383576911455
3.38466958618717
3.24730061991532
3.37038549347992
3.6806246079233
3.54544087006821
3.49622702108293
3.44485624913152
3.21924438709484
3.533990226172
3.44104567415723
3.32480615400917
3.27819226047059
3.20135594947628
3.29060156779788
3.03256721480286
3.5985187864
3.7427992073475
3.61569129882134
3.40425390448446
3.69808387703076
3.4857665922923
3.30087903370304
3.27273229930197
3.53721515639915
3.23424326418546
3.40390339709955
3.25018292583834
3.30099084605195
3.56460542773656
3.92228258391401
3.74264847148138
3.39750457018119
3.61261416284154
3.46353874410381
3.49803077577558
3.59797758461746
3.267817536856
3.54021908869409
3.30455308575275
3.08385688522369
3.36728601350233
3.23755236344693
3.59167382224652
3.49674407258677
3.22032585894209
3.30337341095872
3.55414525050738
3.42251428638798
3.42551923312283
3.42424535349745
3.5368155661544
3.72569882773722
3.87658171196013
3.58284346795124
3.07756785359343
3.47113684499108
3.3589401066893
3.22643379335775
3.26826947956952
3.30209304078372
3.41028730514391
3.57609295558232
3.57554932466828
3.67049404652797
3.36281237117857
3.22370942421218
3.47475049628254
3.05185808837736
3.25836475588824
3.11791504598731
3.246641865479
3.4097874346377
3.09068210037002
3.46782103524213
3.263077501457
3.35286600507853
3.48558335740377
3.49959187028188
3.62143369565069
3.45791303148169
3.67379056439019
3.62961902753317
3.35580943401945
3.37849257692177
2.78853743926168
3.27806581549689
3.13414682369611
3.49822184429009
3.6613337789876
3.44744121471831
3.53243168134457
3.44739976442325
3.29819659356518
3.27239754638495
3.45321574980678
3.60177156408082
2.9889433745704
3.48047827269241
3.481611048601
3.85167072591753
3.21977662949047
3.49100796319216
3.60466349090289
3.51753924713126
3.23241604565399
3.370460845404
3.37636272104152
3.58881994263048
3.21343710439323
3.50841648182175
3.08667080620088
3.52438420645091
3.39900623009006
3.27847419478128
3.764553178756
3.60226335966914
3.51203715933161
3.15969440319424
3.17772444329028
3.52662157036766
3.7469315641815
3.45732031477423
3.52278194250934
3.56742972311177
3.19197241760744
3.32434016409659
3.27502073079986
3.51107815547315
3.59541589187357
3.43126180087895
3.33341327312586
3.45485896849574
3.38304977047651
3.58019364801564
3.38906419957205
3.38285747034045
3.50152702116846
3.36844975585114
3.54953533518582
3.43464539775318
3.53501371910616
3.28075726046843
3.09225032211302
3.5065485405419
3.40504111380423
3.56180653191277
3.35112603272201
3.27357292616266
3.47870675823455
3.57521967058215
3.41128654038047
3.59370537499926
3.48677532029096
3.32032503676057
3.39660928632101
3.27534921940055
3.52859247414773
3.45315739823874
3.26072631847176
3.50994641912263
3.3203120263418
3.53308743274039
3.48275210090365
3.52751235482423
3.31846501799681
3.32616342189206
3.33862689293411
3.06045253225582
3.4654577003388
2.96192251323987
3.32637310424537
3.10782047983454
3.38964206046028
3.26143339563983
3.50525034723346
3.35884184723542
3.21399658658128
3.58770004747231
3.55489195552745
3.26594760457115
3.54953722821001
3.37319550593184
3.34322391981094
3.36778609895676
3.37749014141075
3.09892296576342
3.49036890139772
3.14564503060208
3.51101108829866
3.39718317448396
3.16202376690767
3.61928021310567
3.38753285488794
3.38848897400075
3.3597185793921
3.43172999391554
3.43144575660898
3.31892593446131
3.42864664162713
3.28579953801211
3.55512409400025
3.66028559200788
3.43986333525465
3.07714162866603
3.44426554376605
3.47794077596894
3.40098177529122
3.44404726494271
3.44124386733943
3.47017731084977
3.66502991840141
3.3558011617414
3.59273432482803
3.1566521439434
3.47015496613797
3.30034092508137
3.50049788882041
3.51650644251048
3.62055035629162
3.35776483330666
3.2447928941763
3.54733070045193
3.60980318702214
3.66639952240208
3.37193182745254
3.20578163717012
3.20652799753337
3.0714264466674
3.49038773991735
3.47434541019886
3.48761983438301
3.63900593156139
3.22853905816911
3.28159242957927
3.64362531371074
3.15804882198185
3.74022984123852
3.43838101158048
3.59493148490571
3.49975688382875
3.52023205470052
3.36489469130946
3.23298020468732
3.36607369377163
3.39857054801894
3.48083050993769
3.30487612632226
3.42880336959188
3.49386401004658
3.49408633585198
3.2803146839256
3.37883239559802
3.54135852151902
3.43967195641954
3.41232646329979
3.1443050560593
3.31094266974409
3.36711542211455
3.39193183086999
3.15700367309729
3.25200280295692
3.45559022254711
3.40854705828227
3.19642417607797
3.4950271216955
3.62293597130027
3.22247609202728
3.27918175795849
3.48577340292074
3.4858008652366
3.48539805634538
3.37417601533547
3.45654857574428
3.14827339167756
3.37319702904396
3.41557858834287
3.64360754873809
3.52729010934972
3.64649948832731
3.67747932030671
3.53379215787941
3.38541890468246
3.37211399311591
3.44495921639274
3.46963845543423
3.57126103056663
3.27928135326978
3.40520270578767
3.03209480851224
3.47915279755437
3.33731353002946
3.53830638189072
3.36617363868561
3.23738825706787
3.35657335771897
3.47359020098374
3.56723248950141
3.45176069317576
3.49938035432398
3.34911726596671
3.58643996662266
3.57356294649686
3.24843025810848
3.36110803763591
3.3423489838743
2.46854443539232
3.5927995604339
3.31405049827048
3.69051298214714
3.41961260159795
3.3467707677135
3.56587981402817
3.34141143665055
3.30319539131198
3.0213895843217
3.52206221338395
3.60450264475339
3.58943337403644
3.33931350628192
3.40728568057212
3.89664545608018
3.62222852597355
3.81556308528172
3.61440639268036
3.6835216740524
3.46384669779328
3.55940985930725
3.29817134905918
3.31256735240915
3.28585044003518
3.43120322990882
3.63108631986821
3.59826049779086
3.60989467914353
3.57508233039362
3.17141999332541
3.38977843499966
3.27443501735803
3.4026314690617
3.5252745189008
3.5459896573734
3.50450586750722
3.29963487560116
3.24475632498188
3.2828067730616
3.80619329240055
3.73838683062147
3.83858091248782
3.44079753646674
3.26723525481352
3.18946383619448
3.78648601384133
3.3141048316613
3.53267777981373
3.4676595002959
3.70323980109763
3.45592252885575
3.53431727285239
3.57431124673688
3.27113445241862
3.51652165311903
3.43526825746481
3.47844678762648
3.47432671737574
3.56391504883603
3.5101504107473
3.49641286831698
3.55073827310761
3.38927498373324
3.34638410820762
3.70850622110084
3.4164088339429
3.43089519413498
3.51975806175126
3.55137813748083
3.32643415689129
3.30525589149473
3.23368494122563
3.61018414766809
3.30975689940544
3.36093595757668
3.1228154861883
3.52136961032678
3.74079408716166
3.30114061019744
3.54040563053797
3.22213217299972
3.22906573885262
3.51825706285235
3.4494123377127
3.56430505177733
3.16221406751505
3.36147825817656
3.42079050121402
3.45121017197131
3.13698313822606
3.07347290623984
3.14507491577855
3.38016045384891
3.24900669198068
3.31548281834934
2.97773672795721
3.48478057244013
3.45973593955465
3.41077115835131
3.50411606849299
3.59050678688304
3.50745933638263
3.42049409990118
3.55036820899509
3.28964561501899
3.30949573481587
3.4623509354429
3.35075811438297
3.42333697729027
3.53826680055826
3.52542394013707
3.60818317418197
3.56144769654616
3.4820831903666
3.28977508003456
3.18149860641227
3.67770970988429
3.37737457702011
3.53672017077765
3.40014313585626
3.4489703577279
3.12835126731543
3.4464925701048
3.2070636545677
3.54991942680482
3.31999221364883
3.55440831540944
3.33941536882179
3.49741884253306
3.41694945276694
3.78158319836431
3.42928223334941
3.54350817348506
3.50435126440595
3.53690374263673
3.32654492424358
3.68596597017442
3.40107401791927
3.46120028265584
3.29948048053831
3.48810447033751
3.42132634950893
3.48727319888253
3.59227710003892
3.26590805681387
3.52553895700527
3.24134806261889
3.77557869533028
3.29652428047073
3.24219417042008
3.38368148370983
3.60159828662428
3.46587750146164
3.20772617598831
3.48199696560387
3.8891958595542
3.3887893270548
3.44231856226268
3.41485082947605
3.18076316512591
3.60714852698546
3.56948924341449
3.44556765582681
3.35600008924041
3.29977586839033
3.31885711798874
3.42889784545188
3.48996286939432
3.40033834321781
3.46388371027338
3.25751478591661
3.6189663883858
3.32930748208395
3.45784357544936
2.93410242450688
3.07776768524655
3.29151816540478
3.12992274190921
3.19586687090938
3.52861963216499
3.37524230391207
3.33138326238199
3.45320219745385
3.32588327897969
3.49843255853902
3.34166194960506
3.41464399777709
3.42532416639328
3.45628884670945
3.3955324548524
3.22952832806849
3.10189998984495
3.32957962857405
3.41556716393069
3.56584826432528
3.65722343828059
3.36413022606684
3.48016328119743
3.49152780175815
3.40827403387999
3.4299865187599
3.33210047694304
3.58973789832446
3.46314256203025
3.60900179270739
3.64341249723223
3.36024245793645
3.01844403063802
3.65777331374258
3.42261669644858
3.54660398834256
3.34672921625163
3.6955755196772
3.61502016754815
3.51261111004666
3.39519067414275
3.28172620554145
3.35052714498521
3.42885759503045
3.45353010292684
3.61198102951983
3.25633702427443
3.33840318662833
3.66815998368929
3.44012420311289
3.64931973725292
3.4020374877277
3.54590175420723
3.45563843569246
3.47597725213663
3.61372900075425
3.55495749371194
3.46156858540637
3.46748941837358
3.32802804669746
3.53767781670198
3.34856297956896
3.04794145379114
3.38694154759012
3.34195120438418
3.5764207656571
3.61906058028798
3.3585627003449
3.50430425327428
3.34816784551526
3.3977747710001
3.04818445430591
3.47703283557748
3.47935945044479
3.62476493386932
3.34138384024449
3.4333708343451
3.3458900013344
3.38864428762309
3.44447335182531
3.33970043369329
3.27341997046498
3.43258476513964
3.30754873535521
3.78622850497043
3.48795281167632
3.42184725127623
3.52793186224578
3.33615076352542
3.49086984848822
3.29113832406277
3.59862395077237
3.20483150254759
3.26582155668269
3.29107191950604
3.57347296270252
3.37818371183603
3.55670840275306
3.75335901732346
3.42715678523361
3.22852529544276
3.51228569920406
3.47975669525974
3.68975453673822
3.33789446186298
3.21495743344316
3.18627883958117
3.62728976756124
3.41181357041838
3.16681432973992
3.02094821044787
3.5713921192888
3.29194467816811
3.44750890397711
3.59508218284628
3.48303129583834
3.64385332985038
3.66728806206894
3.42960371544101
3.35917990158695
3.50996504674569
3.30527137030422
3.61853697499794
3.44576043051037
3.2742053712305
3.17321263432752
3.31038463655571
3.45690341087506
3.10615832102756
3.42476504377024
3.2908141147345
3.3737477228578
3.4561272302266
3.5421680916735
3.45594143502469
3.54449398475009
3.50004368968996
3.4951544890864
3.54876213990859
3.68165956521211
3.57070081182043
3.64632326434377
3.4745346730346
3.6121614359684
3.48399434868639
3.39387196084733
3.12312188138588
3.5396148110333
3.34815803989035
3.52541018053584
