5.038489624975
3.99100570646102
3.32001925812927
3.34115960306199
3.03103355124112
2.67569963012383
2.68397388047227
2.31790190511771
2.36070737776284
2.57220086427671
2.6225812660972
2.47045712066047
2.42736184293504
2.43055191786826
2.44656330092557
2.46212436183736
2.46014426381332
2.44270845321164
2.44481541459104
2.50100513956749
2.46539060493608
2.49217420409129
2.47644355602667
2.49379565096929
2.50129806018563
2.46319689696423
2.4917522062749
2.47809236099478
2.4853579772212
2.49535770228143
2.51626632651319
2.50165893381781
2.47290509124304
2.47368385817935
2.48558916183498
2.44671881426115
2.45648739084242
2.49892653048883
2.45990451000008
2.45171754772628
2.46406928960272
2.47695839627084
2.44994994390604
2.47299086817054
2.47795649139833
2.49740594661378
2.43966374746653
2.45526230282007
2.46574244450696
2.46897922163392
2.43726116532326
2.46818529260019
2.46093656923739
2.49223602596243
2.46819292283298
2.48510554747616
2.45387477972717
2.49173823837884
2.45417415586339
2.46109931842846
2.46507703747752
2.43944874041879
2.46277205588487
2.45054109756718
2.45394770173041
2.41377386181854
2.4169612573849
2.2988045350136
2.19278209885946
2.06384057759977
