4.0430791327237
3.78862217560846
3.64067442873374
3.67315586313234
3.58640716691397
3.57077983584013
3.51511811757192
3.48524314239319
3.46091231389131
3.42013696138601
3.43585308074246
3.4304130541142
3.44416449692453
3.44282729069634
3.43251185880185
3.43078114271423
3.42147204620478
3.41985732495323
3.41141154292629
3.4076448888202
3.4178136879487
3.41703753756446
3.41019694343577
3.39815495662378
3.39593672418906
3.38175769975908
3.38323747306558
3.36118986947867
3.39248477096115
3.35042559579074
3.34740658386503
3.35447006831913
3.3536061193665
3.34462197409786
3.34946643252192
3.34713410264526
3.34868529681615
3.34613275351027
3.34761687865044
3.337280362384
3.3323752113393
3.34100069037207
3.34181510172545
3.32629559942956
3.30767348189981
3.31476598501186
3.31240211529796
3.3106215037433
3.3071019908535
3.30777410420266
3.31189592782142
3.309512910258
3.32345576196203
3.32589971535086
3.31740456101808
3.31058519210038
3.30944247947969
3.3057451958826
3.29576300723442
3.29421476262215
3.28415741430356
3.28517274583169
3.32579347165196
3.31198526213784
3.31890773894777
3.31682937752067
3.32309199824756
3.30595876605071
3.29308890515115
3.33192062758174
