6.6969829299298
5.51089962376141
5.67745907195695
5.39245774596954
5.17556123716696
4.51012939141812
4.56097715485908
4.37242200179301
4.21459713576256
4.42324992693323
4.44736780092915
4.48427690400394
4.51825940605969
4.6596351611313
4.63701531362864
4.56702056058712
4.61560447269497
4.65161521319881
4.67537963042651
4.73145311887208
4.706275782392
4.70138392238022
4.67050850250383
4.6882762255911
4.64770189879725
4.62668997322883
4.5622293650427
4.72334407689297
4.49182897208496
4.59749905370875
4.64985516316227
4.63973903135734
4.55295069549126
4.66007361075285
4.63901871901146
4.55527044554583
4.64933726030665
4.60884827947255
4.58868461399123
4.62793685349557
4.65487599232821
4.5885533543937
4.55779671179873
4.51107535061168
4.54782067592079
4.52346014843094
4.54090202403715
4.49315461679465
4.52980003439592
4.5972379064096
4.59323494163696
4.62937505751585
4.56592103552538
4.53794841764475
4.54923538951235
4.51517592958183
4.56289838888067
4.51360745644491
4.50687056533977
4.54519925694161
4.50751601108965
4.64259837270432
4.55974953375979
4.50103619279804
4.54976563771011
4.53502629265162
4.50675990729809
4.6442806920845
4.88238736859301
5.02088502186839
