6.74458979455091
5.54708412773918
5.68685506384676
5.43751446510963
5.21609727893257
4.55008113917508
4.58448662835202
4.4093711962518
4.30672329952285
4.49269683390556
4.51058961930273
4.53902624036208
4.5400535812686
4.649453071374
4.64597684550602
4.59208755050425
4.64968443759774
4.6745737350946
4.69384278469365
4.74234397129585
4.72949645658598
4.7479229231479
4.70879445404055
4.69087206265952
4.64445692769147
4.65524284485607
4.58774628779461
4.73877272117901
4.52136681421721
4.58622554309164
4.65488801883551
4.60978614126471
4.54742738502953
4.67074251120915
4.62523826624784
4.6211284914837
4.63220953639298
4.62189804308543
4.57367261645588
4.64071349642655
4.62887382321663
4.59687859744873
4.56689585352841
4.49836995421631
4.54256660292967
4.57354812112891
4.5564546173855
4.48377531348201
4.55141801461936
4.56737565268078
4.59619471058336
4.62526531974435
4.57928812541383
4.56182460304423
4.57495917950609
4.5237267347969
4.54367180267386
4.49720716468926
4.51651656968924
4.50708363713945
4.47761968721278
4.63150736910068
4.58764158198205
4.50971681722112
4.54889419147671
4.54573535258699
4.49643245647298
4.57823185624957
4.82701739621584
5.11569878667608
