5.11355652918582
4.14013806555262
3.4476072753009
3.40989688696745
3.0354981829471
2.65775941998535
2.65679224979724
2.22862777501067
2.28117056449235
2.53372576317446
2.6486901217875
2.43914777380977
2.3973095092796
2.4246128113607
2.44652218793707
2.44924040048454
2.44034385122373
2.42362420578122
2.44379593499592
2.48354921866568
2.44889229935754
2.50452667280182
2.46358461184323
2.47692302987309
2.48772143513464
2.46972660736918
2.47135536475253
2.46382737025026
2.47177303052951
2.5119284702359
2.51105991278339
2.5038234203302
2.49000543844089
2.46664900130966
2.46685510188022
2.43487267093931
2.46195735168124
2.50198843872412
2.46519597392976
2.45645972505
2.47785970329771
2.47707312744508
2.48283073029466
2.49389885349834
2.47351936188349
2.48011540626536
2.45532496548923
2.45940188906684
2.49216484903335
2.47637405366964
2.43418305378905
2.48421357318433
2.45408535591657
2.49888113935319
2.4685651369438
2.47708171005746
2.461897840474
2.50170912589509
2.45467690472733
2.45979972497225
2.46322566555263
2.43146505020583
2.4801847915457
2.44030426146693
2.46050133227383
2.42100967398524
2.42749671693474
2.28294184113981
2.17236755838186
2.05212426737436
