4.67752303420177
3.95019723045359
3.14621468565167
3.42321920684476
3.47843833503808
3.38212856244551
3.19614402899199
3.08860770831112
3.39123826371444
3.29459252514967
2.83621479467571
2.81935550340536
3.1764277940434
3.22724658622966
3.27090789518392
2.8822721600107
3.20296839461219
3.07362693372287
3.08997046636224
3.13322874566128
3.08466928370088
4.10096133181568
2.79446627639485
3.00975984935962
2.58891116159608
3.2070403714181
2.96221132846953
2.992074248182
3.55888935096966
3.2140855700474
3.19653745089439
3.20057128408937
3.41024119362556
3.14494569861034
3.20232568874668
2.95528643945323
3.40164391968468
3.22614158981782
3.09227236004848
3.48958260968957
3.38169314388719
3.39083845068595
2.78941443288469
2.70569386172682
2.75916503234791
3.12623070541493
2.41676619927388
3.09005578806386
2.52535983943753
3.19046725898699
3.12549907920177
3.23459515193158
2.67047348147239
2.99914839831405
4.28909847354815
3.81493622208636
3.24223591382284
2.80937717652893
2.7723026782691
3.22582790465574
2.92403310641865
3.77653372527063
3.01645978951801
2.99667344548557
2.90850822843605
3.10434577012304
4.28256526412342
3.1860998055538
3.19225157090398
3.07475294058973
3.02895060646093
2.93951842067609
4.018118909457
3.40509201177071
2.86886298664
3.11120605390648
2.66070466007916
3.12005850939452
2.91566257394042
2.80547632543124
3.15927892825717
2.97918632216319
3.23529180194845
2.99106712732084
2.89557973363723
3.21899691216433
3.04616397431243
3.17894335051995
3.20768120724616
3.06968535906213
2.96488918063342
3.09706809361413
3.06944346663511
3.3969451461742
2.90418201961737
2.98524720425673
2.98340084880376
2.91484744482255
3.03029527656985
3.09832737315808
3.115305933367
4.02787796698341
3.13004833224147
3.55337453608881
3.1615894104582
3.31296933122842
3.05940268852893
3.2087798321936
2.95388377235394
3.00180085301254
2.94342475567604
2.85577634043875
3.09664801778302
3.35186702959481
3.10804223609081
2.57559935558033
3.06174926134973
3.22722394378313
3.14834770474192
3.02993815909728
2.90449679232357
2.83040289909824
3.0141722678973
3.0713366200553
3.95122359231402
2.70842118469237
2.91971418636339
2.9320005512494
2.82239779509329
2.78193499649787
3.18986433214969
3.00095749209154
3.00892331942371
2.93048423555257
4.13602577024308
2.68428460598241
4.14393255951392
3.12569090157347
2.94927247933889
2.76865355401276
3.0042659500883
2.94972960648986
2.83569371622631
3.09312442915107
3.21812583845664
2.96438065434365
2.76756985184544
3.20017554404723
2.87245059701574
3.0208724511584
2.88171534235781
2.82517397077376
3.03841972935039
2.84297396449169
2.96770492940001
3.09192947572798
3.03730140940697
2.89540121803018
2.69963605774981
3.06023470099275
2.93208957242386
2.55626649940423
3.00768035648816
3.53264673448154
2.81900044305801
3.12017472066378
2.80082567042744
2.98714460238864
3.03607581174199
2.99597619151261
2.65226584981143
2.84461342550749
2.55029234574472
2.43206286867173
2.62307294486818
2.91750286776545
2.94408313613182
3.04829737451137
3.39161137381173
2.96842710941352
3.29820945461248
2.93379918274215
3.94382424941435
2.80327801302003
2.72509189448794
2.69588046050811
3.18473127476294
2.83071647690719
4.03575383890037
2.55692365650451
2.85927526234297
2.96291436008432
3.14037287409831
2.90807061553898
2.94037601220285
3.72843834515341
2.6510835513458
2.91032566349493
2.90615897040017
3.01555511054599
2.72315871656934
2.53762560886658
3.20208752342928
4.30100669131194
3.12604477575246
2.86921077312834
3.03299038512518
4.40043904160333
2.52531751219298
3.15980326274679
3.02375463895307
2.55509277900008
2.68609866324671
3.06114146030474
2.51102239486109
2.86932765550059
2.69791246240872
2.32941847122222
2.78281810536949
3.85494042365553
2.74023206146898
2.93760971255786
3.1406664828754
2.66350708041841
3.00416518551051
3.18431012051216
2.82062325863289
3.0075424898418
2.9839983823362
2.78131627125804
2.86366375452073
2.86663568670321
4.05811248181022
2.40565572634795
2.8265749960533
4.06874428541513
2.80245606695603
3.32246777933308
2.39434191043746
2.8088545791349
2.8694178075819
2.8005055673834
2.7312799836013
2.34761684290066
2.83326220163315
2.79602016572667
2.64313647868355
2.96465433109594
2.64217897414416
2.96955398821714
3.02811971676173
2.86789225759984
2.87961333521999
2.97686917454515
3.01941824152549
2.49766279913429
2.5823118662234
2.84549616326435
2.49430340723043
2.96058827729384
2.91710597236552
3.24268234831861
4.39590633248086
3.07172300947821
2.71670682373138
3.11376699869826
3.07906966968833
2.63292622525251
2.94165490051008
2.31162512204563
2.52015914816627
2.41522286078544
4.92887810850779
2.78409337759706
2.82488091800275
2.37942548308348
2.76853763567014
3.79450112583084
2.7253561357735
2.82554973305885
2.35543897308095
3.47795114445916
2.72546789918671
2.61086862322834
2.55311914724416
2.49457125697339
3.10355531534584
2.78293730816047
3.34011493798246
2.54346366694972
2.6083661958226
3.10289116995061
2.99579552977526
3.37820061925577
2.60178885218445
3.6184819957169
2.88425965443565
3.20366144395982
2.47822814426088
3.15306404641727
2.62171399185626
2.98339469872067
2.61574800022408
3.09366718870455
2.98365571002506
2.48719218399411
2.78954769429239
2.76067796302368
3.08413443988107
2.74149966363901
2.85265073408478
2.88010084269088
2.70393358157586
2.58729679168928
2.98484782636965
2.97557116844342
2.69413462775362
2.67393812834221
4.76945016698914
2.85818089188195
2.82453184044608
2.86686842686426
3.03539781134732
3.21566485603261
2.59662519860754
2.71786576473776
2.71234490183237
3.29853500524941
3.19164914232218
2.82489069712216
2.76835569341855
2.3360339973464
3.06937005355872
2.56621473083079
2.78732432453572
2.62008839204915
2.73160449609455
2.81223095276987
2.15465175948713
3.07293446843838
2.80507754638499
2.73709136969313
2.92780018359403
3.17977499068911
3.67815656257047
3.15359438604693
3.02358179679354
3.23840240593166
2.5866231011689
2.76221750113461
2.53533377966944
2.67686776243923
3.47933902692215
2.67324741078757
2.63577136677754
3.53238532458366
3.40168754409417
2.66729807220399
2.71345961955124
2.83607737141609
2.76228199684379
2.81473413312151
2.4245963243621
3.18196457504948
3.22076646280914
2.63770507840964
2.48291828138564
2.89193124894511
2.85258514366292
2.88159898544285
2.47741063536478
2.42629621637975
3.05404529003645
2.84232743898819
3.2328938084986
3.02257441389759
3.6219663492264
3.99396444036403
3.24269017352803
2.71601862558321
3.07551800054356
3.1577350713677
4.36351388270702
2.81501424294621
3.02833471514691
3.0127598233048
2.81693141970348
2.45930740677794
3.5328637650359
2.51396216123636
2.92076676529525
2.71686950153745
2.81449254767718
2.67176451049256
2.41307593213374
2.67950065724275
2.98800758554664
3.0625336461978
2.88637549716387
2.99653058572685
2.59840998423575
2.59012083224818
2.69743502677159
2.88471172273109
2.4629554593186
2.80532933058446
3.06616134643257
2.79545533823395
2.83065040712482
2.85109348833909
2.57645274517783
2.86117812110256
2.71624544402036
2.78448785078764
2.7512723864283
2.86512362789729
2.82570622459476
2.41818479899912
2.58423617872448
2.71998939374933
2.52853815770097
2.81413494477477
2.34346227031163
2.63443053134842
2.44639364686358
2.75335427105456
4.46735199748272
2.6792360412235
2.61080556786549
3.56974107631335
2.77905781291527
2.4761371070264
2.70826046672484
3.16224521774658
2.83287372707188
2.28962891214006
2.87051940045972
2.27649754031767
3.00188553820473
3.03278094318784
2.75148630139771
2.29901501074103
2.94469882936604
3.235466080901
2.60979017809892
4.10457536782008
2.81651262034962
2.5477470861193
2.21189950433066
3.05167682544955
2.36386158483108
2.87025563591143
2.66877250961443
2.83225207858233
3.16733851605
2.77501138230945
2.72889566817168
2.85852172833752
3.26421981646456
2.78909449420201
2.78563693512835
2.90086274821697
2.69493590280538
2.55841859755885
2.49140954240084
3.02094504859685
2.80898584193368
3.57510993265418
2.44172687889136
2.84905233491966
3.42427324713671
2.65387603116149
2.90473907289432
2.64770325185419
3.33412872442083
2.91830883464973
2.43740499509158
2.52858067328661
3.25726259979276
2.71532723487179
2.78281918766293
2.75682908845976
3.2533287141708
2.51922134602903
2.65261447897701
2.8884189000133
2.41521668850319
2.61512125310074
3.03355876837405
2.58563397078877
2.73656932599018
2.92409579359036
2.28148432382996
2.45480978209996
2.96936507031262
2.77567696715357
2.91642809244267
3.16425962778247
2.54846247888077
2.91027273841994
2.89589342247064
4.12764439745127
2.71010042742314
2.85262415599982
2.82261314847566
2.66630202233901
2.85379649130888
2.62864316697941
2.89597469309715
3.0767084489479
3.2864290201807
3.08184752065596
2.51862979914661
2.63400801723635
2.43343524568591
3.07580476580825
2.32242011638874
2.73373428986182
2.81519316387087
4.24526835064613
2.78228678477695
2.51054108378642
2.17842637503284
2.55843127524016
2.57785521720692
2.53352141732927
2.91291222859947
2.40323972571446
2.91636740247001
2.47922880506422
2.57769379805623
2.689307198932
3.63725571044029
3.102542189903
2.44884391854471
2.47257850019275
4.22061309398904
2.40897917951663
2.45932655204749
2.70967542601495
2.71498242802901
2.40844058773403
2.74658593764809
2.68794031857566
2.23201540535526
2.90482892543557
2.69179667744816
2.52447151267607
2.77066343757839
2.86493696874189
3.23160855490498
2.4875880052605
2.9097064328972
2.11700655884802
2.70095472987688
2.41327574941002
2.27663153720339
2.73549751345426
2.66454222638523
2.93247804932275
2.61459262578667
2.71503566428412
2.7830458595244
2.53143883024398
2.94638587389307
2.75087189552611
2.33247121579739
2.59688975261929
3.89377942405351
2.56228361616282
3.21321939558164
2.72390761636395
2.51422248389522
2.3645828055764
2.39152380922953
2.62909715651907
2.60277933992105
2.14110500405111
2.79278793932584
2.85947651764952
2.69082890098168
2.57728205744675
2.74281476938375
2.98900887509126
4.81412406441289
2.88813864860384
3.02830144834934
2.90620702395643
2.94559224189522
2.81811433304618
2.96097574843256
3.42910518194084
2.33137145401181
2.69707143804947
2.77754870942904
2.56176496586012
2.83584101104541
2.89285748410707
2.52455624961972
2.81492191028712
2.88624627194423
3.17383535506364
2.35798172618151
2.49852664379257
3.08973767558885
2.48386794826855
3.18137110643519
2.70227773484044
2.34025193659292
2.24664029245093
2.74346795739531
2.38532088223716
2.32171801569322
2.52018099388176
2.83303109946398
2.29777787548527
2.51949951072728
2.51587288152223
2.85949447262685
2.7396779607607
2.82620237463984
3.63276117811707
2.73737255070396
2.69613764626671
4.81267095737368
2.55591946553902
2.79990784017758
2.45519193191277
3.22839137555525
2.76101045599539
2.69817651617035
2.56836742455276
2.7474993936617
2.38547905556989
2.65873249853573
2.31173792405739
2.84501292552608
3.14338032135858
2.61963947314757
2.64672017926422
2.86952596672123
3.04019759997481
3.4720597018003
2.66918391707797
3.271707931117
2.67666630916077
2.22425784239594
2.81433812814889
3.13554444151848
3.05902545984366
3.7234504532038
2.61725505068597
2.89185309104633
2.61248808649179
3.19752049592295
2.73962553543716
2.98544377904911
3.46039042129872
2.71688857151163
4.14207499118906
3.14906073036444
2.48618719632999
2.83300890792309
2.84993204642072
2.34577285826567
3.82503944940357
2.63932686540733
2.65146854846354
2.7164907265504
3.00750559574559
2.3792894116429
2.59066458859136
2.63928569716381
2.67593535724322
3.12174256282776
3.08418114583491
2.89422194918375
2.821100011538
3.32233240093248
3.17398099951454
2.64547355648
2.61769910960265
2.89634052553039
2.90881133587751
3.17036009053333
2.77250344775199
3.505156122193
2.80707333841499
3.06428247933009
4.06166949641513
4.25542331639332
2.76440297732665
2.89540218231402
2.7355268660296
2.66828550690944
2.5977278500327
2.97769177071289
2.71968395137311
3.92835783877155
2.34889402302196
2.69677606759488
2.56944414195417
2.23485963105934
2.61523400337528
2.92437847516735
2.52061717339102
2.58136019613316
3.08797213168721
2.78013960757122
2.74481031048322
2.43681066463656
2.53661106007174
2.72111941994274
2.70202770252032
3.70779411474212
2.36731880866206
2.83327757452775
2.90588304946297
2.87611331696171
2.47955822832505
2.76149621660694
3.54919455107309
2.75880353718334
2.94974473409505
2.22689971179829
2.85055083866295
3.18645647916023
2.92339380331094
2.54395797245986
2.62617132088227
2.62187568593691
2.71007940362766
4.08193725196653
2.74836336355643
2.67927901404213
4.12736463008379
3.00463818418718
2.50109395155273
2.34758794610409
2.75261924573059
2.66130839280085
2.27279071962894
2.87617190038695
3.16559868398958
2.41220953182108
2.88446845028861
2.82539291342967
2.57689874092053
2.92839020694152
2.69464655747488
2.17247884276577
2.31228662710835
2.41327919711655
2.55412626668448
2.0599271873094
3.12356138006579
2.85011498625108
2.29980920114597
2.55828986851452
3.18228317307274
2.31844456433952
2.85257713406258
2.82286423796725
3.04135258589545
2.60936435647765
2.55108939359719
2.34314862776022
3.15504768517204
3.09213061236779
2.58763592264894
2.15029761636459
2.58534683858748
2.59614698268111
3.29767104082251
2.71698358278514
2.88246054017155
3.02286133727535
3.23218245639453
2.70874394332178
2.79216293129004
2.56277973640255
2.60814705480915
2.49878298457143
2.89875844725217
2.72974751562086
3.17361859916941
3.31197852802049
2.46523063822825
2.66382604405671
2.68571028553444
2.61165036676864
2.62175400880917
3.28667511056497
2.51421850510984
2.58712282218276
2.88192241779566
2.26744128559666
3.02436576203522
2.7799375871342
3.37562146592941
2.68473265899909
1.99756120617117
2.51995934913126
2.20770286348952
2.73661823991954
2.45446899917403
2.23158454511536
2.4337703367353
2.45437464542794
3.21211998120908
4.15380788326217
2.54410375178297
2.77068615188283
2.40654463837468
3.01981057002801
2.9122352177495
2.95807681785387
2.54406532815408
2.6505465389848
3.01436354444565
2.57845617823734
2.46124867282882
2.28734758147479
2.88576245236113
4.16368301102162
2.25069967602698
2.20834513082458
2.24990399173882
2.44521445535011
3.03435976271657
2.1831047758303
2.5705291594254
2.84076342617846
2.93218071514129
2.70479020495061
2.3174382671346
2.92462728616646
2.91342646098033
2.43281679048769
2.56867966190261
2.57125729334342
2.89602935703441
2.89185996987871
2.65962451529256
2.96076048554716
2.50395286937866
4.7247440465483
3.81994591276673
2.46803085993747
2.69399652377461
2.86256228111618
2.94916218707789
2.791991042148
2.62093534600845
2.45116940107545
2.7017662684914
2.96516330320793
2.8828525396907
2.46107520386961
2.97019794593253
2.85293451769776
2.59689829324489
2.59941516181462
2.88953232266453
2.83116886380717
3.20620905632844
2.45805800475335
2.3999579532523
3.11010371611535
2.5298792112091
3.11004640958923
2.32042868903111
2.70237648311871
2.48944475754442
2.54341385325972
2.58072424950236
2.63513236039952
2.73566949822592
2.7818691440059
2.9051671612185
2.54108239711325
2.67009339055854
2.24906025587416
3.44449371563434
2.29380489076685
2.66043752685603
3.17145748497371
2.24064231232056
2.38390980198349
2.56617328561593
3.89373830804001
2.5179948269499
2.44500810697247
2.41269837084311
2.10911477224365
2.94026791811259
2.46734369688094
2.54571844445204
2.57711918560529
2.44306576311437
2.56793776221435
2.578593635409
2.76081902787177
2.76079064920229
2.69783727817796
2.2662214610718
2.58187983064462
2.72826748345078
3.61160400937256
2.85325264626488
3.3830491037571
4.36012142017323
2.24307172738291
3.13966585445244
2.64140933639792
2.42785887105333
2.25330668839063
2.11637635216649
2.43960802824199
3.18048508444076
2.35805423780316
2.63762405928669
2.83763767137429
2.47144899840985
2.41084143107788
2.64517728681537
2.74390297398714
2.8251412693092
2.57144948562716
2.56343547774975
2.90951020210575
2.51652289442599
2.45178750862938
3.51864573676532
2.64556342806626
2.67090013109977
2.44209874727817
2.77054495579225
2.51400641194423
2.60175127432747
2.40521424782749
2.87205664699597
2.80405585655727
2.75242183993766
2.65753537027482
2.76469168248714
2.22240702321009
2.48887773382591
2.36325965807066
2.42003108267243
2.54721332029343
3.33477486215674
2.42848333957841
2.19146115727087
3.31100164336345
2.22332561744615
2.62594469979508
2.47160322610837
2.49998093158751
2.80557785723402
2.66512805000693
2.48152290578648
2.43632095607268
2.79572865373076
2.12557234101164
2.51867404617796
3.34906241154398
2.6387542686002
2.8291465493906
2.43298402413955
2.34723843142607
2.63907658262422
2.34990673377604
2.62299742593733
2.49139823147441
2.62741231793856
2.30782179166217
2.47199946822311
2.57099402164664
2.5164700526025
2.59701660621381
2.3517066632663
2.33733749350825
2.77761562237318
2.46443713648361
2.45853521805805
3.0659041567612
2.96939894915894
2.8205784802777
2.6812247705029
2.45183418877838
2.75890573097572
3.3468802660775
2.73525373734808
2.53636033875475
2.1037609554785
2.85486772936083
2.95217519231807
2.58831221072238
3.15138738501212
