6.81367680339682
5.59856228367603
5.7376154033313
5.51191040826571
5.23862032814491
4.59537845365445
4.63835306583386
4.43696939529129
4.39740824586561
4.55157581411907
4.56096085982622
4.59213099824316
4.60917416830985
4.67657831949418
4.68010017855768
4.62583987733129
4.68264230165364
4.67740530855083
4.72898462669237
4.73978444420915
4.77197362273415
4.7510939232363
4.75705714463094
4.7182320953545
4.70403969754775
4.67594485440034
4.61261401395732
4.76216803372181
4.63380670907334
4.65788656977744
4.67932445830532
4.6734283408389
4.6091489228882
4.72209629380746
4.66627571539781
4.6497252122738
4.6905265967499
4.61708171725063
4.60815214538048
4.667229374131
4.63155091938313
4.62117208836295
4.61419554824983
4.58168646442627
4.5971049545513
4.59260424449649
4.58108674498996
4.53026709803001
4.52441282788406
4.56496184357098
4.61517353840479
4.63923570218218
4.56273762581091
4.57617560392998
4.58015530812493
4.56318536008062
4.54279003573554
4.52915414252384
4.52787799085727
4.48232205144374
4.50412789998419
4.56883425298195
4.55278196582971
4.49069000791542
4.53561168153079
4.55831033573035
4.55814392177403
4.64097256512291
4.88947901436955
5.10419522852623
