4.04930338210903
3.7951100235981
3.66695686978675
3.69498277405072
3.58635438380944
3.5891855964355
3.53349378654183
3.49027086434517
3.4578890700142
3.43608511815505
3.42215572727976
3.42568714230957
3.4229663412189
3.44253967955442
3.45911220491615
3.44674005990772
3.41239508566356
3.41756843123847
3.40197175047665
3.41866770939453
3.42015434954445
3.43734326071521
3.41590841181912
3.42552618858014
3.42035866152457
3.40894902875612
3.37218406909881
3.38426639794259
3.39194825274403
3.33790441416735
3.33289204781654
3.35596783612263
3.33272070232198
3.32162883242246
3.32734679375129
3.34820917923063
3.3464224291703
3.36829871527662
3.35046111250665
3.34450036368912
3.33328401407407
3.3350166068068
3.3239326993107
3.31954973724712
3.30346114455902
3.32907436535469
3.32371846161096
3.31173631921244
3.29856732460557
3.27564151303555
3.29899266284025
3.29174287309606
3.31176403026625
3.3338320732035
3.32798051793645
3.31502102934157
3.3035679589913
3.30034227124705
3.30650263904389
3.3053574609545
3.25841585263263
3.29175337243618
3.29692430357659
3.31662765173356
3.33628721551099
3.32841265104241
3.32191170166531
3.25779444267294
3.2798185005797
3.36252031897113
