4.73272789249556
3.1368462810012
2.3741836662581
2.5522325238173
2.41526089874969
2.02700947854485
2.04923218479199
1.620183837468
1.66038707020182
1.98210789518937
2.06634693443396
1.8223543871262
1.76173720628593
1.8212601873839
1.83096451882822
1.85668295710016
1.85375631509065
1.84608772892762
1.87296477526379
1.91223052403585
1.86278452945205
1.92823828318194
1.89158077111087
1.92286178133376
1.93415889354511
1.86561476903703
1.89236730940708
1.87898807903893
1.95546877710956
1.93218640333216
1.91033348866503
1.95629584613515
1.90904131899193
1.88060469116127
1.93511861354723
1.91144451379105
1.88277712588774
1.92595016535448
1.89742182402952
1.89162110847304
1.90846449417805
1.90491905055753
1.92145476657326
1.92911960637265
1.90581300432847
1.92780767959418
1.85816994820315
1.86654029745994
1.90222177780474
1.90657950438251
1.87863879682787
1.89597707288995
1.84988422061058
1.89111304552916
1.89849779774544
1.85995734928612
1.86251200243598
1.88623446511066
1.85188801079586
1.9403300982089
1.90198580591003
1.85124808912523
1.88033090570089
1.83663972170163
1.87059466546588
1.80591273834895
1.78072485258804
1.63275889393289
1.64086058796049
1.54968435442713
