4.98046444881926
3.61673386279136
2.66903578847483
2.72376483361748
2.71073027416324
2.12994251304472
2.05542113247901
1.69355299478329
1.71268731929188
2.10508097971443
2.30569376272186
1.87078126008132
1.87642197044157
2.08373219820096
1.92016223140595
1.9552448390542
2.00874953490515
2.05301327352141
2.19985416296325
2.08274550813615
2.11592766095
2.2922461710957
2.19734183617758
2.19187806187144
2.1676956540179
2.00086624814975
2.13997351292729
2.21598466239043
2.29122184348644
2.24980098490234
2.12784422783956
2.21410810917631
2.15559143641815
2.10239297527882
2.11624398529234
2.22610463047431
2.17619810197277
2.17221458599691
2.19505276012749
2.29530165510115
2.26815962000603
2.28881928020167
2.23951555292444
2.12674771499526
2.18839425434798
2.15407060175034
2.13308013844171
2.11361651654976
2.22663021389148
2.18502982219861
2.18162775654296
2.11730535249636
2.01712670550608
2.22436554705406
2.21992455682281
2.20464632397312
2.14831459664857
2.01790770657641
2.06651951967356
2.04498652562335
2.15129296916409
2.02727177058648
2.18677481511268
1.9879787885527
2.17881864127913
2.13852859296739
2.03520398001844
1.94068100566169
1.98086995677782
1.77502024657931
