6.65399612643409
5.48532089356831
5.60638791927711
5.33934776556335
5.24595953032278
4.51107658335792
4.58031462247125
4.31150364156171
4.30521079011023
4.44951500818645
4.52840737853932
4.4279715370939
4.55202710993334
4.72638470058699
4.67630105680563
4.53117979748717
4.61741596474975
4.50158734266282
4.6892277333805
4.68596176518733
4.71109911057638
4.71367205011623
4.69134714325742
4.65746156255435
4.59066217086646
4.52743213467006
4.5444434713788
4.64717725195256
4.44480388187534
4.52795250886884
4.58745374713992
4.60237778050333
4.56939898405653
4.61619549816049
4.62589660483653
4.55605550898958
4.69952745388488
4.56522972182197
4.59884669797307
4.72155741340886
4.62286179074728
4.57452096963363
4.54615316166166
4.41682623215064
4.53607695668235
4.54853615309576
4.5614534631972
4.50904812266961
4.53768507704181
4.56667501148024
4.54972766354927
4.62056804983274
4.58044045864028
4.54915682181702
4.53470166876578
4.46917510021348
4.54370948315612
4.45198215731927
4.50706635259436
4.41183713125324
4.56470598133195
4.59740142603092
4.50643759514882
4.433310099196
4.52914782171407
4.52888331737786
4.45370515265068
4.63548618182815
4.91984657635115
4.83230886632961
