4.71570823851535
3.14847563039044
2.41625918752855
2.51307034328459
2.42984648876746
2.08296041472415
2.12068340790573
1.69661586204067
1.69895614067267
1.98315760331541
2.0531696618001
1.83365602685306
1.77434782345725
1.82302131286007
1.83705550244229
1.86185632013466
1.85809951274949
1.85696940359028
1.87726287550411
1.92293539986124
1.86864660829007
1.92272608844053
1.90560273337674
1.94297757341801
1.94314842266886
1.87277181867183
1.89533169250717
1.87806192481028
1.93899512703309
1.92421520703077
1.91492129443489
1.96513420980217
1.89981319624904
1.89217352675979
1.94488754572186
1.92624075738635
1.87127782091671
1.92087744410661
1.91380324554366
1.89652488474816
1.91306591299359
1.9154292538095
1.90195121313658
1.92439342494511
1.91440605388473
1.94044575583073
1.84409740527027
1.88816155572485
1.89996228651212
1.89673754399121
1.88999465217175
1.89773268374214
1.85177130473332
1.89614940126868
1.88979781335593
1.8895007910925
1.87302840962296
1.88885186847071
1.85723997404154
1.92433346284988
1.90262463903138
1.84441411491033
1.87619556771135
1.83645919085215
1.87743407009255
1.80626780866523
1.77164098893457
1.63330229287657
1.62657806928106
1.5556607733952
