-0.00025
0.99925
1.993
2.93887775551102
3.64875721817725
4.09049544994944
4.60876209882832
4.65838031778575
5.11913357400722
5.71855509355509
6.07971772085729
6.0786782061369
6.06824769433465
6.06871849296896
6.12503332444681
6.20042872454448
6.08836206896552
5.96259148820819
5.92057860262009
5.90249931337545
5.79172413793103
5.88509575353872
5.73489278752437
5.79597540525433
5.76346801346801
5.70755781161873
5.73235043946697
5.75948644793153
5.76067641157925
5.78666281755196
5.77242380261248
5.80070032098045
5.76084407971864
5.74212540476891
5.78257016248154
5.76426872770511
5.79569892473118
5.87064825930372
5.80150829562594
5.81641926688882
5.8234398782344
5.88046468969734
5.84419176398279
5.78880643166357
5.83410997204101
5.79456759288167
5.77234242709313
5.82245348470514
5.86031042128603
5.81081081081081
5.75927109974425
5.80578778135048
5.78918393782383
5.86100260416667
5.80339647289353
5.86235216819974
5.85846560846561
5.86369680851064
5.84208765473402
5.87711006076975
5.85046090815978
5.75121107266436
5.82517730496454
5.71948529411765
5.83346303501945
5.75329087048832
5.71025260029718
5.68549905838041
5.70483005366726
5.71663619744059
