-1e-04
0.9997
1.9943
2.95921026257767
3.75915492957746
4.29388500152114
4.89432305493159
5.03135601932764
5.46638394704179
5.9996868802839
6.33700787401575
6.37337970281378
6.41040584931652
6.44877267876201
6.51422436929683
6.60911348666451
6.53026030368764
6.46688488816148
6.38422671353251
6.35722185357222
6.29416342412451
6.36273083379966
6.30572102956053
6.34128419624689
6.28548698715763
6.22366917980352
6.24867785697862
6.29118463674225
6.26293755087801
6.3017433017433
6.31030830783714
6.32800284292822
6.28168175321582
6.26794258373206
6.28299843580796
6.29123742576657
6.25739680993547
6.30022021042329
6.28727854330709
6.29072495986168
6.28315724052206
6.32975134324628
6.27182514759452
6.24668267408063
6.30221036585366
6.28062332354068
6.26133299088224
6.28914728682171
6.28044184535413
6.29295701032275
6.27465159084933
6.30940103133677
6.29944178628389
6.31282599973251
6.30768197690035
6.30793136062694
6.29721278042148
6.30532366224169
6.31715388858246
6.33565169008207
6.28709949409781
6.23887621220764
6.28901227352425
6.25132636046688
6.2989095574086
6.23975588491717
6.22224469160768
6.2109174782163
6.16262588586348
6.15151515151515
6.23076923076923
6.2
5.55555555555556
7
4.5
4
