6.82734239084037
5.59092941030094
5.75174822994615
5.49374506756377
5.20364730112008
4.65042095731257
4.64715545238885
4.49418509029803
4.41795131742738
4.5611841560615
4.63339243361428
4.59279864461158
4.63345671373313
4.69088359052724
4.70444411134425
4.6666085302394
4.68254310470788
4.7054005225827
4.70420112630801
4.75748333796412
4.77912864645234
4.79183162815287
4.74455190547019
4.73862155226973
4.72557767104327
4.70137134270128
4.64450553137157
4.76480204548974
4.67044864691703
4.69679111690162
4.7070032434551
4.71928169271926
4.63996011298929
4.7330039963765
4.67183120189397
4.63310075552483
4.72630640676706
4.63202015037947
4.66339003387568
4.67238961928058
4.64689252243819
4.66473643570299
4.63301732613998
4.64071238105675
4.64429118780275
4.61111099392815
4.64799958657793
4.58625222593672
4.58706807144926
4.61379569079113
4.64831725583857
4.67545048458167
4.58780076130963
4.62380368902115
4.60777380206045
4.59262219860601
4.57573064426778
4.59494530038417
4.57792680366616
4.53766627359867
4.55231073413722
4.61828727060848
4.5907045460185
4.54446692436817
4.56599406847779
4.64943231147283
4.66067156513841
4.72387129108403
4.92090768247121
5.14962472773161
4.85159564615569
4.8968673176474
5.14438942293944
3.19920340061776
6.32123309882989
3.10420101678708
5.10675899651964
