4.03880875054573
3.78039479804264
3.6217514009835
3.66573293436141
3.56815196867689
3.56930160224466
3.50848478903535
3.47572002921453
3.4525944125258
3.41681921608932
3.41576795379771
3.42126523960054
3.42779196015781
3.43228147539217
3.43821272644401
3.43742545410889
3.41333666503442
3.40786559366914
3.39926580797977
3.39590878955338
3.41080817470184
3.3954659611607
3.39563510446153
3.39429048319206
3.39081532660208
3.37309777067152
3.36256962936412
3.34570672558699
3.38679266842637
3.33657877158961
3.33461692014336
3.34919429126179
3.35988900262769
3.34675881530323
3.34644396283343
3.34943054817659
3.33981315972714
3.34851964594778
3.34152539192481
3.33542239236295
3.3342633279454
3.35321592643976
3.34122869956453
3.32158846664628
3.30487754081058
3.32451484113638
3.30662172794239
3.29882691913105
3.30092671232672
3.30272300391333
3.3190985630939
3.31539422229172
3.33047255078198
3.33097841715473
3.30727709902316
3.3074861563146
3.3122259393062
3.30760093126172
3.2905320326401
3.29642330207312
3.28685576135589
3.29907391162206
3.33194564391824
3.31766437663217
3.32251859340011
3.32027860259776
3.32678781474914
3.31324036327547
3.30661771448619
3.36706210904933
