4.82969608559472
3.41582712315602
2.50482550348735
2.57863019807755
2.57355186266332
2.0059725944763
2.00469020324594
1.61355802932263
1.69757446674161
1.94108751338264
2.12331234860066
1.76516362485344
1.74322128857604
1.87681303709955
1.82556777508844
1.84017569176328
1.82392848338535
1.85707433209789
1.99117618896468
1.98901143693036
1.88770525103468
2.05667479605584
1.9553783372803
1.99052839827511
2.01100353084541
1.87961497557712
1.97101543262964
1.94360187210451
2.02213196770533
2.04316043909933
1.99999169334205
1.99259375387633
1.93785815004475
1.87912980147564
1.93655577080443
1.98538409137713
1.94139913829189
1.95333685636945
1.97664641670618
1.99781233021505
2.00476170399305
1.99184011758139
1.97657272652904
1.98553196187827
1.98173796777758
1.97804126018845
1.9505011490298
1.91168139175147
2.0227873617715
1.96494597063634
1.96338789698226
1.92800918280152
1.91903865209728
1.97438588403869
1.9911180229738
1.94432637018176
1.95984535731654
1.90744951599792
1.90668694612773
1.94221214480751
1.96270526156205
1.8871026576794
1.93431153536867
1.82746088353583
1.93739418330697
1.91173984081418
1.8305499159768
1.74730021834246
1.74798528455824
1.55405732954836
