4.70951278325955
3.01880345769606
2.389202037704
2.51076855787244
2.37410678688432
2.07528315697585
2.13127999634651
1.68147959657896
1.7119256707267
1.95386535648848
2.01222937922187
1.80742581477899
1.75757231747861
1.79435569558565
1.81123789789944
1.84343881075676
1.83358904885906
1.83504477530606
1.84761806405365
1.85806993031013
1.83133927754549
1.86966982934804
1.86448246733468
1.89092745631765
1.88624263227408
1.83164804056774
1.85091793249846
1.86051677841401
1.8625262840703
1.8904662664611
1.88190118382287
1.89458647480514
1.84334451177168
1.87962375364394
1.89105903414401
1.89630769480644
1.85518453101272
1.85228862736036
1.86152438496785
1.85520905244497
1.8902907172391
1.8739327800894
1.85872324419178
1.88578452826776
1.87906983314348
1.89238224566441
1.83280338895944
1.83612236246569
1.86061113427189
1.86067375700548
1.85481899353306
1.88128507368292
1.82426345682788
1.85788043355766
1.89684324368806
1.83308214247662
1.84726831951089
1.82800847238856
1.85401275715735
1.89709930618301
1.85410007850243
1.8184088736756
1.83998107398127
1.79146845653188
1.83246936658003
1.78433217493551
1.75044596163146
1.58426778980618
1.59557791195128
1.52641244357984
3.19580161344409
2.70013348016883
3.37531677837575
