4.99293264262798
3.92789332946723
3.30312219274346
3.32781708888779
3.01190671192017
2.68861102368077
2.71849640677679
2.325679888262
2.37677627183571
2.55395230108401
2.60531595711077
2.43845507737411
2.40086448323799
2.41130505033909
2.42360719636034
2.44691382308309
2.44445846890285
2.42847031218104
2.43266472983672
2.45310734360705
2.42692109737505
2.46972364925392
2.45944864065166
2.48072165672573
2.47402295947885
2.43248952167717
2.45538127044035
2.47169299337188
2.45225705135013
2.47954231324191
2.49093683437507
2.46662828798951
2.43980428056544
2.4499237826102
2.46163231852811
2.43816607021365
2.43899642972938
2.45554232133211
2.42538533484691
2.42268886417086
2.43949878178869
2.46054694601588
2.43177846456228
2.45164020917869
2.44315530453234
2.47138929976287
2.41839023374026
2.41872139304189
2.43874408667751
2.44308680129846
2.42112404749992
2.44609132010415
2.44089336869829
2.45919781008037
2.43937186468477
2.4474716973456
2.44198616541974
2.45381987192735
2.4293056432443
2.44303368754327
2.4304039256359
2.42175360478549
2.43847739069147
2.41340835858264
2.43581144706115
2.39252443564419
2.36866867868764
2.28160889400773
2.15413492733822
2.02858937144105
3.61884812560701
2.50476673790952
3.76008551646514
