4.7274490525426
3.17658869885722
2.42091368032205
2.5466889357267
2.43585309542259
1.99328320813794
1.98338728938815
1.59485222470634
1.62881143307934
1.95523216452881
2.07502532425521
1.77899865149709
1.74239431373374
1.8130796344845
1.83029668601483
1.84604789191805
1.8415674678569
1.8407546517707
1.88045342946371
1.91635621164264
1.85264805359458
1.92387793091111
1.89737407275511
1.91054877635185
1.94586338878203
1.8614315279655
1.87267226752109
1.87559623715991
1.94679268633966
1.94385181244908
1.90664384355781
1.96977290445837
1.89330030832776
1.88316615231511
1.89690160830923
1.89503074647102
1.88714156691848
1.91658381200474
1.89616184232384
1.89375719536587
1.90598088429943
1.90890386029839
1.93328853150441
1.94429203597554
1.89175952683042
1.91734757339719
1.84374892439045
1.89719177563543
1.91465590223955
1.90545394249631
1.86587998393683
1.89543426734952
1.83005969667565
1.89219767575642
1.87631942182436
1.85474608242274
1.86672538781092
1.87881762627277
1.84263559536048
1.95217542931801
1.90033059638322
1.85031219048119
1.89118458020426
1.81920234931724
1.86112629896243
1.81654480456279
1.79565799229426
1.62220163467994
1.60290904354234
1.57178094354299
