6.7762433378296
5.64943492944247
5.72223100369572
5.36200890199597
5.39754572273449
4.57176401252998
4.53317624926517
4.34839343132254
4.24559721514424
4.32156451618904
4.50073422162051
4.413238463243
4.568544082563
4.81469617844597
4.668449328955
4.48076340250683
4.66274292619131
4.60784897007198
4.73835020211419
4.77924136968188
4.82567548084734
4.79624134735701
4.77248352723072
4.78560583850882
4.70570275836437
4.58889548511856
4.62985659390363
4.66527053052547
4.47969421280351
4.62001770541691
4.64526685155792
4.61580926705949
4.53570442787595
4.63692498784734
4.61471407726595
4.52617522933518
4.78144259333832
4.56772689426474
4.59461803181121
4.691342107902
4.61549212080739
4.60751995206016
4.60097454382328
4.4813007334672
4.65640884108572
4.65444552796232
4.65564887571388
4.50912347546788
4.47717402276102
4.56781662218338
4.56358920568865
4.66764414702928
4.64195918544451
4.61087912128298
4.54960299709368
4.546439430925
4.57402969392659
4.52043068146656
4.48257418680289
4.35346342046753
4.6119951199526
4.51004701282058
4.54349199826009
4.58328130518475
4.53665775481035
4.52956335467719
4.41054049833208
4.6735996537399
4.91680230734069
4.97634212821393
