5.01344854573573
3.96055152878742
3.30578223531684
3.33132950058919
3.02598028734576
2.68017680212313
2.71398044916115
2.32714660256329
2.37909136673607
2.56112509523213
2.61154926806113
2.45377247474372
2.41271761433832
2.41654775257292
2.42770302885295
2.45738609397145
2.45450108227865
2.43529180185687
2.43162445882171
2.46750994488351
2.44263339513761
2.47824227721469
2.46214759863278
2.48888529648476
2.48319738259043
2.4420012020212
2.46222342646629
2.46755648928153
2.46834529169451
2.48591780114471
2.49567328471117
2.47605127832114
2.45956702085745
2.46237933936511
2.47346108745977
2.43767781445901
2.44118090777635
2.46993601092323
2.43915312448549
2.42844347197072
2.44461332395189
2.4622719162054
2.43224826324073
2.45111409916213
2.46105478458482
2.48182903965588
2.41658728781229
2.42979508708465
2.45336935226197
2.44942857179303
2.43338756863435
2.44263065294343
2.4327332768351
2.46451785047519
2.45371591547091
2.45791870835176
2.44805659445903
2.47300272633943
2.44623929708958
2.45114584566758
2.44468679169398
2.42491200779287
2.44839710891157
2.430391903101
2.44473105242268
2.39834757419295
2.38981439847391
2.28019360557315
2.16280122793212
2.02883818769446
