4.04584827467671
3.80142964826443
3.6580384531832
3.69321553417172
3.61168431533361
3.5825163985921
3.52327900410116
3.49750488554901
3.46973963377795
3.4404780101547
3.4544347440207
3.44467282718041
3.45849929222346
3.4592251935396
3.44613653914865
3.44396763413753
3.43230858608863
3.42941486907313
3.417735311502
3.42161222438466
3.4202043901734
3.42165309079026
3.41441581560086
3.41271282182306
3.40716165193625
3.39632592522266
3.39156410461017
3.37119375792657
3.39629659605805
3.37050593251036
3.36701699715269
3.36658849525938
3.36666688844413
3.35848645645067
3.36425441660417
3.36190544681395
3.35779012583476
3.35870350385174
3.35101421428589
3.34037044525975
3.3408578780679
3.34504929312136
3.34810861397737
3.33634172606606
3.32930381711569
3.33764692415446
3.32403595906562
3.3241367129261
3.32069615074117
3.31061452225467
3.3188373945336
3.3233140958448
3.33575919939045
3.3257347273144
3.32082938149188
3.32121821891127
3.3216706243103
3.31190170406644
3.30728460243837
3.30362126367551
3.2909183472507
3.29862984459275
3.31566032906545
3.30830635121765
3.31166985461648
3.31531501210542
3.33078135846119
3.31752253124373
3.30704918843477
3.35706159867068
