-0.000333333333333333
0.999
1.99066666666667
2.92317969271877
3.61178045515395
4.01347708894879
4.47264695888549
4.5322635711847
4.99176389842141
5.53079584775087
5.90375260597637
5.89260808926081
5.91058906030856
5.91275167785235
5.95953141640043
6.04285714285714
5.92208258527828
5.7762111352133
5.76626681206834
5.73299195318215
5.64083731178847
5.68353028064993
5.52148148148148
5.63382899628253
5.57985074626866
5.55397301349325
5.58295625942685
5.61068991660349
5.60768645357686
5.60291299348409
5.60971847281142
5.62185199535064
5.5946261682243
5.56103286384977
5.63629222309505
5.6
5.6422893481717
5.71285942492013
5.6242983159583
5.67512077294686
5.64467826790773
5.67736692401463
5.65535568274734
5.58000822706705
5.67190082644628
5.6016632016632
5.5874739039666
5.6183879093199
5.69324894514768
5.65184243964422
5.59982971477224
5.59640102827763
5.62235649546828
5.66275532377227
5.62222222222222
5.67061403508772
5.72538631346578
5.65809312638581
5.66517857142857
5.69792605951308
5.67365542388332
5.59953810623557
5.65155807365439
5.5068359375
5.64860681114551
5.57061826432218
5.4757796947578
5.53153910849453
5.47533092659446
5.43424317617866
