5.07000890235635
4.05368422927042
3.36668689548452
3.39049962281455
3.02119608758725
2.65280881698225
2.67390096745039
2.26670492439748
2.33044375153723
2.55739154934928
2.64249366976923
2.46802889674513
2.408052807123
2.42876666598489
2.44107418556531
2.45976928198871
2.44925554322271
2.42404313307076
2.44466384611103
2.48548176928608
2.45922560888285
2.49697880630409
2.46621163499096
2.48309363848812
2.4872688966599
2.46241829604213
2.48264927501919
2.46961520611227
2.48703515597435
2.50115302377477
2.50834909669243
2.49458493824274
2.48591897929267
2.46657535955665
2.4796790501583
2.43849157471702
2.46709856305599
2.50618452688274
2.44549115135598
2.45110613534648
2.45666433522393
2.47212024712372
2.46517505959198
2.46948237484353
2.47901593407002
2.49266136634463
2.44865821753803
2.44021919863205
2.47391647053177
2.47243543178491
2.44306151339918
2.46544052190465
2.46543123233008
2.49183629415029
2.47665314339403
2.48219515344553
2.44616101584585
2.49383018877401
2.44461627923269
2.4574628067593
2.46194496615514
2.43719266586189
2.46228045935676
2.44977387132328
2.45086958653172
2.40535042398331
2.41770754891536
2.28912725880955
2.19180160829383
2.0558388723829
