4.26255682614705
3.73237349422846
3.51647183220236
3.6450017943863
3.27195252272102
3.2720812829975
3.3096486229939
3.08680373272524
3.5047465174614
3.54326675291302
4.07013997429882
3.49596765144169
3.77433271554773
3.41384986816851
3.20970810471254
2.5149791591051
2.76762777109053
4.83244638433809
2.9009959868593
3.80506588125003
5.44683726084606
5.0811203652217
5.01284264588822
5.10008434273101
5.43454401384513
3.90804313950967
4.53878689907581
3.9358568740229
5.07854272317191
4.19842378857279
5.02693419373154
4.12840664387531
3.44107513362706
3.30793099406668
3.53282784456052
3.53291719443199
3.98675752534539
5.52202886517778
3.76206274090486
3.66618720480683
3.62398685289065
3.49561386322239
3.34137480294827
3.84650431959361
3.5045488080304
3.63548237235009
3.77573068303072
3.72138154628538
3.65111785667353
3.60959600993507
3.59977405560628
3.69324383537033
3.70262052044511
3.62757096955057
3.32056732650875
3.60814626090842
3.69381317217421
3.70304894205052
3.46185168878056
3.62970436219083
3.69966086309526
3.39563049937054
3.53909445234388
3.83034177913715
3.58611960727896
3.50567627211496
3.6841697556165
3.34790130809051
3.46163639299187
3.67197627731421
3.38161259100195
3.39167635699047
3.47456357267524
3.40650243198677
3.37650664870484
3.7196514775631
3.46390939204877
3.3304938753242
3.34537722835617
3.2792356329547
3.44435544206344
0.768171088496907
3.41645064297055
3.38361083804055
3.41839625579928
3.36150387446997
3.49963288864607
3.32544157050989
3.70891130585117
3.3709457288463
3.50226601918873
3.40311773208621
3.19102752707044
3.50220502471034
3.45335586362098
3.40096476389994
3.50584326117895
3.29303608480673
3.52715328501261
3.42261161073397
3.47652979231071
3.15057838483116
3.43231071242842
3.1449293143738
3.38434546571366
3.25150515102267
3.461147461945
3.73054208714994
3.33446438390178
3.39599971453468
3.66837117009081
3.55108469816642
3.62494648138509
3.39106811808981
3.39410112384365
3.6842537844089
3.34869056098176
3.49850591291405
3.72464783711103
3.30958347538929
3.17062790606073
3.23152867152527
3.17289050330108
3.50131489006087
3.54676722219184
3.44996182077208
3.45654058300529
3.3473947277799
3.55793448990499
3.5059925390491
3.32960572884618
3.28494386472396
3.38000538226575
3.41184487676037
3.29919251172497
3.40867568930139
3.53811822380059
3.23643020468932
3.5047639228198
3.40480245784001
3.2948203455709
3.54386255809056
3.42730113112585
3.67394957118642
3.41425461023932
3.62617772652954
4.00511597946256
3.15566816161679
3.36981158771912
3.40858236580141
3.20966614593462
3.27025113082749
3.4041429420581
3.45356495003893
3.3974045092548
3.3790409503737
3.01405369483388
3.32759043175139
3.24007110842904
3.27334780787289
3.75798378484598
4.38051080282314
3.39332022190936
3.20980128564737
3.2700708499198
3.41435783756369
3.09816924344133
4.23730213752613
3.47312671092212
3.35302071043773
3.30743743449741
3.37955836225008
3.4320957554796
3.34825382973195
3.18735317596833
3.32710731332735
3.21101329541264
3.42763324641133
3.15146950152904
3.32934449555238
3.23731114993682
3.37908203159573
3.31874927603793
3.25165918051867
3.67950436051845
3.24189292322933
3.45016755410824
3.55127862398515
3.365809232192
3.48409979523227
3.38873726151984
3.38353210774291
3.34564235390185
3.30661127706323
3.28002445223454
3.62745299671228
3.29926566232387
3.21626752144007
3.58154126901947
3.26784217307831
3.45406550942349
3.40396874904401
3.21629643097474
3.35828106125803
3.29947645785467
3.44827810741787
3.4250119082247
3.08766758781543
3.54094498823479
3.31051787061634
3.15102350263666
3.2627576267413
2.98593177746493
3.29594857258637
3.415446231829
3.26358520980862
3.92293577806012
3.40108655780059
3.57380201916704
3.66091256290712
3.99224538293757
3.38934181082184
3.59415833149686
3.49262048857348
3.32670860501932
3.44780584907064
3.14725780076964
3.25303725348328
3.3604215736928
3.26220583373007
3.52233776775629
3.24357055966568
3.25971019449741
3.17350440095104
3.11417594287488
3.14399686368737
3.07354742587825
3.12257025953855
3.14371452625351
3.06207891651118
4.43748924973873
3.24998787401517
3.28553705509472
3.007531476369
3.17244017622559
3.46787023290479
3.59922743439162
3.42536031854675
3.34689351829541
3.07176191461567
4.64205677841512
3.43976102045019
2.87315632521296
3.01829137253062
3.084114309772
3.27745066847384
3.13837383112718
3.47771261541871
3.56283136480461
3.34326290319277
3.18620030578081
3.11140122997678
3.18534780265411
3.52129336019654
3.64956953905129
3.25589254602836
3.16122904446676
3.20723795874952
3.06547384905568
2.97437678614712
3.28589878976195
3.42895455045343
3.0745968111736
3.18801653516074
3.2338647809489
3.31773390851852
3.49175000726621
3.49156586369388
3.3246667576602
3.49736247035388
3.44697087901833
3.4612461203595
3.31717577114165
3.17021537364893
3.50759520326102
2.97804539665971
2.96697699613378
3.45940271778854
3.30284367150542
3.59128214496366
3.28679905862338
3.29501177796889
3.1354096492476
3.43222231787931
3.12915754814695
2.9127607071455
2.94163919716354
3.52265165519845
3.25054083370688
3.10735693215814
3.32988266347616
3.16036568577101
3.08867904115291
3.65785517867553
3.07443733689338
3.39380455523505
2.99180935340274
3.15609040839993
3.48359929479261
3.23618228506157
3.43992271439322
3.01995677102779
3.14110935028612
3.45547169010865
3.37058406020239
3.21168769006881
3.26738370966
3.31850797552156
3.1836682565078
3.98827958511478
3.10291232894892
2.82788482703197
2.83923331102822
3.15343686205568
3.28217709082614
3.14721852559648
3.23136795175126
3.30136402739602
3.35828584106916
3.64613180258239
3.10541194512549
3.28515558698077
3.14936027174734
2.92539852754766
2.88646922096014
2.89863637099439
2.98859708835486
2.84462169010278
3.03720562258346
3.08915637237185
3.64909476823573
3.35600245156864
3.42448955113115
2.93715202518985
3.23626509963008
3.51276173556139
3.31900475764402
3.51572107577381
2.94706418790161
3.03364830710151
3.05983218830469
3.08775306379257
2.97627856804972
3.39012090646497
2.97691653179033
3.03302208796062
3.14220598086796
3.36905240361968
3.46357698577248
3.11953525732016
3.18349073125558
3.09308883062803
3.06188692823693
3.56307539561754
3.20126397122901
3.32715916708771
3.47766444254499
3.06683076398813
3.1192094182015
3.21726718425082
3.26036348255643
2.85978721074094
3.46720920869982
2.99200976174738
3.0089842688645
3.1217542076808
3.18088681103617
3.52395424028055
3.02563817879883
3.66019006401962
2.83169371239893
3.21942266947658
3.01264437864961
3.08009778844009
3.09861870965078
3.08168401959128
3.27118464371043
2.97627628821727
3.24566365633847
3.23167328803676
3.2634291469332
3.3488927094806
3.2200604111953
2.95656131562754
3.91694705134634
3.0074685815102
3.08239191721768
3.1795441913212
3.07701129611873
3.31369179611458
2.95285198479489
2.93294150459752
3.53443434945451
3.28518173840972
3.20584057858684
3.14983616786108
3.54333947669044
3.00121554257595
3.27682015494349
2.87974790095295
2.94624104044244
3.18374448190602
2.91789908020744
3.29309283929131
3.11814746108918
3.32958389532983
3.12745651861606
3.26911931143702
2.93017078381727
3.29613211744403
3.17379004952843
3.19833546909289
2.99099007580437
3.28006189644509
3.10036158549918
2.98760562851547
2.94912295283107
3.16382688726295
2.70953668174882
2.93774313417367
2.93156676631825
2.96786787488947
3.17310051402753
3.16385057033687
3.25658191296443
3.06403914321192
2.86890123163797
3.03354492921238
3.54289917743076
3.14158783272573
3.03687555514978
3.10538860091567
3.19102657562355
3.2622173773245
3.0147112376522
2.88318099466152
2.9075306963501
3.09057006663626
2.9983305175793
3.19993693920156
3.04855945505917
3.11221645738705
2.83213780524372
3.04645379679055
3.41390588615836
3.30038892441778
3.1861475440159
3.27471049389173
3.16106543772302
3.16492121178268
3.33031503231256
2.94996303103802
3.25311603753694
3.43907261949831
3.23580177734504
3.06606284449804
3.20940735491187
3.12982835226604
2.81079151820514
3.08376962110414
2.89828325570041
2.88581966237636
3.37269059033223
3.12136748919482
2.94170069965981
4.09341405072427
2.94902401654364
2.85454149402923
2.98524599817983
3.23324963400563
3.02495889861711
3.1650423104759
3.27695482794553
3.00883743025893
3.32236404665229
3.20469880647063
3.22902671222719
3.02752266753287
3.03397174820019
2.76572588158247
3.02052032341769
3.17305657004304
3.31829296137605
3.15770085312677
3.1115671153487
2.98624539171911
3.24650019884292
2.94626857237783
3.19543955657719
3.0875919552543
0.376155885793323
2.98849640196407
3.10750435165443
3.10787760620417
3.13087213842278
3.34375100323716
3.16124475486308
3.21858269903598
3.0084009983027
3.59243463832097
3.14618639691717
3.65830625359631
3.20018844264326
3.37354917533921
3.03750806217379
3.52511197719191
3.55870998255082
3.21718400124913
2.97176563063745
3.28073285916994
3.07235359020426
3.57228825425747
2.8886883688461
3.10199759567008
3.10854266755028
3.08178265101001
3.08086933220252
3.20784820107727
3.14554114896964
2.71016079516186
4.19663991360777
2.84892317429191
3.12707802395623
2.77576631578564
3.20359522973503
3.09044153572648
2.82907080158865
3.12401379976903
3.2632043164324
2.73987414120777
3.01277362850047
3.15500228844469
3.49707006430663
3.02039679102219
3.29630332989899
2.72937494808569
3.09196003990839
3.17564887098179
2.80388529061507
2.84588727031927
3.13615307817353
3.03496666660577
3.42232772835235
2.94895303667564
3.41119615490208
2.91468756969517
3.82378362294269
3.30213426067192
2.81403292500352
3.01579843763745
3.83551143064875
2.92427403905084
3.30304765189786
2.91482354322554
3.10110853497605
3.28502698179987
3.05649319474276
3.27322199848081
3.04542340537615
3.15977527101431
3.00371613958008
2.96125753667011
3.0750659590699
3.32473733833471
3.88995771009676
3.32862454494612
3.37917245307672
3.28992512703654
3.26517208603684
3.04668995979367
3.24016348892531
3.33447232676927
2.94306156025296
3.2355801938618
2.91132439937584
3.14943686310616
2.93597822888249
3.00549080616842
3.44091217877513
2.95287049861361
3.00258713559995
3.06344215797994
3.11400847938854
3.30747022576503
3.07998900441291
2.9252573178402
3.01845633292628
3.68151696273839
5.05025400413031
3.2321801114694
3.18655552581831
3.21337906673414
3.37931494602936
3.16654053937136
3.27174288675499
3.42585843160153
3.41620977682131
3.09104451463449
3.53057157101343
3.16861108988687
3.28943454777939
3.0397835148307
3.36901369400541
3.23940331796693
3.13347459496177
3.39369008419269
3.04594531672166
3.2272660639592
2.99889911705185
3.46845515882141
3.12541278348868
3.35998783787926
3.42315697660938
2.84637817978876
3.02250106158642
2.77759488485461
3.07442110522008
3.04113795913606
3.08845474217344
3.16803671359551
3.21619046639559
3.31569206876917
2.82310110401573
3.229931875242
3.28052460361488
3.13637593907506
3.1814260522021
3.33000085793582
3.20302265804466
3.07611902915849
3.09030880999084
3.24506005540798
3.39071389131563
3.35959469365508
3.66602218551254
3.34078479909017
3.3800932888286
2.96239256437526
2.996092346311
3.2715412293029
3.34185753076921
3.2772463135002
3.13978007129696
3.08674411735216
3.31916425329204
3.0124939233615
3.16739546303546
3.11624359870722
3.33396598946494
2.95580039159598
3.26710530537498
2.7671158685627
3.04446891116778
3.20301596595571
2.89891104301975
3.13394370743992
3.19673208261655
3.33327494524328
3.0675598734632
3.07929362855638
3.21507897135699
2.86110718818429
3.15900103618562
3.12561614104878
2.82811495296915
3.03511683307772
3.39513395474885
3.04982416653723
2.83063883365629
3.11188237018892
3.11869068131272
3.05293101882297
3.1358925228149
2.95980151704182
3.22087391610737
3.280023249619
2.96344423779232
3.69075723908406
4.06545344568477
3.22808448422879
2.85089180523501
3.17893517869491
3.0975004049663
3.03128278091671
3.0363514838068
3.11174966335142
3.31481898685164
3.09248722591489
3.16705485044473
3.27878184211041
3.14142888736919
3.36303953919865
3.36955521203617
3.20879158625892
2.83336623836613
2.92982775951385
3.80982777869425
2.79156394977439
3.15194425396929
3.40963964831854
3.60576699720029
3.46809425366421
2.93611137898112
3.7349551347054
2.82707859107302
2.83047958529427
3.03237375239669
3.28312174850353
3.19573102070444
2.7238562269663
2.90312912974589
2.78162471364069
3.03538660072454
2.99932066493608
2.78041721306823
4.47145949846957
2.94125998541348
3.73280797372268
3.29343170263386
3.00215061170608
3.03396622580384
3.47044444079578
3.16065648380403
3.18915491780387
2.97659491439893
3.50681473172546
3.15044347160375
2.78070528384451
3.36924346582166
3.00891240638853
2.89586018515954
2.94707866385468
2.89784054463999
3.08288852706738
2.69444139694022
2.90705074183247
3.35320664679074
3.16280945509331
2.99644160772803
3.21356439603646
3.07459949871661
3.25526268307049
3.13659077661986
3.23203020787819
3.50544143998583
3.14118297576886
3.14102274465504
3.36495976332345
3.09128346856918
3.22064971455714
2.96654524406972
3.24516090534081
3.10838934693792
3.25936225252568
3.51714914354147
3.32736250108757
3.17948876800055
4.09290022500347
2.97410825013747
3.08379904454737
2.90620816290609
2.87334360388023
2.86145370949669
2.89765661729326
3.13496470969469
3.24283478050191
3.17350170122389
2.97948936526254
3.27373989131513
3.05041257897011
3.0431954383357
3.48105011272709
3.0953181266187
3.11927592852257
3.12035440869132
3.55151350784874
3.15957466665662
2.95134821503411
2.91729734684737
3.15368565007345
3.75839434332624
3.18095934346156
3.08346622657581
3.08969506838533
3.20902469285275
3.25509656884041
2.88688713669914
3.00060860674929
3.08160997149299
3.12717948206386
2.73024304793944
3.11196032487515
2.96272582379154
3.15371584623218
2.89354527613679
3.11465423020179
3.12084574852116
3.07706054839064
3.19766007853919
2.93535504428455
3.12384613990682
2.99997391478105
3.23602227001461
2.62096526170308
2.89554134241981
4.10015645335671
2.82169229560434
3.07853406568761
2.78235344663251
2.803463221435
2.92838895790208
3.01154304668603
2.88188909922527
2.87910077711021
2.87081314557744
2.94686993341175
3.12666566777141
2.57581049343805
3.2677867484703
3.35059511998614
2.55867518737617
3.70232380960523
2.81688536122387
2.98018155897003
2.70772183872949
2.96396017664377
2.96169958913134
3.07918693556136
3.15441400611551
2.80811199871231
3.07319001773344
3.19270517484908
2.86118458485846
3.13315498747527
3.23191193357595
2.84144163207029
3.00729197017758
3.11728971963646
2.95827041014188
2.72449528739231
2.97239458821809
3.205616644917
2.69639023368371
3.23142147161274
3.25741872665675
3.05351525723563
3.67484733331281
3.55905261359353
3.02786055852406
2.93039429801399
3.03060040008637
2.58644276515522
2.90480881908555
2.95330431740972
3.23607883053143
2.87835566491711
2.91318458280642
2.72203468597772
2.72622013184898
2.7727751164338
2.970701337787
3.0945416465979
3.24051962062847
3.02949220624511
3.13966589900468
3.13394417160563
2.6664914505096
2.90471908329013
2.97592050431974
2.69628950444429
2.78230336645083
3.00616526126241
2.7259602398577
3.05421357947297
3.15747482932634
3.02386826323281
3.09626851722422
2.82132178475082
3.21525936583572
3.39919894333858
2.81513090998108
3.80704889642585
3.2135638230692
2.60908514397519
3.49444789739511
3.03880653832769
3.09657832463371
3.24053009526914
2.95607320636172
2.98513872406
2.97212019700351
2.97229947075223
2.94011849641652
2.94088052537383
3.30364306166306
3.16097058528762
2.70690048453442
2.91079425531469
2.66103376561633
2.65298235484113
3.26520168696588
2.73405251507063
3.09299019714391
2.67670695340888
2.76305940462127
3.69029544487361
2.59571890481442
2.87380852964126
2.77967073276862
3.35745709139375
2.79242865634932
2.94235387331902
2.84339902107444
3.10902431215777
2.96565001182737
3.05154776290067
3.15404849568424
3.12579628845206
2.81285377332195
2.70377094693846
3.41885859461493
3.25278666825194
2.91505117566087
3.40661105749856
3.1100945867878
3.08084822546998
3.19126283124231
3.06588992678258
2.98680903021033
3.1675782628898
2.81472641748903
3.42123552972022
3.48241337205253
2.91247472990691
2.93516922639665
2.86338277668837
2.97574921620641
3.15864639345875
2.80075175658155
3.22041135098445
2.70086075381086
3.08124706264995
3.06452392158833
2.89205675302609
2.9124961157065
2.962858293111
2.85885474360771
3.55573154092548
2.78829264675425
2.6401912627688
3.08408220841306
3.15493749233106
3.27262267826633
3.10636205581901
3.09823813800278
2.5784890077781
3.04127257923461
3.01785620041722
3.31275494250651
3.13100399069205
2.83449060161307
2.84755486289437
2.81394919376647
2.69182794693288
2.65596930252741
2.92385948860591
3.06096733309067
2.61207071478997
2.85927217691162
2.85215313017264
4.03587410675111
2.99504338567825
3.0575570462089
3.02400418061536
2.99457248428621
3.15579524680526
3.14852550026712
2.93195201038517
3.05861881838196
2.82196245195931
2.87204211265899
2.94323315575186
3.93880636630561
3.04063718435421
3.04034924531343
3.06377865446599
2.71662876515407
3.64581900030683
2.82618304653471
2.92056652260857
3.11996943180388
3.58342625323714
3.53401104545773
3.06436466016197
3.11188768923663
3.20038206853091
4.2823457144088
2.76408407496739
3.11138519207494
3.11793785227345
2.9461170038186
3.21077268664881
3.37186723928778
3.54563389815623
2.93480007421564
3.16150650600385
3.29691852698958
3.52103938599629
3.14907802228809
3.33433444818117
3.30178962519795
3.2983463444918
3.05686721897009
3.13790496516284
3.22149209188913
3.21350420721267
3.18107328044993
3.10611200481801
3.27963515744376
3.3511186813868
3.46995246294924
3.17803945015357
2.91472103080533
3.18367734211517
3.34982526659155
3.13588559689353
3.02433270509621
3.17574677558341
3.33549229210009
3.30155248269355
3.28429130253538
2.99983128989098
3.0185355633583
2.69935737619038
3.05985711816722
3.0989068716627
3.16621079658229
3.07647466331722
3.3185744188809
3.31751552166461
3.10402875520877
3.11136967688861
2.91529970239711
3.06941482540839
3.076095003061
3.08027959197597
3.07208263037866
3.20438071959031
3.17745228944951
3.14286546430006
2.79382690344239
3.06242986128042
2.99787257917257
2.92468541400894
2.62792889263352
3.3367621383525
2.9483115908159
3.05047306910651
3.40259176546831
3.21690522239406
3.04445789610723
3.07900370425637
2.92372751253614
2.86177004272237
3.42595762021027
3.46666081129213
2.95760373103694
3.16109170610453
2.77196666773704
3.04673674716299
3.01197142541784
3.2175465637733
2.8904897122177
3.06672324768761
3.04793076670899
3.2519640304796
3.18499237017265
3.10734094358126
3.09747663464122
3.15374032083116
2.9688294798798
3.50689499763291
3.3729365299897
2.93308342083213
2.82359650513092
2.99148544637295
3.45853013471651
3.23680329766315
3.02774908098589
3.22501052723874
2.87504765014537
2.98287843060166
3.11372593864552
2.98427186312367
3.09425429202404
2.77607340348162
3.01900023533797
3.17629431565359
2.64563467475834
3.185686048456
2.76323577094232
3.04018545776586
3.17805808616765
3.24584084414153
3.05439139401179
2.87117459124247
2.80175794406981
3.45185755551566
2.70688180390627
3.63421516648003
2.93528727781147
2.96241822524901
3.49515217195294
3.14258071016631
2.85880463028996
3.02734738288154
3.27991086710942
3.14705959057953
2.66093937968402
2.92130483800111
3.24337542520944
3.39259705711535
2.83850214559383
3.20820992310943
3.64503685852607
2.77690874923184
2.72229194609307
2.82989894822569
3.01979728299465
3.04453565728571
3.39233710916264
2.84534240054167
3.3860196673397
3.08554302039679
2.90739204782174
3.06843641630501
2.68973802928607
3.17460955202789
2.85826848975162
2.90601147491968
3.03784380356453
2.81043403711588
2.79733788746131
2.83483167833525
4.14129676457584
2.94656725101911
3.00326670296186
2.67809744343094
2.99497814845495
2.93174346499009
3.17296854089036
3.27352794823187
3.27980941339127
3.2095909791277
3.23419793254511
3.76272573654455
2.75319599537692
3.28686061476384
2.89152189340874
2.86751153582015
3.45165524477057
2.88463701016906
2.75270884766047
3.21791022566838
3.27736516028741
3.30088269390419
3.18935621478405
2.70671886041399
3.17719981278463
3.07166303312588
2.7346703077102
3.16704767212698
2.99532605125094
2.9826197670792
2.82638794623332
3.29845349295474
3.65527694027943
2.76370164261551
3.15096021619277
3.4906318341926
3.12638055148368
3.10710675850947
3.14998621330596
3.34349067477979
3.08097010960685
2.95424530029949
3.15286716138582
3.14873407703866
3.84999175732461
2.8260539097825
2.67282655219864
2.76556378516418
2.88341355269851
2.60734487203994
3.18199284107699
3.46269087026181
3.87977192869518
2.81061211382828
2.91956857942637
2.98795064597169
2.9906037355837
3.09237636568679
3.35723260556418
2.71118406878008
3.12824401684429
3.20412875861857
3.19645625144558
3.5049827094443
3.03352972119151
3.03117148742651
2.90200659346681
3.27044969252806
3.18963692207696
3.22831295021874
3.13581923318784
2.77243794394666
3.06848648593257
3.16066293946664
3.00800624545018
2.89837571925706
3.42521760646707
3.13521278798534
2.853204872609
3.08670046944784
3.12890396315438
3.22684449268124
2.80401633476573
2.81689176204757
2.70779368808913
2.95571269663161
3.12432522671083
3.03221357538359
3.25992940787288
2.94357053268194
3.4027765394526
2.71994094205338
2.90207536904256
2.99763378387128
3.13353405159126
2.91805256302891
2.98782513397953
2.39881485753611
3.03783669428237
2.82546678725234
2.89042706121039
3.06837981177966
3.26286256741205
3.00437112229613
3.0855090258397
2.99304658951713
2.95129245682983
2.94267374286161
2.88062983951726
3.07480548920805
2.91401301704981
2.8542563728044
3.47037678653726
2.63525100205271
2.8554467997886
2.91784246485126
3.61432439873654
2.75643223540655
3.23836834712441
2.8632574333032
2.7763272157757
3.30722834547082
2.64694954014676
2.81598351324416
2.96220720254046
2.73747781337933
3.08062113655784
3.3182952903609
3.49409583231433
2.68116681452135
3.62642844399457
2.42304040949997
2.8585711603104
2.93360069618261
2.69251760212961
3.1608271373516
2.99820172069794
3.16970884020719
3.15230280452224
2.67156645608049
3.28461727176353
2.9730013816614
2.9514059053984
3.19678557093583
2.80318161018006
3.19902448793993
3.1105319151926
2.98430175794372
2.77593589652746
3.50874712079125
3.08588712136139
2.88652908191849
3.0083460016599
3.01372206552177
3.02544620888135
3.10523638291289
3.00411457919063
2.91470478732206
3.07383408376729
2.8784330505448
2.93709818561468
3.18027774709721
3.05008707504823
3.02875602592703
2.71522967337225
3.63178613186973
3.01989997838454
2.75799500100867
2.43869063212208
3.3082868526318
2.78652845247776
3.2027347947115
3.00549768026872
2.94728990090439
2.91247441674583
2.99902214866229
3.3598129295441
2.88980840753249
3.18729740635527
2.96827502453793
3.14539321623599
3.115710379864
2.60184687099585
3.08050153061235
3.24308059498735
3.02685839081616
2.97845167282791
3.07147802558475
3.18226581209375
3.37676995416009
3.10366574281066
3.2334681597272
3.16825045932664
2.92844833960694
3.42966832229733
2.8783117849441
3.78320433970809
2.54689103260303
2.80615220433896
3.11218983280848
2.82713242249479
3.13726409419814
3.28723301254158
3.07888332142533
2.94441938019249
3.30112209822528
3.28920798569062
3.09247435365618
2.86335122198701
2.86633042395303
2.93476322767857
2.82622109673509
3.69380121959022
2.52397287339211
2.94716385549871
3.2534833794301
3.19556237448191
3.07804084709883
3.13880736604753
2.6193512986929
3.19585938550664
2.9775514296955
2.75791388096925
3.22128336112913
2.61275132149134
3.30538643743618
2.87010197417352
3.06835914295182
2.945776337756
3.32292790419728
3.2735489238151
3.42593836639149
3.42253844747873
3.0902631548255
2.87958263407955
2.9357924054651
3.17691976562091
2.71361174425618
2.87405116238663
3.06380443076249
2.89946064591926
2.74878640298543
3.04621030967183
3.40849352252136
2.72738165984984
2.56388455560912
2.54688987913765
2.94038628995388
2.63710587881618
2.86721098979116
3.17479773309489
3.05204862465651
3.17155554722434
3.04040058554512
2.9901092597933
2.88551859759618
3.14024840755481
2.87485083299289
3.03453828259813
3.234523444505
2.8542769167319
3.49582334419664
2.75587334890846
3.19718659807609
2.91911204953245
2.92390998308618
3.13693017708057
3.12442084303537
2.77804667196985
3.08199810239589
2.69351011875242
2.95079410579151
2.88801723039825
2.78903600570222
2.47373540945227
3.15048243896854
3.50905800131041
2.95361021451716
2.88260962301262
2.55755008048329
3.07881536496371
3.00218793332079
3.1123629310005
3.13120972325074
2.91307125682482
3.09777396346237
3.0732765136704
3.02212881434435
3.02970232816971
3.08552664860391
2.8341637432277
3.64469166096728
3.13617166193999
2.8334208734688
3.02968298121402
2.58335228471095
3.50538429835527
2.98299403057663
2.94310160732481
3.01147310002794
3.08931297529217
2.85302566465004
2.98431938946268
3.26877184702117
2.69297450259894
3.04775361987694
3.39338107299355
2.7824508099201
3.2590662693959
3.0996296861376
2.65583202886539
2.9981361751702
2.94635538493376
3.08221940782056
3.13062699005879
0.28261036562691
3.17766055231421
2.70576169494366
3.13217097361485
3.05440985517083
3.06050082508793
3.02698343503658
3.08106784583934
3.14069475718641
2.81435911390794
3.36169470197036
3.22735345208421
2.96065921635493
3.02280814366376
3.46142410468021
3.10948629811317
2.96987737194349
3.01242194562247
2.90697502187249
2.79513354865521
3.44845262365511
3.3161534167887
3.07098841426594
3.26938318264176
3.01217842242845
3.19010305061395
2.65197751525995
2.80888480236945
2.88444445983744
2.99610787803803
3.21001279774302
3.048861692737
3.07463583730127
3.08584759451285
3.11312201026998
2.94750254982588
3.20017139225739
3.00121758543059
2.87872368293303
3.25960192547918
2.85561644649997
3.22442427613146
3.01408950555917
2.96906666863456
2.97551641572838
2.61893611583867
2.93136382326136
2.78091767423729
2.93178073685438
2.9526185096501
3.06892086878644
2.86591505965649
2.74263899358513
2.92286255359061
3.32725708449157
3.32665681724053
2.80323592125319
2.89300298937061
3.12224166720052
3.22016502324528
3.07482130673109
3.13851303839424
3.30841500156939
3.112571591173
3.19552586252719
3.18162811963376
2.91358759013359
2.8421352187366
3.14893028952381
3.39783132509119
2.83432656717576
3.01105484301214
3.54207352859292
2.89219208990346
2.39132958858987
2.84094338119301
2.75751603618803
3.30736489085353
3.04358441606267
2.62055206863368
3.03325218068657
3.1813314569524
2.79919736951131
3.15629062731658
2.76711614685606
3.066602645415
3.02636675993104
3.12829633954395
3.04874296985527
2.96997808989275
3.04760045043749
2.90422303022038
4.07830943530148
4.91485053904458
3.21237863407904
2.92950504524204
2.95800084193424
2.67674882362373
2.95917094994853
3.28586524592987
3.12941142355214
3.612538730363
3.27279790056919
2.59351950608567
3.26465235398721
3.10249982359429
2.69362935971063
3.01705644048232
2.62898988949232
3.01763488763058
3.1514718028023
3.10228642661387
2.98111832837328
3.23986547842965
3.4335003010248
3.07364051571212
3.13254269994102
2.95887409677166
3.19749522864959
3.15853863292254
3.3526230990959
3.27636999089192
3.25710102656415
3.09478493699601
3.12329767850723
3.29911916055411
3.38626556991049
3.25285374058336
3.5550943403986
3.47960014586763
3.43816741186724
3.01985492271181
3.10764336014213
3.29790514809834
3.4478493463037
2.96160818096365
3.09823098449353
3.86614055215203
3.17195989045823
2.97787589569386
3.37436886212046
3.23750892924828
3.32790107692296
3.37008490312936
3.13637004951033
3.0552142051881
2.85796335898467
2.84852318152963
2.691491713819
3.10928327060936
2.97133030491335
3.19525722398923
2.98676092135606
4.40394684314675
3.21744478083237
2.93393062310651
3.2554300675413
3.37087922434763
3.24479567903128
2.90394255480294
2.83354014204651
2.53870387256726
0.247018437339333
2.9119782374636
3.25810535902117
3.54757981774887
2.90248266517982
2.88734091979496
3.12996348512532
2.77828750761641
2.77384812330915
3.03307871611185
3.11253418017105
2.8884423805251
3.20213951703997
2.92733065522026
2.7925920057323
2.94694191002612
2.85695458868464
2.7916190047418
2.77390573648363
2.85113072187355
3.26150564860594
3.13335968550088
3.28021650473975
3.34530398897021
3.38740727005673
3.07788776317691
2.81632607600024
2.74562130621752
3.14045952007843
3.08092450255402
3.0055742032702
3.0549347553397
3.02495881975167
4.4234443436148
2.51319922970512
3.14624946721928
2.93228828193464
3.3220735432043
2.43891656260977
2.99204207876421
4.10769177739873
3.01225566486532
3.42566771879608
2.8458352598033
3.13251781280512
3.29407427159162
3.01571243419371
3.17997523450004
2.70106714227824
3.18058233643082
2.75824096139526
3.0160551676859
2.3979756359916
2.58223107514357
3.51829246061546
3.51944531350409
3.01090625368849
2.97241581692476
2.87698258660756
3.0935210254859
3.10495263740483
3.44884880515165
2.76274868477869
2.91131665526051
3.13060662449924
3.26419476611645
3.38830713464041
3.36595261193434
2.75998371923428
3.0188777362006
3.3189872072417
3.1202416508949
3.09843325425771
2.81843200871513
3.05971237953867
2.98878581562904
3.21012744136535
3.30820033492624
3.84761416919876
2.97839000805258
3.09134972184046
3.055358978932
2.98626194334026
3.07498567157395
3.1122152011393
2.83234983907176
3.18372835382027
3.49205049025662
2.75198813819698
3.25581655850457
3.39942992815525
3.73868755431858
3.21844233229846
3.05552081519363
3.23580691199143
4.07078460220696
3.14839110665881
2.75503740624036
2.89328376291441
3.10888906411228
3.20537496352071
3.22325601437929
2.61271505177465
2.69597043301624
2.82107699313128
2.89258024727547
2.80686983848842
2.46737427115796
3.28273635815376
2.54973561230893
3.49306081806737
2.61456602046534
2.89405273407673
2.70582641916323
2.937810316556
2.88221057753025
2.71792282967565
2.9329516451139
3.48333399315338
3.04234489336455
3.09782940320901
3.35750021821707
3.19497918060117
3.00140286421688
2.84410867672931
3.00765065358014
3.08291113585837
3.1902684646941
3.192639756928
3.63708241924832
2.53599611319088
3.0751009138643
2.96100357566631
2.85890416412817
2.44249131706729
3.17549901026559
3.43108875317838
2.79727811374795
2.86363363548405
3.2703791063276
3.09977981063236
3.02131066914808
3.28033737881245
3.27893402647232
3.06324692243369
2.88303989988525
3.20225319138917
3.16017842511999
3.14423346691562
3.12902391093671
3.11258642622138
3.37797818972863
2.61775669154758
2.84686944981423
2.7702526349684
0.226925352910048
3.24240076476272
2.8718994894818
3.14741961304331
2.98735437259219
3.09734423549914
3.14310777815195
3.22969348552882
2.85220286958546
2.88135750589878
2.42065820507357
2.94280006750439
2.69881028070853
3.20462113919397
3.48523525553301
3.82251828691148
2.80462060403496
3.00482747846664
3.43075613474125
2.98249421832429
2.50883302621408
3.17501504289145
3.91592632184652
2.55021909081185
2.90221220954388
2.72662011664345
2.60228572333682
3.3081078316352
2.90119136554989
3.07238670033923
3.17073274277432
3.22517778049597
2.60967730439464
3.03633346545582
3.15951099016534
4.05907990015215
3.17784243020354
3.0802382852183
2.65058273152242
3.35405767991171
2.86860586551291
2.82740030017471
3.09698860571135
3.01015557614003
3.08918168932557
2.88414088910208
2.91482703406228
2.78769732593887
2.83068062837816
4.22904377489402
2.60544905914058
2.48510599402941
2.60912847375256
4.0387787626412
2.53280421206285
2.73943089256028
3.19179597036627
3.04062542356965
3.1539929343139
2.7885895261945
3.29218958510186
2.48938319201718
2.94274121341686
2.78171983890319
2.56696732954884
2.97484763527142
2.64964486301065
2.70800601843682
2.76353458150715
3.76298874531345
2.53870787998809
2.62045346289419
2.42119988249633
3.03330262976176
3.57350441360621
3.06308717714683
3.50691542618029
3.35619391173943
3.12504050097654
2.77766586137988
2.85686717085183
2.57711653288387
2.87477877006346
2.76410615239387
2.96836803347722
2.95525563070028
2.7749130591918
3.45263322676188
2.57586588740431
3.22487584506402
3.08942859039342
2.66329995294039
2.85602514880874
2.78934070843863
3.75596807725866
2.84093183732954
2.92033665576156
4.58721996467588
2.63414251354746
2.95767950524457
2.35641566639013
3.17537740013492
2.6536398495223
3.04780151210391
3.03156421605972
3.04114392662068
3.57821740335709
2.99846515166376
2.960577832029
2.67532422768754
2.95643842161709
3.50878351219495
3.03869194038377
3.45580981627077
3.98805365576575
2.85880252811906
3.18707639852879
2.90108577337602
2.85911420783956
2.96296858213393
2.89242951977557
2.966883546566
3.11033889681808
3.42931737391998
2.56868314539505
3.18671644323404
3.09239798354937
2.79722869546149
3.05737072486857
2.83664506358505
2.78062020545925
3.47609932180894
3.02537164745601
3.33910590426711
2.49622671135273
3.05404411611667
2.28869791970075
2.91410340797502
2.84338417102855
2.7092686307724
3.25181196289261
2.1768935334937
2.36519417934579
0.215989103861904
3.37559302669412
2.73161826398058
3.45478397752667
2.87551227465557
3.05018837607846
3.12674593356188
3.1448327155514
2.83652788481697
3.06038786622441
3.38975472954191
3.03328744376104
2.82241129898556
2.99567713685039
2.855488261365
2.81862471787123
3.15938296371557
2.90243093973136
2.84498559559598
3.01427904849445
2.72013032166008
3.09198674395567
2.65461234785944
2.71676227457983
2.86300253307042
2.91222177396624
2.76770616956105
2.82257601229616
2.70576579454134
2.7858366744406
2.86691327499302
3.01298902847452
2.91920490865997
2.83166371407343
2.78830842847358
3.07528413499041
3.07219220454243
3.05483359390466
2.71972447853502
2.80492610729166
3.05812763693646
2.96553642517262
3.18569687478651
3.20925055221151
3.0339777268131
2.92441480445406
2.80669070058345
3.09266115970455
3.08540337440458
3.76560101800079
2.95091678948722
2.96767667507683
3.07103844411356
3.11705657433534
2.89299571898252
3.65342832123606
2.49302931891833
2.8027871833102
3.01719341486087
3.23396056920671
3.2055717462837
3.21913182299417
3.01973743299817
3.05478825344731
2.93859725196119
3.20333302891821
2.95861844386393
3.01953178645392
3.06363234875151
2.81540084583127
2.89347819984463
2.81571228234077
3.52589380546933
3.02285001183313
2.89835555646687
2.887393909588
2.83626509783509
3.17196444077347
2.69541678443947
2.82731294216122
3.02693453116059
3.34621332856004
3.06444706887865
2.96525745239573
3.27479295956293
2.86656122326823
3.016391492118
2.8640836278816
2.79120391559255
2.82625014139973
2.83853980264642
3.04023626039933
2.98940367380321
3.07836836613259
2.69326893002483
3.96593822888604
2.82196858852978
2.76730746796189
2.8829197750275
2.84953248131023
3.02995474847119
2.64047198024582
3.0759842955141
0.205000467396317
2.75790649329484
3.08742794181946
3.11541649929347
2.83856142269403
2.86941858360519
3.08183073047176
3.08012839743427
2.8173246090676
2.72998024125131
3.25576280888469
2.62317767037675
3.04680006862296
2.80077209245686
3.45256736340138
2.69935721111735
2.86465530860429
2.98141238752352
3.16189463652898
2.92118388885389
2.80439131720988
2.67865305556815
3.04678946604241
3.1161505341009
3.03456238644771
2.76410324578826
3.1137045034616
3.35845391254628
2.74047510176733
2.71469958172754
2.75208111306812
2.92019423273113
2.74061155945805
2.83224843908745
2.8376291065888
2.85271614968659
2.89106350569456
2.7601471671352
3.03860422645118
2.8654548156528
3.00985130253773
2.87777196899703
2.52515162088641
3.24744364790072
2.89478310585835
3.05362506780023
3.01638585883485
3.54027001167527
2.52927818424752
4.82213579264081
2.71412924032563
2.7208032891482
3.16597403483256
3.23511668840385
3.02963243611113
2.92111963742608
2.98884143257139
3.1573920581711
2.87142911596883
5.1354386484041
2.67809126268408
2.87704795161941
3.16838429211842
3.06467611971231
2.71118381451919
2.84774599152906
3.53478031681099
2.98528132553916
2.91606704916453
3.04174117087849
2.8193643246478
2.69616105839053
2.48163812637864
2.86763624877995
3.4120030265508
3.06208283895504
3.03296812881171
2.94290525473585
2.64025977395174
2.6407653105795
2.77435264455357
2.10771381186318
3.08849958741736
2.48818077512415
3.55183540193324
2.88500533368083
2.542416414143
3.07380693059054
2.72873188895256
2.64246261939905
2.82097935433701
3.04397353279323
3.19787239308703
2.96633530294096
2.43766955627507
2.80166171725701
2.67513434545807
2.5321693916874
2.75584425487575
3.13572685849872
2.98710488184449
2.69518140149769
2.80372737922837
2.67772320667134
2.57578722379256
2.80280775579929
2.53765584579153
2.9455216617212
3.09317303329348
2.80722561352704
2.66467162049728
3.03777707019564
3.30369846099126
2.62978810655276
3.33194731752207
2.39191497817257
2.99535226821641
3.0798510373474
2.9614389393071
3.12435689813853
2.71999924935425
3.0484828647994
3.10864806628317
2.99892967408644
2.7904233343071
2.87904549907681
2.87961280204184
2.80061205670523
2.72916641954995
3.08331340161403
3.21281554310071
2.78982423918045
2.96018838419477
3.21683613633789
3.296773809784
2.97304280677339
2.8971392930673
2.88801203083848
2.96282237775858
3.16408840808556
2.35010914482327
2.72265575266996
2.67385859797577
2.67682369272176
3.40288734717136
2.83033670740151
2.83441401446381
2.95902061489124
2.81858559582052
3.00401590517528
3.83138494773039
2.8467068146223
2.98166914451803
3.82436113143496
3.10494115287198
2.93095327242163
3.14852959730894
3.0286416619088
3.07641489907805
2.88179421935419
2.6404624905564
2.98104771299163
2.63974030504329
2.93777313753258
3.85392981107278
2.7036419071025
2.90200068556976
2.95748686657539
2.53541622279194
3.26847188164619
2.85677525031861
2.97199307538156
3.87574494588961
2.83032761612692
3.11962274988452
2.85807663373108
3.03170816521398
3.10487807596434
2.97949923126793
2.8782765227146
3.45704707228468
3.11029388117667
3.17291702034826
2.92690957132553
3.84567412529254
2.95040019748245
2.40468470479158
2.94901015669912
2.4563630968977
2.87089200316171
2.75588441876306
2.7848130900141
3.08260224866674
3.09187117761057
3.02985174225969
2.75353615302511
2.90128420729677
3.10891384689602
2.56293477024383
3.06247746403122
3.09755363265937
3.0903872169956
3.03471678075461
2.90137083561706
2.74582583911026
3.19224294467868
2.88729363078439
3.00699793936481
2.93822418142974
3.16200818214676
2.46034372490645
2.9268900220044
3.05219056726322
2.58360273042297
2.97874549416879
3.23329518477956
2.43578626998313
3.19682439596538
3.06789200550493
2.88385080158114
2.81399346054955
3.45880729889146
2.56162385809606
3.31384848081223
2.83209516857096
2.80428653094379
2.97787554906233
2.99602423643683
3.35705689710617
2.87322235949415
2.75892421045105
2.56454086709991
2.97091434312312
2.75735636248802
4.52739926019744
2.37647991246199
2.85283489832017
2.27462783047457
2.78617067014039
2.85527294368633
2.57292798618508
2.67318315894835
2.8614311646979
2.63488046927271
3.31409790070132
2.62459195193105
2.95820983563191
2.89333202548772
2.69849896425567
2.68019632984253
2.79086827775753
2.66183938486672
4.41340000562722
2.90267241058156
2.88332366211072
3.13398037117952
3.08936535452713
2.96462937471328
2.66924371784187
2.83943281313675
3.14407131071639
2.93163639939998
2.9794130683874
2.93425837347744
2.94707096884052
3.06811318920351
2.99516225110452
2.94289224300545
2.88290557669927
2.94013554628061
3.07172037980461
2.6605507391806
2.97429066486573
2.85095105449555
2.67060085157156
2.93586209271564
3.17739499989129
3.0159190330829
2.83011175001467
2.58369776901578
2.83507814404814
2.84190495596729
2.8523386275828
2.92600663337541
3.04252661331005
3.00876573101701
4.38550054358849
2.43564440922258
2.660740515737
2.84763420928094
2.64778000644633
3.10567567662994
3.19011412531262
2.54693075914318
2.97909235600328
2.99711137330679
2.46988232206514
3.10080196899338
2.89126711777448
2.28685201012145
2.89948034447121
2.92468673827866
2.66336253852037
2.86438151862864
2.91730858665788
2.75912252903255
2.90845255921471
2.62542679453486
2.55918327318711
3.52505471782563
2.78349702967093
2.66998815866089
2.81284931362269
2.50860864373056
2.8878955789757
2.54785151122305
2.6106765433956
2.57206687855376
3.07579610640089
2.6675012596033
2.63105130455889
2.71722517535326
2.45391358219735
2.79189255609121
2.92386514633718
3.0456828388783
3.17285093843812
3.17508288961592
3.43602030473731
3.18019173105324
3.10128955325928
3.0001631502683
3.18338042956152
2.8145066510315
3.01022173420232
2.91822487227181
2.96039443160145
3.05579643712554
3.13410347728503
2.96146377117609
3.25159513603708
3.37791663489071
3.00154353317406
2.70101668330273
3.00541902330515
3.38060930962363
3.70244171086734
2.71920537206954
2.95808382257744
2.95615788629688
2.95999850881022
3.16598516012781
3.20368641626585
3.14469369534875
3.13578464146482
2.76294685046907
2.84838791334822
2.40631687825588
3.26265430103236
2.83947744510535
2.99597194338247
2.89234042452152
2.98305924696818
3.1370950104669
3.20033363408549
2.92134065808836
3.04436888046866
3.2031846327584
3.05215870508251
2.89623366077912
3.0217350182534
3.09816601959932
2.94436726537223
2.95658211952142
3.19070367762789
3.13436437157726
2.86867932849272
3.13933506932154
2.7993841112473
2.89523865976344
2.79584991637414
0.20147678875005
2.87940619946222
2.63640948388973
3.05444367910619
3.4339261809855
2.80080767120003
2.78855132711478
3.16525895494267
2.79113521419457
2.87778191365956
2.98495603962412
2.93436867903377
2.99938601215584
3.04805912633911
2.91449746581589
2.79390022320387
3.0816316299326
3.04040301612976
2.74861275891058
2.48597101284484
2.88226912719382
2.95868288756051
2.81883333527676
2.89482449334838
2.78586791521193
2.85717408703092
3.65033572082136
2.62665062682012
3.90748231625496
2.92356966249209
2.83106682569471
2.70129707317115
3.06684898421881
3.17100070327466
3.80488888452461
2.55094225957849
2.94725102661048
3.28539118325507
2.23600254103206
2.88739033938052
3.38834066414882
2.73116660047045
3.22145806625754
2.55389355707151
3.77568880632812
2.88958829311716
2.83388507758569
3.1654652817754
3.05463105296016
3.75517045295706
2.68004973924469
2.61662688072391
2.80715199414757
2.59288018979129
2.74018730828711
2.89271360598109
2.60494339044089
2.85055802373556
2.99867141698179
2.80545236075963
2.94888869654662
3.15754120656879
2.68716042049583
3.03426923649351
2.58883934677793
3.51086009996015
2.51667863973473
2.90645748825015
3.08590999870536
2.78822564563475
2.87126924189899
2.94769603979483
3.13697592991812
3.08800946566683
3.03771081450023
2.71931695162737
2.72709378706519
2.78902526881046
2.52314898461438
2.96232202425003
2.72583880368465
2.66826594420619
2.9722140054027
3.29725108530747
3.14546002409718
2.76144154513542
2.79591617958602
2.78948604663133
2.85202589851896
3.15348764405379
2.74342214211616
2.71703724460598
2.92984524964225
2.80458673320674
2.6774057985351
4.17767933991768
2.95961623372885
2.66000692096802
2.22106988109508
2.90038499327234
2.83022290340828
2.6261724038112
2.76483578093851
3.07462111122333
3.07896671366979
2.77827697017835
3.01279039184495
3.11498150675261
3.36281762508906
2.75169521272149
2.88962407140659
2.91352797268487
3.20695026502594
4.66623049736681
2.90898687229039
3.01204391859804
2.99194961096771
3.14700972092636
2.8196504935364
3.14687243539228
3.12191927318916
3.12318255722425
4.43272948132029
2.86167206335845
3.00350990689269
2.97830868403323
2.74660550909016
2.98205934107503
2.58602298437474
3.28473012226684
2.99418639479305
3.08163696190028
2.8985032066827
3.39910847603959
3.06815791441795
3.04635980169528
3.08380423247853
2.9599495521142
2.67513441786355
3.18179014894083
2.98092408253298
3.10861266337517
3.19130941119551
3.15250784800182
2.92773325517227
3.06640057680369
3.1595636495805
2.87113460553454
2.87641036020555
3.68123813248831
3.03796028552067
3.40652483835
2.91652361179373
3.21185033674645
2.86808109453288
2.85530550528197
3.11981823657643
3.0522247138634
3.25408603183208
3.26328659062062
3.04590357295575
2.86758035966066
3.15996379197288
3.2763032384231
3.29817617510394
3.09719816646823
2.90273687326769
3.28556363180225
2.84732731341018
3.07087576022691
2.89512252248313
3.02657694076953
3.00693505554735
3.24414469422848
3.13338875046698
3.09323824903341
2.9819107537736
3.1676850647636
3.13230032058622
3.12726351431826
3.19739758719091
2.90374822864112
2.92673965987865
2.77432035529151
3.28844593621449
2.93518510346786
2.76953261760478
3.29257513521637
3.10424309481158
2.94538357507586
2.67470863920743
3.01249909638108
3.05857744889353
3.02753070139844
2.81261175471936
2.81630870845572
3.0581479044342
2.81946365075792
3.40702551296776
0.196118191998949
2.83325550472879
2.96422971033163
2.88446165843432
2.67036482987311
2.90082043337228
2.9874230042399
3.19447815815295
2.81690644849827
2.99055828830405
2.78830175549234
2.9556500037452
2.45773739945622
2.87645304812009
2.51919248369777
3.15260897177006
2.96152472721047
2.52840742052821
2.83730710659901
2.91604103768373
2.81004955029674
2.71097895765787
2.76808874114358
2.709683945618
2.85387919298838
2.95983422291471
2.82253283649729
2.99908275140845
2.75978519120385
3.07952583663465
2.91933591609307
3.06003952561478
2.82588855365054
2.84822849426667
2.30839931134307
2.46066614276757
2.7486630799987
2.97021743651915
2.54571756417139
2.52259283492135
3.06581380438317
3.18410939698377
2.86321124586254
2.86125178182455
2.98838875124315
2.71471742523884
2.76228024542022
2.69453787931016
2.44987540964485
2.90440787439824
2.70051712526302
2.5900803790131
3.412186506293
2.79242718560932
2.73926816630588
2.69162332909225
2.84273502348319
2.72693023881022
3.85854761783995
2.78873433848685
2.69445952010502
2.70499583671849
2.5302952036979
2.80412492390003
2.67725584293228
2.4609895825366
2.60373086643429
2.75764857811268
2.71042249536618
2.74241016712344
2.90400529627856
2.91009810166511
2.8772216676458
2.6661916840122
2.78692197859625
3.31938289764764
2.97779462352992
3.02861802224253
3.08959733190042
3.12680010767861
2.70095818142613
3.557161505522
2.51718956507241
3.00618929848092
3.01476722620251
2.88458774742284
2.7902882406269
2.99971614224852
2.83434676121453
2.53680028635759
2.76950581129647
2.85458584874592
2.63361378013392
2.71849543040555
3.04722371198504
2.81656795334911
3.20170763251256
2.89767402278331
2.83463349805991
2.70127381153791
2.77563731663157
3.20520153470312
2.69067672009043
2.74023169976669
2.7133311561867
2.76568671926959
3.01194858947822
3.09976729463693
2.21206373560632
2.60915745636994
2.75174001917701
3.28230907088404
2.48084140697571
3.04818047564449
2.86700265069221
3.17591057804777
2.94566619602022
3.14842252709532
2.18454821131079
3.10672097546136
3.1009695861137
2.56041926013121
3.18055624143846
2.63256222829141
2.76246389386015
2.94874304168866
2.62430081275712
2.91923593445339
2.62504610140478
2.69780163945751
2.57977629237596
2.70173407699721
2.62042506091968
2.91376665441016
2.8204938122056
2.7569434607832
2.93517561823082
2.72239854339593
2.53903385815963
3.07073831426185
2.64239774153046
2.62868957467497
2.90746113506294
2.85755712632526
2.71470713845757
2.85928394673047
2.74779794527745
3.05224399320978
4.77977148578948
2.85349332728605
2.8563892255615
2.80820711090798
2.75642178837155
3.02075894897069
3.0431411741988
2.85370636791768
2.88256017656593
4.14765789967508
2.93807991429325
2.74207927034001
3.31035535074703
2.38299134959704
3.05968884050615
3.71099904115126
3.0413562729914
2.92408300907982
2.69491222119559
2.51575706422233
2.81402497821621
2.5063825417491
2.79712350677028
2.90964552866666
2.77898107677101
2.95988828524098
2.95706509208609
3.32886873770817
2.33047180565685
2.84704088816775
3.07228843941533
2.90407421908564
3.28038696307554
3.28635438705875
2.69913590035969
3.05933720969753
2.94504262091266
3.04910329304962
2.84531971690091
2.67263669454526
3.15940936793479
3.0788627739417
2.47872403787095
3.50694981167146
2.36708629676415
2.95122074676197
2.8365559796389
2.6606343756969
2.93871158746921
3.68017492998144
2.79879400403291
2.60423855342684
3.22540683184557
2.71470743081346
3.18200677137313
2.55103955049125
2.64806075667461
2.9346503610861
2.70195245418304
3.63022519779696
2.95956416563539
2.85668403257244
2.71014520045742
2.8562864323042
2.79881676117767
2.5356658817965
2.60572611311841
3.02011997939665
2.61729703076861
2.95898211042033
2.77578097914739
2.90410800656342
3.26097094564566
2.10463960307945
2.88244153081003
2.75115749955404
2.89719947130704
2.7541071801768
2.8602836242864
3.02006344018242
2.82449130572591
3.00039455446023
2.90366033334105
2.90471749902641
2.75218291999751
2.945899614736
2.97856649531019
2.84186263565148
3.05335573165648
2.99456214587674
2.23756937203048
2.85484035223357
2.37841224950397
3.07529388445435
2.69290045490588
3.41956455142531
2.78747977473604
2.93292249003458
3.23444327834127
2.87523078120977
2.72557019760837
2.98633334246416
2.6805199895237
2.74484285479917
3.95269178117578
2.50995817423286
3.24528683792859
3.01969732666448
3.22631678677444
2.67473611584885
3.89903146854659
2.5530739652875
3.90951202414219
2.71416841195079
2.71194433218993
2.26858826576464
2.97302708186279
2.6824837253629
2.66161059385196
2.85633577775228
2.95025453989537
2.95537202660877
2.60492401476319
2.82090982267819
2.88127192354662
2.60626104693514
2.86093922930519
2.67670299949171
2.91469850701218
2.8908273375246
3.15449652884608
3.05126590902691
3.08130516248792
3.06067594909721
2.82814750307994
2.81412489452646
2.87545816870276
2.91798394902758
3.1677347093843
3.27042841280241
2.74965507886189
2.99787479651098
2.75064518546014
3.03709773022371
2.90013113553495
2.71178939439707
3.39608985939643
4.1106365804267
2.63585377551229
2.84070462172613
3.1457245744942
2.77844866277719
2.87672298877003
2.80393370127382
2.97861410359642
2.46759819340771
3.11426968550737
2.63787775476659
2.92112560367683
2.55126149780469
3.1581722990158
2.72778170549971
3.15242644137864
2.84291632260712
2.87243154522403
2.93468148594486
3.00617125693263
2.78032112194266
2.81467386213018
2.80833945748945
2.40243936304755
2.23940927769293
3.08676527770173
2.44036979058319
2.94545212472276
3.25949866746985
3.24593500943321
2.45846677984584
2.82772645634848
3.31100049977682
2.76139688470405
2.62237399501101
2.91546280221335
2.35675418502808
2.99500012464261
2.82256595234994
2.79336070638256
2.84586306448899
3.02679847660708
3.04816092550197
2.85368109341436
2.94765593257387
3.11655029801389
3.28033552465594
2.91464672996205
3.03605233769154
3.08448900455183
2.84660566628444
2.70086720793717
3.01409560904045
3.08023027110815
2.95442936880152
3.08174700706413
3.0495295243231
2.7980045627065
2.90560332385598
3.438220739171
2.99646141344997
3.14167019047657
3.87493671419077
2.98895026868435
2.74951527302978
3.3781005316434
3.00060389882156
2.94269935420781
3.29770093990406
2.94179502835832
2.96538075721239
2.80504935325149
2.54979204419047
2.71680258689495
3.87189958290144
2.71021568383221
2.88441972008479
3.06139497561112
2.93113091189524
2.69774092047232
3.23611529226875
2.51074485700128
2.8808731100634
2.91962560796006
3.09806224914931
2.9907199884528
2.82952999653872
2.56088648091812
2.82804001515669
3.27309680668741
2.85457753068885
2.66239305146106
2.83637108816574
3.23106805466983
2.80739104591102
2.66830185328769
2.97064404770268
2.48103701054687
2.43588228102642
2.44261157253412
3.07176018379141
3.10260975542639
2.62170779769061
2.81532251059744
3.08693917447642
2.87664293089873
3.10210581545186
2.85936311495823
3.08819790255224
3.03499439226845
3.27372559014534
2.96473707285183
2.50902087275683
2.89584375176411
2.5565913235719
3.36994939997763
2.56911253651082
2.98060913777505
2.80813039729622
2.8589863724754
4.13322734390947
2.49984433617273
2.71686591012126
2.92671163977683
2.36583782575775
3.06107127704478
2.98754666868484
3.50405158600476
3.04475454942682
3.05801848056593
3.11260932181828
2.76799797746566
3.04549023518097
2.84404754971886
2.53884907964733
3.29993519939028
2.63094539949159
3.07914938567549
2.89301559805406
3.3294458617252
2.30566014509549
3.24667017414522
2.88322738901653
3.10969619918787
2.52273850317303
3.09269346124597
2.59057519637694
3.31877516022791
3.12038165956299
3.11445115101606
3.12604908685801
3.30204892097363
2.53765615609991
2.61499211642283
2.81685263304785
3.05285987419254
2.47665796735536
2.70482578114444
2.79261759369521
3.37491881356631
2.64642673751245
2.83098406434711
2.67957162705082
3.22150224739554
2.58959961148976
2.83991719046446
3.36212817926767
2.29788371532545
2.7285614103442
2.62426323433249
2.87590551721671
2.42877749626553
2.7525487144219
2.45121926612839
2.84134334658421
3.34922917289956
2.78397598887094
2.80510712706264
2.6979023762164
2.9992697890469
2.77340635846858
3.66640280756523
2.58021331799255
2.72382584387263
2.93683906862502
2.83407729891506
3.21934069176617
2.55255176847368
3.0656012153158
2.83688805280851
2.79251698873834
2.70231054460403
2.49803636568357
2.79366193702829
3.04734235085209
2.70890825366355
2.96306876639116
2.54969395423551
2.76879813900239
3.4232208142072
3.65516051769878
2.61613262528676
3.00559683726994
2.58537912031257
2.54560219087958
2.70160636691388
2.16271851564635
2.59908472413387
3.46852243913497
2.23829649500998
2.46452784613925
3.20301515278778
3.20482696292185
3.18349622392613
2.84372190001871
3.0064850080574
2.94978977699596
2.69984269517746
2.98891216852427
2.57558526171297
3.06995560972012
3.07036157506675
2.72333979482626
2.22301924100771
2.68528246803449
2.98413585123932
3.28322287071996
2.58605248106052
2.67215723135493
2.93428260397541
2.57956315484431
2.54128102162846
2.93336530466157
2.68848863210671
2.62435541671803
2.51147467016706
2.96521717044083
2.85654741925397
2.82863002090239
2.19553271463153
3.00042697247307
2.64530660922376
3.69814945630187
2.53742815990513
2.91741109931453
2.68247622198544
2.73190742339019
2.98501358216982
2.63847634515263
3.20361240712134
2.38340707526913
2.81873767322593
2.36335815758447
2.42016138790859
2.86743400282819
2.68676567462038
2.88985563456147
3.98313617481223
2.58228360056544
2.77386451925039
3.15896073755741
2.79211095920356
2.84457778006861
2.87877675085753
3.28066648626031
2.97714542212672
2.93441603253852
2.66348486809018
3.27153925194697
2.39421921925323
2.27365130266935
3.12011509998595
3.01251944876124
2.6976825899745
3.05484962932542
2.65887551834381
3.25745835663462
2.70656624677938
2.43476485233134
3.05770068040566
2.71293600389889
3.23893722991148
2.99511448156686
3.1759249008991
3.42527108908253
2.52901617826377
2.6093986864102
3.86989998808676
2.5113856090218
2.53029064874513
3.22631436358873
2.75251537000117
2.9323288918847
2.66572465290126
2.60576416518496
3.71802698356121
2.65563789764437
2.55880019329487
2.84440179579875
2.71006075031364
3.15156908024448
3.38293056220699
2.62397158283515
2.65852640828529
2.44702841286145
3.06009632784282
2.98058985462918
2.64874113768778
3.06248176952504
2.75749556396111
2.75302071175252
2.76230097413353
2.97297958180528
2.5726644571619
2.95144374426652
2.77679634768349
2.87567898335867
3.3971653118946
2.55353690343625
2.56263721801202
2.86886194953861
2.53584935518523
2.86211313637746
2.62729363833236
2.86283118107332
2.83435732741775
2.7262197436724
2.72040975771483
2.87402602239921
2.77447747650032
2.65959380816506
2.75353746429829
2.80637589672271
3.00218347079621
2.8858510028399
0.185360414214736
2.95191994329572
2.96785467376848
2.96873147877951
2.93092228165305
2.84965121369054
2.87763408198074
2.87959896069028
3.26357021129843
2.69404588868221
2.61554237949275
2.79527082383443
2.65953972321137
3.06394019419136
3.04891344718998
3.4420917692985
2.54014168597046
2.74646684517882
2.58377211566152
2.71974525480609
2.9520560233517
2.87339726022676
3.15523110997757
3.0908994461875
2.54648359818175
2.9470886018469
2.94667855470635
3.37644426755462
2.89924915765074
3.44071574000121
3.18643958325368
2.83798721662096
3.0878957603444
3.25603313838224
2.70534201546652
3.03007947182677
2.83694082408829
3.18438738353083
2.88734989071357
2.69424326433361
2.86440639430322
2.81825819838761
3.4841373542948
2.47077011889051
3.46955623767072
2.41369434528907
2.83548728043804
2.77017848959141
2.62740973755216
3.00740824242255
2.96870044467962
3.52005449620385
2.5261790220115
2.81698963819835
2.65805915586881
2.64572791305713
2.76864888059406
2.91190662731195
2.66263757359197
3.04643169152175
2.35753019824919
3.05427740393982
2.76043435983398
2.47118238774024
2.66826389047378
3.21781802644194
2.94700432055113
3.33725940631527
3.24617486548483
2.62324454238077
2.71139386945619
2.92285774569279
2.7971624760187
3.09003977048815
3.2639642801057
2.69509362590188
2.83129213865338
2.79672590670992
2.63617363865181
2.92103015068007
2.64376737473677
3.13886743129293
3.12697747228143
2.80084255545866
2.9440252310924
2.38476794478562
3.8721040927372
2.57532696932028
2.52635719819008
2.64901813496944
2.51915023036871
3.22912148234855
2.79593802352951
2.85041731049159
3.56522063947674
2.86804933998442
3.03502869063358
3.68061846617964
2.54720159338569
2.86956348618247
2.90735050550045
2.99754744528003
2.46517729487697
2.9875118272111
2.56033802951665
2.63125157255885
2.69170653346362
2.59277846276205
2.87614683308356
3.02038872729448
3.06301412266484
2.07593090924965
2.48456950811797
2.68439722326072
2.7313305162355
2.86016410659061
2.43417561323505
2.78465277924107
2.86134871058148
3.50610545198681
2.68508371062832
3.02593555114924
2.68042522844529
2.72119760224602
3.05223829775374
2.51203089587258
2.75394122907584
2.58228855540152
2.76456959467343
2.83268475609453
2.6259181708632
2.96511527014163
2.65191597151743
2.9005618656121
2.81962071219102
2.98693505449426
2.68017483384582
2.99259367224885
2.71532942125389
3.02447396268629
2.32833373404981
2.67530097962846
2.72631788102236
3.27065615429427
2.97244198811822
3.22568588365473
3.7705620370642
2.18214847339233
3.17939486198934
2.6507395160136
2.73092555318354
2.69390980207787
2.47879576714374
2.22166158492162
3.41564965211503
2.65277573605657
2.74293643829197
2.56676541397879
2.95238659977485
2.74029981190677
2.54114666815643
2.9588585421551
2.93886780461974
2.8032178160637
2.64600614508129
2.7694108972708
2.25708569313206
2.68697492257806
2.85179830270526
2.49936276741156
2.46117006778761
2.38913276122913
2.6711566593852
2.54866247164878
2.60222392557372
3.00653672748047
2.4709853739325
2.76398293503036
2.96811533234877
2.88688699886411
2.97707214955647
2.11532561644205
2.7885301966872
2.77116125146582
2.8613474738992
2.82779724003527
3.11175328787189
2.15906912012259
2.82955553139266
2.68072650599928
2.95679904805323
2.5855298684167
2.49041649479366
2.75752280859413
3.13424260114667
2.79283399992808
2.38132311183652
2.62058897123059
2.82264458095774
2.69760260645635
3.0783136927396
2.31994927990141
2.50477377032565
3.34449810886988
3.02588255570384
3.10177531129558
2.98369454708133
3.02306450252219
2.71237726626952
2.5085004280938
2.58978288470031
3.24179232950117
2.57959514779096
2.60228198305662
2.74550047255629
2.53782890303893
2.44416713172093
2.4425979293976
2.60221510849649
2.84115184354312
2.51308366159087
2.42588201747342
4.67911489905138
2.65083742682357
2.55215867336854
2.29297946060594
2.4965224977338
2.51930701500213
2.56194695284309
4.13112297988745
2.14129833092886
2.79971935387971
2.66891603368819
2.93106694428209
2.3036607060709
3.69735896819028
2.45125385991943
2.47182050725261
3.22790829334649
3.06256312743535
2.35126559363046
2.60412201686686
2.56067384650731
2.71153712640695
2.89588189643581
2.33644981067701
2.59461906811387
2.81358366736378
3.11330671941615
2.79134253731682
2.74994721818891
2.39603892866822
3.16646552647495
2.95343280206471
2.90214734180987
2.58634014545365
2.94340188005797
3.68854699307616
2.50416537398152
2.86006818716006
2.82227563997491
2.56943960023259
2.56166529401937
2.5136389105994
3.39783929309647
2.60096807695229
2.65728112410676
2.74014047714093
2.61419023409342
3.04124713175955
2.86145331181732
2.98511342192089
2.90764636331678
2.63750339395555
2.95044834261722
3.03063213039542
2.57851422162676
2.57908001575539
3.47464776456707
2.7955462217807
2.70755483608924
2.74762479677599
3.02256731884408
2.39897689920604
2.84889439464808
4.19619882655632
2.75062782824824
3.11002506276624
2.67085555161796
2.87570675178748
2.8955101034528
3.27426872187944
2.84133603079292
2.72873631122597
2.5008447466205
2.61835373206114
3.03302540795557
2.82329814517159
3.13997622480215
3.93454120087622
2.65351744636194
2.81744822670345
2.98333279776586
2.91162513510563
3.08558734854373
2.99304736914636
2.99968824977105
2.62595999646391
3.03511827571934
3.03184954119023
3.04690893500648
2.94421844920782
2.83364940737216
0.179173553225054
3.1296920029575
3.0611891825882
2.6102896904278
2.84943358094536
3.11918668924925
2.7327004871814
2.82567624739032
2.99193021991507
2.38000924409692
2.62301739700567
2.78024228652041
2.6424379950847
2.70539768337881
2.83489608786665
2.99377337171091
2.90104234232335
3.08182635456568
3.78420933486456
2.68549855904839
2.74352433181776
2.82502972283859
2.84899222969853
2.91411332873619
2.87645231743456
2.56210531983262
2.57890193384943
2.4564490882772
3.20342149512162
3.0141304091712
3.40380397192708
2.69012439971987
2.75782030685519
3.07902766377666
2.55356893455831
2.74630057780182
2.86331340222394
2.75309770193168
2.66694812005848
2.96223638964259
3.21772829765699
2.73493058070069
2.85048321238702
2.99677584593818
2.87404765582372
2.64534030698344
3.0110103084055
0.175798743481287
2.81659749845648
3.35863207210687
2.36447342199866
4.02382752510607
2.73741783835655
2.86096100719761
2.90862977796284
2.47616809535138
2.93475665918089
2.81269492897529
2.74891242056761
3.21269778040279
2.64563055308412
2.82743888460803
2.92334287001576
2.82407042657532
3.03355224290498
2.87719944490865
2.80055367130842
2.53865722426215
2.69356763725184
2.68319506138912
2.83604947879605
2.87341437860875
2.94596146698172
2.98317157395036
2.8676259138684
2.74908993187374
2.8981937024269
3.01916540414462
2.95911228722833
2.6370750124769
2.79439415626966
2.74393882353216
3.43355944720559
3.0361103247602
2.71007109885289
2.87781825613618
3.14425396228447
3.1188249343807
3.21880400654257
2.86981540746116
2.88024761165672
4.05522224702533
2.78595732932422
2.71484048860788
2.25570804953023
3.08147294386358
2.58165928810285
3.16547600185723
2.64872589543503
2.56084104737313
2.96205340447033
3.08682559674885
3.03108586676505
3.71359539662267
2.34419111457505
2.99289984039491
3.41447467446916
2.61837872721068
2.65854008831642
2.92829611497661
3.27747977152515
2.60346024140726
4.15173140334552
2.67814443277427
2.62834467896375
3.50854515156645
2.61057194919137
3.27282263299933
2.82153830016088
2.62176085612413
3.00588995678215
2.19467099593795
3.90495983235936
2.66073953899283
3.00143547046177
2.30781113036597
2.6754311119285
2.62740136662791
2.64830496369898
2.96764711272627
2.78772837671785
4.51565290480758
2.23531325846124
2.66416349620959
3.07467296222606
4.00410802562508
2.90917954568979
2.90389143086023
3.12449176082849
2.48873492488252
2.6877718176056
2.70880074174511
2.81883563536442
2.76878762531813
2.79024746113583
2.47965987106356
2.74090805471011
2.66976628516704
2.91566267402887
2.71603478039857
2.71905964517884
2.70307051454886
2.93808304760175
2.87501544947494
2.71218660159031
2.93986843767141
3.62831392677219
2.89603831226954
0.17336467240154
2.41643807246616
2.9216724530836
2.79766615660239
2.55531241416845
2.86736541531061
2.47518495538818
3.22009819486653
2.81252573983177
2.90417894579459
3.01524316428413
2.54417742151868
2.8487310605856
2.62656249797819
2.76574607861266
3.21452415471257
3.02437958366049
2.7674432394369
2.6519930172878
2.52481085743907
2.7415040443932
2.55267588772999
2.8844398813539
2.52538175154557
2.64499810156469
2.71386980901695
2.76983771912387
2.66258754219613
2.96365654861381
2.62407574841689
2.77858713139241
2.66948886708044
3.01695032757609
2.24014579977117
2.27994307605088
2.94839311323065
2.59431859929997
2.75786782844883
3.15556806937674
2.35339809685585
3.00895365624377
2.78489976844778
2.99463634224413
2.97685403025553
2.56104540369561
3.07664796437033
2.79469167628557
2.86138652532526
2.61248104525961
4.16392028637779
2.79774395339854
3.32372396834846
2.45035113178296
2.77209069951355
3.03496436682186
2.65211153029096
3.26145015921405
2.73713545946504
2.30343176770756
2.81388714014563
2.92021132352744
2.8617891986948
2.53190660234258
2.49022795691047
2.74132930365695
2.76497314071479
3.09762645960347
2.95028785525663
2.63308553581804
2.72761215336805
2.89622494045098
2.32402254540797
2.84551442880905
2.55915148988682
2.81865140027305
2.496820524802
2.33145923398564
2.8193025953815
2.71382397365101
2.77821649684986
2.82499897000599
2.46797130577972
2.80928490919537
4.00549089607088
2.53848522013739
2.97158797162412
3.00497968323578
2.88452196496424
2.77619993076932
2.68201788743249
2.86534877918062
3.03341151234354
2.61062916723383
2.96845501906178
2.66696332744577
2.88263731171357
2.7048831285503
2.72807619821538
2.68517291794005
2.59625071227746
2.69912888889045
2.88523110393116
2.68737231689234
3.37097938371238
2.63328817950764
2.56593436301158
3.68203488857063
3.00983096809062
2.4594351855889
2.63724485390263
2.89089819208852
2.69354070019782
2.60460878710641
3.55484495006052
2.84958271324365
2.932053792289
2.78776990609396
2.55995175945487
2.48502860446793
3.14280405890352
2.70785010582709
2.83028651499717
2.41741298981265
2.7322368965179
3.16898236403213
2.72181313587443
2.66913013310329
2.81112321796142
2.94121282505774
2.8123373583017
2.50487107751791
2.8953856754804
2.69604088618557
2.64110500572705
2.36617762615238
3.70685946479856
2.6274917292924
3.24053799132435
2.62159584349843
3.01686822255021
3.01570889367106
2.81031756089551
2.9336354609842
3.08206012259345
2.61505200317608
2.55407593027645
3.00313579970311
2.65077384211141
2.95619507773432
2.68563847436807
3.00106152024479
2.68347694484389
2.86781700252726
3.00306600268892
2.82356701778603
2.80258178667213
2.94530476172803
3.14740189190838
2.98857183957167
2.87978748198767
2.92948201110201
2.99285632471731
2.94856568089425
2.74198013103721
2.78347557527373
2.78659934055269
2.80470852412527
2.89074377659768
2.96703959818078
2.97520339705349
2.68733904569709
2.98501680174292
2.82602662344082
3.00802544490999
2.82370172160278
3.00307507860743
3.07434269933003
2.97410431348211
2.94067041531231
2.78744581957698
2.80159538108521
2.6558236153782
2.860404088886
2.67375775090063
3.11231684222856
2.70628801555827
2.85055856103524
3.08347883413002
2.57877408219337
2.91219406305607
2.54374865116972
2.96568192573759
2.72738560762348
3.08027798752534
0.170417673159741
2.81946866143443
2.7005142121552
2.5752380987761
2.70096110390001
2.74126848376281
2.6734065581216
2.67785288180238
2.74799677011792
2.99030421749819
2.94465628772322
2.62067360790724
2.86386189312583
2.80443347444952
3.0027337372918
2.60898125720115
2.57447223189363
3.97315831589273
0.168221477563032
3.05668923741832
2.86144229155104
2.86241262914785
2.96926279572837
2.92897785991377
2.54890966742647
2.6364851920226
2.79903591363998
2.95559518239472
2.98217171273149
2.93760050576009
2.77250340705722
3.16348437268231
2.97602802679834
2.93131667065114
2.73649151940603
3.01442766380376
3.14399039393556
2.55363125939958
2.758019641431
2.9842253444232
2.93934113984662
2.7279755942629
2.62415509207613
2.90729169860734
3.01815791079773
2.84515274375794
2.8371032343775
2.57182065920331
2.80401820840515
3.09831526794614
0.166270725031697
2.73348026417301
2.67377480360697
2.89101279909863
2.83215145600753
2.87510681785243
3.52114530494839
2.17415423489058
2.60474853349557
2.74237082824596
2.86718281623565
2.88896571785775
3.15117088460379
2.40325444725605
2.78702446503491
2.65025219453645
2.54787882484181
2.83244137273057
2.81569337744227
2.62733592776448
2.83356303779699
2.78945105412837
2.62800551546162
3.02736121769072
2.60249965152352
2.85500572696858
2.88634181618626
3.39251341472021
2.7401529927496
2.95260424243564
3.07414197303948
2.76728601409558
2.66054443813974
2.80168109508672
3.08933686184508
2.68490146212983
2.84686318965058
2.79410509659937
3.16741448533581
2.77361337475603
2.80788532975132
3.13622393504467
2.61176799197297
