4.60092211160994
3.70595791566978
3.1481434810513
2.7519246167429
2.57817259505123
2.50954622895346
2.52539141602941
2.45076364139813
2.44362338573916
2.47661920578953
2.48704189018645
2.41547546209329
2.38289185776704
2.43612041126531
2.48066745246379
2.56072706987022
2.52260988741254
2.42634017888721
2.39439270623465
2.40560642080801
2.35293663240308
2.41657845004267
2.40876534571799
2.43341056070852
2.45008012709001
2.47136711966962
2.45465880889855
2.43439100724613
2.50857406895324
2.49408628852018
2.43666700082045
2.45907725990164
2.43720704147028
2.40342907403142
2.4131007394195
2.45610839894039
2.46060003032962
2.44371354911403
2.42679037689762
2.48266499935568
2.48385125668107
2.60651373091598
2.43504537691846
2.46047706500791
2.43665555704538
2.57613154739392
2.47930754563552
2.40467309966509
2.40746105313016
2.47585422376741
2.43167952592965
2.51691359674785
2.5113888862094
2.52157246297938
2.50652795603668
2.46876903052177
2.39522424302905
2.38929035941999
2.46039538184236
2.45694336559274
2.41500164016105
2.47599535249809
2.47880259500793
2.49204495821409
2.40265787799612
2.32172720988822
2.37852971741322
2.1416364366052
1.9583301278779
2.02548768978962
1.76208009147583
0.85527329268419
