5.08969468938987
4.44619798857515
3.88125963358244
3.58074081237164
3.2413653478374
3.11841477944071
2.93599369379514
2.85324347400853
2.81137337232101
2.82701474707639
2.80025444593057
2.78629829033129
2.76119072654997
2.76565706859955
2.78920213386044
2.79326767689951
2.79304010843148
2.79446656233572
2.78645240605109
2.76846918978901
2.78724063751714
2.78842315663831
2.79777661722166
2.7877082188956
2.76204305001928
2.79803281476172
2.79543337962603
2.78520785213543
2.78874552623912
2.77026655409984
2.77997718331218
2.75755252245919
2.80192775333252
2.78244418878874
2.78217398809591
2.7585003778653
2.7804554091675
2.79866292994543
2.79460344737344
2.77596973019422
2.81884278216326
2.81147954282916
2.8150724563448
2.81323441033135
2.81708171032103
2.8362629708245
2.81844411089335
2.8094195450651
2.79159502770449
2.79323769443904
2.79299878003514
2.81345323535564
2.82411045484617
2.84652056177668
2.84915818207073
2.79751702453582
2.82374295504712
2.80530042857687
2.81671876009527
2.8110760281496
2.78800735262437
2.82934818068892
2.80489407417584
2.82436340642726
2.79251853275739
2.78377906740599
2.71093253825691
2.66609372881531
2.50965958730454
2.27278174240151
0.50515619316572
0.178609754054861
