-0.00025
0.999249249249249
1.99147228492601
2.93997990959317
3.75094339622642
4.36030341340076
4.7713484578129
4.93212090163934
5.13844570252187
5.3209748509204
5.39007832898172
5.37736842105263
5.36084656084656
5.37858660998937
5.40716003205984
5.40618279569892
5.40779853777417
5.37192790824686
5.40495185694636
5.39396456256921
5.38759042849193
5.40694094598377
5.39881790036589
5.36301758366421
5.37396753061806
5.42717889908257
5.42176674364896
5.3843913803145
5.3947983635301
5.42158018867925
5.37285121517487
5.37555886736215
5.41167619620825
5.35751138088012
5.34922089825848
5.38764217645251
5.36209029066172
5.3790625
5.41622131405218
5.39456212456529
5.42670073458959
5.44473090557525
5.35313209996754
5.33844647519582
5.35290259101345
5.37958374628345
5.31285287279973
5.34747744737721
5.32312352743184
5.37228997289973
5.375
5.39272227943701
5.37124092637401
5.43384401114206
5.35997195934104
5.34925690021231
5.32501781895937
5.32736389684814
5.38762214983713
5.39237257059039
5.38372527062337
5.42427701674277
5.36775719353567
5.35306291390728
5.29317980513729
5.229460379193
5.20949720670391
5.15762834417932
5.09259259259259
5.03619909502262
1.89473684210526
2
