4.13323231900934
3.81826104564687
3.651011637556
3.59684779613723
3.57616403991935
3.57830069073429
3.60436477707157
3.58819821601315
3.59154677648606
3.55881985139373
3.5721896297435
3.55194659755922
3.56939969425744
3.53830611254654
3.53477029121752
3.52809287632041
3.52698204678749
3.51888143072195
3.52181331387767
3.53213099179034
3.5161554056379
3.52870132091049
3.52203094466686
3.51670572031488
3.51191029428844
3.50170223425778
3.50638863902023
3.51958748769575
3.4957782118728
3.48406885447943
3.5028565314311
3.50265112240348
3.48828270037472
3.47645575909287
3.4859581186788
3.50406236669321
3.50383894754124
3.49206416499655
3.48879732770936
3.49610379626244
3.51858912162058
3.51169527467382
3.51437135068831
3.50198776619597
3.47169654597668
3.4868969884721
3.47945225857492
3.46602734600105
3.47613152495255
3.47087055045694
3.48414464113805
3.45834589837146
3.47178316396718
3.46432528640229
3.48628211625068
3.46696688187762
3.47144867643857
3.48506151352126
3.46326339382168
3.45629786209332
3.47663861324577
3.442476316755
3.45002102223474
3.45020220685828
3.47759887909446
3.46004425030411
3.4552674756029
3.44486239303809
3.41787120347925
3.39552492235503
1.20860664932355
0.490057920729284
