5.14332736921255
4.49037983471653
3.9075602344041
3.59322324076875
3.26639197428442
3.14771153646301
2.9603742238108
2.88501162558481
2.84817607997673
2.85928427280069
2.83702176159824
2.83234711061722
2.79430990414682
2.80587607930123
2.84843539290575
2.82937702379335
2.84043682246945
2.82845954305494
2.82126939816003
2.80425068507561
2.8302014744268
2.82362239050116
2.83241393154215
2.82680070879658
2.80008419766248
2.83614457672293
2.83489847138049
2.81226871003893
2.81913799272431
2.8331395755548
2.81243333889764
2.80851674793064
2.8596423300245
2.84211422735719
2.82182769443831
2.82508500267261
2.81175841455654
2.83849173476652
2.83392564900781
2.81164095795511
2.87097307705859
2.88260320176649
2.83985047421409
2.8544009451697
2.86917971449565
2.88882639674588
2.86160592191385
2.85724968577817
2.83706925816427
2.82959272393371
2.81026235757484
2.84635932197674
2.86795640719037
2.898921575461
2.89006698914063
2.84678509300868
2.86301579389436
2.8560356058804
2.85676464520356
2.8695871654337
2.84199515060971
2.88112430465709
2.84421734158535
2.87966967755553
2.824956427558
2.82368191652217
2.76694112666911
2.7502471480754
2.56704774072568
2.31743960124073
0.736272598297534
0.264044600271577
