3.50455192679925
3.31653612022187
3.29103624840333
3.51315977086346
3.48767001951702
3.50253413018338
3.43140316987486
3.871077580241
3.52368453849967
3.74667576895812
3.88550640625452
4.10947254908339
3.78360006632791
3.88364979979576
3.55675814530338
3.41116620764404
1.77342355641852
3.30061334948977
3.62113367884546
3.55997583322276
4.13056660206125
4.05023622127809
2.97570003715698
2.69555421648341
3.76245864124508
3.7423226502287
2.69270640146966
1.87296577526529
2.13367138879705
3.29593466116932
3.7614805806009
3.83157296854768
3.47932413480736
3.33111467254838
3.77301288357083
3.9990048900443
3.99884993046174
4.40656127931329
3.54062649360703
3.36495798384175
3.6935033653506
3.37503001968906
3.45692886533559
3.62536549675531
3.42917678166509
3.49115700316107
3.4895102099032
3.58266706279426
3.43949650933743
3.48098099516677
3.65964638650787
3.7172276212226
3.73762569440261
3.63800477682348
3.49667916992364
3.47891621054104
3.56063087928754
3.3550209362565
3.46077608643584
3.53641109720675
3.6977771758699
3.6724343807597
3.43233062207118
3.49245141085363
3.42926937963519
3.28717473667408
3.57475229872645
3.59517416321586
3.80156384955796
3.65797330228105
3.39247976295447
3.37302972351993
3.31879300735471
3.48336254880357
3.6526504321041
3.62549015914256
3.49826885175062
3.60297377973059
3.55539730986064
3.59804446278657
3.5038010114665
0.189904289873426
3.18555757770483
3.57843535843901
3.46621405856008
3.6113343216084
3.50405161975121
3.43848570679214
3.63098719194548
3.75945984995563
3.4379002326691
3.73942286207598
3.34039841132751
3.50211931974114
3.61151163095735
3.37725455903922
3.34260301316645
3.44581469257644
3.31098968716707
3.59942669425771
3.74181491444469
3.48093373321318
3.63401355869549
3.50446719180992
3.5768821900853
3.467546872752
3.46475801352185
3.48508202871236
3.38799431737988
3.33972637778262
3.30587306253186
3.35332536205259
3.44622218966719
3.42304073502451
3.5517134103001
3.53333212541994
3.25813539141395
3.60602678357606
3.31487741399128
3.41392466026264
3.44837349044181
3.48033544250187
3.43828403507559
3.59314000239761
3.48530257455058
3.50121065718007
3.41974561398527
3.31413559678112
3.52589808050028
3.56235539560181
3.52888304696193
3.63032843550753
3.69938460847929
3.70944512852962
3.38892992409335
3.42957241772463
3.59592562690878
3.44700758211718
3.69841941212385
3.4809038050649
3.40710010020714
3.68499330180884
3.47426712462636
3.56271155772226
3.53129081392988
3.36947966031558
3.67728003576528
3.31947749940961
3.43586375959856
3.44239121369086
3.54186840065215
3.44250649992056
3.46274693543174
3.53846723481709
3.60915366016693
3.59164027182235
3.69539435301584
3.56008917700925
3.4068853461946
3.61567170082359
3.8082215233902
3.90869146319761
3.5026862547782
3.38645699725575
3.10083442145838
3.56456441739397
3.58620371894495
3.68112714076017
3.80287746523231
3.6216851612093
3.39528145647649
3.48828028496883
3.76102672789466
3.70539932518453
3.42376162122285
3.78403532888678
3.48037010756854
3.459525395914
3.45958605867813
3.26301204606685
3.28634711736714
3.55785488894456
3.54313648966862
3.71396242246155
3.56416198885624
3.49529976603472
3.49544805804169
3.60966122769113
3.58737800159984
3.20092696965358
3.60428604590149
3.4940251709109
3.4539603911112
3.46419665132911
3.44894748059615
3.48105014676142
3.37991092380896
3.5001863487926
3.62018150805033
3.50903345756805
3.63601573682072
3.61459591172956
3.51853915195114
3.65220829779562
3.7182183452342
3.84399815412693
3.62586318290647
3.40286880676341
3.13497840699415
3.52036288532141
3.61983540922368
3.23007305696517
3.35937979213155
3.53862906276233
3.6393926252842
3.58745553356647
3.60500673934588
3.49465923392511
3.41360018042661
3.50608293561817
3.40147917298065
3.56727650449391
3.78120247378538
3.66402613495224
3.71339799536844
3.3453709453786
3.44926353652941
3.28559709830024
3.60997113581194
3.64472812225266
3.4296769142705
3.45123520695336
3.39717194432635
3.42918538159298
3.50758486819791
3.54159834032372
3.40998869363308
3.0758720317717
3.26386146254183
3.03610555596565
3.47913820016009
3.3277818198545
3.60933265514354
3.49244819414353
3.38682782294957
3.4263499945387
3.73899855045499
3.55328022097917
3.71099396154058
3.38963432607975
3.40414138647102
3.9326835067459
3.56218292335415
3.59862308086545
3.22713027543163
3.21024400931668
3.62515802542923
3.49527835288615
3.87834343865605
3.5897466846325
3.70097449977882
3.61295828954353
3.44480796581251
3.70601455577763
3.76160243808419
3.79425237501384
3.52867359626822
3.43441775346413
3.59670671892564
3.34058069779179
3.32983460227175
3.71403382276054
3.3809947125453
3.20859732937532
3.32881359747117
3.5161441046268
3.50954273645536
3.36620347278647
3.60405743013438
3.32174422396636
3.55516159113413
3.66665559122585
3.92107808593999
3.43238488422324
3.23496111781176
3.48395040507551
3.64220976865377
3.44156413827987
3.94035625689075
4.04062126746628
4.00930984739163
3.79475540677217
3.63462566518575
3.80160173791228
3.6581796680532
3.45847609727741
3.48770322967006
3.61652659217836
3.6868571692795
3.28579882769394
3.5357807688963
3.53919479234944
3.73958102987668
3.31775391361906
3.71586084763231
3.43967078343934
3.7092714663891
3.86788316655878
3.65999502823483
3.51431436667942
3.71864921483529
3.59758517643743
3.6479806585451
3.61533288577782
3.6956238756479
3.67835623514383
3.52072299450679
3.27207322337021
3.89603746418654
4.09257942479653
3.90841975850637
3.84623307406788
3.44171295152038
3.76523509191678
3.6588649990926
3.38595353937323
3.44568861018848
3.56622554830289
3.56166063638993
3.28439670577351
3.83739528544427
3.60843240254732
3.6640409571611
3.45433501609387
3.31918151286921
3.83982374436654
3.38801008898393
3.81133581011546
3.58950607792315
3.53168275973798
3.60655877056998
4.00287922626272
3.69818378892121
3.81611912871422
3.38478526054445
3.72379834375405
4.03974484576994
3.80257217797856
3.61698586156397
3.68388215185306
3.37610005722885
3.25431871831233
3.27586668165144
3.14694319435901
3.3953966822004
3.57784810105816
3.3453057049027
3.4434218202151
3.52428215403114
3.61550446723492
3.76947792325542
3.98513298208709
3.55380238894716
3.43441585225037
3.87917095644398
3.54150519023883
3.50467884888215
3.80203187146312
3.68023330368869
3.17247983586519
3.6400338689136
3.86738731119881
3.69335571373872
3.22373942533499
3.59900298304525
3.67883766894587
3.36706706126199
3.64479240346619
3.78185671968278
3.85228440046001
3.74620742490348
3.56649958375521
3.04825861712269
3.274905821358
3.60748943575066
3.40441673998501
3.55761779749416
3.51065642421352
3.626572096328
3.48848169376045
3.50759225026818
3.70758064251701
3.7159064376611
3.5685829970929
3.85132429175808
3.89436016258313
3.61995191464353
3.48789581336736
3.42919565792321
3.66171628663125
3.76383220119991
3.74631472594942
3.70555604404721
3.59607348507239
3.64149164926946
3.46791038440359
3.30080625926945
3.50922800875725
3.69750152972678
3.53518784899239
3.55196069950202
3.54240805178992
3.57319747074256
3.87339945665918
3.70784282390117
3.66084618217756
3.32628600402883
3.43270217014226
3.46387576890869
3.64774227595497
3.58535460891873
3.59665731158046
3.66775145904984
3.41726172781956
3.62723082098472
3.80984660843204
3.66384251290475
3.45821568012898
3.76638129971622
4.00498087596793
4.06737344545262
3.72295296113845
3.49539858879108
3.76903832233207
3.45354921602381
3.6137533495635
3.62279232527045
3.35346622688157
3.52084529782727
3.74451654418067
3.60728867233268
3.63689828724473
3.4425003349244
3.4502111189403
3.73890454396142
3.7296980306418
3.55728132392683
3.38957689221455
3.45755967622396
3.66647162509644
3.44287919547478
3.60244355181071
3.67313408750415
3.6121462876838
3.5801437470175
3.60485500087968
3.50463082766524
3.65743952288746
3.4180810018266
3.66412073020474
3.68834199576872
3.4592889499701
3.54241593895731
3.35850830686361
3.39476690002765
3.62396091924417
3.45950977062264
3.57519219481215
3.74526246860782
3.69297850909852
3.97789832768512
3.6415329491957
3.82043822931059
3.63568402718753
3.38507344567456
3.78356953034373
3.53631999584532
3.71951066451121
3.60004479333869
4.12532347434609
3.74862127961764
3.37562847188073
3.34478214458482
3.44599515498556
3.57795797961218
3.46911026755918
3.51547506323174
3.66316554253652
3.72052399816815
3.11927727389675
3.53192689586294
3.77229521126423
2.73283077267516
3.64034833061426
3.44268688181299
3.47656736895205
3.57682315062634
3.59405450940404
3.34414833865486
3.53716196102561
0.19082393855421
3.26856226435864
3.41031029953478
3.7107403125357
3.47471351131232
3.57164669132394
3.42684382901298
3.34635366622876
3.51306027021351
3.78857959991173
3.58653998450178
3.58951169502541
3.71420486703346
3.25201237535854
3.582032671813
3.76091565657513
4.05868516668173
3.66202113090109
3.63066729127381
3.54558700723911
3.52606708365536
3.53470531953249
3.70112712087632
3.70153908100443
3.72056032916595
3.70140655158274
3.60060480904838
3.55066688141567
3.28732382424426
3.79829542572836
3.72801021110998
3.755873335777
3.41216888528026
3.80192541495565
4.16077117087669
3.28791886455312
3.72784696246214
3.3845143866368
3.7398771213185
3.57979256858781
3.80577393724688
3.62350713339804
3.73147934598454
3.38428630368757
3.31993060599024
3.61033165766873
3.66275846879336
3.67774940955114
3.75963281711422
3.38048897644006
3.28040883380371
3.45919231803049
3.66406586295277
3.78479694032515
3.59259244364209
3.83886402787841
3.68686765560332
3.84098032212192
3.65049805048192
3.61802029339052
3.60410410597178
3.59872602557816
3.51272435223216
3.51240827115974
3.23638874646882
3.39657589210821
3.22304628919994
3.51915590169782
3.2053738825854
3.52009594718248
3.23571835040042
3.38244833271485
3.41974798588217
3.46016867546028
3.60487516820893
3.49583473832275
3.58428300774645
3.4380682823574
3.29952032800663
3.42274509451549
3.36488201197363
3.30799282777386
3.63068699579465
3.37963084178692
3.39631232191774
3.37107759549731
3.56947804345488
3.61862616339004
3.54431688791777
3.42862847249
3.48342050445398
3.41328241620148
3.41164017513284
3.67361574215379
3.58357937820836
3.48840761443245
3.47377524391824
3.57499176619474
3.81856135857114
3.61061311140788
3.44131777787241
3.47503193469816
3.4584321787727
3.35624093211382
3.51062840015908
3.73982002697366
3.59655811694401
3.59265335177077
3.5103235977086
3.70792199691412
3.59680330307682
3.65156819006454
3.3289631184506
3.49854445060586
3.70135543255032
3.60536188009446
3.46157642646906
3.65209315719788
3.63436255176566
3.48033159046984
3.50633248386266
3.60044208020227
3.32763038056868
3.25572561576997
3.38148207937359
3.31255197973152
3.40164927688859
3.54658450668947
3.56844856128066
3.27361743619262
3.34867063234852
3.70314085179853
3.70188295033743
3.55863629815636
3.64248004885967
3.42434049674494
3.51696469086738
3.5563932674826
3.62852433557599
3.45379329574623
3.45814514969074
3.3002631447481
3.51820483401323
3.55044540268412
3.68938624733299
3.63548012767888
3.56955707148384
3.36164131162226
3.45895541356334
3.48344530306518
3.40598019240558
3.5821981878974
3.64401106734362
3.71269813284914
3.97275015728096
3.88551287785299
3.65135889532584
3.74722585336648
3.78105997630725
3.67807821132815
3.36029567073042
3.96155905882934
3.71935024876479
3.32637070691302
3.56579246375516
3.50068719616537
3.49697496687072
3.64854700148184
3.62281621399021
3.60922331756115
3.56692849083176
3.42896646878917
3.58719692174957
3.70090227219291
3.71450149885424
3.47142707631275
3.39215599274364
3.4380723471435
3.44519071911142
3.73117250246762
3.54006098501923
3.47399916890898
3.61303910910653
3.40129158302079
3.59079459851567
3.55493000051464
3.74077341516275
4.11267545661133
4.30671274805122
3.7971712925655
3.81260358663742
3.40628197927537
3.59007432894163
3.49500889647981
3.62501634648266
3.32781832820512
3.41784659143133
3.505868068758
3.20182687813706
3.52436361248775
3.60837390539269
3.62802983236854
3.62374928787405
3.75625415665008
3.39574598506044
3.63716253913586
3.66296639862234
3.47050668868514
3.47546998350484
3.64656918484138
3.79015623687796
3.5374330199193
3.72793080769885
3.84242322866283
3.60307038794195
3.54956965723153
3.87398240712866
3.68809438532209
3.5567925664896
3.84574034774418
3.70425546384209
3.52672758044047
3.2690361425182
3.4829502083964
3.84580658612827
3.95573832640806
3.69097495577384
3.74314256918909
3.4998688244314
3.53972576888598
3.58748105188609
3.43764528919984
3.61318418037043
3.19535481656249
3.70160891642125
3.71963133863078
3.51968016998337
3.69012463864535
3.58871099904866
3.61623778809055
3.81654736357897
3.6691614866883
3.78341879832803
3.56081898117769
3.84362904111107
3.49621926720442
3.42406878907332
3.71578113120672
3.57046715201078
3.53798671194948
3.57830262671004
3.6879102108965
3.56037095486134
3.04151459671155
3.42510679167028
3.44666459370131
3.52382599065119
3.58950889025244
3.59021162255673
3.4414205705188
3.4094169175509
3.52827193105232
3.66501069212112
3.58045261525635
3.50340919091516
3.73420935396925
3.59590880425971
3.79943613929164
3.67840616057408
3.46347660650189
3.70681894961908
3.66990957357472
3.1944996137393
3.3711113016039
3.57749695725133
3.56804538381127
3.57229776244932
3.51765300312279
3.55140126337954
3.38341528465327
3.47523296761574
3.68732612734658
3.51520018665437
3.43396079148363
3.56857501973754
3.50716266165949
3.57168316936442
3.46973819659623
3.38875933957643
3.60685651152877
3.585665011214
3.55858875746564
3.51866931411831
3.56198632669179
3.34881417893293
3.22613264522954
3.72949204149881
3.55649148088456
3.24371917596465
3.54409227213797
3.52054952415261
3.43981287368068
3.50820540055535
3.40434866244876
3.46017218564117
3.39888131930456
3.31158192666162
3.48337956351704
3.67801664076508
3.56568440450531
3.57814752834725
3.55066740932582
3.62074740711508
3.54206969033573
3.56293786831994
3.80627424422012
3.74509119859602
3.79338676603558
3.75013034425811
3.53387178254132
3.533968989685
3.69877584171009
3.64016157952425
3.65324007751213
3.46916859283871
3.41165703802595
3.49728174423429
3.6976641866139
3.51426877535983
3.6213280011174
3.72423523575436
3.8598806424067
3.62147880745328
3.68589320323851
3.69500271406727
3.53392995973597
3.58261939369194
3.36930370162082
3.27646025539205
3.50687238477963
3.54971673332961
3.50669327629724
3.53126182903853
3.61765395645883
3.7538666625346
3.73307386560422
3.66273368204313
3.50826505884675
3.20547484549705
3.59812342584206
3.70284219732692
3.37393258979882
3.72918861524739
3.85820760316328
3.68928958443114
3.63673709217334
3.89504186078994
3.81289856209195
3.54533646957155
3.56458984657089
3.8118303571779
3.60698752330116
3.44342826146981
3.39551338156783
3.44023465338372
3.61816142816955
3.67780742347513
3.71712838846675
3.85230282176614
3.77111115998342
3.44446073900907
3.78579048611195
3.68513420655235
3.52420308575728
3.42182441888193
3.72871000064651
3.24462823404934
3.34191368240232
3.39754433751953
3.80362403909516
3.60076536255587
3.61912541980135
3.74004772055417
3.67700540613703
3.7308832701432
3.53560215887133
3.49048458148316
3.61234043004756
3.67492667968381
3.43533836426586
3.75162522342739
4.00049635245815
3.82776461532083
3.48956556572597
4.02456865295125
3.43674427467116
3.50356433816297
3.45167748077555
3.61161567387035
3.51335600302642
3.38319706534
3.5451970696272
3.67051886731774
3.60161626151965
3.84458644811792
3.66180316567382
3.71516459051261
3.73914055981778
3.60422302598412
3.78156963415164
3.76495436925503
3.79236167150531
3.84103541505259
3.6263144707191
3.70999732025685
3.87499935045059
3.88156117499235
3.85152229436487
3.52580681821057
3.19934930135804
3.58376343181118
3.6302482609764
3.36951427473364
3.48548210482113
3.35273893446844
3.4142795946205
3.30516318136683
3.2800196664708
3.72684491804394
3.58828293537796
3.42547058230454
3.56587289658502
3.75100430991507
3.48188525621997
3.61359133024844
3.17513916224395
3.41352062621037
3.82643086032597
3.64652975956563
3.50839035158382
3.49224972620275
3.52410125723347
3.80285232339437
3.63706056978803
3.4514133819799
3.28292549668423
3.28053657198649
3.29999655904898
3.64150559054721
3.35218951163935
3.34889707577543
3.4424479570165
3.53536624095543
3.36409895431971
3.60610171816359
3.16729512944344
3.58580461261083
3.66268743379266
3.6527055981973
3.31072176700157
3.26453392362216
3.24966083838101
3.48836544022494
3.48909102822629
3.34013746054343
3.58567644619546
3.36104757315752
3.38666879819638
3.62038472839595
3.17001771827087
3.28128179948799
3.44079933718417
3.17385199478429
2.87535163642284
3.4546495597882
3.48087647182505
3.72627081030987
3.15067072744493
3.35168639277655
3.68275955538385
3.56575949774773
3.33120803746221
3.71929006164362
3.47466517410832
3.09030024817157
3.38025873458792
3.31409435826187
3.58625662411602
3.43447033833061
3.36804819199936
3.66361410927969
3.63312337650136
3.73999479424388
3.86026164758957
3.3070524057111
3.72863940009983
3.75645581122405
3.83042250606709
3.75593276353238
3.4141672743763
