4.13110815560476
3.78748876152877
3.63951709551344
3.59354986706287
3.56595398312715
3.56206942487784
3.60429611603689
3.58079128886956
3.60420427391482
3.5702298339793
3.59262617758868
3.55541148275627
3.58299065890777
3.5359223391107
3.53971098651642
3.52833573119559
3.52747737288995
3.52996619820738
3.52012566775916
3.51023177437165
3.50061368523432
3.53195861060871
3.52694161547835
3.5046621621164
3.519067033102
3.50392584121749
3.53140084909715
3.5223207607355
3.51713432179436
3.49346230322207
3.50370986048047
3.47596012647977
3.49659811059877
3.47796818786765
3.50348314652693
3.52009828484115
3.52388125689966
3.50987567481137
3.4928158524503
3.5087668489424
3.49780941338703
3.52155951163003
3.53263027389354
3.49569252943472
3.48003102866005
3.4892567419735
3.47774854864414
3.44758783039514
3.47363019662461
3.47848384307395
3.51472247675211
3.47239563376708
3.49178772668532
3.45851115985406
3.47897768559576
3.47066181832936
3.48670504845797
3.47861612065487
3.46896090421306
3.44387476192685
3.4720881059382
3.45112012225753
3.42010044751098
3.48807429898744
3.49712474509977
3.47783093614175
3.4346217820531
3.48746820399814
3.42475726370014
3.42534867760506
2.17549196861059
1.14346848141914
