5.4177071977408
4.72998046435403
4.12266126440669
3.75674551074246
3.43702458810096
3.29876596679028
3.15812113191235
3.06964898096804
3.02055601063676
2.99530037685757
3.03977607558742
3.07855953053105
3.00038962065135
3.0174792412784
3.11870874297339
3.13283522816453
3.04411999658223
3.07618767599125
3.02239371886557
3.04603630191448
2.99963642953206
3.03790080024846
2.97295690735568
3.06809245528724
2.9975611037428
3.03836282347612
3.04024692783003
3.06975530487247
3.0392082768955
3.05181703231189
3.05149205892692
3.10608162682065
3.07090044357451
3.08010719093624
3.03557053178343
3.05443150994301
3.01785782647721
3.06403579484112
3.01910187174219
3.04964557108434
3.10670496394921
3.086573111369
3.01232685468606
3.04414033102844
3.06390749223956
3.13423111214544
3.08448338390361
3.12861906020721
3.08281650584282
3.11255156268737
2.9837032763609
3.10712671994664
3.06814750527583
3.12527510494472
3.11331100302671
3.04497429611833
2.96784825594739
3.01746233032855
3.0448047839368
3.11370767584499
3.06488613463357
3.07275717383131
3.03481398812874
3.0740013505429
3.02920227753012
3.05172549078096
3.031872935879
2.95376089696146
2.89550333433599
2.81886104976448
2.67986907675665
1.30007330579833
