4.13758287230665
3.82231738326861
3.65276578592964
3.60972809859387
3.5872513102048
3.58115850047305
3.60296303475357
3.57549404201455
3.58344113363951
3.5575743780624
3.56670561039877
3.55332435819075
3.5670731069167
3.5381406734349
3.53626027601904
3.53231358796858
3.52223819677751
3.51419085659112
3.51622176880059
3.53428390931895
3.52201860525307
3.52994936814014
3.51421483915581
3.50449511579666
3.50422928538864
3.50019089017863
3.5072581024776
3.51723430087068
3.50765995520859
3.48881499713693
3.49889295138513
3.49781968354216
3.4730731455024
3.48199339733522
3.50317268529435
3.50981190342485
3.50032634388156
3.4954173682301
3.48502164679241
3.49792784711553
3.51130382019557
3.50310300460668
3.50235024782226
3.49823066400142
3.47151090794904
3.4844565315095
3.47975059953041
3.47553985391899
3.47582424838204
3.47914218866137
3.49067307368217
3.4674937755847
3.47860317915483
3.47679271925908
3.49009954545075
3.47892193559695
3.47282095098228
3.47563437784472
3.47376597048839
3.45602345532374
3.48283164658398
3.44677135336344
3.45698476489818
3.45380707963703
3.47876222325452
3.4642646303297
3.4565425026633
3.445746260826
3.45158498527025
3.40575249883705
0.906454987046348
0.343040544574065
