3.50455192679925
3.31653612022187
3.29103624840333
3.51315977086346
3.48767001951702
3.50253413018338
3.43140316987486
3.871077580241
3.52368453849967
3.74667576895812
3.88550640625452
4.10947254908339
3.78360006632791
3.88364979979576
3.55675814530338
3.41116620764404
1.77342355641852
3.30061334948977
3.62113367884546
3.55997583322276
4.13056660206125
4.05023622127809
2.97570003715698
2.69555421648341
3.76245864124508
3.7423226502287
2.69270640146966
1.87296577526529
2.13367138879705
3.29593466116932
3.7614805806009
3.83157296854768
3.47932413480736
3.33111467254838
3.77301288357083
3.9990048900443
3.99884993046174
4.40656127931329
3.54062649360703
3.36495798384175
3.6935033653506
3.37503001968906
3.45692886533559
3.62536549675531
3.42917678166509
3.49115700316107
3.4895102099032
3.58266706279426
3.43949650933743
3.48098099516677
3.65964638650787
3.7172276212226
3.73762569440261
3.63800477682348
3.49667916992364
3.47891621054104
3.56063087928754
3.3550209362565
3.46077608643584
3.53641109720675
3.6977771758699
3.6724343807597
3.43233062207118
3.49245141085363
3.42926937963519
3.28717473667408
3.57475229872645
3.59517416321586
3.80156384955796
3.65797330228105
3.39247976295447
3.37302972351993
3.31879300735471
3.48336254880357
3.6526504321041
3.62549015914256
3.49826885175062
3.60297377973059
3.55539730986064
3.59804446278657
3.5038010114665
0.189904289873426
3.18555757770483
3.57843535843901
3.46621405856008
3.6113343216084
3.50405161975121
3.43848570679214
3.63098719194548
3.75945984995563
3.4379002326691
3.73942286207598
3.34039841132751
3.50211931974114
3.61151163095735
3.37725455903922
3.34260301316645
3.44581469257644
3.31098968716707
3.59942669425771
3.74181491444469
3.48093373321318
3.63401355869549
3.50446719180992
3.5768821900853
3.467546872752
3.46475801352185
3.48508202871236
3.38799431737988
3.33972637778262
3.30587306253186
3.35332536205259
3.44622218966719
3.42304073502451
3.5517134103001
3.53333212541994
3.25813539141395
3.60602678357606
3.31487741399128
3.41392466026264
3.44837349044181
3.48033544250187
3.43828403507559
3.59314000239761
3.48530257455058
3.50121065718007
3.41974561398527
3.31413559678112
3.52589808050028
3.56235539560181
3.52888304696193
3.63032843550753
3.69938460847929
3.70944512852962
3.38892992409335
3.42957241772463
3.59592562690878
3.44700758211718
3.69841941212385
3.4809038050649
3.40710010020714
3.68499330180884
3.47426712462636
3.56271155772226
3.53129081392988
3.36947966031558
3.67728003576528
3.31947749940961
3.43586375959856
3.44239121369086
3.54186840065215
3.44250649992056
3.46274693543174
3.53846723481709
3.60915366016693
3.59164027182235
3.69539435301584
3.56008917700925
3.4068853461946
3.61567170082359
3.8082215233902
3.90869146319761
3.5026862547782
3.38645699725575
3.10083442145838
3.56456441739397
3.58620371894495
3.68112714076017
3.80287746523231
3.6216851612093
3.39528145647649
3.48828028496883
3.76102672789466
3.70539932518453
3.42376162122285
3.78403532888678
3.48037010756854
3.459525395914
3.45958605867813
3.26301204606685
3.28634711736714
3.55785488894456
3.54313648966862
3.71396242246155
3.56416198885624
3.49529976603472
3.49544805804169
3.60966122769113
3.58737800159984
3.20092696965358
3.60428604590149
3.4940251709109
3.4539603911112
3.46419665132911
3.44894748059615
3.48105014676142
3.37991092380896
3.5001863487926
3.62018150805033
3.50903345756805
3.63601573682072
3.61459591172956
3.51853915195114
3.65220829779562
3.7182183452342
3.84399815412693
3.62586318290647
3.40286880676341
3.13497840699415
3.52036288532141
3.61983540922368
3.23007305696517
3.35937979213155
3.53862906276233
3.6393926252842
3.58745553356647
3.60500673934588
3.49465923392511
3.41360018042661
3.50608293561817
3.40147917298065
3.56727650449391
3.78120247378538
3.66402613495224
3.71339799536844
3.3453709453786
3.44926353652941
3.28559709830024
3.60997113581194
3.64472812225266
3.4296769142705
3.45123520695336
3.39717194432635
3.42918538159298
3.50758486819791
3.54159834032372
3.40998869363308
3.0758720317717
3.26386146254183
3.03610555596565
3.47913820016009
3.3277818198545
3.60933265514354
3.49244819414353
3.38682782294957
3.4263499945387
3.73899855045499
3.55328022097917
3.71099396154058
3.38963432607975
3.40414138647102
3.9326835067459
3.56218292335415
3.59862308086545
3.22713027543163
3.21024400931668
3.62515802542923
3.49527835288615
3.87834343865605
3.5897466846325
3.70097449977882
3.61295828954353
3.44480796581251
3.70601455577763
3.76160243808419
3.79425237501384
3.52867359626822
3.43441775346413
3.59670671892564
3.34058069779179
3.32983460227175
3.71403382276054
3.3809947125453
3.20859732937532
3.32881359747117
3.5161441046268
3.50954273645536
3.36620347278647
3.60405743013438
3.32174422396636
3.55516159113413
3.66665559122585
3.92107808593999
3.43238488422324
3.23496111781176
3.48395040507551
3.64220976865377
3.44156413827987
3.94035625689075
4.04062126746628
4.00930984739163
3.79475540677217
3.63462566518575
3.80160173791228
3.6581796680532
3.45847609727741
3.48770322967006
3.61652659217836
3.6868571692795
3.28579882769394
3.5357807688963
3.53919479234944
3.73958102987668
3.31775391361906
3.71586084763231
3.43967078343934
3.7092714663891
3.86788316655878
3.65999502823483
3.51431436667942
3.71864921483529
3.59758517643743
3.6479806585451
3.61533288577782
3.6956238756479
3.67835623514383
3.52072299450679
3.27207322337021
3.89603746418654
4.09257942479653
3.90841975850637
3.84623307406788
3.44171295152038
3.76523509191678
3.6588649990926
3.38595353937323
3.44568861018848
3.56622554830289
3.56166063638993
3.28439670577351
3.83739528544427
3.60843240254732
3.6640409571611
3.45433501609387
3.31918151286921
3.83982374436654
3.38801008898393
3.81133581011546
3.58950607792315
3.53168275973798
3.60655877056998
4.00287922626272
3.69818378892121
3.81611912871422
3.38478526054445
3.72379834375405
4.03974484576994
3.80257217797856
3.61698586156397
3.68388215185306
3.37610005722885
3.25431871831233
3.27586668165144
3.14694319435901
3.3953966822004
3.57784810105816
3.3453057049027
3.4434218202151
3.52428215403114
3.61550446723492
3.76947792325542
3.98513298208709
3.55380238894716
3.43441585225037
3.87917095644398
3.54150519023883
3.50467884888215
3.80203187146312
3.68023330368869
3.17247983586519
3.6400338689136
3.86738731119881
3.69335571373872
3.22373942533499
3.59900298304525
3.67883766894587
3.36706706126199
3.64479240346619
3.78185671968278
3.85228440046001
3.74620742490348
3.56649958375521
3.04825861712269
3.274905821358
3.60748943575066
3.40441673998501
3.55761779749416
3.51065642421352
3.626572096328
3.48848169376045
3.50759225026818
3.70758064251701
3.7159064376611
3.5685829970929
3.85132429175808
3.89436016258313
3.61995191464353
3.48789581336736
3.42919565792321
3.66171628663125
3.76383220119991
3.74631472594942
3.70555604404721
3.59607348507239
3.64149164926946
3.46791038440359
3.30080625926945
3.50922800875725
3.69750152972678
3.53518784899239
3.55196069950202
3.54240805178992
3.57319747074256
3.87339945665918
3.70784282390117
3.66084618217756
3.32628600402883
3.43270217014226
3.46387576890869
3.64774227595497
3.58535460891873
3.59665731158046
3.66775145904984
3.41726172781956
3.62723082098472
3.80984660843204
3.66384251290475
3.45821568012898
3.76638129971622
4.00498087596793
4.06737344545262
3.72295296113845
3.49539858879108
3.76903832233207
3.45354921602381
3.6137533495635
3.62279232527045
3.35346622688157
3.52084529782727
3.74451654418067
3.60728867233268
3.63689828724473
3.4425003349244
3.4502111189403
3.73890454396142
3.7296980306418
3.55728132392683
3.38957689221455
3.45755967622396
3.66647162509644
3.44287919547478
3.60244355181071
3.67313408750415
3.6121462876838
3.5801437470175
3.60485500087968
3.50463082766524
3.65743952288746
3.4180810018266
3.66412073020474
3.68834199576872
3.4592889499701
3.54241593895731
3.35850830686361
3.39476690002765
3.62396091924417
3.45950977062264
3.57519219481215
3.74526246860782
3.69297850909852
3.97789832768512
3.6415329491957
3.82043822931059
3.63568402718753
3.38507344567456
3.78356953034373
3.53631999584532
3.71951066451121
3.60004479333869
4.12532347434609
3.74862127961764
3.37562847188073
3.34478214458482
3.44599515498556
3.57795797961218
3.46911026755918
3.51547506323174
3.66316554253652
3.72052399816815
3.11927727389675
3.53192689586294
3.77229521126423
2.73283077267516
3.64034833061426
3.44268688181299
3.47656736895205
3.57682315062634
3.59405450940404
3.34414833865486
3.53716196102561
0.19082393855421
3.26856226435864
3.41031029953478
3.7107403125357
3.47471351131232
3.57164669132394
3.42684382901298
3.34635366622876
3.51306027021351
3.78857959991173
3.58653998450178
3.58951169502541
3.71420486703346
3.25201237535854
3.582032671813
3.76091565657513
4.05868516668173
3.66202113090109
3.63066729127381
3.54558700723911
3.52606708365536
3.53470531953249
3.70112712087632
3.70153908100443
3.72056032916595
3.70140655158274
3.60060480904838
3.55066688141567
3.28732382424426
3.79829542572836
3.72801021110998
3.755873335777
3.41216888528026
3.80192541495565
4.16077117087669
3.28791886455312
3.72784696246214
3.3845143866368
3.7398771213185
3.57979256858781
3.80577393724688
3.62350713339804
3.73147934598454
3.38428630368757
3.31993060599024
3.61033165766873
3.66275846879336
3.67774940955114
3.75963281711422
3.38048897644006
3.28040883380371
3.45919231803049
3.66406586295277
3.78479694032515
3.59259244364209
3.83886402787841
3.68686765560332
3.84098032212192
3.65049805048192
3.61802029339052
3.60410410597178
3.59872602557816
3.51272435223216
3.51240827115974
3.23638874646882
3.39657589210821
3.22304628919994
3.51915590169782
3.2053738825854
3.52009594718248
3.23571835040042
3.38244833271485
3.41974798588217
3.46016867546028
3.60487516820893
3.49583473832275
3.58428300774645
3.4380682823574
3.29952032800663
3.42274509451549
3.36488201197363
3.30799282777386
3.63068699579465
3.37963084178692
3.39631232191774
3.37107759549731
3.56947804345488
3.61862616339004
3.54431688791777
3.42862847249
3.48342050445398
3.41328241620148
3.41164017513284
3.67361574215379
3.58357937820836
3.48840761443245
3.47377524391824
3.57499176619474
3.81856135857114
3.61061311140788
3.44131777787241
3.47503193469816
3.4584321787727
3.35624093211382
3.51062840015908
3.73982002697366
3.59655811694401
3.59265335177077
3.5103235977086
3.70792199691412
3.59680330307682
3.65156819006454
3.3289631184506
3.49854445060586
3.70135543255032
3.60536188009446
3.46157642646906
3.65209315719788
3.63436255176566
3.48033159046984
3.50633248386266
3.60044208020227
3.32763038056868
3.25572561576997
3.38148207937359
3.31255197973152
3.40164927688859
3.54658450668947
3.56844856128066
3.27361743619262
3.34867063234852
3.70314085179853
3.70188295033743
3.55863629815636
3.64248004885967
3.42434049674494
3.51696469086738
3.5563932674826
3.62852433557599
3.45379329574623
3.45814514969074
3.3002631447481
3.51820483401323
3.55044540268412
3.68938624733299
3.63548012767888
3.56955707148384
3.36164131162226
3.45895541356334
3.48344530306518
3.40598019240558
3.5821981878974
3.64401106734362
3.71269813284914
3.97275015728096
3.88551287785299
3.65135889532584
3.74722585336648
3.78105997630725
3.67807821132815
3.36029567073042
3.96155905882934
3.71935024876479
3.32637070691302
3.56579246375516
3.50068719616537
3.49697496687072
3.64854700148184
3.62281621399021
3.60922331756115
3.56692849083176
3.42896646878917
3.58719692174957
3.70090227219291
3.71450149885424
3.47142707631275
3.39215599274364
3.4380723471435
3.44519071911142
3.73117250246762
3.54006098501923
3.47399916890898
3.61303910910653
3.40129158302079
3.59079459851567
3.55493000051464
3.74077341516275
4.11267545661133
4.30671274805122
3.7971712925655
3.81260358663742
3.40628197927537
3.59007432894163
3.49500889647981
3.62501634648266
3.32781832820512
3.41784659143133
3.505868068758
3.20182687813706
3.52436361248775
3.60837390539269
3.62802983236854
3.62374928787405
3.75625415665008
3.39574598506044
3.63716253913586
3.66296639862234
3.47050668868514
3.47546998350484
3.64656918484138
3.79015623687796
3.5374330199193
3.72793080769885
3.84242322866283
3.60307038794195
3.54956965723153
3.87398240712866
3.68809438532209
3.5567925664896
3.84574034774418
3.70425546384209
3.52672758044047
3.2690361425182
3.4829502083964
3.84580658612827
3.95573832640806
3.69097495577384
3.74314256918909
3.4998688244314
3.53972576888598
3.58748105188609
3.43764528919984
3.61318418037043
3.19535481656249
3.70160891642125
3.71963133863078
3.51968016998337
3.69012463864535
3.58871099904866
3.61623778809055
3.81654736357897
3.6691614866883
3.78341879832803
3.56081898117769
3.84362904111107
3.49621926720442
3.42406878907332
3.71578113120672
3.57046715201078
3.53798671194948
3.57830262671004
3.6879102108965
3.56037095486134
3.04151459671155
3.42510679167028
3.44666459370131
3.52382599065119
3.58950889025244
3.59021162255673
3.4414205705188
3.4094169175509
3.52827193105232
3.66501069212112
3.58045261525635
3.50340919091516
3.73420935396925
3.59590880425971
3.79943613929164
3.67840616057408
3.46347660650189
3.70681894961908
3.66990957357472
3.1944996137393
3.3711113016039
3.57749695725133
3.56804538381127
3.57229776244932
3.51765300312279
3.55140126337954
3.38341528465327
3.47523296761574
3.68732612734658
3.51520018665437
3.43396079148363
3.56857501973754
3.50716266165949
3.57168316936442
3.46973819659623
3.38875933957643
3.60685651152877
3.585665011214
3.55858875746564
3.51866931411831
3.56198632669179
3.34881417893293
3.22613264522954
3.72949204149881
3.55649148088456
3.24371917596465
3.54409227213797
3.52054952415261
3.43981287368068
3.50820540055535
3.40434866244876
3.46017218564117
3.39888131930456
3.31158192666162
3.48337956351704
3.67801664076508
3.56568440450531
3.57814752834725
3.55066740932582
3.62074740711508
3.54206969033573
3.56293786831994
3.80627424422012
3.74509119859602
3.79338676603558
3.75013034425811
3.53387178254132
3.533968989685
3.69877584171009
3.64016157952425
3.65324007751213
3.46916859283871
3.41165703802595
3.49728174423429
3.6976641866139
3.51426877535983
3.6213280011174
3.72423523575436
3.8598806424067
3.62147880745328
3.68589320323851
3.69500271406727
3.53392995973597
3.58261939369194
3.36930370162082
3.27646025539205
3.50687238477963
3.54971673332961
3.50669327629724
3.53126182903853
3.61765395645883
3.7538666625346
3.73307386560422
3.66273368204313
3.50826505884675
3.20547484549705
3.59812342584206
3.70284219732692
3.37393258979882
3.72918861524739
3.85820760316328
3.68928958443114
3.63673709217334
3.89504186078994
3.81289856209195
3.54533646957155
3.56458984657089
3.8118303571779
3.60698752330116
3.44342826146981
3.39551338156783
3.44023465338372
3.61816142816955
3.67780742347513
3.71712838846675
3.85230282176614
3.77111115998342
3.44446073900907
3.78579048611195
3.68513420655235
3.52420308575728
3.42182441888193
3.72871000064651
3.24462823404934
3.34191368240232
3.39754433751953
3.80362403909516
3.60076536255587
3.61912541980135
3.74004772055417
3.67700540613703
3.7308832701432
3.53560215887133
3.49048458148316
3.61234043004756
3.67492667968381
3.43533836426586
3.75162522342739
4.00049635245815
3.82776461532083
3.48956556572597
4.02456865295125
3.43674427467116
3.50356433816297
3.45167748077555
3.61161567387035
3.51335600302642
3.38319706534
3.5451970696272
3.67051886731774
3.60161626151965
3.84458644811792
3.66180316567382
3.71516459051261
3.73914055981778
3.60422302598412
3.78156963415164
3.76495436925503
3.79236167150531
3.84103541505259
3.6263144707191
3.70999732025685
3.87499935045059
3.88156117499235
3.85152229436487
3.52580681821057
3.19934930135804
3.58376343181118
3.6302482609764
3.36951427473364
3.48548210482113
3.35273893446844
3.4142795946205
3.30516318136683
3.2800196664708
3.72684491804394
3.58828293537796
3.42547058230454
3.56587289658502
3.75100430991507
3.48188525621997
3.61359133024844
3.17513916224395
3.41352062621037
3.82643086032597
3.64652975956563
3.50839035158382
3.49224972620275
3.52410125723347
3.80285232339437
3.63706056978803
3.4514133819799
3.28292549668423
3.28053657198649
3.29999655904898
3.64150559054721
3.35218951163935
3.34889707577543
3.4424479570165
3.53536624095543
3.36409895431971
3.60610171816359
3.16729512944344
3.58580461261083
3.66268743379266
3.6527055981973
3.31072176700157
3.26453392362216
3.24966083838101
3.48836544022494
3.48909102822629
3.34013746054343
3.58567644619546
3.36104757315752
3.38666879819638
3.62038472839595
3.17001771827087
3.28128179948799
3.44079933718417
3.17385199478429
2.87535163642284
3.4546495597882
3.48087647182505
3.72627081030987
3.15067072744493
3.35168639277655
3.68275955538385
3.56575949774773
3.33120803746221
3.71929006164362
3.47466517410832
3.09030024817157
3.38025873458792
3.31409435826187
3.58625662411602
3.43447033833061
3.36804819199936
3.66361410927969
3.63312337650136
3.73999479424388
3.86026164758957
3.3070524057111
3.72863940009983
3.75645581122405
3.83042250606709
3.75593276353238
3.4141672743763
3.34106464562391
3.55403145826851
3.49662908380966
3.65365443587838
3.43408552341099
3.6520789109904
3.45161733063842
3.57372069027758
3.44856803694371
3.23132239012237
3.51441235125828
3.278876598656
3.54684123058446
3.64894002864042
3.45372679108624
3.63912335995314
3.65705750687463
3.62275390805684
3.36716992986429
3.4368223857135
3.45688922020074
3.66968968039713
3.48539438367477
3.4889320496603
3.72545118597426
3.50871959139624
3.61033227328276
3.70483246689894
3.76735515766481
3.5789096695592
3.35427737797716
3.45200455915432
3.42272043859966
3.59733110074072
3.23827295609458
3.26652988707396
3.57819773668339
3.38514235407534
3.39625831598644
3.61981434614883
3.6622960259284
3.45894964426073
3.35495135501633
3.33174829812614
3.47055071943599
3.66800589418338
3.3822670374328
3.68017104150816
3.71118334650424
3.41279527282015
3.21025347892753
3.52936808445892
3.37180603090512
3.45562258322159
3.63545315419949
3.74806337373778
3.66677567296418
3.61557859736537
3.32981678748249
3.62334201760516
3.40541251950226
3.55379960779745
3.33271398138613
3.61792405020343
3.51454457999383
3.58647430921933
3.56688894752368
3.53153065502067
3.42710584074765
3.60280929698473
3.71757903017851
3.72586233349176
3.58230800334354
3.34942762281586
3.68879543409076
3.79128882134857
3.51805876202957
3.28641621174369
3.45842544884917
3.58165099577152
3.43145864650155
3.42651943851741
3.47507975629943
3.62923481386265
3.33148273265099
3.43728340771604
3.33618881109975
3.44290498727413
3.5057475245449
3.46852871890299
3.49198029682007
3.58285997203134
3.52595413524407
3.2466384720943
3.57770637149533
3.54302517816137
3.56869333690734
3.52719762175531
3.83994433175038
3.71535040096924
3.58616099687412
3.50653592121832
3.6258042028644
3.39017822055456
3.20113876423024
3.56305554078938
3.48155888433314
3.67775802343633
3.7333775415131
3.4837887133461
3.63578864377977
3.60025910881163
3.45445729111564
3.6396585299535
3.34344869955879
3.4851172667486
3.41311982272531
3.54629334563516
3.66377638104131
3.58505719121848
3.40497882540372
3.68631578165122
3.95310445365878
3.38926213262276
3.52187376474579
3.47414594523151
3.25563525617007
3.39760580320118
3.77680351591714
3.33925624513586
3.42813465832229
3.82598574591718
3.64570720386108
3.48850763174307
3.69643575111693
3.92581102860935
4.01209136500223
3.69153986860523
3.54191575263736
3.48763301667831
3.64753989681196
3.77780918370922
3.75984459818396
3.34692602783457
3.52124146608708
3.78579597794945
3.75234095743213
3.631668990249
3.62961445913608
3.53091701421978
3.25845982436361
3.56184772330669
3.34624917676548
3.46952097052309
3.93285613660427
3.53660541428813
3.57290069560964
3.11234596777487
3.43404606649055
3.53981426161536
3.43336666182035
3.46740371186396
3.56949610489366
3.58339183043133
3.44168827203629
3.60605887626429
3.77555324161321
3.67105475312431
3.5532213051676
3.49734616600272
3.5473051289095
3.61612339436089
3.48868206490857
3.38460988914758
3.65478333376947
3.65915046178752
3.80504937293082
3.63757501950984
3.56946535852547
3.32074886400879
3.66652453588545
4.04602462930855
3.51352322259949
3.5158934286141
2.90164263007089
3.80117120294864
3.4232356207971
3.75330191286235
3.63347987871692
3.85089777824148
3.78363336774628
3.55472695337598
3.84710101456507
3.58870179295703
3.61396450647226
3.28883373266227
3.60408752064966
3.65432047961535
3.61578197868579
3.79797539851204
3.49511321804189
3.79691264924913
3.81830020145742
3.59645687103686
3.53840234999897
3.59294935777679
4.01671421359379
3.36953825083724
3.21601293816807
3.77282127044206
3.82307568967022
3.54685346177788
3.61446012302612
3.68372816666993
3.61222573751518
3.22283795746342
3.54342424668913
3.45742626263649
3.69040687207035
3.70651468509866
3.5940431890964
3.62757440795853
3.64331082026854
3.46241168944499
3.42664919648087
3.33685208089063
3.46256580548868
3.67742231264649
3.87922590888574
3.44994601848348
4.04000002588063
3.24060602743496
3.80828401922063
3.67964579672868
3.47049996873125
3.15701164489014
3.51828945445415
3.57888942894468
3.43811846870073
3.51127166743509
3.51441354300297
3.96215061244265
3.31119678186636
3.45915189254881
3.43143182047104
3.8523048287136
3.6849639601396
3.43942316038902
3.34381603867807
3.55825623847872
3.4302206641433
3.95703152837884
4.04192249688749
3.78213490574142
3.61410048126446
3.53528042589597
3.50520226546802
3.37216238588822
3.58580248431951
3.38470155285581
3.34291877269317
3.38144214661829
3.52463718964353
3.47021511782649
3.69180697301278
3.65437478799226
3.75083778588797
3.53525792027965
3.42548701663098
3.51567029631603
3.63537935633496
3.71340970899237
3.77630977954069
3.58837349479131
3.71405863084094
3.69276885005139
3.66288951683639
3.85430910468655
3.65676188407104
3.60456681101483
3.47046110827242
3.5654868656685
3.56337731504899
3.83085689573771
4.13627220455038
3.5088632521802
3.26064024031695
3.54910838637289
3.56896674967656
3.59104590394125
3.83786996339278
3.54967924355012
3.48612769233223
3.76762375307681
3.53864962555892
3.51094191397863
3.34679916640198
3.51882325227073
3.68186870155279
3.70120634427033
3.56165740072917
3.65334293029823
3.63604619929314
4.09991975528901
3.84599247143633
3.84198635419255
3.60288239277422
3.53472284834028
3.60298653168496
3.45910026298731
3.57161548196891
3.44321905339509
3.26778185355439
3.52321937111833
3.6285190331503
3.76288441338843
3.77820431931765
3.59938567860674
3.7010277164472
3.77276849105092
4.00291166521926
3.75986099201494
3.87068475074336
3.63750258514031
3.96110420159034
3.90289858897496
3.76920503392087
3.44599264596589
3.33788235701947
3.49686038895806
3.67695251381442
3.36064148839796
3.61581657716279
3.69746626906626
3.6209911332412
3.60845665918865
3.52607448089624
3.56369263933452
3.62953156547375
3.58392102331559
3.34787597933829
3.26232120831887
3.52097497071107
3.60036241838754
3.40184693023747
3.55881017964768
3.61572490702401
3.32172948985456
3.33042740132553
3.52255600953574
3.85930742047666
3.58255918208796
3.67301190022277
3.46081153744718
3.59021626247572
3.28073115633222
3.54577130689225
3.41737889342265
3.78770766683893
3.5405425851751
3.66885053096705
3.35548566236189
3.75612680172297
3.4739665939725
3.62589392770982
3.75095722329822
3.56659236344824
3.3451205512725
3.47713682243633
3.64389547317463
3.6795708240408
3.62592914978197
3.32598531894163
3.55011907632489
3.49474950023273
3.62633993461507
3.76850584033121
3.6766788179086
3.67125073321225
3.18765152555467
3.80942458035932
3.87737852257932
3.61176714261114
3.54003878144497
3.72247392482116
3.60899239701789
3.49032900932875
3.33309725871227
3.56337671941623
3.5354005846208
3.56394143601621
3.56019554733632
3.64187988650216
3.59647355356814
3.62378830627438
3.90872193672437
3.56885451438242
3.66251212863792
3.47753678935353
2.02093486123732
3.08489492969705
3.38086303179091
3.36898604381032
3.46320677026872
3.50409237459835
3.47067765201754
3.64682684453591
3.8523476356359
3.40903767216702
3.65840473315287
3.5798091473912
3.38170374958075
3.49652292343825
3.60694352149072
3.22693201275741
3.15868455834144
3.67450745075161
3.45268214127097
3.42344042629941
3.73097362852752
4.12394388214205
3.71425096836468
3.79651679415001
3.61375897114469
3.76762189454875
3.7515178790307
3.61707628661069
3.57287868240722
3.72556847368444
3.90310898920756
3.8488954464621
3.70092907040416
3.65546375839189
3.85995701571438
3.48311356471826
3.44769890571045
3.60232689885105
3.62481582194842
3.46092265174041
3.53855123211873
3.57623149458751
3.51037399817167
3.43068942994838
3.32567652217287
3.83045677810315
4.13901084321311
3.58315605169509
3.45245681158664
3.34867739074334
3.73530026926597
3.36468743373429
3.60220528591902
3.60607276129643
3.50456316467961
3.51770116239089
3.35016198945589
3.49983024702771
3.84031199665571
3.75886696961093
3.69427359972696
3.42051779599087
3.7810250556482
3.43608007540122
3.54960634556298
3.60858229078063
3.49850566970662
3.310430007556
3.4546236277939
3.44826461865013
0.186371450575016
2.98899508005591
3.1885853695315
3.40320228119195
3.65370970733949
3.59653932593729
3.3987400686303
3.50582158343904
3.59435835159321
3.72901481969305
3.43631750887496
3.49488689839614
3.50612770801317
3.49168438312959
3.38718621551811
3.60998675391149
3.55652969450505
3.47634544109777
3.55606941176546
3.59293868301252
3.60677407899914
3.48896740765479
3.66385002551093
3.25919786681814
3.45473948764322
3.53029846106234
3.31979348146309
3.43061719406846
3.37237610889738
3.45163130571025
3.50921326104631
3.47554800364708
3.39623106662488
3.61985080377505
3.51409381636491
3.46846122862914
3.4719432427273
3.45935215052741
3.53542911271771
3.47140901000815
3.49366521539644
3.37545126436719
3.58713017035907
3.47247053687172
3.61579367304037
3.61239143576981
3.48535757105876
3.54829394220076
3.33032847830482
3.49822549267748
3.35711074679714
3.30547586300856
3.35532947046293
3.40405344494036
3.45737696944523
3.41472396245468
3.33720860962337
3.24282236718986
3.57729007488128
3.38175701853457
3.76204594566864
3.42080351333124
3.47636411871226
3.5361105758018
3.50652953363648
3.53250547082511
3.73813334576249
3.51056655424352
3.31000910977776
3.42824523297629
3.60303912481095
3.43697980746159
3.75292928174065
3.9411877857266
3.63843948323514
3.36744075540877
3.62069904035437
3.69809726027845
3.55851381668624
3.69382499495177
3.7997972422634
3.48485750897919
3.49585052541908
3.57269465480047
3.49800725159441
3.6108263206617
3.70819356709967
3.64535807473759
3.35730070919778
3.42702876008101
3.55377227644622
3.21407642826296
3.73034544891949
3.9559062948809
3.68837750654062
3.55661432282884
3.68320786900894
3.84125034350818
3.63576236047911
3.34768576980276
3.52476785242944
3.52369929192206
3.53706637264449
3.3777866558825
3.5096399488274
3.81763342925038
3.66611960046377
3.61103516188512
3.59633040143166
3.28618186302735
3.51259822691219
3.46855766151357
3.56375137268007
3.57384923026812
3.27858562751677
3.68173497217422
3.28382282757586
3.36558007002163
3.50783750835069
3.27282957441641
3.53558153078545
3.23770834282582
3.37349396289514
3.63320513743168
3.54225545203942
3.56529917091794
3.85156503882656
3.5846817110089
3.30096586400002
3.44367325304602
3.51756097972875
3.21604839547089
3.47139403069141
3.44460977500461
3.64579175052589
3.43259507519064
3.47961294428853
4.03950824721313
3.61200765550245
3.52897654424609
3.31875694536296
3.52430624819202
3.2017340629721
2.80424348915424
3.60642910210203
3.71665772282461
3.68759279614495
3.61967885995803
3.23624290641578
3.50259319371682
3.33641347944922
3.24094099566492
3.59315415478365
3.70152031829519
3.49208381379652
3.471959539725
3.60036324193906
3.49693036626069
3.64002100314448
3.64989074911613
3.49821554224117
3.57092561090243
0.187577738620313
3.22546208431653
3.62531898439509
3.64994015124264
3.34206257594593
3.51886955329708
3.67559105238639
3.93592636926968
3.625078050727
3.68281893476479
3.61300196593615
3.72994619360416
3.70678139304533
3.76247648529807
3.32118073072023
3.41111022339007
3.56235946697878
3.67947419057732
3.74808720883591
3.27124980085482
3.52214510981714
3.2273654577748
3.59193669763446
3.52725139050426
3.39788266102786
3.41764926811676
3.43064216371142
3.53208924698223
3.46754667797955
3.54782777120599
3.50286191054575
3.41972173892007
3.56451192497895
3.99143326023401
3.80033910338473
3.82449644725841
3.76566431876719
3.62405688946263
3.72019405092567
3.5677597248055
3.62443378523745
3.46748760710439
3.4071968825223
3.53281446423872
3.50113448847262
3.57982904782365
3.60470118909711
3.56025819490695
3.63789558182991
3.4896852936796
3.48031413725558
3.51274540766342
3.4887550209277
3.68138051888359
3.85546025318695
3.79062640706561
3.3936144270146
3.56876803172689
3.5722053039603
3.68525256339804
3.62418595749287
3.78642883792218
3.5290293078696
3.32901616211203
3.61503762987557
3.36813913660308
3.65526573585004
3.32754487532852
3.56310001007306
3.38469863044326
3.42761324902559
3.48189777229442
3.5201592659732
3.42945054471678
3.51620763611985
3.52454795106809
3.56813622570186
3.17453660863859
3.67646610257009
3.43061768898149
3.47761341677229
3.61840938393967
3.63832737261613
3.55529815241524
3.65780263246326
3.80882292240521
3.62895064709155
3.73773222414228
3.57310005286735
3.46000017481046
3.67995218167698
4.02261493497608
3.88321432084241
3.66099381172003
3.54186966189702
3.81238508807636
3.54928571306241
3.59230953412864
3.77105261134019
3.44349485528329
3.6322467403472
3.71486139752805
3.82538589321715
3.4377477513075
3.50790326542424
3.61209570828825
3.18597404602337
3.5886111476595
3.97403046942983
3.46411032470151
3.62197163584841
3.60269874978013
3.81343364788056
3.46652971175439
3.44538572546006
3.39569443383139
3.59266499265504
3.57804511061246
3.62945536316178
3.60324897097883
3.37613996600608
3.47971769027767
3.57183014648543
3.35998025510833
3.57848024467626
3.32171900742136
3.4810469320503
3.57002119974764
3.59265455095248
3.71376114015618
3.6998034888401
3.65453576033207
3.86451229196457
3.93504410723316
3.75751567927138
3.61099679679798
3.50071991251406
3.4190887037909
3.70110225640658
3.39214533312496
3.56029750070535
3.36537804269569
3.46799597323722
3.40505546848004
3.72133579832655
3.38352514731515
3.5184051796072
3.69219218098405
3.65191619558253
3.74040190192055
3.4464384951593
3.81253225358789
3.64376361160249
3.65709729944268
3.8766874348247
0.195216893938581
3.14387212239863
3.65732988682725
3.63053358935961
3.60497389057314
3.49727594930259
3.62292796660294
3.50664366968896
3.65837947627649
3.70232349829507
3.66799616185483
3.67587187837089
3.71297558116863
3.61387180332477
3.37557383348278
3.13705228062901
3.47358871670564
3.60785763335681
3.55109766478551
3.80879299639902
3.65531662651916
3.71940186040823
3.25975548520897
3.77538771495429
3.40399312196057
3.84942628189939
3.83830990597862
3.74770672684267
3.13020138306506
3.49500505230736
3.26637993158647
3.35164196408893
3.5002589031896
3.56109973188704
3.65001282293839
3.70876642689335
3.67743827967476
3.51885010604824
3.66296883025619
3.46472265133416
3.78269668034494
3.77725713603372
3.45153903244542
3.38476684234986
3.4310182437661
3.71064294979516
3.68735268886244
3.62565359606348
3.59190694151665
3.93296320208376
3.85864520755622
3.75846499039866
3.55911151282013
3.5079011719699
3.95811706190231
3.79923564821827
3.43860026198863
3.70312962725993
3.48863789803474
3.62084849705017
3.62194730186795
3.78601594448851
3.56956825038415
3.30414821732362
3.58339692591628
3.51005060134804
3.66914333547811
3.76059557157087
3.65931839300389
3.80333256776514
3.67221767995825
3.67741571524582
3.54921279327792
3.60532591736555
3.74340840372855
4.11010106553877
3.78632531115581
4.18610813383074
3.52026447092756
4.04689762030122
3.55869511457858
3.94714015971353
3.71491133354706
3.65722282931686
3.54495455041304
3.67417812873387
3.67845274394049
3.95766753960411
3.70257906568808
3.69329303696177
3.71919599658683
3.65676654225681
3.64049808128482
3.78153408211597
3.99252683609959
3.40662676291307
3.68333381875545
3.55699656066138
3.75417612407354
3.51143768421564
3.91421306873276
3.47736241247136
3.67158317461813
3.46163137195685
3.43281148563081
3.65501353720869
3.68909152538397
3.52203642116847
3.47178047847969
3.67180604892181
3.54740558340065
3.79301419209225
3.65268463974578
4.01153080683866
3.87506610240825
3.8308344955649
3.67326371996181
3.66907961373715
3.35865427314551
3.38446405631997
3.15640261958916
3.47656249936037
3.32060802123378
3.65076939639077
3.53274695317379
3.69564737360055
3.84088289564932
3.73667182494768
3.60729985471591
3.31892439086809
3.69039550759787
3.54243687130368
3.5061550000874
3.73133338145179
3.7909922351797
3.97375316558697
3.71111628526489
3.71051481901731
3.69626307887064
3.81096112901035
3.65957489058072
3.90400578331555
3.60939911619424
0.185409753122972
2.64959680559559
3.66530081208386
2.99743230799543
3.51557685532472
3.1724462305467
3.48633784073645
3.48682867377475
3.29565274045186
2.98278331440921
3.60892312635363
3.23227678624233
3.66182750404688
3.53436865698124
3.29843716597629
3.50507437525158
3.70080139575963
3.80619739216968
3.47653940760182
3.22671347989216
3.41377967870477
3.35145938211335
3.80906759723254
3.45446816503682
3.42504712736561
3.3154374127315
3.4337511150601
3.57224088461349
3.38557008820228
3.49963056424831
3.54270579492215
3.42077456128426
3.24877848091187
3.55028874875883
3.48388002718029
3.40709455644027
3.24068776410676
3.39085886451227
3.75791928540966
3.64650315863195
3.70351234078288
3.5046727517064
3.22063956237924
3.6876748625087
3.61984912114358
3.69996360459917
3.69758171064009
3.45758140733343
3.43098434018953
3.57233437650499
3.51284665352168
3.40572833890537
3.33467256514992
3.10483406225892
3.59070091918584
3.70036219862005
3.88911651724967
3.68053638441921
3.54113315310184
3.55111918915024
3.56776935794501
3.58383193039048
3.3092531232389
3.48774662823458
3.2281604174057
3.35191876801145
3.39960717570053
3.55948549977263
3.27176736519587
3.29969752888428
3.56064900335196
3.12804344719616
3.29632844663009
3.27203300132752
3.53799816638823
3.73529940447953
3.6331655993334
3.26345365302325
3.42127965950955
3.52925606914626
3.53643384419587
3.18928816189666
3.50164576181012
3.40541648347428
3.41182787620945
3.49397699274621
3.49265057362962
3.46906270711267
3.82224504953713
3.64600287785341
3.59607693714459
3.48414612269625
3.48336543668366
3.47498108737249
3.49389845131951
3.74221888874177
3.61401582351679
3.35510354557756
3.61083645405019
3.6538138435106
3.35832232938666
3.29287606707153
3.34107398490452
0.182595577028168
3.14521090001778
3.40359084730502
3.53277780761433
3.45780094674407
3.32740057578677
3.65918370200349
3.66887728522092
3.63422175374638
3.36743223787686
4.00888167460989
3.50436821294349
3.37614557000665
3.51017352390196
3.58221434289242
3.84052753640208
3.45423106437126
3.4275572606903
3.60527279103744
3.41561694568086
3.64535587703994
3.57291947116246
3.60290685319044
3.86609765832015
3.70552469268023
3.49542893020124
3.65708121397392
3.97476773544223
3.51238697226441
3.6772157956789
3.60412453292749
3.37584742565696
3.45369475492332
3.66717555420675
3.53187284737952
3.46784553067434
3.76072313859063
3.55391480532115
3.5326875442354
3.69004124255222
3.51153477467508
3.40852443505991
3.53195931491536
3.81299985979843
3.73355454159415
3.59279197949248
3.22099530731375
3.21685819659384
3.64724411802215
3.80096197467317
3.62508179453667
3.57699337622573
3.45517603803223
3.33523653007517
3.67994829573584
3.72191951093086
3.43422260676245
3.74515011323088
3.7214809866893
4.24306468494758
3.38350300745288
3.59253827418404
3.58070091382776
3.54823779627012
3.52194087896916
3.4082603913843
3.70071817517053
3.44334801931672
3.39102327789173
3.38975191256435
3.60236755616437
3.70608206672264
3.66453221717296
3.59362974880093
3.78785486485537
3.90341602862575
3.61105020536607
3.76152179877746
3.3929201519752
3.8702817169707
3.672253661676
3.68414498887669
3.41422570537745
3.62809823195304
3.40407942811637
3.73435256087004
3.25169872282544
3.363924780972
3.59753600359204
3.61831438975152
3.67818299239778
3.43011217025175
3.4836451242087
3.62930145472304
3.53922905066572
3.61319136460385
3.59287114758787
3.69537327588226
3.63761866058741
3.90363697434778
3.51453320355331
3.68064627133048
3.3792092797829
3.6480464887183
3.92965189162556
4.02110069781578
3.72737547472511
3.58004474897126
3.74668891494563
3.57511025008066
3.41459007004
3.54887254492259
3.40708567337007
3.93431752747117
3.74962578221561
3.74310440930134
3.47657816941729
3.50503229029331
3.5829603996954
3.59477240708129
3.28397825130933
3.26412362144187
3.59597334576627
3.7216017158656
3.54489361638159
3.70076334094636
3.96052777660003
3.67883277461144
3.84905959192757
3.68216353458113
3.47527507439914
3.57863608002561
3.37654725671038
3.55168411668038
3.2986252222843
3.32650419982255
3.78610438607239
3.58338171534316
3.58082539626869
3.26921838503216
3.51622860582329
3.72395947646342
3.80338712152709
3.62769123793147
3.75305102562305
3.80061748803459
3.44110907093259
3.55716397120208
3.43593173673867
3.6074352150314
3.6559302798519
3.93114804797755
3.44058897339031
4.07124729986766
3.70513782059947
3.76400718705707
3.65006872643734
3.52937773723726
3.3287819284796
3.71864554848562
3.53428919496545
3.83076177211954
3.51386563428022
3.49369392477433
3.67951539330189
3.69491941242909
3.7052013798048
3.59563233561582
3.63435007490498
3.49594806762746
3.7355136753381
3.48370962208866
3.6994025885677
3.697573408781
3.63876023205067
3.45204181387601
3.7197037690221
3.35738118957627
3.34323666921038
3.64653302228075
3.81218563934198
3.54325149382586
3.46742641372926
3.58973094683518
3.66258231597568
3.71638168945965
3.69490436377284
3.66867094563112
4.020806808516
3.62253528048759
3.38850195629651
3.45968915403662
3.55531795263209
3.56649474458082
3.44546267408798
3.48802002643299
3.6957294673579
3.45475781853956
3.55481161468701
3.55889721766634
3.6879171914076
3.5906324797224
3.55848044751539
3.11384743812117
3.49173286436755
3.42730072310816
3.51715775617988
3.53698096728573
3.58680449889301
3.6413298653721
3.83035419767458
3.41411561000184
3.41808831999265
3.48785813587426
3.64176810603633
2.93545544258257
3.76678769295582
3.76746098330914
3.57434948017196
3.611445041318
3.43666059912301
3.61509900639555
3.68386529965523
3.62396084973888
3.77798611856609
3.71877728241683
3.34690773794256
3.03835768722506
3.31667886353194
3.51505788723899
3.5939149016814
3.43783254150325
3.54099362211687
3.46402986205459
3.5955193626992
3.56264210298169
3.68017498492269
3.55324782091047
3.54567757966435
3.88001098483089
3.7921281860719
3.39991940723105
2.93871009963851
3.714454219047
3.73383518335091
3.44927108362636
3.58175192509703
3.82585178178516
3.60923771351967
3.5656218711169
3.57866198468021
3.7286911852764
3.63999101610089
3.41943570148556
3.36572261769788
3.54640194919885
3.66337586251182
3.7348830054352
3.50471775872836
3.48307349414022
3.53710596806024
3.43127633205882
3.6585617561779
3.42656512174988
3.39742709469566
3.38834481321326
3.52346459349791
3.55545440230261
3.53169580076459
3.67770391933516
3.61052836617038
3.63702909748726
3.67266639719472
3.52857793751526
3.34565371318499
3.44354397626978
3.00569836169843
3.55219547607496
3.55300005598669
3.40871722161797
3.57025657951826
3.54492244748396
3.33354765147447
3.49795511633259
3.72418938517362
3.49718343556782
3.57424027548664
3.40614383527178
3.52764469532775
3.69571322079368
3.50972797243393
3.48115544699895
3.42247048289393
3.60466121579149
3.92357158762369
3.86095226786862
3.67357162186884
3.78695448653874
3.51091649089396
3.92936584189666
3.70150269748069
3.6294981649227
3.60490827901992
3.44862658351246
3.45104006249816
3.56278360619486
3.31908362464361
3.21487245657408
3.55669879576655
3.23829118702051
3.40539862862884
3.45063254875274
3.43178265340496
3.74117006142299
3.26415150266636
3.40492277502824
3.5374732048316
3.68461155146741
3.40543175354516
3.52016920319298
3.91188273395061
3.44328056213612
3.59280328064591
3.52259096006758
3.37056404382367
3.389905154041
3.40743493776953
3.55507324624015
3.41544394184411
3.5625035908619
3.34860551961186
3.45800313443666
3.42145776711698
3.36428449862667
3.47640075551753
3.54953810385765
3.72975829545967
3.93735986611656
3.65632408108171
3.49573965028197
3.44315000769231
3.5932851695116
3.68671153813255
3.69050740916943
3.24609764551127
3.45058013516292
3.82546519308255
3.55813763854536
3.39162447395701
3.47458286448965
3.41421947432754
3.48405410500981
3.82969901710207
3.53453579937875
3.49593549977851
3.60961378820715
3.40584031657188
3.7185665737822
4.03090047861221
3.65972327311393
3.54554690586242
3.46777326788379
3.19620228471063
3.48340876040493
3.64551302413651
3.69725779324417
3.37731076877513
3.45910999905615
3.6593380882354
3.43091900407075
3.57810499666459
3.32424548713235
3.43494800650805
3.60322526212627
3.40733431434114
3.19962784662034
3.63954349074282
3.44772172989395
3.69614005542239
3.48008585879073
3.7080626082349
0.193027481772634
2.92671033606068
3.66291859654238
3.37034946929685
3.56486339903307
3.57659041139821
3.61738740273611
3.57444525157643
3.66941490449541
3.45522035753462
3.54147989670971
3.28274045440622
3.35466266571799
3.38907527239742
3.50558517842325
3.64623436398048
3.58023623951976
3.7012136553073
3.78691545950286
3.55879702439094
3.68624731595662
3.70277811117472
3.77598981016352
3.73855883282174
3.50898556453664
3.82605759938796
3.34955554415595
3.93422934173495
3.87946871322763
3.26592849093472
3.4487993199915
3.25917939410746
3.42954168495651
3.2790750692465
3.70379464505937
3.82473088962482
3.47974600899271
3.46180462992519
3.54930697802103
3.46235267643523
3.48823807399558
3.56916081144831
3.62157508486538
3.83090804605001
3.9847092085285
3.57546848142766
3.7332268508071
3.68410395726075
3.58591314541542
3.55561825940477
3.75834451714602
3.6818425153637
3.60486879555232
3.88219236318653
4.03295612752746
3.46925640750799
3.91546768203221
3.59762210878813
3.79518048856626
3.65715377181488
3.25028909439255
3.71514272775117
3.58788722084265
3.61265317393879
3.61154912165467
3.65026857888325
3.93169997748074
3.41601620080396
3.36773481572722
3.32198016113266
3.56522826021779
3.57863584045843
3.51292766803758
3.0189992565746
3.36397927571061
3.42995827698609
3.75220664682127
3.49119270655832
3.43996838863379
3.7776390055674
3.48683094876519
3.4121298361933
3.47538483571936
3.44745157268712
3.47972198547151
3.4002340942439
3.36061277445471
3.41893722957222
3.76872680981552
3.73098846784436
3.6522409548212
3.40905457189693
3.41786886399273
3.36301530797794
2.79383950871557
3.90172899822861
3.47667487423148
3.42938536312508
3.25616098399445
3.85809683265579
3.47391206822863
3.43920695550494
3.54546247781858
3.35246827819353
3.51521795559697
3.63302320295014
3.5697404474301
3.7234611266637
3.61741838353968
3.4403060318744
3.20102952923544
3.63173107822409
3.58781076392381
3.48021189108309
3.37694236177444
3.18408030822893
3.44946716500332
3.64025422561103
3.52240572535843
3.36806897394758
3.42990712790644
3.46258565831398
3.80776206451729
3.48757687908244
3.59560663995211
3.47873314763489
3.54163321532461
3.51839046200084
3.37830101979971
3.65978224454917
3.43704669948159
3.48608261281663
3.3393155446505
3.4699358335572
3.56392126943205
3.63820913518973
3.73343916204138
3.6464530465431
3.25566410140767
3.74902200220139
3.58143404227573
3.46085747572719
3.47350972602398
3.23079006943862
3.43972774064845
3.50658810123687
3.65715818682367
3.65638286876194
3.26487040393965
3.80326457016614
3.62956382128558
3.50363024101207
3.46126282249544
3.29488076574408
3.36803132214712
3.5900073665209
3.38353827297581
3.71002613070325
3.64415699573257
3.39809423580976
3.62174397789656
3.54111181842411
3.52097280221581
3.51220246667518
3.41638129290958
3.65533471206302
3.54234873030738
3.55343726584321
3.5691507923733
3.52985909686011
3.65106134532217
3.57554189085111
3.47711864587237
3.72406557600408
3.74313501970552
3.42232046339284
3.53315019356875
3.78551340051966
3.51346816857115
3.67805923776348
3.74013830528813
3.49392473198131
3.53032896786637
3.40749244637677
3.38050369262451
3.80496370282856
3.69148597115237
3.76092865923684
3.55575817182786
3.51709790106723
3.53660277161888
3.6782868319408
3.483356779576
3.72683398027559
3.60093577182903
3.54082922853922
3.46209749966203
3.72088009428884
3.58246418774488
0.185442214203129
3.20766737754742
3.57497984477359
3.47890829046979
3.49941046347505
3.36898688681949
3.51316518571679
3.57173529062791
3.38757297683573
3.44453859139631
3.44012623536017
3.56436048035702
3.56615021112397
3.54762154301678
3.28012620522204
3.39311719041009
3.48898439633262
3.8241951920041
3.86160979553132
3.67972281996533
3.50152552916521
3.80453710180518
3.83504398704911
3.56576507466258
3.56325052140178
3.24024925644389
3.6036543905475
3.68218153846595
3.86178217722488
3.59717900038181
3.77327628638064
4.16547222444578
3.72977423159946
3.51259334277537
3.53987130049527
3.87231774615364
3.36384866123343
3.79023512471626
3.71847544758887
3.89089747819455
4.03988086400213
3.73724960599557
3.83282611308861
4.04737990188791
3.91576156479311
3.64698227806483
3.68053937577104
3.82189535708096
3.63254410947189
3.86232460845449
3.93483526192537
3.95585986415712
3.85944249227044
3.8776959499802
3.23135929910188
3.59177585685126
3.59364596537264
3.75167419141747
3.85270739729578
3.72593052658583
3.8473658639935
3.66386301741896
3.6369382378606
3.43262740096561
3.70160003738987
3.76958291177124
3.69839089571009
3.55811468559359
3.74515284664863
3.68618980191172
3.76770631655851
3.49164287442796
3.40325571514422
3.83868221501482
3.12236591395549
3.1784686424894
3.52651676669534
3.47279579266374
3.61941725779834
3.54050551146208
3.57237461461097
3.45207995753824
3.5565069770421
3.57903382203157
3.64814451756304
3.67928631984499
3.50852191402497
3.57281270832722
3.693635000961
3.62905271151589
3.49337835877899
3.55960412837246
2.99689488575305
3.2452193427383
3.53104828653637
3.28453798566112
3.45759743192492
3.32722229810814
3.50016674179991
3.41589883898739
3.62513751991459
3.69397399778678
3.6637386481216
3.75235091524004
3.58331282832471
3.61492936098657
3.53809355084606
3.57931192085775
3.85601538897476
3.81629847684933
3.64988217422728
3.67192342926812
3.82366933779318
3.76435528207908
3.77856360596813
3.52870333837709
3.63080670024279
3.52057483133002
3.69490206713811
3.44103857523408
3.25824235722762
3.34138859936962
3.56642781629663
4.0181276356792
3.81542468836207
3.44329470936972
3.67508495561179
3.58416204625677
3.6997974111875
3.85727109474751
3.57878524528607
3.57856418425475
3.63726391219293
3.6909772706975
3.45111071169869
3.59673980606729
3.59700751118301
3.54990039767253
3.53293765086499
3.73754961718534
3.70625760533687
3.61689712297267
3.64222857000907
3.70482186917706
3.66875196561185
3.41360375822722
3.48018094743818
3.45848669188758
3.66304548374625
3.76299244900767
3.74181498326277
3.61488474980114
4.04061955707418
3.78028987931344
3.63819633144619
3.71762628272852
3.41857533297438
3.55388757841302
3.37768569587578
3.5260024010626
3.85263988147126
3.93186887746618
3.54554661768769
3.59186920198858
3.65099211446655
3.62762249172491
3.62244947738615
3.90348683736586
3.75550191213926
3.38455507308373
3.53759095450106
3.53360039095673
3.66924545103226
3.41083900354797
3.56205579676925
3.4981373914608
3.60137263924997
3.70481575504694
3.62093108280332
3.59893999276726
3.67411694047646
3.41953377562742
3.25613728726094
3.63314958768559
3.25994985752624
3.47975538738028
3.59720386780189
3.60953087155641
3.49623808114962
3.41458654326758
3.65591020875069
3.72006115989035
3.79308073901958
3.43181017143956
3.79540467444941
3.89658838532952
3.54302377423234
3.65762310685063
3.69282484791169
3.22338523336138
3.52716300051861
3.38709110751094
3.60491806720431
3.82513323334008
3.85802348452006
3.65629363540027
3.58785950207594
3.69752286005659
3.70259514655234
3.31877005090675
3.37978530221388
3.63313918433437
3.60803765525314
3.65819533848295
3.73460736967166
3.55391878770176
3.46692719860736
3.5240838533525
3.73769326269564
3.31904181753944
3.71879172110539
3.72172061491392
3.49810571072666
3.58872751182401
3.62439747031991
3.5510748684115
3.32430012324961
3.63178484972936
3.701129382923
3.62385010443631
3.57050566021562
3.63514176303291
3.60389100482245
3.43322348754717
3.66331110167483
3.50887396768084
3.38103273440661
3.39898296149989
3.54864223625557
3.8481488122875
3.21370088461938
3.57249147692233
3.60964421697913
3.74261689421641
3.70254675890166
2.92683851662355
3.76945991643567
3.32367750549495
3.66549934050837
3.44555217249925
3.30557250653379
3.52101419721388
3.66283258780627
3.5563153087768
3.64742035258251
3.47998312230976
3.38225111166499
3.90065137378145
3.65880086048008
3.32879304618948
4.08823235181364
3.6502475337771
3.25579162499269
3.70730740033183
3.72855296332672
3.30973834167575
3.47885216468449
3.46678501219213
3.43921404893447
3.36078408331292
3.68497177643887
3.42600521360207
3.06204011777322
3.44696029422464
3.35279148310933
3.22414556644388
3.36306067209909
3.35262865187154
3.34611687803429
3.35662542025242
3.75615221575584
3.5101640308711
3.49354299355088
3.5950282079507
3.61098068566992
3.43960436671633
3.60125615484845
3.70446780118208
3.56451523744379
3.81047646693627
3.4220528796861
3.47829768555352
3.51331277588233
3.57757324240042
3.73521956249201
3.79591758190174
3.32379903550577
3.44570661626952
3.6417945346755
3.61292894893837
3.7269840501191
3.55874579887791
3.68654143397885
4.00402018728716
3.73441679883258
3.62920825041476
3.5815205325776
3.6582042020605
3.7775874798894
2.92578870791789
3.68495314601429
3.40792546799215
3.5831924765562
3.33431386649877
3.33358928701052
3.42252334165684
3.23252723973853
3.49654079754877
3.79725829423326
4.05234944913302
3.76844383007986
3.83554946252603
3.68342865569439
3.47081300617532
3.65743612260866
3.57407979627193
3.43812664898566
3.7566552247839
3.80542764656126
3.56983111692513
3.26820321473551
3.63624337324553
3.40991165307748
3.44526490086736
3.56966146514042
3.45911051912559
3.53529678563107
3.28504633533155
3.60121439023204
3.21643613291327
3.47843599770576
3.61267575068582
3.88957151011039
3.45134191884855
3.47873647892242
3.62413405049405
3.66487676041232
3.60641059018257
2.38966776997144
3.50039671855094
3.4659979870182
3.30231999126787
3.40002606527745
3.42350073067501
3.34877229353154
3.50508027525851
3.55378686450726
3.32057518808867
3.3575116535453
3.60361988527799
3.6198956211935
3.70986928258024
3.39615022688816
3.40527579782811
3.48625388869247
3.52216631316256
3.3029405990442
3.75179295303155
3.62826156061704
3.23678909555482
3.54949811510872
3.66480764067445
3.54381974335415
3.49693945960529
3.55799793936414
3.56589082239494
3.50414256030677
3.55731877603041
3.38275133757868
3.60422550337462
3.36779676481688
3.28651354916735
3.6596507908675
3.8084184130247
3.79598065688075
3.72676757782214
3.61507846342965
3.75219516254584
3.2756086826048
3.72239275957942
3.59040977368861
3.76587199734372
3.59291701054663
3.78790609724997
3.55537668399545
3.75350654030691
3.90942103463591
3.74533370512475
3.37418795351609
3.45511053086214
3.80404682158546
3.56379233346836
3.56606252839856
3.32691824452787
3.51924117361253
3.65690020738392
3.46547752490107
3.60754571137604
3.50774623197462
3.61910857194415
3.89006035207619
3.73588550336792
3.48276415162887
3.60435419412436
3.7596730482751
3.65781110874657
3.79564715767669
3.63367181493698
3.76156664594997
3.64804809367052
3.61516624417217
3.51422380853276
3.22491316355675
3.93927137224708
3.94342632863857
3.61954676557641
3.4165726870947
3.73651067974185
3.93386615843328
3.73172623543217
3.71509425422616
3.49284937284108
3.54644333649941
3.47952812232711
3.68758697935173
3.75909531363511
3.43784535397209
3.25539172648436
3.31520427474246
3.49228614098729
3.68776757237419
3.72721252920721
3.39650531286058
3.27605130897709
3.44702821085224
3.40050838890199
3.3041634751221
3.69432789911747
3.48009131765869
3.47890889665281
3.63264652295824
3.66868376483391
3.17146747700714
3.76950681742795
3.56734817151728
3.64796591056789
3.65581334061108
3.52292512606174
3.1107491179345
3.62176572467965
3.64567152008774
3.61015972598433
3.36418292410444
3.67108594031605
3.47624452922555
3.57723876802383
3.62746609431378
3.29006090383273
3.45370335560187
3.44271738610731
3.57299946975603
3.48494894870564
3.69433921930216
3.91909712268014
3.3710464437467
3.57376697475241
3.78438180815539
3.74406827556909
3.64455129309417
3.70178172887108
3.34878193959915
3.43937198997015
3.78615594442037
3.52687542437815
3.8843023930143
3.70854445406724
3.80427787981639
3.87824624934152
3.60686369948804
3.53069415757518
3.55520089085889
3.63779453950731
3.79215996509737
3.67879641743792
3.83047800390019
3.90479698299026
3.5834662499085
3.49132361389103
3.74535179396143
3.92762831003363
3.74309605674548
3.67194388760766
3.84684586938108
4.00978262176004
3.71632638497537
3.69896601865089
3.51731742063192
3.43420192672426
3.60899368188189
3.53955028777801
3.61126434818416
3.63013929297177
3.60054293545714
3.2622808756996
3.36144686733286
4.07158220313267
3.7131524265449
3.6246348463202
3.8179271839654
3.82488081879542
3.4963861968258
3.58234450797495
3.67045125634608
3.53248155677964
3.66459383439768
3.70021607580328
3.74240938640708
3.86408685721712
3.56451735145225
3.79645122378724
3.66555885196557
3.37254955734261
3.66697137329346
3.55355616727402
3.63049126266135
3.59811903109245
3.63228196078066
3.51093520071583
3.90632006113092
3.4473752699314
3.59191934154239
3.67037672235997
3.5828185006407
3.70311188341483
3.663148019824
3.64957076335294
3.77743853657778
3.92383536992032
3.22931322261164
3.58716750489475
3.65308114108727
3.53824577819999
3.85450283700444
3.71681973490651
3.70912550847245
3.81036277131819
3.85988732039173
3.71032379809517
3.48654711627557
3.54976213504278
3.30210774722294
3.51499413340031
3.70558900129491
3.71019930015758
3.36608985142109
3.61120733894059
3.56635617503047
3.64506810941482
3.52976041555931
3.50796585588399
3.87074964555041
3.77474888089388
3.9128526155647
3.94517726628694
3.94492437545313
3.59218284189283
3.54344086323042
3.44744717032645
3.48296501835126
3.71565195005317
3.79122919394148
3.49075539032429
3.82381947212182
3.74419101852653
3.60667811972024
3.78337077059384
3.91728521041832
3.21764687171346
3.67376615643537
3.46673922989438
3.50872736128636
3.82579946497978
3.68832862444679
3.60382227547258
3.37483903091347
3.6953888184806
3.72087827692361
3.6380345171607
3.76692206863
3.54104521189153
3.55309105564473
3.72435753433705
3.82752198195128
3.3853493228242
3.35046004945525
3.44930988073036
3.4602213024719
3.30232991248027
3.51779604847818
3.36624538953762
3.34927633361549
3.65875493750854
3.84050298689385
3.69093449713499
3.59028109007165
3.67908654126839
3.48090691747658
3.50236706151659
3.6961376020955
3.57004523661916
3.38281726265355
3.33046814226859
3.59260495197951
3.3007189674594
3.37988131364351
3.73433361310829
3.46729465233607
3.55869282936823
3.49309606617613
3.46353424535962
0.185180406460638
2.89579905174712
3.5219396144673
3.54677850329962
3.62162941154988
3.6084755177792
3.49703639709593
3.64447163155145
3.66435408811987
3.70982636664585
3.71865107485189
3.46825544111272
3.56269269488098
3.62056395152726
3.51571404286343
3.60510135928648
3.55774073344593
3.8795388929027
3.78339225619154
3.64952545995711
3.70491182976089
3.67941750737599
3.64145306354107
3.72382547244711
3.48518726781772
3.50697014599377
3.49417616531563
3.48743690218578
3.58324958685628
3.51588275932273
3.38236459040012
3.58324886893419
3.70046709729653
3.53375594864274
3.64170044649294
3.53832065423956
3.52002321176536
3.46245093251867
3.42239560552936
3.70432844434375
3.74917361819409
3.62604841828832
3.64242896252248
3.8048982652018
3.94448822367232
3.74886481331773
3.51329325653747
3.63082431126876
3.36234372368842
3.63048767811166
3.58259105202677
3.61644455920545
3.76080728131239
3.18209433338038
3.46644399807443
3.58369415420402
3.76594828515628
3.88652385149458
3.76553989779275
3.40745395032758
3.6519647155179
3.97699309697739
3.86603144767925
3.69812006188262
3.68167117794369
3.66362721215104
3.39990050249657
3.37637923711356
3.6502007775661
3.70529451760819
3.64367464469231
3.68233237525974
4.03861834073657
3.66916977197856
3.7076950570983
3.82638559884618
3.57686104685946
3.22760343503792
3.49625116843041
3.63377491927071
3.60513051145711
3.40577886218345
3.44429803905016
3.46149736082371
3.53002742200843
3.6417052898197
3.46690264722359
3.75554717998244
3.81542771612896
3.77418129163191
3.5832989302037
3.56803734191158
3.23866534746434
3.43331596288191
3.54504150612681
3.79401253531444
3.6233030389953
3.72009282723046
3.61267101554019
3.98683701026748
4.02598485370831
3.49647221359215
3.79687956525198
3.9684947893049
3.8124776952572
3.67058486846833
3.65184360646753
3.47476263382147
3.54365342515546
3.68425477168921
3.44352083761195
3.72885622794254
3.79106500310303
3.31644694213626
3.56554348741409
3.54760953712893
3.55781706271705
3.39391527465856
3.57751634758865
3.70924645596891
3.61278497905113
3.52685296647898
3.68308441527297
3.65392162045869
3.56777636022523
3.68627783285939
3.88307299876097
3.71857579257826
3.67683374420851
3.36559751009427
3.75291794144114
3.65667216487486
3.41435943318516
3.58177523064199
3.54002304880568
3.40074220421274
3.55374749193541
3.7692975485274
3.63285740871346
3.57319192898884
3.6288327281574
3.82880983832646
3.54459967544601
3.65994726068184
3.26256439758278
3.508522802616
3.83183657280305
3.71135964256711
3.38409343250452
3.54090332299856
3.61408525336565
3.64596584177625
3.43862974713938
3.92446492298433
3.29810113743482
3.73593883758589
3.74988531932432
3.58964738798332
3.52364683481013
3.4713172601221
3.43238087180256
3.53448283081532
3.56359079789222
3.80265340352902
3.84137913026675
3.65324010735768
3.61562078953231
3.87192900162621
3.78017955004815
3.7363582307724
3.81326305527275
3.56425512172256
3.70377777907025
3.73075026264127
3.64415231172655
3.43923351086411
3.89687711690882
3.78176524385503
3.54923894176541
3.35120461952707
3.21319012488194
3.74436633032748
3.28343870645322
3.37127600078009
3.7490713190341
3.4624303140055
3.466798404366
3.75128915170663
3.65079557024101
3.7029785492275
3.17118262059006
3.67980169405984
3.76019683634718
3.52671859729682
3.78753168197631
3.87959887811158
3.88379379908692
3.46886572074618
3.38722661439671
3.28197470558369
2.89066033165806
3.65633112408805
3.6724404693817
4.03970183310483
3.70953519034989
3.6614206468013
3.64999186000676
3.56379772371411
3.87992112154206
3.64004513737224
3.50234985449001
3.36561177654439
3.8502059018974
3.736264782689
3.63349523184054
3.63786722987381
3.60010283396621
3.74994361790417
3.7575408457623
3.55490537911994
3.67953186964888
3.64269081108838
4.21605955143744
3.58230767496722
3.83344481511279
3.74002410552645
3.40600512817635
3.59207436394718
3.52447995617423
3.55340882209066
3.76749480029967
3.55105851999451
3.6738635994413
3.84328596107634
3.97316004888157
3.49308544319303
3.7821234397889
3.7944307560643
3.74268623393899
3.4682054377901
3.80131229070733
3.60508348885763
3.66624200319049
3.57265433170214
3.68369519045401
3.67869708810707
3.6523972411621
3.77303303665957
3.39643592021464
3.49594489407193
3.52823321503446
3.80874903447658
3.49336184864928
3.54716448548262
3.60323768933096
3.8042635897158
3.78629170100205
3.94886493177541
3.93146199817217
3.86720706885324
3.6309856364696
3.66367160790561
3.79562690911182
3.66122187024854
3.87946215354974
3.68426105271049
3.32550735838276
3.4211704972568
3.58135212697567
3.57576097975842
3.47947520652925
3.5741775194383
3.53504517443042
3.35320630311003
3.3370691680746
3.4346565325487
3.51706269236061
3.63357482821266
3.3891695281241
3.20623336518635
3.7370547575726
3.37880348523138
3.40291899504397
3.76097155231804
3.71519232263805
3.90801925004178
3.5436333945474
3.557663801524
3.61206150646976
3.76445850364296
3.52783691389198
3.69453217205751
3.64727766505364
3.83952456390653
3.7593443681421
4.04740143233559
3.50701664559764
3.64062533879155
3.54106687818507
3.44599431047001
3.5661414155692
3.68806168456194
3.55304703888856
3.38544635688736
3.3244599560094
3.51432431783664
3.30248285759205
3.58377228899495
3.56024483773687
3.42994565188003
3.73972841600445
3.42258042688947
3.31157235136652
0.184125783929122
3.34411753798362
3.34197859623762
3.40374065537937
3.53795391266631
3.48316452072819
3.65229933885661
3.66005630804715
3.69468681215346
3.92187361160514
3.49556488287726
3.65880653021799
3.52542347554355
3.73158702145767
3.43773171978192
3.30091568282193
3.37911745065843
3.39822731700715
3.388442443999
3.52782776547772
3.63439348879718
3.50523442725695
3.39897414013026
3.62769276250555
3.63066687889973
3.56768108492565
3.60668266571104
3.6423206470159
3.69477764815589
3.49770000390221
3.77156407604763
3.56851529841054
3.61708307278283
3.52204990859356
3.69016654812514
3.5923642437599
3.53782406555749
3.42243506775157
3.60400452319443
3.61392373977338
3.52684607083427
3.5165689341834
3.47406392986162
3.37500090644954
3.25799548361364
3.41737028923605
3.59549184425589
0.187588387401547
2.9927665490952
3.48813668930366
3.78956867133993
3.49139103090924
3.48109915805724
3.37478142970162
3.59450001833086
3.74034676427577
3.57943993033513
3.6111146259012
3.55298528919318
3.37510080787074
3.78164857329849
3.53930743372368
3.45127341663382
3.42872642019469
3.58521395312005
3.95780500691181
3.60225557648975
3.57524740657004
3.33256379840975
3.56733694437506
3.39161114254619
3.54033917473012
3.64216674382632
3.57422246287947
3.50766548306799
3.41785708334521
3.45894974452105
3.44544962498151
3.2354375490823
3.56466076481646
3.27931818257156
3.3736799517907
3.685138064853
2.00948191532377
3.6653075521722
3.43654117613025
3.70956206221189
3.53402714513308
3.72664915265471
3.73592444202943
4.06303684788922
3.93419827018815
3.67846922658896
3.92266429390875
3.36722134571984
3.65050422231448
3.32136309870027
3.78219333457391
3.55617935893441
3.75922832719254
3.7300314939343
3.52288199361937
3.38369504544158
3.96731370428963
3.64274457052252
3.87969105475604
3.53355830049463
3.62876487348381
3.71055517647129
3.65865971253109
3.46602876044612
3.73155363367225
3.63348879610838
3.73543766980102
3.67201303449399
3.68368084859891
3.66787053991989
2.95244698456919
3.62077065657624
3.68409976830735
3.57575207165454
3.66558978490562
3.84114200782627
3.57756129815804
3.45082595276266
3.74393529885157
3.76127715987279
3.71391778228037
3.60050619676815
3.34599423476255
3.54186711018619
3.81220470096636
3.61880489644218
3.51948674581641
3.43296301718585
3.8256372298909
3.61749192706615
3.70752151077726
3.64206917451023
3.93046434383829
3.71609920442343
3.73087490272267
3.66439999813576
3.71745002353817
3.45576378585571
3.63784944802902
3.51199624276158
3.30898503977275
3.28568804289234
3.47768449313251
3.74433863030552
3.562413145289
3.44214636498383
3.49345163439422
3.46113557121934
3.38476634172472
3.93195658828469
3.72589746734089
0.194963009428179
3.2033966297419
3.50443416430294
3.5672466425994
3.53591000594929
3.76674436076899
3.76039292125484
3.6609674774525
3.55098924483975
3.52070303877008
3.52206692313781
3.59754119769344
3.43620239561105
3.63058873895559
3.67568337050466
3.91469259836186
3.7140279948701
3.81596459467228
3.98385095468317
3.58907150006605
3.47881932215117
3.88551043929656
3.27611770969656
3.54769160022287
3.5204498072547
3.54398151748166
3.35227539108196
3.61714647639806
3.55450329893398
3.4323073488769
3.53027962618794
3.59920240685964
3.57958353103531
3.76087848757386
3.85797599117054
3.71447251943424
3.62432389233025
3.43145627713344
3.74985617236635
3.57666934991493
4.12366294645072
3.36890406260545
3.594265302704
3.81079672899371
3.29214196407788
3.376686669425
3.49654853177805
3.57967096039243
3.7338356794287
3.79441660033639
3.43714017326854
3.57326922149164
3.40909679741525
3.47237661201878
3.59699654644385
3.61913468178341
3.44413619476429
3.7603275349827
3.76651723211622
3.44913452346305
3.44972223277168
3.42167470036326
3.15861576081586
3.65067163935768
3.20025253231565
3.33709855834226
3.73107514542435
3.64673787224021
3.84743573190032
3.60286068194655
3.61577228119318
3.8410809297836
3.28322254440105
3.47930947658457
3.49954332024076
3.7160028876351
3.75586732713861
3.82293578730044
3.66024017123993
3.53675030125881
3.43220932601262
3.10731903116354
3.56003920336418
3.63625282493084
3.74443037294064
3.71572376288797
3.54233753104367
3.63986812150051
3.56572548805602
3.40658767368972
3.60953235790837
3.53967221175931
3.39446088426095
3.45961666597281
3.43457549841428
3.12214361598884
3.36804739463572
3.34947610037951
3.41650050744104
3.68551393720968
3.5373384169746
3.54676046522148
3.44858965190247
3.43671007630106
3.66103982344859
3.69359548109338
3.22042249998294
3.30876118063886
3.4534149856618
3.51898435999019
3.49251968817259
3.53075945196788
3.52355812211413
3.34678705137918
3.6314733025805
3.74474440699372
3.67171810385972
3.51122025838218
3.19164010921792
3.64676467916095
3.49313678060468
3.32842069307185
3.6556867926425
3.34500183461338
3.2378223162285
3.30362059681208
3.42203839861971
3.63320574511575
3.65911049135376
3.67437585966049
3.62835962526273
3.59152033638084
3.66581895021467
3.53238436003373
3.66129311842349
3.68316359952397
3.87734562390938
3.58490189128526
3.74580413499834
3.49696366108207
3.75549943139075
3.24322506228303
3.78898579739528
3.74610116502343
3.62802824967378
3.65217207023758
3.61561895391864
3.55802704763381
3.54414121914208
3.39949923868845
3.56462264168622
3.54814237325773
3.3765162462435
3.23926879365344
3.62766280551457
3.58569713503668
3.52108918968673
3.44598327682895
3.38103620223898
3.39491610734505
3.48754757978378
3.34551508480317
3.74748957727318
3.49927776310874
3.72470480960896
3.34476345354479
3.65166105122927
3.42818506621122
3.60118992500594
3.3176866206452
3.41549453718893
3.43848469687095
3.5190655675833
3.37184257768901
3.29255526422837
3.47662653347276
3.39566114104606
3.48861559708816
3.33095446372764
3.46323269960831
3.28401124615415
3.68529123446818
3.76959926653449
3.44914440925672
3.58696278315263
3.43641874301458
3.36776591466588
3.5910135290008
3.45846766666343
3.50102039507361
3.63280030611958
3.46617162705655
3.60906411954926
3.54911527253814
0.184600147297711
3.29316287002409
3.57992421772558
3.48085494119589
3.43762770489631
3.54354758259689
3.52668264105092
3.40583903141395
3.37892622384373
3.58711931304851
3.3330389227016
3.34622533491924
3.4452668635999
3.47415944925927
3.60123416101841
3.43757234831573
3.3748039862523
3.52950302139082
0.184245899218953
3.08117184723215
3.33545606544791
3.62468489057036
3.52153497454148
3.61614527687272
3.6135182817782
3.42832025738993
3.36146800295065
3.19371933004431
3.56454358475305
3.59149550288724
3.33973453311822
3.45057482324451
3.64408246048068
3.33434422268879
3.42580851595599
3.35716779133402
3.53847911472511
3.50505263941077
3.47162739666349
3.26357277927188
3.4776573690917
3.34587841629425
3.64279685086408
3.49542270654716
3.69536901997496
3.43873780346175
3.56788796129884
3.4223747525194
3.30256226003935
3.56767099407751
0.192165647953745
2.8794824023784
3.42885556903098
3.45006860822184
3.52509991325217
3.57634184746048
3.60051616526413
3.78056038787421
3.61447326678958
3.44448410256086
3.42081269032719
3.43037564141864
3.4676233916912
3.707002478655
3.45152850974135
3.6068921480912
3.80018051133034
3.60588973491375
3.48531481804007
3.5154169678479
3.48189231963283
3.4032282507534
3.31047157051928
3.57383347489241
3.54156418915758
3.41252700869731
3.55392028000566
3.85632953963469
3.34827263867506
3.51335856329953
3.31713107850438
3.53358460932689
3.70393524182694
3.52003748287166
3.43666784492176
3.56059249893104
3.58460878742282
3.28957166215276
3.5207779421688
3.44350731282585
3.34299237323317
3.12273027822534
3.52284593612451
