4.26255682614705
3.73237349422846
3.51647183220236
3.6450017943863
3.27195252272102
3.2720812829975
3.3096486229939
3.08680373272524
3.5047465174614
3.54326675291302
4.07013997429882
3.49596765144169
3.77433271554773
3.41384986816851
3.20970810471254
2.5149791591051
2.76762777109053
4.83244638433809
2.9009959868593
3.80506588125003
5.44683726084606
5.0811203652217
5.01284264588822
5.10008434273101
5.43454401384513
3.90804313950967
4.53878689907581
3.9358568740229
5.07854272317191
4.19842378857279
5.02693419373154
4.12840664387531
3.44107513362706
3.30793099406668
3.53282784456052
3.53291719443199
3.98675752534539
5.52202886517778
3.76206274090486
3.66618720480683
3.62398685289065
3.49561386322239
3.34137480294827
3.84650431959361
3.5045488080304
3.63548237235009
3.77573068303072
3.72138154628538
3.65111785667353
3.60959600993507
3.59977405560628
3.69324383537033
3.70262052044511
3.62757096955057
3.32056732650875
3.60814626090842
3.69381317217421
3.70304894205052
3.46185168878056
3.62970436219083
3.69966086309526
3.39563049937054
3.53909445234388
3.83034177913715
3.58611960727896
3.50567627211496
3.6841697556165
3.34790130809051
3.46163639299187
3.67197627731421
3.38161259100195
3.39167635699047
3.47456357267524
3.40650243198677
3.37650664870484
3.7196514775631
3.46390939204877
3.3304938753242
3.34537722835617
3.2792356329547
3.44435544206344
0.768171088496907
3.41645064297055
3.38361083804055
3.41839625579928
3.36150387446997
3.49963288864607
3.32544157050989
3.70891130585117
3.3709457288463
3.50226601918873
3.40311773208621
3.19102752707044
3.50220502471034
3.45335586362098
3.40096476389994
3.50584326117895
3.29303608480673
3.52715328501261
3.42261161073397
3.47652979231071
3.15057838483116
3.43231071242842
3.1449293143738
3.38434546571366
3.25150515102267
3.461147461945
3.73054208714994
3.33446438390178
3.39599971453468
3.66837117009081
3.55108469816642
3.62494648138509
3.39106811808981
3.39410112384365
3.6842537844089
3.34869056098176
3.49850591291405
3.72464783711103
3.30958347538929
3.17062790606073
3.23152867152527
3.17289050330108
3.50131489006087
3.54676722219184
3.44996182077208
3.45654058300529
3.3473947277799
3.55793448990499
3.5059925390491
3.32960572884618
3.28494386472396
3.38000538226575
3.41184487676037
3.29919251172497
3.40867568930139
3.53811822380059
3.23643020468932
3.5047639228198
3.40480245784001
3.2948203455709
3.54386255809056
3.42730113112585
3.67394957118642
3.41425461023932
3.62617772652954
4.00511597946256
3.15566816161679
3.36981158771912
3.40858236580141
3.20966614593462
3.27025113082749
3.4041429420581
3.45356495003893
3.3974045092548
3.3790409503737
3.01405369483388
3.32759043175139
3.24007110842904
3.27334780787289
3.75798378484598
4.38051080282314
3.39332022190936
3.20980128564737
3.2700708499198
3.41435783756369
3.09816924344133
4.23730213752613
3.47312671092212
3.35302071043773
3.30743743449741
3.37955836225008
3.4320957554796
3.34825382973195
3.18735317596833
3.32710731332735
3.21101329541264
3.42763324641133
3.15146950152904
3.32934449555238
3.23731114993682
3.37908203159573
3.31874927603793
3.25165918051867
3.67950436051845
3.24189292322933
3.45016755410824
3.55127862398515
3.365809232192
3.48409979523227
3.38873726151984
3.38353210774291
3.34564235390185
3.30661127706323
3.28002445223454
3.62745299671228
3.29926566232387
3.21626752144007
3.58154126901947
3.26784217307831
3.45406550942349
3.40396874904401
3.21629643097474
3.35828106125803
3.29947645785467
3.44827810741787
3.4250119082247
3.08766758781543
3.54094498823479
3.31051787061634
3.15102350263666
3.2627576267413
2.98593177746493
3.29594857258637
3.415446231829
3.26358520980862
3.92293577806012
3.40108655780059
3.57380201916704
3.66091256290712
3.99224538293757
3.38934181082184
3.59415833149686
3.49262048857348
3.32670860501932
3.44780584907064
3.14725780076964
3.25303725348328
3.3604215736928
3.26220583373007
3.52233776775629
3.24357055966568
3.25971019449741
3.17350440095104
3.11417594287488
3.14399686368737
3.07354742587825
3.12257025953855
3.14371452625351
3.06207891651118
4.43748924973873
3.24998787401517
3.28553705509472
3.007531476369
3.17244017622559
3.46787023290479
3.59922743439162
3.42536031854675
3.34689351829541
3.07176191461567
4.64205677841512
3.43976102045019
2.87315632521296
3.01829137253062
3.084114309772
3.27745066847384
3.13837383112718
3.47771261541871
3.56283136480461
3.34326290319277
3.18620030578081
3.11140122997678
3.18534780265411
3.52129336019654
3.64956953905129
3.25589254602836
3.16122904446676
3.20723795874952
3.06547384905568
2.97437678614712
3.28589878976195
3.42895455045343
3.0745968111736
3.18801653516074
3.2338647809489
3.31773390851852
3.49175000726621
3.49156586369388
3.3246667576602
3.49736247035388
3.44697087901833
3.4612461203595
3.31717577114165
3.17021537364893
3.50759520326102
2.97804539665971
2.96697699613378
3.45940271778854
3.30284367150542
3.59128214496366
3.28679905862338
3.29501177796889
3.1354096492476
3.43222231787931
3.12915754814695
2.9127607071455
2.94163919716354
3.52265165519845
3.25054083370688
3.10735693215814
3.32988266347616
3.16036568577101
3.08867904115291
3.65785517867553
3.07443733689338
3.39380455523505
2.99180935340274
3.15609040839993
3.48359929479261
3.23618228506157
3.43992271439322
3.01995677102779
3.14110935028612
3.45547169010865
3.37058406020239
3.21168769006881
3.26738370966
3.31850797552156
3.1836682565078
3.98827958511478
3.10291232894892
2.82788482703197
2.83923331102822
3.15343686205568
3.28217709082614
3.14721852559648
3.23136795175126
3.30136402739602
3.35828584106916
3.64613180258239
3.10541194512549
3.28515558698077
3.14936027174734
2.92539852754766
2.88646922096014
2.89863637099439
2.98859708835486
2.84462169010278
3.03720562258346
3.08915637237185
3.64909476823573
3.35600245156864
3.42448955113115
2.93715202518985
3.23626509963008
3.51276173556139
3.31900475764402
3.51572107577381
2.94706418790161
3.03364830710151
3.05983218830469
3.08775306379257
2.97627856804972
3.39012090646497
2.97691653179033
3.03302208796062
3.14220598086796
3.36905240361968
3.46357698577248
3.11953525732016
3.18349073125558
3.09308883062803
3.06188692823693
3.56307539561754
3.20126397122901
3.32715916708771
3.47766444254499
3.06683076398813
3.1192094182015
3.21726718425082
3.26036348255643
2.85978721074094
3.46720920869982
2.99200976174738
3.0089842688645
3.1217542076808
3.18088681103617
3.52395424028055
3.02563817879883
3.66019006401962
2.83169371239893
3.21942266947658
3.01264437864961
3.08009778844009
3.09861870965078
3.08168401959128
3.27118464371043
2.97627628821727
3.24566365633847
3.23167328803676
3.2634291469332
3.3488927094806
3.2200604111953
2.95656131562754
3.91694705134634
3.0074685815102
3.08239191721768
3.1795441913212
3.07701129611873
3.31369179611458
2.95285198479489
2.93294150459752
3.53443434945451
3.28518173840972
3.20584057858684
3.14983616786108
3.54333947669044
3.00121554257595
3.27682015494349
2.87974790095295
2.94624104044244
3.18374448190602
2.91789908020744
3.29309283929131
3.11814746108918
3.32958389532983
3.12745651861606
3.26911931143702
2.93017078381727
3.29613211744403
3.17379004952843
3.19833546909289
2.99099007580437
3.28006189644509
3.10036158549918
2.98760562851547
2.94912295283107
3.16382688726295
2.70953668174882
2.93774313417367
2.93156676631825
2.96786787488947
3.17310051402753
3.16385057033687
3.25658191296443
3.06403914321192
2.86890123163797
3.03354492921238
3.54289917743076
3.14158783272573
3.03687555514978
3.10538860091567
3.19102657562355
3.2622173773245
3.0147112376522
2.88318099466152
2.9075306963501
3.09057006663626
2.9983305175793
3.19993693920156
3.04855945505917
3.11221645738705
2.83213780524372
3.04645379679055
3.41390588615836
3.30038892441778
3.1861475440159
3.27471049389173
3.16106543772302
3.16492121178268
3.33031503231256
2.94996303103802
3.25311603753694
3.43907261949831
3.23580177734504
3.06606284449804
3.20940735491187
3.12982835226604
2.81079151820514
3.08376962110414
2.89828325570041
2.88581966237636
3.37269059033223
3.12136748919482
2.94170069965981
4.09341405072427
2.94902401654364
2.85454149402923
2.98524599817983
3.23324963400563
3.02495889861711
3.1650423104759
3.27695482794553
3.00883743025893
3.32236404665229
3.20469880647063
3.22902671222719
3.02752266753287
3.03397174820019
2.76572588158247
3.02052032341769
3.17305657004304
3.31829296137605
3.15770085312677
3.1115671153487
2.98624539171911
3.24650019884292
2.94626857237783
3.19543955657719
3.0875919552543
0.376155885793323
2.98849640196407
3.10750435165443
3.10787760620417
3.13087213842278
3.34375100323716
3.16124475486308
3.21858269903598
3.0084009983027
3.59243463832097
3.14618639691717
3.65830625359631
3.20018844264326
3.37354917533921
3.03750806217379
3.52511197719191
3.55870998255082
3.21718400124913
2.97176563063745
3.28073285916994
3.07235359020426
3.57228825425747
2.8886883688461
3.10199759567008
3.10854266755028
3.08178265101001
3.08086933220252
3.20784820107727
3.14554114896964
2.71016079516186
4.19663991360777
2.84892317429191
3.12707802395623
2.77576631578564
3.20359522973503
3.09044153572648
2.82907080158865
3.12401379976903
3.2632043164324
2.73987414120777
3.01277362850047
3.15500228844469
3.49707006430663
3.02039679102219
3.29630332989899
2.72937494808569
3.09196003990839
3.17564887098179
2.80388529061507
2.84588727031927
3.13615307817353
3.03496666660577
3.42232772835235
2.94895303667564
3.41119615490208
2.91468756969517
3.82378362294269
3.30213426067192
2.81403292500352
3.01579843763745
3.83551143064875
2.92427403905084
3.30304765189786
2.91482354322554
3.10110853497605
3.28502698179987
3.05649319474276
3.27322199848081
3.04542340537615
3.15977527101431
3.00371613958008
2.96125753667011
3.0750659590699
3.32473733833471
3.88995771009676
3.32862454494612
3.37917245307672
3.28992512703654
3.26517208603684
3.04668995979367
3.24016348892531
3.33447232676927
2.94306156025296
3.2355801938618
2.91132439937584
3.14943686310616
2.93597822888249
3.00549080616842
3.44091217877513
2.95287049861361
3.00258713559995
3.06344215797994
3.11400847938854
3.30747022576503
3.07998900441291
2.9252573178402
3.01845633292628
3.68151696273839
5.05025400413031
3.2321801114694
3.18655552581831
3.21337906673414
3.37931494602936
3.16654053937136
3.27174288675499
3.42585843160153
3.41620977682131
3.09104451463449
3.53057157101343
3.16861108988687
3.28943454777939
3.0397835148307
3.36901369400541
3.23940331796693
3.13347459496177
3.39369008419269
3.04594531672166
3.2272660639592
2.99889911705185
3.46845515882141
3.12541278348868
3.35998783787926
3.42315697660938
2.84637817978876
3.02250106158642
2.77759488485461
3.07442110522008
3.04113795913606
3.08845474217344
3.16803671359551
3.21619046639559
3.31569206876917
2.82310110401573
3.229931875242
3.28052460361488
3.13637593907506
3.1814260522021
3.33000085793582
3.20302265804466
3.07611902915849
3.09030880999084
3.24506005540798
3.39071389131563
3.35959469365508
3.66602218551254
3.34078479909017
3.3800932888286
2.96239256437526
2.996092346311
3.2715412293029
3.34185753076921
3.2772463135002
3.13978007129696
3.08674411735216
3.31916425329204
3.0124939233615
3.16739546303546
3.11624359870722
3.33396598946494
2.95580039159598
3.26710530537498
2.7671158685627
3.04446891116778
3.20301596595571
2.89891104301975
3.13394370743992
3.19673208261655
3.33327494524328
3.0675598734632
3.07929362855638
3.21507897135699
2.86110718818429
3.15900103618562
3.12561614104878
2.82811495296915
3.03511683307772
3.39513395474885
3.04982416653723
2.83063883365629
3.11188237018892
3.11869068131272
3.05293101882297
3.1358925228149
2.95980151704182
3.22087391610737
3.280023249619
2.96344423779232
3.69075723908406
4.06545344568477
3.22808448422879
2.85089180523501
3.17893517869491
3.0975004049663
3.03128278091671
3.0363514838068
3.11174966335142
3.31481898685164
3.09248722591489
3.16705485044473
3.27878184211041
3.14142888736919
3.36303953919865
3.36955521203617
3.20879158625892
2.83336623836613
2.92982775951385
3.80982777869425
2.79156394977439
3.15194425396929
3.40963964831854
3.60576699720029
3.46809425366421
2.93611137898112
3.7349551347054
2.82707859107302
2.83047958529427
3.03237375239669
3.28312174850353
3.19573102070444
2.7238562269663
2.90312912974589
2.78162471364069
3.03538660072454
2.99932066493608
2.78041721306823
4.47145949846957
2.94125998541348
3.73280797372268
3.29343170263386
3.00215061170608
3.03396622580384
3.47044444079578
3.16065648380403
3.18915491780387
2.97659491439893
3.50681473172546
3.15044347160375
2.78070528384451
3.36924346582166
3.00891240638853
2.89586018515954
2.94707866385468
2.89784054463999
3.08288852706738
2.69444139694022
2.90705074183247
3.35320664679074
3.16280945509331
2.99644160772803
3.21356439603646
3.07459949871661
3.25526268307049
3.13659077661986
3.23203020787819
3.50544143998583
3.14118297576886
3.14102274465504
3.36495976332345
3.09128346856918
3.22064971455714
2.96654524406972
3.24516090534081
3.10838934693792
3.25936225252568
3.51714914354147
3.32736250108757
3.17948876800055
4.09290022500347
2.97410825013747
3.08379904454737
2.90620816290609
2.87334360388023
2.86145370949669
2.89765661729326
3.13496470969469
3.24283478050191
3.17350170122389
2.97948936526254
3.27373989131513
3.05041257897011
3.0431954383357
3.48105011272709
3.0953181266187
3.11927592852257
3.12035440869132
3.55151350784874
3.15957466665662
2.95134821503411
2.91729734684737
3.15368565007345
3.75839434332624
3.18095934346156
3.08346622657581
3.08969506838533
3.20902469285275
3.25509656884041
2.88688713669914
3.00060860674929
3.08160997149299
3.12717948206386
2.73024304793944
3.11196032487515
2.96272582379154
3.15371584623218
2.89354527613679
3.11465423020179
3.12084574852116
3.07706054839064
3.19766007853919
2.93535504428455
3.12384613990682
2.99997391478105
3.23602227001461
2.62096526170308
2.89554134241981
4.10015645335671
2.82169229560434
3.07853406568761
2.78235344663251
2.803463221435
2.92838895790208
3.01154304668603
2.88188909922527
2.87910077711021
2.87081314557744
2.94686993341175
3.12666566777141
2.57581049343805
3.2677867484703
3.35059511998614
2.55867518737617
3.70232380960523
2.81688536122387
2.98018155897003
2.70772183872949
2.96396017664377
2.96169958913134
3.07918693556136
3.15441400611551
2.80811199871231
3.07319001773344
3.19270517484908
2.86118458485846
3.13315498747527
3.23191193357595
2.84144163207029
3.00729197017758
3.11728971963646
2.95827041014188
2.72449528739231
2.97239458821809
3.205616644917
2.69639023368371
3.23142147161274
3.25741872665675
3.05351525723563
3.67484733331281
3.55905261359353
3.02786055852406
2.93039429801399
3.03060040008637
2.58644276515522
2.90480881908555
2.95330431740972
3.23607883053143
2.87835566491711
2.91318458280642
2.72203468597772
2.72622013184898
2.7727751164338
2.970701337787
3.0945416465979
3.24051962062847
3.02949220624511
3.13966589900468
3.13394417160563
2.6664914505096
2.90471908329013
2.97592050431974
2.69628950444429
2.78230336645083
3.00616526126241
2.7259602398577
3.05421357947297
3.15747482932634
3.02386826323281
3.09626851722422
2.82132178475082
3.21525936583572
3.39919894333858
2.81513090998108
3.80704889642585
3.2135638230692
2.60908514397519
3.49444789739511
3.03880653832769
3.09657832463371
3.24053009526914
2.95607320636172
2.98513872406
2.97212019700351
2.97229947075223
2.94011849641652
2.94088052537383
3.30364306166306
3.16097058528762
2.70690048453442
2.91079425531469
2.66103376561633
2.65298235484113
3.26520168696588
2.73405251507063
3.09299019714391
2.67670695340888
2.76305940462127
3.69029544487361
2.59571890481442
2.87380852964126
2.77967073276862
3.35745709139375
2.79242865634932
2.94235387331902
2.84339902107444
3.10902431215777
2.96565001182737
3.05154776290067
3.15404849568424
3.12579628845206
2.81285377332195
2.70377094693846
3.41885859461493
3.25278666825194
2.91505117566087
3.40661105749856
3.1100945867878
3.08084822546998
3.19126283124231
3.06588992678258
2.98680903021033
3.1675782628898
2.81472641748903
3.42123552972022
3.48241337205253
2.91247472990691
2.93516922639665
2.86338277668837
2.97574921620641
3.15864639345875
2.80075175658155
3.22041135098445
2.70086075381086
3.08124706264995
3.06452392158833
2.89205675302609
2.9124961157065
2.962858293111
2.85885474360771
3.55573154092548
2.78829264675425
2.6401912627688
3.08408220841306
3.15493749233106
3.27262267826633
3.10636205581901
3.09823813800278
2.5784890077781
3.04127257923461
3.01785620041722
3.31275494250651
3.13100399069205
2.83449060161307
2.84755486289437
2.81394919376647
2.69182794693288
2.65596930252741
2.92385948860591
3.06096733309067
2.61207071478997
2.85927217691162
2.85215313017264
4.03587410675111
2.99504338567825
3.0575570462089
3.02400418061536
2.99457248428621
3.15579524680526
3.14852550026712
2.93195201038517
3.05861881838196
2.82196245195931
2.87204211265899
2.94323315575186
3.93880636630561
3.04063718435421
3.04034924531343
3.06377865446599
2.71662876515407
3.64581900030683
2.82618304653471
2.92056652260857
