3.50455192679925
3.31653612022187
3.29103624840333
3.51315977086346
3.48767001951702
3.50253413018338
3.43140316987486
3.871077580241
3.52368453849967
3.74667576895812
3.88550640625452
4.10947254908339
3.78360006632791
3.88364979979576
3.55675814530338
3.41116620764404
1.77342355641852
3.30061334948977
3.62113367884546
3.55997583322276
4.13056660206125
4.05023622127809
2.97570003715698
2.69555421648341
3.76245864124508
3.7423226502287
2.69270640146966
1.87296577526529
2.13367138879705
3.29593466116932
3.7614805806009
3.83157296854768
3.47932413480736
3.33111467254838
3.77301288357083
3.9990048900443
3.99884993046174
4.40656127931329
3.54062649360703
3.36495798384175
3.6935033653506
3.37503001968906
3.45692886533559
3.62536549675531
3.42917678166509
3.49115700316107
3.4895102099032
3.58266706279426
3.43949650933743
3.48098099516677
3.65964638650787
3.7172276212226
3.73762569440261
3.63800477682348
3.49667916992364
3.47891621054104
3.56063087928754
3.3550209362565
3.46077608643584
3.53641109720675
3.6977771758699
3.6724343807597
3.43233062207118
3.49245141085363
3.42926937963519
3.28717473667408
3.57475229872645
3.59517416321586
3.80156384955796
3.65797330228105
3.39247976295447
3.37302972351993
3.31879300735471
3.48336254880357
3.6526504321041
3.62549015914256
3.49826885175062
3.60297377973059
3.55539730986064
3.59804446278657
3.5038010114665
0.189904289873426
3.18555757770483
3.57843535843901
3.46621405856008
3.6113343216084
3.50405161975121
3.43848570679214
3.63098719194548
3.75945984995563
3.4379002326691
3.73942286207598
3.34039841132751
3.50211931974114
3.61151163095735
3.37725455903922
3.34260301316645
3.44581469257644
3.31098968716707
3.59942669425771
3.74181491444469
3.48093373321318
3.63401355869549
3.50446719180992
3.5768821900853
3.467546872752
3.46475801352185
3.48508202871236
3.38799431737988
3.33972637778262
3.30587306253186
3.35332536205259
3.44622218966719
3.42304073502451
3.5517134103001
3.53333212541994
3.25813539141395
3.60602678357606
3.31487741399128
3.41392466026264
3.44837349044181
3.48033544250187
3.43828403507559
3.59314000239761
3.48530257455058
3.50121065718007
3.41974561398527
3.31413559678112
3.52589808050028
3.56235539560181
3.52888304696193
3.63032843550753
3.69938460847929
3.70944512852962
3.38892992409335
3.42957241772463
3.59592562690878
3.44700758211718
3.69841941212385
3.4809038050649
3.40710010020714
3.68499330180884
3.47426712462636
3.56271155772226
3.53129081392988
3.36947966031558
3.67728003576528
3.31947749940961
3.43586375959856
3.44239121369086
3.54186840065215
3.44250649992056
3.46274693543174
3.53846723481709
3.60915366016693
3.59164027182235
3.69539435301584
3.56008917700925
3.4068853461946
3.61567170082359
3.8082215233902
3.90869146319761
3.5026862547782
3.38645699725575
3.10083442145838
3.56456441739397
3.58620371894495
3.68112714076017
3.80287746523231
3.6216851612093
3.39528145647649
3.48828028496883
3.76102672789466
3.70539932518453
3.42376162122285
3.78403532888678
3.48037010756854
3.459525395914
3.45958605867813
3.26301204606685
3.28634711736714
3.55785488894456
3.54313648966862
3.71396242246155
3.56416198885624
3.49529976603472
3.49544805804169
3.60966122769113
3.58737800159984
3.20092696965358
3.60428604590149
3.4940251709109
3.4539603911112
3.46419665132911
3.44894748059615
3.48105014676142
3.37991092380896
3.5001863487926
3.62018150805033
3.50903345756805
3.63601573682072
3.61459591172956
3.51853915195114
3.65220829779562
3.7182183452342
3.84399815412693
3.62586318290647
3.40286880676341
3.13497840699415
3.52036288532141
3.61983540922368
3.23007305696517
3.35937979213155
3.53862906276233
3.6393926252842
3.58745553356647
3.60500673934588
3.49465923392511
3.41360018042661
3.50608293561817
3.40147917298065
3.56727650449391
3.78120247378538
3.66402613495224
3.71339799536844
3.3453709453786
3.44926353652941
3.28559709830024
3.60997113581194
3.64472812225266
3.4296769142705
3.45123520695336
3.39717194432635
3.42918538159298
3.50758486819791
3.54159834032372
3.40998869363308
3.0758720317717
3.26386146254183
3.03610555596565
3.47913820016009
3.3277818198545
3.60933265514354
3.49244819414353
3.38682782294957
3.4263499945387
3.73899855045499
3.55328022097917
3.71099396154058
3.38963432607975
3.40414138647102
3.9326835067459
3.56218292335415
3.59862308086545
3.22713027543163
3.21024400931668
3.62515802542923
3.49527835288615
3.87834343865605
3.5897466846325
3.70097449977882
3.61295828954353
3.44480796581251
3.70601455577763
3.76160243808419
3.79425237501384
3.52867359626822
3.43441775346413
3.59670671892564
3.34058069779179
3.32983460227175
3.71403382276054
3.3809947125453
3.20859732937532
3.32881359747117
3.5161441046268
3.50954273645536
3.36620347278647
3.60405743013438
3.32174422396636
3.55516159113413
3.66665559122585
3.92107808593999
3.43238488422324
3.23496111781176
3.48395040507551
3.64220976865377
3.44156413827987
3.94035625689075
4.04062126746628
4.00930984739163
3.79475540677217
3.63462566518575
3.80160173791228
3.6581796680532
3.45847609727741
3.48770322967006
3.61652659217836
3.6868571692795
3.28579882769394
3.5357807688963
3.53919479234944
3.73958102987668
3.31775391361906
3.71586084763231
3.43967078343934
3.7092714663891
3.86788316655878
3.65999502823483
3.51431436667942
3.71864921483529
3.59758517643743
3.6479806585451
3.61533288577782
3.6956238756479
3.67835623514383
3.52072299450679
3.27207322337021
3.89603746418654
4.09257942479653
3.90841975850637
3.84623307406788
3.44171295152038
3.76523509191678
3.6588649990926
3.38595353937323
3.44568861018848
3.56622554830289
3.56166063638993
3.28439670577351
3.83739528544427
3.60843240254732
3.6640409571611
3.45433501609387
3.31918151286921
3.83982374436654
3.38801008898393
3.81133581011546
3.58950607792315
3.53168275973798
3.60655877056998
4.00287922626272
3.69818378892121
3.81611912871422
3.38478526054445
3.72379834375405
4.03974484576994
3.80257217797856
3.61698586156397
3.68388215185306
3.37610005722885
3.25431871831233
3.27586668165144
3.14694319435901
3.3953966822004
3.57784810105816
3.3453057049027
3.4434218202151
3.52428215403114
3.61550446723492
3.76947792325542
3.98513298208709
3.55380238894716
3.43441585225037
3.87917095644398
3.54150519023883
3.50467884888215
3.80203187146312
3.68023330368869
3.17247983586519
3.6400338689136
3.86738731119881
3.69335571373872
3.22373942533499
3.59900298304525
3.67883766894587
3.36706706126199
3.64479240346619
3.78185671968278
3.85228440046001
3.74620742490348
3.56649958375521
3.04825861712269
3.274905821358
3.60748943575066
3.40441673998501
3.55761779749416
3.51065642421352
3.626572096328
3.48848169376045
3.50759225026818
3.70758064251701
3.7159064376611
3.5685829970929
3.85132429175808
3.89436016258313
3.61995191464353
3.48789581336736
3.42919565792321
3.66171628663125
3.76383220119991
3.74631472594942
3.70555604404721
3.59607348507239
3.64149164926946
3.46791038440359
3.30080625926945
3.50922800875725
3.69750152972678
3.53518784899239
3.55196069950202
3.54240805178992
3.57319747074256
3.87339945665918
3.70784282390117
3.66084618217756
3.32628600402883
3.43270217014226
3.46387576890869
3.64774227595497
3.58535460891873
3.59665731158046
3.66775145904984
3.41726172781956
3.62723082098472
3.80984660843204
3.66384251290475
3.45821568012898
3.76638129971622
4.00498087596793
4.06737344545262
3.72295296113845
3.49539858879108
3.76903832233207
3.45354921602381
3.6137533495635
3.62279232527045
3.35346622688157
3.52084529782727
3.74451654418067
3.60728867233268
3.63689828724473
3.4425003349244
3.4502111189403
3.73890454396142
3.7296980306418
3.55728132392683
3.38957689221455
3.45755967622396
3.66647162509644
3.44287919547478
3.60244355181071
3.67313408750415
3.6121462876838
3.5801437470175
3.60485500087968
3.50463082766524
3.65743952288746
3.4180810018266
3.66412073020474
3.68834199576872
3.4592889499701
3.54241593895731
3.35850830686361
3.39476690002765
3.62396091924417
3.45950977062264
3.57519219481215
3.74526246860782
3.69297850909852
3.97789832768512
3.6415329491957
3.82043822931059
3.63568402718753
3.38507344567456
3.78356953034373
3.53631999584532
3.71951066451121
3.60004479333869
4.12532347434609
3.74862127961764
3.37562847188073
3.34478214458482
3.44599515498556
3.57795797961218
3.46911026755918
3.51547506323174
3.66316554253652
3.72052399816815
3.11927727389675
3.53192689586294
3.77229521126423
2.73283077267516
3.64034833061426
3.44268688181299
3.47656736895205
3.57682315062634
3.59405450940404
3.34414833865486
3.53716196102561
0.19082393855421
3.26856226435864
3.41031029953478
3.7107403125357
3.47471351131232
3.57164669132394
3.42684382901298
3.34635366622876
3.51306027021351
3.78857959991173
3.58653998450178
3.58951169502541
3.71420486703346
3.25201237535854
3.582032671813
3.76091565657513
4.05868516668173
3.66202113090109
3.63066729127381
3.54558700723911
3.52606708365536
3.53470531953249
3.70112712087632
3.70153908100443
3.72056032916595
3.70140655158274
3.60060480904838
3.55066688141567
3.28732382424426
3.79829542572836
3.72801021110998
3.755873335777
3.41216888528026
3.80192541495565
4.16077117087669
3.28791886455312
3.72784696246214
3.3845143866368
3.7398771213185
3.57979256858781
3.80577393724688
3.62350713339804
3.73147934598454
3.38428630368757
3.31993060599024
3.61033165766873
3.66275846879336
3.67774940955114
3.75963281711422
3.38048897644006
3.28040883380371
3.45919231803049
3.66406586295277
3.78479694032515
3.59259244364209
3.83886402787841
3.68686765560332
3.84098032212192
3.65049805048192
3.61802029339052
3.60410410597178
3.59872602557816
3.51272435223216
3.51240827115974
3.23638874646882
3.39657589210821
3.22304628919994
3.51915590169782
3.2053738825854
3.52009594718248
3.23571835040042
3.38244833271485
3.41974798588217
3.46016867546028
3.60487516820893
3.49583473832275
3.58428300774645
3.4380682823574
3.29952032800663
3.42274509451549
3.36488201197363
3.30799282777386
3.63068699579465
3.37963084178692
3.39631232191774
3.37107759549731
3.56947804345488
3.61862616339004
3.54431688791777
3.42862847249
3.48342050445398
3.41328241620148
3.41164017513284
3.67361574215379
3.58357937820836
3.48840761443245
3.47377524391824
3.57499176619474
3.81856135857114
3.61061311140788
3.44131777787241
3.47503193469816
3.4584321787727
3.35624093211382
3.51062840015908
3.73982002697366
3.59655811694401
3.59265335177077
3.5103235977086
3.70792199691412
3.59680330307682
3.65156819006454
3.3289631184506
3.49854445060586
3.70135543255032
3.60536188009446
3.46157642646906
3.65209315719788
3.63436255176566
3.48033159046984
3.50633248386266
3.60044208020227
3.32763038056868
3.25572561576997
3.38148207937359
3.31255197973152
3.40164927688859
3.54658450668947
3.56844856128066
3.27361743619262
3.34867063234852
3.70314085179853
3.70188295033743
3.55863629815636
3.64248004885967
3.42434049674494
3.51696469086738
3.5563932674826
3.62852433557599
3.45379329574623
3.45814514969074
3.3002631447481
3.51820483401323
3.55044540268412
3.68938624733299
3.63548012767888
3.56955707148384
3.36164131162226
3.45895541356334
3.48344530306518
3.40598019240558
3.5821981878974
3.64401106734362
3.71269813284914
3.97275015728096
3.88551287785299
3.65135889532584
3.74722585336648
3.78105997630725
3.67807821132815
3.36029567073042
3.96155905882934
3.71935024876479
3.32637070691302
3.56579246375516
3.50068719616537
3.49697496687072
3.64854700148184
3.62281621399021
3.60922331756115
3.56692849083176
3.42896646878917
3.58719692174957
3.70090227219291
3.71450149885424
3.47142707631275
3.39215599274364
3.4380723471435
3.44519071911142
3.73117250246762
3.54006098501923
3.47399916890898
3.61303910910653
3.40129158302079
3.59079459851567
3.55493000051464
3.74077341516275
4.11267545661133
4.30671274805122
3.7971712925655
3.81260358663742
3.40628197927537
3.59007432894163
3.49500889647981
3.62501634648266
3.32781832820512
3.41784659143133
3.505868068758
3.20182687813706
3.52436361248775
3.60837390539269
3.62802983236854
3.62374928787405
3.75625415665008
3.39574598506044
3.63716253913586
3.66296639862234
3.47050668868514
3.47546998350484
3.64656918484138
3.79015623687796
3.5374330199193
3.72793080769885
3.84242322866283
3.60307038794195
3.54956965723153
3.87398240712866
3.68809438532209
3.5567925664896
3.84574034774418
3.70425546384209
3.52672758044047
3.2690361425182
3.4829502083964
3.84580658612827
3.95573832640806
3.69097495577384
3.74314256918909
3.4998688244314
3.53972576888598
3.58748105188609
3.43764528919984
3.61318418037043
3.19535481656249
3.70160891642125
3.71963133863078
3.51968016998337
3.69012463864535
3.58871099904866
3.61623778809055
3.81654736357897
3.6691614866883
3.78341879832803
3.56081898117769
3.84362904111107
3.49621926720442
3.42406878907332
3.71578113120672
3.57046715201078
3.53798671194948
3.57830262671004
3.6879102108965
3.56037095486134
3.04151459671155
3.42510679167028
3.44666459370131
3.52382599065119
3.58950889025244
3.59021162255673
3.4414205705188
3.4094169175509
3.52827193105232
3.66501069212112
3.58045261525635
3.50340919091516
3.73420935396925
3.59590880425971
3.79943613929164
3.67840616057408
3.46347660650189
3.70681894961908
3.66990957357472
3.1944996137393
3.3711113016039
3.57749695725133
3.56804538381127
3.57229776244932
3.51765300312279
3.55140126337954
3.38341528465327
3.47523296761574
3.68732612734658
3.51520018665437
3.43396079148363
3.56857501973754
3.50716266165949
3.57168316936442
3.46973819659623
3.38875933957643
3.60685651152877
3.585665011214
3.55858875746564
3.51866931411831
3.56198632669179
3.34881417893293
3.22613264522954
3.72949204149881
3.55649148088456
3.24371917596465
3.54409227213797
3.52054952415261
3.43981287368068
3.50820540055535
3.40434866244876
3.46017218564117
3.39888131930456
3.31158192666162
3.48337956351704
3.67801664076508
3.56568440450531
3.57814752834725
3.55066740932582
3.62074740711508
3.54206969033573
3.56293786831994
3.80627424422012
3.74509119859602
3.79338676603558
3.75013034425811
3.53387178254132
3.533968989685
3.69877584171009
3.64016157952425
3.65324007751213
3.46916859283871
3.41165703802595
3.49728174423429
3.6976641866139
3.51426877535983
3.6213280011174
3.72423523575436
3.8598806424067
3.62147880745328
3.68589320323851
3.69500271406727
3.53392995973597
3.58261939369194
3.36930370162082
3.27646025539205
3.50687238477963
3.54971673332961
3.50669327629724
3.53126182903853
3.61765395645883
3.7538666625346
3.73307386560422
3.66273368204313
3.50826505884675
3.20547484549705
3.59812342584206
3.70284219732692
3.37393258979882
3.72918861524739
3.85820760316328
3.68928958443114
3.63673709217334
3.89504186078994
3.81289856209195
3.54533646957155
3.56458984657089
3.8118303571779
3.60698752330116
3.44342826146981
3.39551338156783
3.44023465338372
3.61816142816955
3.67780742347513
3.71712838846675
3.85230282176614
3.77111115998342
3.44446073900907
3.78579048611195
3.68513420655235
3.52420308575728
3.42182441888193
3.72871000064651
3.24462823404934
3.34191368240232
3.39754433751953
3.80362403909516
3.60076536255587
3.61912541980135
3.74004772055417
3.67700540613703
3.7308832701432
3.53560215887133
3.49048458148316
3.61234043004756
3.67492667968381
3.43533836426586
3.75162522342739
4.00049635245815
3.82776461532083
3.48956556572597
4.02456865295125
3.43674427467116
3.50356433816297
3.45167748077555
3.61161567387035
3.51335600302642
3.38319706534
3.5451970696272
3.67051886731774
3.60161626151965
3.84458644811792
3.66180316567382
3.71516459051261
3.73914055981778
3.60422302598412
3.78156963415164
3.76495436925503
3.79236167150531
3.84103541505259
3.6263144707191
3.70999732025685
3.87499935045059
3.88156117499235
3.85152229436487
3.52580681821057
3.19934930135804
3.58376343181118
3.6302482609764
3.36951427473364
3.48548210482113
3.35273893446844
3.4142795946205
3.30516318136683
3.2800196664708
3.72684491804394
3.58828293537796
3.42547058230454
3.56587289658502
3.75100430991507
3.48188525621997
3.61359133024844
3.17513916224395
3.41352062621037
3.82643086032597
3.64652975956563
3.50839035158382
3.49224972620275
3.52410125723347
3.80285232339437
3.63706056978803
3.4514133819799
3.28292549668423
3.28053657198649
3.29999655904898
3.64150559054721
3.35218951163935
3.34889707577543
3.4424479570165
3.53536624095543
3.36409895431971
3.60610171816359
3.16729512944344
3.58580461261083
3.66268743379266
3.6527055981973
3.31072176700157
3.26453392362216
3.24966083838101
3.48836544022494
3.48909102822629
3.34013746054343
3.58567644619546
3.36104757315752
3.38666879819638
3.62038472839595
3.17001771827087
3.28128179948799
3.44079933718417
3.17385199478429
2.87535163642284
3.4546495597882
3.48087647182505
3.72627081030987
3.15067072744493
3.35168639277655
3.68275955538385
3.56575949774773
3.33120803746221
3.71929006164362
3.47466517410832
3.09030024817157
3.38025873458792
3.31409435826187
3.58625662411602
3.43447033833061
3.36804819199936
3.66361410927969
3.63312337650136
3.73999479424388
3.86026164758957
3.3070524057111
3.72863940009983
3.75645581122405
3.83042250606709
3.75593276353238
3.4141672743763
3.34106464562391
3.55403145826851
3.49662908380966
3.65365443587838
3.43408552341099
3.6520789109904
3.45161733063842
3.57372069027758
3.44856803694371
3.23132239012237
3.51441235125828
3.278876598656
3.54684123058446
3.64894002864042
3.45372679108624
3.63912335995314
3.65705750687463
3.62275390805684
3.36716992986429
3.4368223857135
3.45688922020074
3.66968968039713
3.48539438367477
3.4889320496603
3.72545118597426
3.50871959139624
3.61033227328276
3.70483246689894
3.76735515766481
3.5789096695592
3.35427737797716
3.45200455915432
3.42272043859966
3.59733110074072
3.23827295609458
3.26652988707396
3.57819773668339
3.38514235407534
3.39625831598644
3.61981434614883
3.6622960259284
3.45894964426073
3.35495135501633
3.33174829812614
3.47055071943599
3.66800589418338
3.3822670374328
3.68017104150816
3.71118334650424
3.41279527282015
3.21025347892753
3.52936808445892
3.37180603090512
3.45562258322159
3.63545315419949
3.74806337373778
3.66677567296418
3.61557859736537
3.32981678748249
3.62334201760516
3.40541251950226
3.55379960779745
3.33271398138613
3.61792405020343
3.51454457999383
3.58647430921933
3.56688894752368
3.53153065502067
3.42710584074765
3.60280929698473
3.71757903017851
3.72586233349176
3.58230800334354
3.34942762281586
3.68879543409076
3.79128882134857
3.51805876202957
3.28641621174369
3.45842544884917
3.58165099577152
3.43145864650155
3.42651943851741
3.47507975629943
3.62923481386265
3.33148273265099
3.43728340771604
3.33618881109975
3.44290498727413
3.5057475245449
3.46852871890299
3.49198029682007
3.58285997203134
3.52595413524407
3.2466384720943
3.57770637149533
3.54302517816137
3.56869333690734
3.52719762175531
3.83994433175038
3.71535040096924
3.58616099687412
3.50653592121832
3.6258042028644
3.39017822055456
3.20113876423024
3.56305554078938
3.48155888433314
3.67775802343633
3.7333775415131
3.4837887133461
3.63578864377977
3.60025910881163
3.45445729111564
3.6396585299535
3.34344869955879
3.4851172667486
3.41311982272531
3.54629334563516
3.66377638104131
3.58505719121848
3.40497882540372
3.68631578165122
3.95310445365878
3.38926213262276
3.52187376474579
3.47414594523151
3.25563525617007
3.39760580320118
3.77680351591714
3.33925624513586
3.42813465832229
3.82598574591718
3.64570720386108
3.48850763174307
3.69643575111693
3.92581102860935
4.01209136500223
3.69153986860523
3.54191575263736
3.48763301667831
3.64753989681196
3.77780918370922
3.75984459818396
3.34692602783457
3.52124146608708
3.78579597794945
3.75234095743213
3.631668990249
3.62961445913608
3.53091701421978
3.25845982436361
3.56184772330669
3.34624917676548
3.46952097052309
3.93285613660427
3.53660541428813
3.57290069560964
3.11234596777487
3.43404606649055
3.53981426161536
3.43336666182035
3.46740371186396
3.56949610489366
3.58339183043133
3.44168827203629
3.60605887626429
3.77555324161321
3.67105475312431
3.5532213051676
3.49734616600272
3.5473051289095
3.61612339436089
3.48868206490857
3.38460988914758
3.65478333376947
3.65915046178752
3.80504937293082
3.63757501950984
3.56946535852547
3.32074886400879
3.66652453588545
4.04602462930855
3.51352322259949
3.5158934286141
2.90164263007089
3.80117120294864
3.4232356207971
3.75330191286235
3.63347987871692
3.85089777824148
3.78363336774628
3.55472695337598
3.84710101456507
3.58870179295703
3.61396450647226
3.28883373266227
3.60408752064966
3.65432047961535
3.61578197868579
3.79797539851204
3.49511321804189
3.79691264924913
3.81830020145742
3.59645687103686
3.53840234999897
3.59294935777679
4.01671421359379
3.36953825083724
3.21601293816807
3.77282127044206
3.82307568967022
3.54685346177788
3.61446012302612
3.68372816666993
3.61222573751518
3.22283795746342
3.54342424668913
3.45742626263649
3.69040687207035
3.70651468509866
3.5940431890964
3.62757440795853
3.64331082026854
3.46241168944499
3.42664919648087
3.33685208089063
3.46256580548868
3.67742231264649
3.87922590888574
3.44994601848348
4.04000002588063
3.24060602743496
3.80828401922063
3.67964579672868
3.47049996873125
3.15701164489014
3.51828945445415
3.57888942894468
3.43811846870073
3.51127166743509
3.51441354300297
3.96215061244265
3.31119678186636
3.45915189254881
3.43143182047104
3.8523048287136
3.6849639601396
3.43942316038902
3.34381603867807
3.55825623847872
3.4302206641433
3.95703152837884
4.04192249688749
3.78213490574142
3.61410048126446
3.53528042589597
3.50520226546802
3.37216238588822
3.58580248431951
3.38470155285581
3.34291877269317
3.38144214661829
3.52463718964353
3.47021511782649
3.69180697301278
3.65437478799226
3.75083778588797
3.53525792027965
3.42548701663098
3.51567029631603
3.63537935633496
3.71340970899237
3.77630977954069
3.58837349479131
3.71405863084094
3.69276885005139
3.66288951683639
3.85430910468655
3.65676188407104
3.60456681101483
3.47046110827242
3.5654868656685
3.56337731504899
3.83085689573771
4.13627220455038
3.5088632521802
3.26064024031695
3.54910838637289
3.56896674967656
3.59104590394125
3.83786996339278
3.54967924355012
3.48612769233223
3.76762375307681
3.53864962555892
3.51094191397863
3.34679916640198
3.51882325227073
3.68186870155279
3.70120634427033
3.56165740072917
3.65334293029823
3.63604619929314
4.09991975528901
3.84599247143633
3.84198635419255
3.60288239277422
3.53472284834028
3.60298653168496
3.45910026298731
3.57161548196891
3.44321905339509
3.26778185355439
3.52321937111833
3.6285190331503
3.76288441338843
3.77820431931765
3.59938567860674
3.7010277164472
3.77276849105092
4.00291166521926
3.75986099201494
3.87068475074336
3.63750258514031
3.96110420159034
3.90289858897496
3.76920503392087
3.44599264596589
3.33788235701947
3.49686038895806
3.67695251381442
3.36064148839796
3.61581657716279
3.69746626906626
3.6209911332412
3.60845665918865
3.52607448089624
3.56369263933452
3.62953156547375
3.58392102331559
3.34787597933829
3.26232120831887
3.52097497071107
3.60036241838754
3.40184693023747
3.55881017964768
3.61572490702401
3.32172948985456
3.33042740132553
3.52255600953574
3.85930742047666
3.58255918208796
3.67301190022277
3.46081153744718
3.59021626247572
3.28073115633222
3.54577130689225
3.41737889342265
3.78770766683893
3.5405425851751
3.66885053096705
3.35548566236189
3.75612680172297
3.4739665939725
3.62589392770982
3.75095722329822
3.56659236344824
3.3451205512725
3.47713682243633
3.64389547317463
3.6795708240408
3.62592914978197
3.32598531894163
3.55011907632489
3.49474950023273
3.62633993461507
3.76850584033121
3.6766788179086
3.67125073321225
3.18765152555467
3.80942458035932
3.87737852257932
3.61176714261114
3.54003878144497
3.72247392482116
3.60899239701789
3.49032900932875
3.33309725871227
3.56337671941623
3.5354005846208
3.56394143601621
3.56019554733632
3.64187988650216
3.59647355356814
3.62378830627438
3.90872193672437
3.56885451438242
3.66251212863792
3.47753678935353
2.02093486123732
3.08489492969705
3.38086303179091
3.36898604381032
3.46320677026872
3.50409237459835
3.47067765201754
3.64682684453591
3.8523476356359
3.40903767216702
3.65840473315287
3.5798091473912
3.38170374958075
3.49652292343825
3.60694352149072
3.22693201275741
3.15868455834144
3.67450745075161
3.45268214127097
3.42344042629941
3.73097362852752
4.12394388214205
3.71425096836468
3.79651679415001
3.61375897114469
3.76762189454875
3.7515178790307
3.61707628661069
3.57287868240722
3.72556847368444
3.90310898920756
3.8488954464621
3.70092907040416
3.65546375839189
3.85995701571438
3.48311356471826
3.44769890571045
3.60232689885105
3.62481582194842
3.46092265174041
3.53855123211873
3.57623149458751
3.51037399817167
3.43068942994838
3.32567652217287
3.83045677810315
4.13901084321311
3.58315605169509
3.45245681158664
3.34867739074334
3.73530026926597
3.36468743373429
3.60220528591902
3.60607276129643
3.50456316467961
3.51770116239089
3.35016198945589
3.49983024702771
3.84031199665571
3.75886696961093
3.69427359972696
3.42051779599087
3.7810250556482
3.43608007540122
3.54960634556298
3.60858229078063
3.49850566970662
3.310430007556
3.4546236277939
3.44826461865013
0.186371450575016
2.98899508005591
3.1885853695315
3.40320228119195
3.65370970733949
3.59653932593729
3.3987400686303
3.50582158343904
3.59435835159321
3.72901481969305
3.43631750887496
3.49488689839614
3.50612770801317
3.49168438312959
3.38718621551811
3.60998675391149
3.55652969450505
3.47634544109777
3.55606941176546
3.59293868301252
3.60677407899914
3.48896740765479
3.66385002551093
3.25919786681814
3.45473948764322
3.53029846106234
3.31979348146309
3.43061719406846
3.37237610889738
3.45163130571025
3.50921326104631
3.47554800364708
3.39623106662488
3.61985080377505
3.51409381636491
3.46846122862914
3.4719432427273
3.45935215052741
3.53542911271771
3.47140901000815
3.49366521539644
3.37545126436719
3.58713017035907
3.47247053687172
3.61579367304037
3.61239143576981
3.48535757105876
3.54829394220076
3.33032847830482
3.49822549267748
3.35711074679714
3.30547586300856
3.35532947046293
3.40405344494036
3.45737696944523
3.41472396245468
3.33720860962337
3.24282236718986
3.57729007488128
3.38175701853457
3.76204594566864
3.42080351333124
3.47636411871226
3.5361105758018
3.50652953363648
3.53250547082511
3.73813334576249
3.51056655424352
3.31000910977776
3.42824523297629
3.60303912481095
3.43697980746159
3.75292928174065
3.9411877857266
3.63843948323514
3.36744075540877
3.62069904035437
3.69809726027845
3.55851381668624
3.69382499495177
3.7997972422634
3.48485750897919
3.49585052541908
3.57269465480047
3.49800725159441
3.6108263206617
3.70819356709967
3.64535807473759
3.35730070919778
3.42702876008101
3.55377227644622
3.21407642826296
3.73034544891949
3.9559062948809
3.68837750654062
3.55661432282884
3.68320786900894
3.84125034350818
3.63576236047911
3.34768576980276
3.52476785242944
3.52369929192206
3.53706637264449
3.3777866558825
3.5096399488274
3.81763342925038
3.66611960046377
3.61103516188512
3.59633040143166
3.28618186302735
3.51259822691219
3.46855766151357
3.56375137268007
3.57384923026812
3.27858562751677
3.68173497217422
3.28382282757586
3.36558007002163
3.50783750835069
3.27282957441641
3.53558153078545
3.23770834282582
3.37349396289514
3.63320513743168
3.54225545203942
3.56529917091794
3.85156503882656
3.5846817110089
3.30096586400002
3.44367325304602
3.51756097972875
3.21604839547089
3.47139403069141
3.44460977500461
3.64579175052589
3.43259507519064
3.47961294428853
4.03950824721313
3.61200765550245
3.52897654424609
3.31875694536296
3.52430624819202
3.2017340629721
2.80424348915424
3.60642910210203
3.71665772282461
3.68759279614495
3.61967885995803
3.23624290641578
3.50259319371682
3.33641347944922
3.24094099566492
3.59315415478365
3.70152031829519
3.49208381379652
3.471959539725
3.60036324193906
3.49693036626069
3.64002100314448
3.64989074911613
3.49821554224117
3.57092561090243
0.187577738620313
3.22546208431653
3.62531898439509
3.64994015124264
3.34206257594593
3.51886955329708
3.67559105238639
3.93592636926968
3.625078050727
3.68281893476479
3.61300196593615
3.72994619360416
3.70678139304533
3.76247648529807
3.32118073072023
3.41111022339007
3.56235946697878
3.67947419057732
3.74808720883591
3.27124980085482
3.52214510981714
3.2273654577748
3.59193669763446
3.52725139050426
3.39788266102786
3.41764926811676
3.43064216371142
3.53208924698223
3.46754667797955
3.54782777120599
3.50286191054575
3.41972173892007
3.56451192497895
3.99143326023401
3.80033910338473
3.82449644725841
3.76566431876719
3.62405688946263
3.72019405092567
3.5677597248055
3.62443378523745
3.46748760710439
3.4071968825223
3.53281446423872
3.50113448847262
3.57982904782365
3.60470118909711
3.56025819490695
3.63789558182991
3.4896852936796
3.48031413725558
3.51274540766342
3.4887550209277
3.68138051888359
3.85546025318695
3.79062640706561
3.3936144270146
3.56876803172689
3.5722053039603
3.68525256339804
3.62418595749287
3.78642883792218
3.5290293078696
3.32901616211203
3.61503762987557
3.36813913660308
3.65526573585004
3.32754487532852
3.56310001007306
3.38469863044326
3.42761324902559
3.48189777229442
3.5201592659732
3.42945054471678
3.51620763611985
3.52454795106809
3.56813622570186
3.17453660863859
3.67646610257009
3.43061768898149
3.47761341677229
3.61840938393967
3.63832737261613
3.55529815241524
3.65780263246326
3.80882292240521
3.62895064709155
3.73773222414228
3.57310005286735
3.46000017481046
3.67995218167698
4.02261493497608
3.88321432084241
3.66099381172003
3.54186966189702
3.81238508807636
3.54928571306241
3.59230953412864
3.77105261134019
3.44349485528329
3.6322467403472
3.71486139752805
3.82538589321715
3.4377477513075
3.50790326542424
3.61209570828825
3.18597404602337
3.5886111476595
3.97403046942983
3.46411032470151
3.62197163584841
3.60269874978013
3.81343364788056
3.46652971175439
3.44538572546006
3.39569443383139
3.59266499265504
3.57804511061246
3.62945536316178
3.60324897097883
3.37613996600608
3.47971769027767
3.57183014648543
3.35998025510833
3.57848024467626
3.32171900742136
3.4810469320503
3.57002119974764
3.59265455095248
3.71376114015618
3.6998034888401
3.65453576033207
3.86451229196457
3.93504410723316
3.75751567927138
3.61099679679798
3.50071991251406
3.4190887037909
3.70110225640658
3.39214533312496
3.56029750070535
3.36537804269569
3.46799597323722
3.40505546848004
3.72133579832655
3.38352514731515
3.5184051796072
3.69219218098405
3.65191619558253
3.74040190192055
3.4464384951593
3.81253225358789
3.64376361160249
3.65709729944268
3.8766874348247
0.195216893938581
3.14387212239863
3.65732988682725
3.63053358935961
3.60497389057314
3.49727594930259
3.62292796660294
3.50664366968896
3.65837947627649
3.70232349829507
3.66799616185483
3.67587187837089
3.71297558116863
3.61387180332477
3.37557383348278
3.13705228062901
3.47358871670564
3.60785763335681
3.55109766478551
3.80879299639902
3.65531662651916
3.71940186040823
3.25975548520897
3.77538771495429
3.40399312196057
3.84942628189939
3.83830990597862
3.74770672684267
3.13020138306506
3.49500505230736
3.26637993158647
3.35164196408893
3.5002589031896
3.56109973188704
3.65001282293839
3.70876642689335
3.67743827967476
3.51885010604824
3.66296883025619
3.46472265133416
3.78269668034494
3.77725713603372
3.45153903244542
3.38476684234986
3.4310182437661
3.71064294979516
3.68735268886244
3.62565359606348
3.59190694151665
3.93296320208376
3.85864520755622
3.75846499039866
3.55911151282013
3.5079011719699
3.95811706190231
3.79923564821827
3.43860026198863
3.70312962725993
3.48863789803474
3.62084849705017
3.62194730186795
3.78601594448851
3.56956825038415
3.30414821732362
3.58339692591628
3.51005060134804
3.66914333547811
3.76059557157087
3.65931839300389
3.80333256776514
3.67221767995825
3.67741571524582
3.54921279327792
3.60532591736555
3.74340840372855
4.11010106553877
3.78632531115581
4.18610813383074
3.52026447092756
4.04689762030122
3.55869511457858
3.94714015971353
3.71491133354706
3.65722282931686
3.54495455041304
3.67417812873387
3.67845274394049
3.95766753960411
3.70257906568808
3.69329303696177
3.71919599658683
3.65676654225681
3.64049808128482
3.78153408211597
3.99252683609959
3.40662676291307
3.68333381875545
3.55699656066138
3.75417612407354
3.51143768421564
3.91421306873276
3.47736241247136
3.67158317461813
3.46163137195685
3.43281148563081
3.65501353720869
3.68909152538397
3.52203642116847
3.47178047847969
3.67180604892181
3.54740558340065
3.79301419209225
3.65268463974578
4.01153080683866
3.87506610240825
3.8308344955649
3.67326371996181
3.66907961373715
3.35865427314551
3.38446405631997
3.15640261958916
3.47656249936037
3.32060802123378
3.65076939639077
3.53274695317379
3.69564737360055
3.84088289564932
3.73667182494768
3.60729985471591
3.31892439086809
3.69039550759787
3.54243687130368
3.5061550000874
3.73133338145179
3.7909922351797
3.97375316558697
3.71111628526489
3.71051481901731
3.69626307887064
3.81096112901035
3.65957489058072
3.90400578331555
3.60939911619424
0.185409753122972
2.64959680559559
3.66530081208386
2.99743230799543
3.51557685532472
3.1724462305467
3.48633784073645
3.48682867377475
3.29565274045186
2.98278331440921
3.60892312635363
3.23227678624233
3.66182750404688
3.53436865698124
3.29843716597629
3.50507437525158
3.70080139575963
3.80619739216968
3.47653940760182
3.22671347989216
3.41377967870477
3.35145938211335
3.80906759723254
3.45446816503682
3.42504712736561
3.3154374127315
3.4337511150601
3.57224088461349
3.38557008820228
3.49963056424831
3.54270579492215
3.42077456128426
3.24877848091187
3.55028874875883
3.48388002718029
3.40709455644027
3.24068776410676
3.39085886451227
3.75791928540966
3.64650315863195
3.70351234078288
3.5046727517064
3.22063956237924
3.6876748625087
3.61984912114358
3.69996360459917
3.69758171064009
3.45758140733343
3.43098434018953
3.57233437650499
3.51284665352168
3.40572833890537
3.33467256514992
3.10483406225892
3.59070091918584
3.70036219862005
3.88911651724967
3.68053638441921
3.54113315310184
3.55111918915024
3.56776935794501
3.58383193039048
3.3092531232389
3.48774662823458
3.2281604174057
3.35191876801145
3.39960717570053
3.55948549977263
3.27176736519587
3.29969752888428
3.56064900335196
