-0.000333333333333333
0.998998664886515
1.98861734181453
2.92790073775989
3.70987239758227
4.28036437246964
4.6520706042091
4.77224684623253
4.95102739726027
5.090031045188
5.15456755817992
5.18566433566434
5.16496658459374
5.16101694915254
5.19432624113475
5.19251336898396
5.2067480258435
5.15774240231548
5.21071819176085
5.21847507331378
5.16366311143803
5.2339008142117
5.19724599925568
5.1515947467167
5.16239638281839
5.19696394686907
5.20901795949561
5.19229287090559
5.20100502512563
5.22992985190959
5.17483339866719
5.16127760252366
5.18337311058075
5.14314354450682
5.1491935483871
5.19277597402597
5.16150081566068
5.15397282832441
5.20430998756734
5.18594009983361
5.22292191435768
5.24227022448115
5.10382978723404
5.14609141392567
5.16080617495712
5.19082648204241
5.08220965637234
5.16724890829694
5.15699208443272
5.20929203539823
5.13872832369942
5.16300940438872
5.14562669071235
5.22398909586552
5.13357731015553
5.1270207852194
5.10144253140996
5.12868507253159
5.20577105014191
5.19808153477218
5.17431640625
5.25710014947683
5.17447246525991
5.20010758472297
5.12018401380104
5.03799873337555
5.07023895727734
4.99719626168224
4.92665726375176
4.84660766961652
1.83333333333333
2
