-0.001
0.996990972918756
1.96767676767677
2.84412955465587
3.49290060851927
3.90853658536585
4.1310133060389
4.1548717948718
4.2173017507724
4.34407484407484
4.41108786610879
4.46934460887949
4.50531914893617
4.46638207043757
4.52783725910064
4.502679528403
4.39740820734341
4.41857923497268
4.41740088105727
4.49555555555556
4.42444444444444
4.54129464285714
4.45342312008979
4.53393665158371
4.49262202043133
4.50285714285714
4.46551724137931
4.45075318655852
4.38443670150987
4.41549295774648
4.44051825677267
4.52307692307692
4.43146603098927
4.416164053076
4.41575757575758
4.53170731707317
4.52941176470588
4.50617283950617
4.49875930521092
4.431592039801
4.4812030075188
4.49431099873578
4.428208386277
4.42748091603053
4.42911877394636
4.41848523748395
4.40025906735751
4.50975292587776
4.4738219895288
4.54402102496715
4.41347424042272
4.49402390438247
4.49866310160428
4.62953020134228
4.47361299052774
4.41838134430727
4.41412742382271
4.49652294853964
4.58707865168539
4.55177304964539
4.52387843704776
4.59940652818991
4.54045801526718
4.47124600638978
4.45593220338983
4.39776951672862
4.39873417721519
4.29943502824859
4.38211382113821
4.24786324786325
1.6
2
