4.13233930032811
3.81952453575798
3.64779748936065
3.59918206024069
3.57575794261668
3.5825672682595
3.59697272671403
3.56866095576269
3.57313629075099
3.54314054353458
3.5500507047823
3.54618042561292
3.54963951143475
3.52751882390205
3.51735766404606
3.52886562098216
3.52989802081426
3.50436704951593
3.51071348114888
3.51660892497286
3.50579599658165
3.5159628035813
3.49785062003668
3.49315338966779
3.50094217495373
3.49665121839183
3.50450147881709
3.49912375263318
3.50024330770642
3.48836727398919
3.48834857289306
3.48948473623969
3.46840710812035
3.47641956964383
3.49100697370384
3.4900462652811
3.48365261752761
3.47593466352893
3.47557203737858
3.48846942144808
3.48765911275831
3.48812008318702
3.48126366480108
3.47933103551064
3.4628752048355
3.46928413233259
3.46380478416486
3.46353773011087
3.46321432721337
3.47815719169954
3.47263828450714
3.4607972458834
3.47064478581405
3.46677423723905
3.47096021279077
3.46578996663615
3.45634864195117
3.46651494433942
3.45510465793332
3.45675387672608
3.470347229002
3.44341132418537
3.45896646145031
3.45151004913875
3.46048532679777
3.45089378007762
3.4621282164332
3.42988292489743
3.4197227153054
3.32389721149239
0.388480708857442
0.131938671121
