5.23058498922625
4.56633683799481
4.00665901716059
3.65967369668602
3.31521499228564
3.19358389836167
3.01010696334834
2.95078695971962
2.91316730223153
2.9000610627815
2.89096523839033
2.89590319137587
2.8616534398602
2.86850218129792
2.89432908440679
2.89586613233198
2.90811159165514
2.90198746076437
2.88854298481984
2.87561415792799
2.87062537000933
2.89233805725033
2.90417947033732
2.88893408424899
2.86701809334921
2.90087092725305
2.89195681814712
2.87083826796425
2.8657652380827
2.90748310961563
2.88139619921837
2.87152500012065
2.91166245748705
2.90320517568453
2.90100112871891
2.89454487274591
2.87116385482495
2.89118859383665
2.89398876477153
2.87023433856675
2.94196844630939
2.95794302411519
2.88913371755122
2.91878129804768
2.91868131041156
2.95116073041602
2.90791704395957
2.92270515958226
2.89991358395198
2.91873129631425
2.87044735589327
2.9079143681929
2.92570122940257
2.96692587959778
2.95154498343478
2.90784825104523
2.90274121260629
2.90228365416319
2.91728295770894
2.9403087205535
2.89355728455059
2.94648486289797
2.90376531092693
2.93957556862048
2.86878209092361
2.8944615914825
2.86401925817633
2.81570469212096
2.65335702148143
2.41816714470358
1.15028489597613
0.430319119590915
