6.12950652294517
5.09363827732546
5.01521931458683
4.93832561294964
5.0565279374327
5.16871147106201
5.06094088306267
5.19958492595853
4.99037350429319
5.1028069414345
4.91632864391418
5.11507304168614
4.92053477637118
4.92073415641687
4.9290562604318
5.07896258020262
4.99567662247686
5.01131917934743
4.96503059148651
4.89499913228207
5.15144278432045
4.99744033137684
4.89188168288531
5.15896242750821
4.98827831504329
5.13207276443566
4.99539615342537
4.98461329449457
5.03530608463614
4.96866072260649
4.88601050777974
5.08839905358519
4.97153972994239
5.03489253184916
5.01276611286501
5.11448946139745
4.98997132531642
4.9836257465506
5.02651761310576
4.88233306709417
5.13034133287412
5.17358268366036
4.94688549379259
4.94419646955519
5.02686997944904
4.94164866518454
4.90001969658504
5.02904591651133
4.89175230620152
5.17999129002354
4.86592687081739
5.12467973239789
4.86910232196763
5.08051199965971
4.96594612753328
5.03540001901016
5.05312339617074
4.95879925045861
4.79947228646578
4.9489692442522
4.8465907110503
4.82566237606644
5.03585170631301
5.16552749414664
5.07187312156046
4.88914441795536
5.07391535251007
4.88630672407416
5.05060306284403
4.94600150978982
3.34646345794193
1.52579304220255
