4.40758174897856
3.53819110742532
2.9849807984753
2.57220249442735
2.38098821954831
2.37043791127624
2.29868360712585
2.27638532997726
2.23044147613767
2.2913561092745
2.28631906825605
2.27062830285875
2.22299519401072
2.26145784905412
2.29450606499155
2.32600049754894
2.32473410090162
2.24402110241331
2.25498445259864
2.27203511961132
2.26708450392142
2.28197267307525
2.25135554055266
2.27628682940609
2.24038161047028
2.28459462780824
2.30216351557284
2.27486644247472
2.28171630685651
2.26010820065835
2.25277625707416
2.26211199928777
2.33449581941714
2.22854738217714
2.24334451144438
2.28817925817877
2.25542666333666
2.2578658943674
2.28299081935518
2.29163631215707
2.30728589856115
2.37032034534848
2.31101482228459
2.29433230135058
2.29071894759647
2.36053544210586
2.30924136344308
2.25754869064363
2.21672502596935
2.28834711869201
2.24053698909212
2.34362537520798
2.35399693812176
2.36836316063466
2.34831813947792
2.3118981687761
2.27031085233548
2.2909429642156
2.27418143214539
2.30944171563861
2.23508043710213
2.32222972731435
2.33769531443262
2.29878753691598
2.24915525149589
2.18315070519106
2.15588487790143
2.05488176853376
1.81150387057301
1.79770817268764
0.836237980036528
0.353921840243749
