-5e-04
0.99849774661993
1.98290598290598
2.90080563947633
3.63961693548387
4.13852376137513
4.44319918492104
4.49386503067485
4.64766307139188
4.80890730191611
4.84106305367379
4.87132352941176
4.90385631273111
4.89024390243902
4.94026666666667
4.92402354200107
4.88846982758621
4.83976099945682
4.88232074438971
4.91515151515152
4.84437086092715
4.95953436807095
4.93983286908078
4.90163012928612
4.90811724915445
4.92285876347136
4.89206167904055
4.88671650373778
4.93137254901961
4.93259732713539
4.87126974839087
4.87691401648999
4.87819370172311
4.86091127098321
4.85481927710843
4.9169696969697
4.91732522796353
4.89650949173301
4.88882025941939
4.87786732796032
4.93262632563943
4.95528967254408
4.82088607594937
4.85886840432295
4.8629700446144
4.91779062299294
4.8164188752424
4.8950097213221
4.85853976531943
4.91224623444663
4.88735177865613
4.90072799470549
4.90672884743504
4.96249162759545
4.87314439946019
4.84379263301501
4.8575361321404
4.86335403726708
4.97286012526096
4.96140350877193
4.94567548248749
4.98244330651061
4.94784580498866
4.93833992094862
4.84081287044877
4.80410447761194
4.85
4.75242047026279
4.73006134969325
4.66094420600858
1.77777777777778
2
