4.51078705946574
3.59467771907802
3.06491568805766
2.64931241555484
2.44517155973956
2.42325257078016
2.38432570201021
2.35749360703007
2.32796836834039
2.34359501031135
2.34699954653715
2.33160967104477
2.30094412472509
2.32105890751921
2.3402881470475
2.41787928784461
2.41531523570875
2.32077938499207
2.31757577124845
2.3421283280688
2.31139376912418
2.3582951768492
2.3432314223539
2.35541357965311
2.31856802620174
2.37558753040922
2.35944535358591
2.33985087711187
2.36421839589245
2.37181055774954
2.33836747676579
2.34053631783009
2.38847454266326
2.30079501639957
2.33795209709088
2.37615299267056
2.33529473784475
2.31529053247862
2.36296825903209
2.37117669248095
2.38265981804918
2.50157756752491
2.35358593332945
2.35922760610153
2.36163734584572
2.4589868470672
2.37081821597386
2.32001851575763
2.28901286655232
2.409285775239
2.33192549503073
2.43754198585488
2.41817761789746
2.4520306401003
2.44377850157394
2.38335935219869
2.31787940771978
2.36451818480236
2.36489504502437
2.37306023480215
2.28301848431893
2.40989881953022
2.39341744872662
2.38863670210875
2.32207396670114
2.25653133063618
2.26469019507144
2.10667026129759
1.9083147371753
1.94058164505319
1.32258689789087
0.599921261482051
