6.2925526577705
5.09496122736894
4.96206075875229
5.01849321055416
5.0595638961021
5.17895020592263
5.13676037872912
5.100096738615
5.00030070910532
5.07610381466968
4.98295042096889
5.01570564392772
4.90460807529932
4.95056765343154
4.98689311108766
5.02516963284265
4.98378087990529
5.02950518365524
5.04518695432081
4.93569901603782
5.06239790093532
5.00129475388828
4.96280841731513
5.02632310119118
4.97100516884311
5.02548060133345
5.04795414359384
4.94160216294195
4.99909283342797
5.06785851307745
5.01536594260145
5.00407205169657
4.93619147467347
4.94868271046599
4.98905288970717
5.00651232170093
5.00712893579406
5.00136110902364
5.0044444134313
5.07199014261226
5.02338293066484
5.14087172844471
5.01836342617038
4.89824045651895
5.01198747065686
4.98800273888819
4.90847814480229
5.06683050857985
4.92513620532581
5.07009621003452
4.86703685168064
5.00300645439178
4.95928336960199
5.07045797113617
4.95067124699117
4.97281693474915
5.05146046202513
4.907807617188
4.8713490647526
4.95088994895043
4.83807942698019
4.95652792378338
4.93363777278234
5.14877054732843
4.96491197595502
4.95689350027232
4.93317936172164
4.9631390845412
5.19411504147952
5.04038683379472
1.85914636552635
0.653911303804969
