6.33334811078475
5.11745579891261
5.00563911422774
5.06739163345255
5.07530107250684
5.17326878500702
5.0287037171624
5.08593727896264
4.97270089477275
5.03120737852313
4.97583601810784
4.98795648085566
4.89762073683513
4.9238750533759
5.03190580796534
5.0310308015796
4.95754685264179
5.01809698819853
5.04421339726238
4.98110695591359
5.07500876977064
4.9958926642966
4.98829684160889
5.04439815453431
5.01246881318611
5.06894005431822
5.06842228315734
5.00118019150666
4.97478979983157
5.03167060014409
5.01462090616916
4.94180706909081
5.0427227652623
5.07608698735844
5.03445197418674
5.01176988182987
5.01822860051091
4.97799160782208
5.05315407586445
5.04650603478616
5.08596382204242
5.07722292233316
5.07561172238888
4.94050128985363
5.02252131739982
5.0170790638244
5.00708380546501
5.01674116041831
5.02188120517067
5.06108960414838
4.89241214759889
5.05228990813081
4.98230684759712
5.07393942508887
4.96200720354041
4.94487773505535
5.00413795861015
4.98944245056274
4.97285513374327
5.02597799002447
4.85495660749034
5.01148120911423
4.99652871270087
5.08056614909934
4.97956160101629
4.98337595499734
4.95051828455706
5.11850321868833
5.14207913967653
5.2525228798301
0.880648278410841
0.26925759568839
