6.29910005452923
5.09827440668571
5.01134048674529
5.05605470922288
5.04425000180981
5.16929354650035
5.02376678530959
5.08831468404303
4.97818817577536
5.05517503153977
4.98345984988471
5.00524730218038
4.9167280489173
4.94777543272863
5.01892437029745
5.00232622325912
4.96405156016398
5.01621002299174
5.03923326534828
4.98684941949207
5.09788857055975
4.98821725823854
4.9824216918926
5.0041727807362
4.99797877547343
5.04249031617797
5.06879797473231
5.01613156839932
4.9864610342137
5.0572996694492
5.00419635691437
4.96249779162002
4.99365972559188
5.04137670575562
5.06170620116933
5.00841835962762
5.04512545599751
4.96160995531283
5.04133037466529
5.02957017774741
5.03966953115691
5.08742294273587
5.04150393264985
4.91220400610851
5.01323554147211
5.00501538797763
4.95691243129715
5.04038889033621
4.97324914431616
5.09218699164732
4.90770115615632
5.05246654121587
5.0162464680258
5.08068121268192
5.00158582311843
4.9757468866719
5.01287917261399
4.99196761446871
4.9286183993117
5.03240970528077
4.84107221302307
4.97374641506958
4.9532520727044
5.12383160879016
4.98845213457173
4.91984093741539
4.95404530058694
5.09112925796353
5.2267136997767
5.1694921282663
1.39435977414648
0.457737912665514
