6.31299163396541
5.114846396819
5.00062845074005
5.05785668816177
5.0948190318375
5.16123422126618
5.00231203323143
5.05376190970247
4.95265475424025
5.00446540493935
4.9703236197903
4.97090885763812
4.89946420084399
4.92016179206774
5.0308168137867
5.03181307273565
4.93297983291661
5.00372368823112
5.00498966789816
4.9478935901003
5.05281060695434
4.9673242717468
4.97505322081517
5.02298822693918
4.98944774800202
5.05339565274698
5.03166537925398
5.02590346671256
4.98615936463353
4.99374279517633
5.00452396002857
4.92811481556385
5.0105641703093
5.02094559445842
5.03467931932595
4.97238918345965
4.9994054988754
4.95977572105421
5.03273571870607
4.97005871162096
5.05915690537558
5.02070554351968
5.02305853663309
4.9308747482815
4.9806377901505
4.98159881826145
4.97796236489246
5.04823768906264
5.01781475069015
4.99006156437936
4.90933653510925
5.0274313629532
4.98030714115971
5.01905350192661
4.95879223258355
4.92317503489943
4.98259581168473
4.95095726726085
4.98050231455004
4.99773297735713
4.88036450227016
4.99601392492233
4.97283161345973
5.05144906635471
4.96084218463535
4.98030905389156
4.91227560053454
5.0498936564884
5.02631779836916
5.15633812488103
0.597582760352445
0.176053043337085
