4.70954118298037
3.81282823994911
3.24526571040481
2.80802769861165
2.72560530053951
2.6377422451056
2.66059492572719
2.60512056977846
2.53863024666081
2.5399951078965
2.58852379111168
2.57614439119806
2.50353570752171
2.57624716495046
2.62574855975438
2.78639958853502
2.61026947710327
2.56488264543162
2.49934794185456
2.56987532851828
2.4869396909981
2.53868523938489
2.43327994361771
2.61961039350593
2.55160734251441
2.57702167850434
2.60702222173274
2.65343252097518
2.66815898280528
2.56895215598737
2.57317165095499
2.66266740833327
2.55478779853406
2.52786220920267
2.48361988488081
2.51332451097568
2.58386593250983
2.52170639116691
2.55074884936501
2.59378590023556
2.57886742772759
2.6577983600584
2.55295217880447
2.60983315559163
2.54259845778863
2.68079923481929
2.60874733827083
2.52532464500744
2.58489210416416
2.62295817366232
2.58807350529699
2.60352794606252
2.54637927845594
2.6546758045082
2.6820172633118
2.60887628378505
2.38973430661277
2.5254552330054
2.56461954498933
2.57197425493538
2.53979201372519
2.6259095958045
2.66877290279276
2.56511198624253
2.65712274226234
2.43785873421611
2.60359507508008
2.22277118096654
2.10198278029613
2.30125947532506
3.16593614058966
1.98599281335389
