-2e-04
0.999399519615693
1.9925792218211
2.94458943987151
3.77333065164924
4.39737108190091
4.83836119037913
5.03337428337428
5.2578125
5.46325812461188
5.5545605997501
5.50849590937697
5.51370151770658
5.54483925549915
5.54814027630181
5.55510378771667
5.55301724137931
5.5180356366797
5.54539473684211
5.52239135230532
5.53794940079893
5.54724145633237
5.55495616992583
5.5173116089613
5.52478399272397
5.56008239871824
5.5426267281106
5.52301255230125
5.50979934671022
5.52988235294118
5.52932828760643
5.50606709493219
5.55038387715931
5.49673518742443
5.49537487828627
5.52253797158256
5.53338260655334
5.52401094799701
5.55988997249312
5.52803620819713
5.56356254757676
5.57237851662404
5.53630278063852
5.51760745727602
5.495966692688
5.52828706128863
5.46905451672373
5.49880794701987
5.46851654215582
5.51435470888114
5.52926895063394
5.54767726161369
5.48783155592015
5.5345444536196
5.48781838316722
5.47012841987716
5.49775028121485
5.48828014685117
5.52786510431552
5.53924123950188
5.53563015312132
5.57413533834586
5.53445587776738
5.48806018972849
5.45005257623554
5.37851366961879
5.3444001770695
5.30830489192264
5.21477663230241
5.18085106382979
1.92857142857143
2
