4.13971688076277
3.82816021372635
3.65655031432089
3.61051829265968
3.58856747425613
3.58895412068346
3.60562740199985
3.58027612604369
3.58653325844518
3.55721094860635
3.56221317035275
3.55405008175337
3.55879383247592
3.534454119987
3.52213521866157
3.53296210938297
3.53018090956692
3.51268744436222
3.5215288326267
3.53286154171729
3.5208461192044
3.52702573370586
3.51293382532512
3.50803114707256
3.5093448467377
3.50604646570743
3.5156122010329
3.51817935388981
3.50517461541751
3.48872491633937
3.49966482593957
3.49953040726936
3.47292522468877
3.48818789803183
3.50582688250327
3.50252734550162
3.4936858450422
3.48416677722361
3.48765973551642
3.49712048746286
3.50924376032272
3.50115506954877
3.49495820710943
3.498207828737
3.47171056102109
3.48333431588393
3.480221522425
3.47612633687892
3.47038935389766
3.48258161939743
3.48854682210781
3.46447547175906
3.47679680762965
3.47252084770789
3.48485228792539
3.47349480523807
3.46605785739765
3.4739880805603
3.46635513183402
3.46014529273619
3.47877025107615
3.44503878022209
3.46296367313073
3.45919261178713
3.46762466528583
3.45847041849995
3.46808383489783
3.44228328220034
3.44001939508437
3.37335361052921
0.572497886634705
0.201788555719052
