4.44629432505077
3.49188007610532
2.96381100584634
2.55864077433107
2.36224226296722
2.3211781199358
2.23510856977184
2.21891032772876
2.18077337427272
2.23560507125531
2.23887437915997
2.20667937429113
2.18016163587823
2.2020593708677
2.22453915416808
2.26731960138377
2.25404355590039
2.20141057492851
2.21389765420723
2.20552940782797
2.2175155788108
2.22397930520069
2.19412496470948
2.23253512435091
2.20229949126324
2.22756716624251
2.23964341344273
2.23656472748033
2.23022988752093
2.18246971609333
2.21302264225768
2.18594689105796
2.2485272453333
2.17020290393679
2.20385313295477
2.20885041057313
2.21311693491698
2.21396529367753
2.23780319434739
2.2228006805058
2.23526078560889
2.26734299195357
2.25548866522267
2.23941502468106
2.22252678406324
2.28637970890507
2.25539845724403
2.22767497557043
2.18423714787522
2.23433531835212
2.21544385308539
2.31219311739192
2.29578251196456
2.3050582946955
2.29543461308621
2.24072623827609
2.22348664283289
2.22544259858203
2.22332581038324
2.24151456098524
2.17598872843154
2.26368946227432
2.27660887703989
2.22927938641296
2.20208250974606
2.13830826435941
2.08081695354908
1.9803844232955
1.74241618719295
1.68758198005292
0.567944881369578
0.231946022632839
