5.3178438538502
4.64985520002193
4.07377264168868
3.73151318731707
3.40004045185349
3.25009924258949
3.07692103534741
2.9896428516689
2.98204961524027
2.9794951497401
2.96963557729106
2.98262398526527
2.91787493537264
2.94884811908255
2.98164581249775
2.99415866147141
2.9723898658502
2.97312586026479
2.94514882213189
2.9332379587975
2.90456996966539
2.96718878638898
2.95373454034455
2.9458663179662
2.92347739207594
2.96837411618117
2.96074371102717
2.94079056681949
2.93658658308436
2.97752760941626
2.94928431356081
2.96436718792216
2.95836389831067
2.96978020469039
2.96929945063891
2.96072926017406
2.9767161519811
2.98910768674033
2.92892157741451
2.95089183468871
3.01701666662693
3.03485827794093
2.9400989738357
2.98330064177108
2.98648120389956
3.0491148855192
2.99655714830681
2.99084346377176
2.95677293111228
2.9848994266481
2.9385116267955
2.98209865718366
3.01697873562157
3.01504437298026
3.01178022799277
2.94419620151523
2.95992129824343
2.95114050857426
2.98642831457052
3.00974539570546
2.97469105489541
2.98088183749792
2.94226708623822
3.00515483691462
2.91338027231047
2.95024846017717
2.913734113311
2.86523474114982
2.70652996488929
2.48951882082223
1.51974866136034
0.596816556496731
