6.27896403758108
5.27352547789967
5.30940300950471
5.14097297190936
5.36935572776807
5.60494741931592
5.48345205617505
4.24900906520754
5.70525762744298
5.25508410475757
5.57589461197051
5.47125653334723
5.39847636713333
5.53381720026972
5.04071863720103
5.10445647835141
4.74091726091394
4.86211165923189
4.76301548611555
4.85261339362893
4.97499965400954
4.91762290329517
4.68947715265781
5.07522309332372
4.8139018952255
4.73714984280172
4.67512013435298
5.03677335312244
5.09779188732904
5.18446493359304
5.6658610418408
5.47188070199751
5.39216742366996
5.65352919499973
5.33845934276886
4.76525916621189
4.95633041569691
5.121827828286
5.31484735242094
4.92126119438984
5.06574491462938
5.56743097615491
5.12035179211292
4.70284385319613
4.93836741809204
5.05470420458095
5.16751500244758
5.04963845590007
5.01307348171442
4.21245619998853
4.77175643295496
4.79555857696256
4.77223663626023
5.01279396352011
4.82567626638467
5.29907397077906
5.11880189333818
4.99398812216259
5.15850295579139
5.49878940402273
5.4789004584063
5.22851837873645
5.25865410461477
5.21794102031967
5.2245332583084
5.25064810600793
5.2340642353432
5.19366778983035
4.77488210051051
5.20780324446584
5.66243265463235
4.93089816531613
5.59193339800825
4.86820364311791
4.9190423228727
5.17318726787129
5.43185372741948
5.80089254305404
5.51345097558099
5.42049047732849
4.95642339419849
4.88369125791935
5.56717483352763
4.92216814932855
5.4080733113528
5.06262392077934
5.00767879879576
5.03484680565681
4.96414536313254
4.68509367380435
4.82006068588333
4.80000842128088
5.21915326017392
5.59867975454127
5.76442353209417
5.73967182780076
5.53585394989259
5.59989344071051
5.24205364698442
5.2743961817958
5.1958989435823
5.71944861894254
5.77403723108829
5.83751380564492
5.39614418914192
5.72078715728956
5.89743347766153
5.62444552806146
5.48586402110401
5.25621839231909
5.58402582697018
5.77725264300306
5.66930855487987
5.95992917995928
5.54562281569315
5.6434204533587
5.69133624317566
5.7245494458857
5.46229199491952
5.33393193550132
5.757726358695
5.68554874744179
5.71377143599089
5.85884202789803
5.46758270784303
5.54366335312249
5.72610645377597
5.99958647177263
5.36837604485902
5.58323357779171
5.71925341518393
5.69950026577792
5.51339745146725
5.38973374464271
5.06793864221878
4.88829624542605
5.02882922218718
5.51933017242295
5.54866285077932
5.74845442766069
5.88733005570896
5.76641089603605
5.59114018100324
5.49622586292232
5.6462562435094
5.39611580423494
5.17868136111514
5.65046653813803
5.87584443816234
5.8281595893976
5.97957469651887
5.89447328275325
5.63895573730204
5.75713328820743
5.76396003952766
5.57115803177754
5.7312323894672
5.40483154453036
5.79653562688079
5.68231497410645
5.40517262572699
5.65344270848513
5.6111554143821
5.81327393017572
5.72533051305763
6.06843999053627
5.68248889874931
5.97864615779293
5.48218622630359
5.28477320279095
5.44073873626114
5.36030634131299
5.50514970185107
5.20717765245588
5.29590691685476
5.44710758809451
5.43383176527811
5.32024406884037
5.11863104344959
5.27973880585307
5.17544232216866
5.33561649087454
5.50850810354236
5.76789127975427
5.6647861780519
5.7238154807033
4.48235790661128
5.36703328308758
5.65896243558739
5.98020829527608
5.44249090851709
5.76814001853021
5.31297614002735
5.47259294005886
5.36840866496544
5.44186164026907
5.55411643646667
5.42185435976144
5.56197729297022
5.20192611531596
5.3538067588559
5.04085921962456
5.33285384511951
4.95920399104871
5.55556583230551
5.5254794615527
5.33652076563576
4.63403848830592
5.5682481930976
5.84355327470527
5.64232100437279
5.39201481801703
5.80234266171797
5.40284155163625
5.67195157657936
5.77247814987507
5.47046662807542
5.84118063546551
5.58167723684419
5.71725636323733
5.57159119697882
5.56806820164344
5.75531508843165
5.80295660726986
5.52004332289695
5.65789554931797
5.83684474411694
5.48522075591354
5.73427668669107
5.79682765132024
5.78502465074524
5.78292277434035
5.58810122928425
5.71904242992516
5.61874398896563
5.71834283216994
4.63431806075078
5.21538750644271
5.46045319026715
5.02774584175428
5.63234557034169
5.67576257798701
5.58076283977392
5.33673250681667
5.29951721134312
5.24063749064615
5.23309895573086
5.02200821667761
5.18909436200521
5.53644402181467
5.1856317529335
5.81391075485681
5.40082684575589
4.96602604486801
5.35490110539887
5.18688833540422
5.18057874235466
5.24231425010718
5.5881824936306
5.75318357005953
5.56692122920391
5.49156692241071
5.55354925160799
5.2298054157916
5.76837224032039
5.52210517611736
5.27799465827782
5.39814869339472
5.63419413448183
5.55082023783664
5.76685408762887
5.51019330353562
5.60667938021156
5.2916817876323
5.19992454364464
5.35673473964937
5.3676097516661
5.61586762552441
5.70985275776781
5.36094510737376
5.36755271889088
5.73040629628671
5.99253511900868
5.37288722797991
5.80683120696588
5.97947467526251
5.79610466804149
5.64755446323464
5.81910486445792
5.81930787121714
5.83333628265298
5.86726061112886
5.66416834632649
5.79051121524628
5.46285813773718
5.71925960177172
4.98476583508715
5.62107767723842
5.37209093613495
5.15501112654469
5.29726706804086
4.95149351953941
5.18810233888735
5.6363272770547
5.69414938029345
5.57274696465447
5.92134615690323
5.32881671653635
5.72129135451267
5.58491522543455
5.55056692829666
5.40098771256111
5.57567466541063
5.42913611710821
5.57918436810598
5.40956667867639
5.23430818258915
4.8405996296868
5.3394175048872
5.75659356501664
5.92630502462917
5.67573106377392
5.52372412327964
5.22126270068263
5.55017069145053
5.23643167013618
5.72090392353495
5.35466425351786
5.46434621330157
5.40076867547509
5.45988402750485
5.40467630638598
5.77661356317935
5.89947707737367
5.70161468938589
5.85085598573657
6.05842190264077
6.06834190417505
5.58190170542656
5.98988180386029
5.62769781194929
5.41710130509204
5.87227261771575
5.87929922315259
5.7890949634025
5.88546789513471
5.82200995912018
5.92576269195132
5.27865798469709
5.60550946972131
5.61109005147675
5.26806852393109
5.6621508545643
5.4815994865291
5.21424077054324
5.44831544472341
5.14728438762646
5.10003175766008
5.30490950523193
5.52400005488029
5.19023909846346
5.25013919602101
5.30212438172521
5.2962891882132
5.32793798958494
5.53607591594156
5.66452813462929
5.61219669307724
5.64363876464578
5.49053595172751
5.48639250874376
5.2085850319577
5.60603018303864
5.36533371221227
5.64437899597552
5.49439724824633
5.0323604186443
4.64959618262237
5.43614491447548
5.75740773175028
5.39650140627335
5.83290242335439
5.73356130897106
5.75163782732766
6.03428693446455
5.80359269314401
5.46798558765123
5.74332127178225
5.181513651341
5.50617242187256
5.62059902831958
5.62597106449959
5.01725368010226
5.27374598867817
5.75497672934015
5.37026583289144
5.4804497782885
5.36187512822104
5.36920658630007
5.75598774796087
5.74191823868851
5.31722831063066
5.25783689008966
4.55397088707034
4.6059310917158
5.25074027911413
5.68240076313464
5.2682125062031
5.37647930752575
5.58595476074741
5.82185625725321
5.89551907051087
5.70434496144572
5.85162777764314
5.44813099296927
5.72824306158696
5.58871471456209
5.61589783900573
5.71660015889319
5.79927596195164
5.8900168238503
5.30924026695994
5.33050859996603
5.67588891880258
5.73478186436761
5.75219189427177
5.04129294463073
5.53779680954803
5.57613440308717
5.64741687073656
5.26590833814936
5.4062049109867
5.55883133520656
5.71609020950131
4.38219206577115
5.65547944914864
5.81556108889743
5.30554955669939
5.65411365244085
5.66812665922661
5.80020442726197
5.01326392500978
5.23466729427942
5.81483460334833
5.46898362595872
5.50724207083598
5.85399820171664
5.68630971751474
5.37342590600627
5.61151329076127
5.33707771999242
5.57522123944931
5.68513947359879
5.34187011634858
5.48006339355249
5.16687083349722
5.55669693015444
5.28583591889051
5.7930590904851
5.71037605382918
5.76530577608895
5.64481163806211
5.59316487021181
5.91579653068233
5.75568697659022
5.45982090941846
5.25602408065092
4.96857007012747
4.97654159550015
5.46889884795401
5.36040172731172
5.32995945333318
5.65048273759296
5.89259426387376
5.43192521113003
5.46981219381209
5.84508631903707
5.17032967857795
5.44611499818998
5.84552333488801
5.87730724025914
6.08407034542631
5.76017843772309
5.66487524929691
5.7524731800123
5.61825586203849
5.59943897435343
5.09265011361719
5.54968161304712
5.68918222746889
5.27464210042531
5.62019959163006
5.59260124197028
5.51355360579311
5.70936690210964
5.37707333607503
5.89013187230399
5.73343832261488
5.78356200409104
5.5893562909349
5.62097050602926
4.89103315343204
5.66286168060683
5.50531266785852
5.8968547147994
5.91875260425048
5.76410843249914
4.41565520579504
5.06031976660715
5.16026886005588
5.3732943870135
5.29771802849245
5.79197803257025
5.29684659206231
5.4724473257384
5.60933512722505
5.27603176906735
4.94970230229254
5.13007966462829
5.49333268197111
4.99124435258194
4.69308392653566
5.25377106431225
5.21060776041548
5.44389216210164
5.21259218464428
5.60996787441864
5.42341791968648
5.32333486857272
5.36205806312148
5.09553058760112
5.17954155096837
5.52646480380796
5.49288400978818
5.43661375037435
5.76854846929345
5.76764382315537
5.65606091373045
5.0524704307623
5.51368005239509
5.67088762391264
5.5511508167178
5.45720281198957
4.92602733618838
5.38596725354779
5.64575864469686
5.53455395583867
5.53267345037462
5.56781220292242
5.47608421547583
5.47210181351339
5.47236099930075
5.63223969708121
5.4164692736492
5.74924742800938
5.90452382151907
5.8278290428765
5.62454587347657
5.08756283525775
5.32767355218088
5.71016208230981
5.50139920874377
5.42523375363027
5.25500558626021
5.38714671130951
5.23738417725509
5.40461903432032
5.61763221049177
5.58608593663148
5.3520888133193
5.60577520623207
5.55971282825675
5.77289596255796
4.74036404446062
5.66556261347114
5.15688567663843
5.36648179822244
5.58101999120271
5.72577960891062
5.96479370710399
5.8144342830322
5.57752122040179
5.58561047850724
4.93769979751442
5.61180580256244
5.32606135484163
5.46545553360277
4.56793528146088
5.16179938481668
5.5104820517481
5.52083997157504
5.72575024658058
5.93966546691684
5.74375846570309
5.89145733359507
5.71497460253604
5.66772187590839
5.93967848888537
5.96222327371254
5.98174065746026
5.86241214099218
5.83404148931961
5.58531083387678
5.46156711420869
5.4626846676806
5.00079134983336
5.01569375484722
5.31554502128277
5.66661501181595
5.58425365630323
5.6687576172121
5.68336214221897
5.89990077434214
5.72615988711014
5.88144356532822
5.59935616550568
5.48719189233146
5.49395565891297
5.742997551417
5.86831288467591
5.96633407830673
5.43959468458089
5.84141477164266
5.84723823080585
5.41074715590889
5.6667685965432
5.78135110836591
5.63186117065077
5.70968942878778
5.97697874029955
5.59312372917242
5.22278675602576
5.59323877957798
5.78741506409471
5.50762703062787
5.37486990902073
5.7422703474848
5.37060102806928
5.53383020321203
5.86787507981037
5.83369210063602
5.77010494948955
5.84947967818809
5.66143884602569
5.50391447615327
5.46388561493961
5.44293109304686
5.59196561417798
5.72175281195915
5.63280406990988
5.71669494677188
5.41231828910693
5.56261658905286
5.33380394010308
5.56180007897177
5.69033089967895
5.63537011055726
5.66263224944287
5.4951422223804
5.23025701207199
5.72960887151122
5.33043264048932
5.72745866735436
5.74954447790618
5.5727454411478
5.76032755412316
5.64887162316152
5.20150878846439
5.63136285660392
5.73352605506525
5.61330073694238
5.68284062915254
5.75517483615436
5.71551945611624
5.73220784354095
5.15591101664058
5.28826225002084
5.650902101374
5.30708734765742
5.50812952956916
5.56884451653364
5.39810623966193
5.2783738705457
5.75089409219585
5.44476864154164
5.82209880298684
5.4309833914522
5.62263655370055
5.7616201264561
5.70779485369709
5.83433514308695
5.58285874046364
5.27535188349904
5.66948714246561
5.78681736314404
5.73550077074216
5.77742391246235
5.71601606875046
5.47667457913938
5.46324586394759
5.22545140945447
5.37474725257415
5.28262853653094
5.09333231596667
5.30606668992098
5.34656986268214
5.73457792264626
5.56491254441694
5.27068707525709
5.72673603961458
5.7334295290751
5.55681789933938
5.4439663944511
5.49495365713467
5.27093947638977
5.43871799727333
5.36316645122672
5.33173117052099
5.30417595841183
5.26370082140911
5.76989247719662
5.57848915092773
5.49332267161498
5.19575253231298
5.37499782502467
5.66056736508593
5.48792622401848
5.6265797990439
5.38412501127461
5.58792855781528
5.84070184486041
5.54797919732105
5.43595232302717
5.46950874536374
5.41769827291922
5.67996548098604
5.65014899326006
5.86573680777397
5.63652971796903
5.43581049409907
5.7537331291104
5.05089973045854
5.70395092397308
5.73398920696097
5.54421873249886
5.55735031777179
5.3819118857182
5.33253298722468
5.42988921687344
5.48533005648551
5.71585526955998
5.17583742109825
5.40558638109668
5.57178351769532
5.32768721264107
5.42550040920101
5.23733206435805
5.29555800831604
5.446146197495
4.37988055357496
5.36643066021648
5.13293764491528
5.02925223618217
5.05644867445415
4.96712931219735
5.50048053179624
4.80493232907881
5.55726023665333
5.12825470692227
5.69187302897284
5.29211072806221
4.88991724323268
5.58744131004327
5.77987871282109
6.02307205795873
5.75170832342857
5.8624407523256
5.72101975922666
5.60432575644066
5.52258211227934
5.47100729515142
5.77237966443597
5.43972990232177
5.30061189466528
5.05826415198199
5.4741943343204
5.67197935459124
5.77367189453357
5.83205603330703
5.72545665349147
5.98327100736739
5.87866038559266
5.39405387958672
5.25979165347177
5.59315251431959
5.72337591232031
5.72696884317719
5.65110564318905
5.77244504784837
5.72215469671964
5.59528790137954
5.69064136249112
5.46058174002052
5.48437530863778
5.21018271191426
5.31051419777947
5.51910288789687
5.51361328150793
5.54867389687676
5.43185605388376
5.75702443813722
5.80829418988057
6.01026268586422
5.61423399408636
5.3224479389255
5.38282519132773
5.14664826626724
4.95853243709774
5.47383889183954
5.73906113996333
5.6807474942678
5.02764790023623
5.32065432354361
5.43629063100924
5.29042292169207
4.82020204624258
5.53421910413542
5.50929750747347
4.88596333731235
5.23396934995238
5.2400190979439
5.83353212023767
5.98768034795331
5.93450406772541
5.86292483218587
5.83964263939619
5.91383549147891
6.02259277985557
5.59557697094729
5.54047176484167
5.72765933815312
5.63875892071029
5.70005095506752
5.57167193863856
5.36354096338502
5.34508115657186
5.50839349533852
5.78563516462611
5.45523349751783
5.70762105343605
5.26396114654567
5.47031524023237
5.75417771765051
5.600372708526
5.82768291100701
5.22706624214743
5.46819026768956
5.21024218943051
5.43379192064262
5.57542254051646
5.5999544996801
5.87448923675923
5.46656631178754
5.81800612376849
5.40722032585156
5.83631163904069
5.41829248571938
5.90707666986736
5.59048599364714
5.30398637790069
5.19507811889567
5.25064799654395
5.24631876327544
5.29996571834211
5.68560732009879
5.75460565212216
5.7951297616976
5.7418262639313
5.73238897361635
5.59075918323984
5.49383968261208
5.27574251733682
4.83646255234614
4.85898438390577
5.332602336676
5.60945714933327
5.85215273091122
5.47905816941724
5.84674662666532
5.774528313558
5.80096360124139
5.24983183437592
5.34002354005421
5.86577756973843
5.92975411245782
6.04675443367139
5.52368242857997
5.5936799348754
5.53595571987218
4.8293627873345
4.70417405243219
4.99967737444982
5.33440074820077
5.35947298192675
5.53639156971583
5.7091411927329
5.41542712985179
5.33682004404296
5.2296902065216
5.47997004492201
5.21650529011903
5.48512363236225
5.86727791635929
5.70118463441647
5.69043471547364
5.53911906307576
5.26062560288482
5.08594748034677
5.4371398890706
5.25769791594318
5.3286189253658
5.21112915767826
5.17459732572574
5.67997610227458
5.79356138006861
5.75904317036777
5.39492128029161
5.58339020944652
5.30812962805102
5.82775116102443
5.71429581348647
5.39613549343123
5.90892115655291
5.41496459037792
5.84294274448366
5.74811194105394
5.60158406023172
5.33011996418522
5.75333076853907
5.81478236424948
6.04638150997249
5.30917282476418
5.32155836976907
5.85578523686665
5.89648489193126
6.1060280792784
5.13123410022637
5.25747539899063
5.52982137762627
5.50644176939683
5.35311841813291
5.55095529735533
5.46671872306938
5.49801926616124
5.81530977703247
5.47973764955118
5.72521696156842
5.93348263838583
5.8863022287061
6.07111621146009
5.9013009690133
6.09404518630781
5.72082168200891
5.7206081463827
5.81745404322793
5.67195992074752
5.63039473353235
5.42605279471802
5.13749310625469
5.81285624811994
5.68436274268306
5.62171870630528
5.47660094942907
5.3370546907482
5.49828274165389
5.79532018034677
5.77905615823843
5.53073217274496
5.95831119204938
6.02996670261115
5.78410162660484
5.24154541841211
4.86950770571729
5.4855822234463
5.47291325671153
5.43510344752717
5.55911473336415
5.96346698592282
6.1095892540064
6.14568084654707
6.09482693420537
5.85319943257827
5.89473226346195
5.70486733421465
5.70691760372869
5.95363187293658
5.65639389159461
5.37199817448964
5.71436785043913
5.7172682718611
