6.27896403758108
5.27352547789967
5.30940300950471
5.14097297190936
5.36935572776807
5.60494741931592
5.48345205617505
4.24900906520754
5.70525762744298
5.25508410475757
5.57589461197051
5.47125653334723
5.39847636713333
5.53381720026972
5.04071863720103
5.10445647835141
4.74091726091394
4.86211165923189
4.76301548611555
4.85261339362893
4.97499965400954
4.91762290329517
4.68947715265781
5.07522309332372
4.8139018952255
4.73714984280172
4.67512013435298
5.03677335312244
5.09779188732904
5.18446493359304
5.6658610418408
5.47188070199751
5.39216742366996
5.65352919499973
5.33845934276886
4.76525916621189
4.95633041569691
5.121827828286
5.31484735242094
4.92126119438984
5.06574491462938
5.56743097615491
5.12035179211292
4.70284385319613
4.93836741809204
5.05470420458095
5.16751500244758
5.04963845590007
5.01307348171442
4.21245619998853
4.77175643295496
4.79555857696256
4.77223663626023
5.01279396352011
4.82567626638467
5.29907397077906
5.11880189333818
4.99398812216259
5.15850295579139
5.49878940402273
5.4789004584063
5.22851837873645
5.25865410461477
5.21794102031967
5.2245332583084
5.25064810600793
5.2340642353432
5.19366778983035
4.77488210051051
5.20780324446584
5.66243265463235
4.93089816531613
5.59193339800825
4.86820364311791
4.9190423228727
5.17318726787129
5.43185372741948
5.80089254305404
5.51345097558099
5.42049047732849
4.95642339419849
4.88369125791935
5.56717483352763
4.92216814932855
5.4080733113528
5.06262392077934
5.00767879879576
5.03484680565681
4.96414536313254
4.68509367380435
4.82006068588333
4.80000842128088
5.21915326017392
5.59867975454127
5.76442353209417
5.73967182780076
5.53585394989259
5.59989344071051
5.24205364698442
5.2743961817958
5.1958989435823
5.71944861894254
5.77403723108829
5.83751380564492
5.39614418914192
5.72078715728956
5.89743347766153
5.62444552806146
5.48586402110401
5.25621839231909
5.58402582697018
5.77725264300306
5.66930855487987
5.95992917995928
5.54562281569315
5.6434204533587
5.69133624317566
5.7245494458857
5.46229199491952
5.33393193550132
5.757726358695
5.68554874744179
5.71377143599089
5.85884202789803
5.46758270784303
5.54366335312249
5.72610645377597
5.99958647177263
5.36837604485902
5.58323357779171
5.71925341518393
5.69950026577792
5.51339745146725
5.38973374464271
5.06793864221878
4.88829624542605
5.02882922218718
5.51933017242295
5.54866285077932
5.74845442766069
5.88733005570896
5.76641089603605
5.59114018100324
5.49622586292232
5.6462562435094
5.39611580423494
5.17868136111514
5.65046653813803
5.87584443816234
5.8281595893976
5.97957469651887
5.89447328275325
5.63895573730204
5.75713328820743
5.76396003952766
5.57115803177754
5.7312323894672
5.40483154453036
5.79653562688079
5.68231497410645
5.40517262572699
5.65344270848513
5.6111554143821
5.81327393017572
5.72533051305763
6.06843999053627
5.68248889874931
5.97864615779293
5.48218622630359
5.28477320279095
5.44073873626114
5.36030634131299
5.50514970185107
5.20717765245588
5.29590691685476
5.44710758809451
5.43383176527811
5.32024406884037
5.11863104344959
5.27973880585307
5.17544232216866
5.33561649087454
5.50850810354236
5.76789127975427
5.6647861780519
5.7238154807033
4.48235790661128
5.36703328308758
5.65896243558739
5.98020829527608
5.44249090851709
5.76814001853021
5.31297614002735
5.47259294005886
5.36840866496544
5.44186164026907
5.55411643646667
5.42185435976144
5.56197729297022
5.20192611531596
5.3538067588559
5.04085921962456
5.33285384511951
4.95920399104871
5.55556583230551
5.5254794615527
5.33652076563576
4.63403848830592
5.5682481930976
5.84355327470527
5.64232100437279
5.39201481801703
5.80234266171797
5.40284155163625
5.67195157657936
5.77247814987507
5.47046662807542
5.84118063546551
5.58167723684419
5.71725636323733
5.57159119697882
5.56806820164344
5.75531508843165
5.80295660726986
5.52004332289695
5.65789554931797
5.83684474411694
5.48522075591354
5.73427668669107
5.79682765132024
5.78502465074524
5.78292277434035
5.58810122928425
5.71904242992516
5.61874398896563
5.71834283216994
4.63431806075078
5.21538750644271
5.46045319026715
5.02774584175428
5.63234557034169
5.67576257798701
5.58076283977392
5.33673250681667
5.29951721134312
5.24063749064615
5.23309895573086
5.02200821667761
5.18909436200521
5.53644402181467
5.1856317529335
5.81391075485681
5.40082684575589
4.96602604486801
5.35490110539887
5.18688833540422
5.18057874235466
5.24231425010718
5.5881824936306
5.75318357005953
5.56692122920391
5.49156692241071
5.55354925160799
5.2298054157916
5.76837224032039
5.52210517611736
5.27799465827782
5.39814869339472
5.63419413448183
5.55082023783664
5.76685408762887
5.51019330353562
5.60667938021156
5.2916817876323
5.19992454364464
5.35673473964937
5.3676097516661
5.61586762552441
5.70985275776781
5.36094510737376
5.36755271889088
5.73040629628671
5.99253511900868
5.37288722797991
5.80683120696588
5.97947467526251
5.79610466804149
5.64755446323464
5.81910486445792
5.81930787121714
5.83333628265298
5.86726061112886
5.66416834632649
5.79051121524628
5.46285813773718
5.71925960177172
4.98476583508715
5.62107767723842
5.37209093613495
5.15501112654469
5.29726706804086
4.95149351953941
5.18810233888735
5.6363272770547
5.69414938029345
5.57274696465447
5.92134615690323
5.32881671653635
5.72129135451267
5.58491522543455
5.55056692829666
5.40098771256111
5.57567466541063
5.42913611710821
5.57918436810598
5.40956667867639
5.23430818258915
4.8405996296868
5.3394175048872
5.75659356501664
5.92630502462917
5.67573106377392
5.52372412327964
5.22126270068263
5.55017069145053
5.23643167013618
5.72090392353495
5.35466425351786
5.46434621330157
5.40076867547509
5.45988402750485
5.40467630638598
5.77661356317935
5.89947707737367
5.70161468938589
5.85085598573657
6.05842190264077
6.06834190417505
5.58190170542656
5.98988180386029
5.62769781194929
5.41710130509204
5.87227261771575
5.87929922315259
5.7890949634025
5.88546789513471
5.82200995912018
5.92576269195132
5.27865798469709
5.60550946972131
5.61109005147675
5.26806852393109
5.6621508545643
5.4815994865291
5.21424077054324
5.44831544472341
5.14728438762646
5.10003175766008
5.30490950523193
5.52400005488029
5.19023909846346
5.25013919602101
5.30212438172521
5.2962891882132
5.32793798958494
5.53607591594156
5.66452813462929
5.61219669307724
5.64363876464578
5.49053595172751
5.48639250874376
5.2085850319577
5.60603018303864
5.36533371221227
5.64437899597552
5.49439724824633
5.0323604186443
4.64959618262237
5.43614491447548
5.75740773175028
5.39650140627335
5.83290242335439
5.73356130897106
5.75163782732766
6.03428693446455
5.80359269314401
5.46798558765123
5.74332127178225
5.181513651341
5.50617242187256
5.62059902831958
5.62597106449959
5.01725368010226
5.27374598867817
5.75497672934015
5.37026583289144
5.4804497782885
5.36187512822104
5.36920658630007
5.75598774796087
5.74191823868851
5.31722831063066
5.25783689008966
4.55397088707034
4.6059310917158
5.25074027911413
5.68240076313464
5.2682125062031
5.37647930752575
5.58595476074741
5.82185625725321
5.89551907051087
5.70434496144572
5.85162777764314
5.44813099296927
5.72824306158696
5.58871471456209
5.61589783900573
5.71660015889319
5.79927596195164
5.8900168238503
5.30924026695994
5.33050859996603
5.67588891880258
5.73478186436761
5.75219189427177
5.04129294463073
5.53779680954803
5.57613440308717
5.64741687073656
5.26590833814936
5.4062049109867
5.55883133520656
5.71609020950131
4.38219206577115
5.65547944914864
5.81556108889743
5.30554955669939
5.65411365244085
5.66812665922661
5.80020442726197
5.01326392500978
5.23466729427942
5.81483460334833
5.46898362595872
5.50724207083598
5.85399820171664
5.68630971751474
5.37342590600627
5.61151329076127
5.33707771999242
5.57522123944931
5.68513947359879
5.34187011634858
5.48006339355249
5.16687083349722
5.55669693015444
5.28583591889051
5.7930590904851
5.71037605382918
5.76530577608895
5.64481163806211
5.59316487021181
5.91579653068233
5.75568697659022
5.45982090941846
5.25602408065092
4.96857007012747
4.97654159550015
5.46889884795401
5.36040172731172
5.32995945333318
5.65048273759296
5.89259426387376
5.43192521113003
5.46981219381209
5.84508631903707
5.17032967857795
5.44611499818998
5.84552333488801
5.87730724025914
6.08407034542631
5.76017843772309
5.66487524929691
5.7524731800123
5.61825586203849
5.59943897435343
5.09265011361719
5.54968161304712
5.68918222746889
5.27464210042531
5.62019959163006
5.59260124197028
5.51355360579311
5.70936690210964
5.37707333607503
5.89013187230399
5.73343832261488
5.78356200409104
5.5893562909349
5.62097050602926
4.89103315343204
5.66286168060683
5.50531266785852
5.8968547147994
5.91875260425048
5.76410843249914
4.41565520579504
5.06031976660715
5.16026886005588
5.3732943870135
5.29771802849245
5.79197803257025
5.29684659206231
5.4724473257384
5.60933512722505
5.27603176906735
4.94970230229254
5.13007966462829
5.49333268197111
4.99124435258194
4.69308392653566
5.25377106431225
5.21060776041548
5.44389216210164
5.21259218464428
5.60996787441864
5.42341791968648
5.32333486857272
5.36205806312148
5.09553058760112
5.17954155096837
5.52646480380796
5.49288400978818
5.43661375037435
5.76854846929345
5.76764382315537
5.65606091373045
5.0524704307623
5.51368005239509
5.67088762391264
5.5511508167178
5.45720281198957
4.92602733618838
5.38596725354779
5.64575864469686
5.53455395583867
5.53267345037462
5.56781220292242
5.47608421547583
5.47210181351339
5.47236099930075
5.63223969708121
5.4164692736492
5.74924742800938
5.90452382151907
5.8278290428765
5.62454587347657
5.08756283525775
5.32767355218088
5.71016208230981
5.50139920874377
5.42523375363027
5.25500558626021
5.38714671130951
5.23738417725509
5.40461903432032
5.61763221049177
5.58608593663148
5.3520888133193
5.60577520623207
5.55971282825675
5.77289596255796
4.74036404446062
5.66556261347114
5.15688567663843
5.36648179822244
5.58101999120271
5.72577960891062
5.96479370710399
5.8144342830322
5.57752122040179
5.58561047850724
4.93769979751442
5.61180580256244
5.32606135484163
5.46545553360277
4.56793528146088
5.16179938481668
5.5104820517481
5.52083997157504
5.72575024658058
5.93966546691684
5.74375846570309
5.89145733359507
5.71497460253604
5.66772187590839
5.93967848888537
5.96222327371254
5.98174065746026
5.86241214099218
5.83404148931961
5.58531083387678
5.46156711420869
5.4626846676806
5.00079134983336
5.01569375484722
5.31554502128277
5.66661501181595
5.58425365630323
5.6687576172121
5.68336214221897
5.89990077434214
5.72615988711014
5.88144356532822
5.59935616550568
5.48719189233146
5.49395565891297
5.742997551417
5.86831288467591
5.96633407830673
5.43959468458089
5.84141477164266
5.84723823080585
5.41074715590889
5.6667685965432
5.78135110836591
5.63186117065077
5.70968942878778
5.97697874029955
5.59312372917242
5.22278675602576
5.59323877957798
5.78741506409471
5.50762703062787
5.37486990902073
5.7422703474848
5.37060102806928
5.53383020321203
5.86787507981037
5.83369210063602
5.77010494948955
5.84947967818809
5.66143884602569
5.50391447615327
5.46388561493961
5.44293109304686
5.59196561417798
5.72175281195915
5.63280406990988
5.71669494677188
5.41231828910693
5.56261658905286
5.33380394010308
5.56180007897177
5.69033089967895
5.63537011055726
5.66263224944287
5.4951422223804
5.23025701207199
5.72960887151122
5.33043264048932
5.72745866735436
5.74954447790618
5.5727454411478
5.76032755412316
5.64887162316152
5.20150878846439
5.63136285660392
5.73352605506525
5.61330073694238
5.68284062915254
5.75517483615436
5.71551945611624
5.73220784354095
5.15591101664058
5.28826225002084
5.650902101374
5.30708734765742
5.50812952956916
5.56884451653364
5.39810623966193
5.2783738705457
5.75089409219585
5.44476864154164
5.82209880298684
5.4309833914522
5.62263655370055
5.7616201264561
5.70779485369709
5.83433514308695
5.58285874046364
5.27535188349904
5.66948714246561
5.78681736314404
5.73550077074216
5.77742391246235
5.71601606875046
5.47667457913938
5.46324586394759
5.22545140945447
5.37474725257415
5.28262853653094
5.09333231596667
5.30606668992098
5.34656986268214
5.73457792264626
5.56491254441694
5.27068707525709
5.72673603961458
5.7334295290751
5.55681789933938
5.4439663944511
5.49495365713467
5.27093947638977
5.43871799727333
5.36316645122672
5.33173117052099
5.30417595841183
5.26370082140911
5.76989247719662
5.57848915092773
5.49332267161498
5.19575253231298
5.37499782502467
5.66056736508593
5.48792622401848
5.6265797990439
5.38412501127461
5.58792855781528
5.84070184486041
5.54797919732105
5.43595232302717
5.46950874536374
5.41769827291922
5.67996548098604
5.65014899326006
5.86573680777397
5.63652971796903
5.43581049409907
5.7537331291104
5.05089973045854
5.70395092397308
5.73398920696097
5.54421873249886
5.55735031777179
5.3819118857182
5.33253298722468
5.42988921687344
5.48533005648551
5.71585526955998
5.17583742109825
5.40558638109668
5.57178351769532
5.32768721264107
5.42550040920101
5.23733206435805
5.29555800831604
5.446146197495
4.37988055357496
5.36643066021648
5.13293764491528
5.02925223618217
5.05644867445415
4.96712931219735
5.50048053179624
4.80493232907881
5.55726023665333
5.12825470692227
5.69187302897284
5.29211072806221
4.88991724323268
5.58744131004327
5.77987871282109
6.02307205795873
5.75170832342857
5.8624407523256
5.72101975922666
5.60432575644066
5.52258211227934
5.47100729515142
5.77237966443597
5.43972990232177
5.30061189466528
5.05826415198199
5.4741943343204
5.67197935459124
5.77367189453357
5.83205603330703
5.72545665349147
5.98327100736739
5.87866038559266
5.39405387958672
5.25979165347177
5.59315251431959
5.72337591232031
5.72696884317719
5.65110564318905
5.77244504784837
5.72215469671964
5.59528790137954
5.69064136249112
5.46058174002052
5.48437530863778
5.21018271191426
5.31051419777947
5.51910288789687
5.51361328150793
5.54867389687676
5.43185605388376
5.75702443813722
5.80829418988057
6.01026268586422
5.61423399408636
5.3224479389255
5.38282519132773
5.14664826626724
4.95853243709774
5.47383889183954
5.73906113996333
5.6807474942678
5.02764790023623
5.32065432354361
5.43629063100924
5.29042292169207
4.82020204624258
5.53421910413542
5.50929750747347
4.88596333731235
5.23396934995238
5.2400190979439
5.83353212023767
5.98768034795331
5.93450406772541
5.86292483218587
5.83964263939619
5.91383549147891
6.02259277985557
5.59557697094729
5.54047176484167
5.72765933815312
5.63875892071029
5.70005095506752
5.57167193863856
5.36354096338502
5.34508115657186
5.50839349533852
5.78563516462611
5.45523349751783
5.70762105343605
5.26396114654567
5.47031524023237
5.75417771765051
5.600372708526
5.82768291100701
5.22706624214743
5.46819026768956
5.21024218943051
5.43379192064262
5.57542254051646
5.5999544996801
5.87448923675923
5.46656631178754
5.81800612376849
5.40722032585156
5.83631163904069
5.41829248571938
5.90707666986736
5.59048599364714
5.30398637790069
5.19507811889567
5.25064799654395
5.24631876327544
5.29996571834211
5.68560732009879
5.75460565212216
5.7951297616976
5.7418262639313
5.73238897361635
5.59075918323984
5.49383968261208
5.27574251733682
4.83646255234614
4.85898438390577
5.332602336676
5.60945714933327
5.85215273091122
5.47905816941724
5.84674662666532
5.774528313558
5.80096360124139
5.24983183437592
5.34002354005421
5.86577756973843
5.92975411245782
6.04675443367139
5.52368242857997
5.5936799348754
5.53595571987218
4.8293627873345
4.70417405243219
4.99967737444982
5.33440074820077
5.35947298192675
5.53639156971583
5.7091411927329
5.41542712985179
5.33682004404296
5.2296902065216
5.47997004492201
5.21650529011903
5.48512363236225
5.86727791635929
5.70118463441647
5.69043471547364
5.53911906307576
5.26062560288482
5.08594748034677
5.4371398890706
5.25769791594318
5.3286189253658
5.21112915767826
5.17459732572574
5.67997610227458
5.79356138006861
5.75904317036777
5.39492128029161
5.58339020944652
5.30812962805102
5.82775116102443
5.71429581348647
5.39613549343123
5.90892115655291
5.41496459037792
5.84294274448366
5.74811194105394
5.60158406023172
5.33011996418522
5.75333076853907
5.81478236424948
6.04638150997249
5.30917282476418
5.32155836976907
5.85578523686665
5.89648489193126
6.1060280792784
5.13123410022637
5.25747539899063
5.52982137762627
5.50644176939683
5.35311841813291
5.55095529735533
5.46671872306938
5.49801926616124
5.81530977703247
5.47973764955118
5.72521696156842
5.93348263838583
5.8863022287061
6.07111621146009
5.9013009690133
6.09404518630781
5.72082168200891
5.7206081463827
5.81745404322793
5.67195992074752
5.63039473353235
5.42605279471802
5.13749310625469
5.81285624811994
5.68436274268306
5.62171870630528
5.47660094942907
5.3370546907482
5.49828274165389
5.79532018034677
5.77905615823843
5.53073217274496
5.95831119204938
6.02996670261115
5.78410162660484
5.24154541841211
4.86950770571729
5.4855822234463
5.47291325671153
5.43510344752717
5.55911473336415
5.96346698592282
6.1095892540064
6.14568084654707
6.09482693420537
5.85319943257827
5.89473226346195
5.70486733421465
5.70691760372869
5.95363187293658
5.65639389159461
5.37199817448964
5.71436785043913
5.7172682718611
4.61034184089334
5.05603548666722
5.44911405821767
5.44285293897225
5.86519390618874
5.47490964535764
5.40693601989001
5.61688652272468
5.19808382772605
5.06714070524436
5.64166904772934
5.58778820033318
5.22447032317588
5.37331618896617
5.57718879602575
5.74024093033534
5.44241399078654
5.74295099725739
5.63967387574438
5.48922879809887
5.8079332099819
5.87217378677162
5.59383660994296
5.68541039745186
5.40197915385889
5.81917300519473
5.00971713365903
5.47804810624825
5.25324117535012
5.81619888950666
5.61946507439216
5.61771743390548
5.02697940573356
5.27364810386527
5.59205699893601
5.68880669251226
5.82335649246895
5.3640246217358
5.20051032691403
5.70493982370562
5.41303898878163
5.0565366486901
4.8301659818568
5.18416695477776
5.44886808045313
5.636171923034
5.72579563078112
5.16374151212393
5.18053139871632
5.38218326851335
4.90920910215443
5.40322617786908
5.64219218722495
5.28613360160544
5.67079055063908
5.10624416069921
5.66580967794044
5.61278784992513
5.28911736168803
5.63734562320311
5.65793594300812
5.7412872330661
5.47926792748205
5.42220922122218
5.67760373776732
5.67036611026332
5.69035522944835
5.8177289096688
5.83105791769706
5.41482045802584
5.58647313107261
5.7617029664951
5.71677137404512
5.5820513194314
5.86113980460305
5.94388907068354
5.91407857501506
5.75650544509039
5.22803503180663
5.33191864196665
4.71628848895257
5.40317130134054
5.63107948124293
5.32816611553305
5.51559801369
5.16183717025712
5.21495550445539
5.11823434799134
5.04652225501684
4.8268649933344
4.95943313125257
5.34824789317259
5.51708809588364
5.01184118495361
5.3895193932375
5.48648601642451
5.0934646006177
5.58058432977246
5.74253500569411
5.82567526592081
5.51456715097774
5.17593083560771
5.15997076694779
5.59318790542637
5.67775296906272
5.44484670987037
5.87884015588291
5.92793073644385
5.72403169658227
5.64751423905686
5.78662135451701
5.51019899931111
5.34677975040696
5.51570305444617
5.71813125368752
5.55418852087263
5.78749364414728
5.75514354719121
5.72085692294068
5.95683486174604
5.36402836786859
5.60371652483392
5.53210495024635
5.70200357114651
5.22929320695487
5.74200283924441
5.20905653178097
5.75534607439932
5.62050508313023
5.95836788570858
4.90587484674568
5.40333971521304
4.7062134127458
4.88491900665814
5.52128283394549
5.47544094860821
5.79537456776134
5.94583549009378
6.05802534964739
6.05020792217763
5.56340905689637
5.60583425083779
5.40477072148867
5.4137393251998
5.41214938750109
5.66150670904172
5.70501898390979
5.84112865378566
5.87247756604773
5.55512711458724
5.55580989053035
5.8302728822512
5.62172566931961
5.32113814541894
5.77609174171624
5.29322784162083
5.51883216836996
5.51548956189586
5.53078735359325
5.78681680988917
5.84484901673013
5.6985618727958
5.62112545457359
5.71619824490096
5.19586506321456
5.56408153855202
5.33916379763784
5.64991011743386
5.94505846961961
5.45149218591788
5.72158169822202
5.76917298744476
5.74477672531401
5.34204217754786
5.46256615574351
5.62146390077216
5.59960614253233
5.16538170605291
5.5785277142614
5.73766913338958
5.74196540095227
5.7086150105825
5.60240165682402
5.84230636982852
5.97325620420561
5.83866054912419
5.16833940674751
5.38714293587514
5.56699078524347
5.49770787805685
5.3911939460105
5.70091563217248
5.39355521378351
5.28177547905858
5.45215795367679
5.56519939402297
5.34999931774915
5.30105244154244
5.41994615280562
5.59117418212436
5.90753547070701
5.80851237893065
5.40427040481127
5.55855183403345
5.65408899920844
5.81958062591433
5.86340088925221
5.68989281884842
5.85509189678163
5.51690977790278
5.51741663500555
5.40138611300593
5.75939692362282
5.39243183468929
5.85450442211316
5.7059334717138
5.88479520846485
5.97751785101285
5.51958043185895
5.34719710522357
5.51688450339232
5.41038907142387
5.17162286860658
4.96758948299395
5.26033684592807
5.3040562522978
5.6389881810617
5.45166829151718
5.29660277495443
5.37525457576758
5.71722422046023
5.72672342677174
5.56581107879928
5.58830225617728
5.5482585309222
5.68818582762279
5.70459497805531
5.45567958897807
5.28742379222775
5.15723319039362
4.75380700002947
4.31073845732888
5.13623519858285
5.25839940103028
5.66021770779571
5.49087760548359
5.5588924187495
5.27867088377536
5.599513140695
5.12006245695204
5.24388283136304
5.6529580753713
5.30795990849349
5.33801152805517
5.55483823649767
5.58618850199915
5.62913208865655
5.41893394895842
5.73171918664666
5.62770902771455
5.79988897391807
5.66767549966059
5.56222911657895
4.99137722939557
5.25623819505921
5.51088721734307
5.74159819848804
5.71530995299358
5.21738731064208
5.30194565830772
5.77067838584972
5.5360830344805
5.73678699246527
5.02222956428838
5.67764867815942
5.7659053326337
5.77888381333979
5.76961156707758
5.87380791269842
5.67937678088226
5.69872095739253
5.90013561722515
5.98613337661985
5.95392366237605
5.63860952990162
5.6973712399434
5.30690451289381
5.73152126158216
5.69691184231544
5.5598264178782
5.54519338954652
5.82340035898049
5.74243783554244
5.49591613087887
5.46981889223728
5.86827497112445
5.20932710257518
5.06320678586458
5.00439342042858
5.6161006611978
5.09599551022747
5.34447671881501
5.67421822772739
5.42176675099796
5.38253936685507
5.20965921200696
5.59634549947615
5.18198803138122
5.666860224354
5.55280519338362
5.61412670814774
5.49542059352234
5.80324872301809
5.86815000816976
5.72881418671726
5.42782667753111
5.26083123995893
5.6355525040395
5.22699148209089
5.41302951232049
5.44705231086369
5.39239863109108
5.51475823926712
5.67713763332323
5.64059736020827
5.90248125212182
5.22716366156074
5.86623097283496
5.85488640986314
5.72674948892219
5.58269206000515
5.17014024466211
5.6166434600146
5.65091298718824
5.41258631446229
5.85056747716062
5.50275138342448
5.46011075967876
5.62289947057899
5.92864446510598
6.04141106604081
5.87456875499001
5.51486749641079
5.69050312445509
5.77494557696617
5.4667333193016
5.54911521835608
5.79926638808042
5.62576852963737
5.37134858608231
5.42831443774611
5.84864510997854
5.94899621592381
5.56920327027429
5.71701268343228
5.88613107072593
5.78316107008623
5.6118531194154
5.25009722642178
5.2658166560514
5.78188284737904
5.44473786825196
5.66379606001219
5.6035507886416
5.75484825662581
5.70110541363599
5.60218639745394
5.51991335323739
5.13238780750831
5.61410525035086
5.14636022559433
5.34951049847113
5.37004942849811
5.68663391978642
5.7887522655344
5.42626533847336
5.55833915825976
5.44442001275544
5.35252908332338
5.36907760523921
5.67178092005926
5.51165862328949
5.48525744905914
5.66021947974625
4.94733096338399
5.02578921488024
4.74082031329676
5.51929812138005
5.63874762075558
5.59100570250326
5.82081504402936
5.09236213916688
5.41096499588645
5.35535285231582
5.30696443152085
5.5893372106562
5.09386425893503
4.85793915799939
5.14274515036783
4.94137922431996
5.39385777734991
5.57705404454728
5.70952873332021
5.43055711350908
5.69421782250034
5.95533119779543
5.68482777070697
5.76778274010318
5.77754899233109
5.91419625036458
5.59852801984178
5.58110911760985
5.57867116727299
5.6512462827751
5.70467807265559
5.62213546208087
5.73743589101992
4.84528200413741
4.95376430929455
5.67214949327254
5.51540089832635
5.79864729763543
5.35623566954458
5.44627580971106
5.85709449071263
5.67079339445174
5.94890678526387
5.65110366756934
5.84314549284737
5.84178783884053
5.73883239946107
5.41352125459974
5.42132177784001
5.91601715054797
5.78915348240141
5.75053312181408
5.30892326445712
5.59493970306694
5.82680950177801
5.65948688090929
5.88013470249554
5.764321766852
5.47754044528693
5.62024679201134
5.6385246638146
5.55280602224492
5.69638742275566
5.55997560588338
5.45885457232419
5.49559142129915
5.81737475579833
5.83759046804075
5.75446792284831
5.70985471661248
5.55091188431111
5.77070636248704
5.75429256747668
5.79723276794826
5.76198525954761
5.84858335725728
5.62214089963939
5.77880514855564
5.67017511667636
5.71940620580789
5.7705527982427
5.96639534229774
5.89928795393872
5.71513445728009
5.63696342314224
5.77832816625895
5.38204914773321
5.31278409312027
5.668878541176
5.64673626089584
4.72683973263719
5.10231940188864
5.41970488450089
5.5425683273257
5.4588162728334
5.33709791817213
5.27323120241161
5.23371993064677
5.1721475261566
5.57240932952491
5.72441830273663
5.92532031569292
5.59606372647754
5.31851639425762
5.18878976170655
5.39695235861915
5.63782692384876
5.7041689195744
5.94684225920572
5.72527584387326
5.14124665453823
5.69416535129199
5.43257671503791
5.74616014334014
5.31226018114456
5.7901841718407
5.65329756519974
4.75274694092548
5.49849467189651
5.4318804550494
4.8521642308566
5.08657309633064
5.38089678776435
5.44450502763409
5.64584519272382
5.47814262174184
5.79674262519006
5.83604372397569
5.89740256191453
5.49096060097049
5.33585651879877
5.19999229897464
5.42356870922657
5.49431813112301
5.52331701803012
5.4251535265264
5.37250844263579
5.33126669294934
5.46953161634229
5.48383000128563
5.7313644346602
5.8626261365824
5.68850745793967
5.43766226392889
5.59768867320741
5.36888635396444
5.52773265210762
5.33650039387345
5.28465345085951
5.16159768688623
5.26839207147135
5.34250071596369
5.05927962391279
5.39150516966436
5.22333314159706
5.47600781555499
5.42172819123613
5.30465296284594
5.49005106265145
5.75417440975988
5.28191355790208
5.66781245562427
5.4765118367894
5.35549163616826
5.66205579971239
5.3309275912163
5.59116411956809
5.69281760089002
5.47813939200959
5.63301268896712
5.476604444813
5.68098346573605
5.54201139176193
5.43274511276033
5.77082220683594
5.74106314389266
5.6783385688967
5.39064219635992
5.44424661247281
5.96191915776
5.92760536136531
5.34683047722866
5.68084556168934
5.97325547127246
5.73190233467737
5.8465610872818
5.52942453685815
5.59192837215893
5.5929618358374
5.42969443190569
5.44573331500414
5.47934195043791
5.7592722467611
5.72125121679764
5.57629937791892
5.45420647797873
4.96363372705847
5.03581058337342
5.35654197535004
5.89593663478508
5.79795134697688
5.38205597779476
5.80576829620949
5.7901445431852
5.50579644107651
5.19557749325002
5.8381038785352
5.65645279484265
5.58460702792451
5.69488559022896
5.4653942457667
5.43443429766534
5.42658626448523
5.23512215514217
5.46435680857571
5.49638357538654
5.69253303789278
5.57150477349338
5.51249670387183
5.75667307550716
5.61062940133792
5.78882506117863
5.3464723156811
5.43819301981854
5.32620526256543
5.71197031016641
5.74951559881287
5.48108355731854
5.6483557940303
5.48742918521915
5.58819411659603
5.70805947817234
5.68921712777211
5.42236824566885
5.16646692185347
5.14606085127835
5.31592500509939
5.84878809525419
5.69172319138269
5.90649541196983
5.93553509207915
5.30259893763104
5.57882448664261
5.46296597000964
5.71617666089948
5.62797773460269
5.69936595813311
5.26998555725459
5.10221756660062
5.36369481510877
4.56928081308047
5.25467113553885
5.44072220526859
5.64369825357305
5.62033093713162
5.64478739378611
5.45988990082749
5.42936410633749
5.17575128183951
5.48792816495258
5.83129398701088
5.76328972903704
5.84215174020939
5.48177875726139
5.58549013737091
5.14294261001413
5.24961249006935
4.66145614970789
5.49765938086175
5.12691977181317
5.53521366422007
5.26104779543066
4.67467665354361
4.77916431925858
5.58855654081962
5.47830513514626
5.05362763951261
5.54727385020496
5.31120702356865
5.54174406146818
5.38166351863155
5.41969898012449
5.34638262291991
4.90700216627804
5.46556478905477
5.47920626623992
5.32445276188741
5.71879045031302
5.39461960073509
5.72703931081582
5.31477397339553
5.54277791390307
5.69195790703583
5.08039729998159
5.37146758035664
5.52857007703058
5.74925377845638
5.81591188321419
5.34853407152696
5.18420284785214
5.39498898376805
5.18712779916569
5.20108047685882
5.38512330247366
5.63694942825219
4.86375046433994
5.72100845488674
5.36077360503715
5.39598469563763
5.35699907175001
5.29239961705253
5.7776309983167
5.49071145923811
5.4841665850043
5.80107497024251
5.51942578874832
5.8698710245783
5.53848145867238
5.52931112656889
5.75591955617359
5.36362771667308
5.63554228391028
5.80276590615344
5.70655933245993
5.72605974941899
5.52276745445127
5.32943145859929
4.21623178688343
5.53126558436662
5.31598090484841
5.32547682833278
5.27825884553544
5.37656884814279
5.46124501938892
5.71486604013824
5.74758972899792
5.83264962847654
5.91375333018176
5.59683323141871
5.69064021396582
5.13886934189893
5.09148213310925
4.151975649135
4.83483441501666
4.79673061805644
5.44043640302385
5.4359372830654
5.43742236978118
5.34830842034356
5.35369026406369
5.67211457459809
5.76931874486907
5.55555696221679
5.34306045490652
5.78931469573863
5.3070375958596
5.38874848052581
5.29674913414019
5.58404890239401
5.45980718019452
5.66297579556636
5.91113231883937
5.95783430478213
5.95291878963824
5.90058789900852
5.86565672497172
5.887125223872
5.67096616785659
4.8245650497978
5.27296093312475
5.31854708126194
5.38730880065851
5.31701311618712
5.18311412316182
5.10825302848399
4.66383079218819
5.20403235576372
5.71134756941675
5.73925434295026
4.93460432998215
5.40022406669735
5.48484089677195
5.44447295494108
5.25166439319155
5.35810001303751
5.37387048526737
4.7832145110799
5.32986759776702
5.15783812275923
5.66206145007906
5.75135166371444
5.62290311222491
5.69762406553659
5.83326200460781
5.21683022311337
5.40270581722817
5.24878178911212
5.20656046303643
5.62771261491834
5.78666852567874
5.33466104821384
5.86817339102836
5.82720564167675
5.67163668691729
5.51199794292519
5.48795198802804
5.51702451829196
5.39219822245974
5.30913675333571
5.46859603799856
5.18584045282431
5.47789784536429
5.77164336463537
5.25881044281571
5.52549958968818
5.79940101224821
5.93713565881966
5.88097155847899
5.48935174300272
5.03608891625825
5.77388797468669
5.66654049044015
5.4060077244374
5.47815580017651
5.48326934373395
5.48300617947825
5.47230804011772
5.68486710744227
5.58759735159692
5.77358006802824
5.5397625770741
5.27212841678959
5.79912987144418
5.72609364977969
5.58587468190291
5.48211114670652
4.83106914115242
5.23939998038968
5.37432230489128
5.17351941202437
5.24671278036502
5.81937466229888
5.79779899865445
5.97368233910232
5.80658218703667
5.72200695692907
5.50461676173638
5.92558750100353
5.41523333368685
5.75009689461083
5.82810573237625
5.45662591393622
5.45484448749361
5.66304403428275
4.58349580890108
5.2107362278795
5.60807324935055
5.59846768844106
5.61216160424771
5.83931125888487
5.7327053276589
5.94151295469007
5.58669784433434
5.86093479156172
5.50867485165038
5.25360807067589
5.49068426770444
5.68888464993517
5.38617919053908
5.67065796838119
5.45573450667247
5.41051989513387
5.33415128523744
5.70583271801717
4.74923638090077
5.46180736683247
5.43811829440784
5.41770039489807
5.22779531207209
5.54950030268909
5.61092066307931
5.46388536050054
5.67245417189552
5.95995195116647
5.62823742178692
5.40710983970531
5.34086397735834
5.57524003853456
5.6446232911703
5.58340287357933
5.11178431323357
5.58822887702358
5.75058852772435
5.38763601276296
5.61649236783417
5.13019269893844
5.04407263850008
5.61322769661922
5.39495199337955
5.24610476074377
5.38064564592202
5.67458303447708
5.68406098528743
5.33227735128063
5.76136183587063
5.66091265361105
5.56761043439161
5.62357826990112
5.56985551724569
5.76906073082713
5.26808743684027
5.37239358386351
5.66775243424046
5.85780647100203
5.76620012349077
5.82366005542612
5.68724865615187
5.52455824461623
5.23298269778709
4.8793682985576
5.10828548935669
5.12116697391347
5.58595210345745
5.31742761731297
5.6866474337611
5.36964486576292
5.39847290681493
4.87169309363335
5.53793471182756
5.07030779517161
5.18415283249827
5.52289224462212
5.8447333273892
5.58876370710963
5.49571478733621
5.5717059171619
5.32131995758276
4.77812364718267
3.94885930807106
3.63697158588699
4.17232877047908
5.54996023886731
5.66074432207443
5.40579972299494
5.84963116290225
5.78102964402179
5.2985136963873
5.49752427567915
5.45752182025532
4.99548036720641
5.54786798891585
5.6669170728353
5.53590143830765
5.70562414961735
5.60177492330696
5.75840699073126
5.5734206389887
5.38268848693497
5.49163979194102
5.40977033782561
5.6255712308448
5.45053073688377
5.13170052465197
5.48603806453818
5.12580036394362
5.52002671657614
5.38802200757499
5.71822931201171
5.48819608499971
5.5118227317585
5.36304178831457
5.3490825510503
4.63781831125432
5.54130901735715
5.16305323544587
5.34938815048568
5.49131196450453
5.47749125703659
5.82651257982906
5.78087500965219
5.60495928216007
5.26673441766
5.24528662001602
5.26075865152744
5.64244447223305
5.47534197436716
5.19342552353003
5.31829551766914
5.52753974675607
5.57447554886663
5.86011356057343
5.91881489061047
5.59318783257216
5.25223387292671
5.40203749101365
5.25064723509479
5.27178123716619
5.62505872134403
5.11740508265414
5.63124082154187
5.18946924184481
5.48603609604334
5.05569496411651
4.74276146356833
5.28976213094045
5.75954663420598
5.46517590336536
4.87274480018716
5.42464944507048
5.12262664078094
5.22085804892368
5.37433652213854
5.65804480512852
5.74355955752272
5.37854467361692
5.60771176122358
3.71987021761894
4.88412580164379
5.06549889299792
4.92312557686241
5.60707628590577
5.58000348707041
5.6176240941495
5.66325268622588
5.60227680122513
5.737511715571
5.7770729016966
5.70874687849
5.22219468135981
5.5071496800293
5.76066447950905
5.86095373587201
5.63243868986291
5.53603775275084
5.79311657621972
5.5734925098695
5.28087898205291
4.78309503101258
5.40271905671432
5.45550758625458
5.44590786130316
5.44901863939446
5.26815359359456
5.51869566173491
5.39095108308583
5.04646239082411
5.32357811517511
4.90226061961411
5.11016793056812
5.33917361035491
5.4990187345482
5.78320717308909
5.83031482896943
5.8753637704735
5.64295686792186
5.76427014243974
5.54426256120502
5.60853040649212
5.96578221405448
5.6834001534836
5.76932859192893
5.7213235443007
5.5533377435056
5.74590404970342
5.88887485482402
5.53564220288615
5.95384388862469
5.87184029271593
6.06193454924233
5.47580108395086
5.47148054623683
5.57432131646274
5.57080843896965
5.55642993152884
5.59747161958664
5.3645210341449
5.70069572044625
5.61464222294973
4.99486368913083
5.35679074580873
5.43089463355499
5.20122029215387
5.44357185694057
5.67337252218296
5.69045299434781
5.92086516504556
5.96681818659602
5.89154636026626
5.60931407301825
5.937716936918
5.45057068747565
5.54395693955885
5.6625179164601
5.92557729090155
5.5292757810559
5.80609538694248
5.45107397434057
5.78796942389268
5.5802233079147
5.50201644865234
5.54531274772566
5.21340653497343
5.61649745309326
5.85820180592726
5.46851641506073
5.61941888452875
5.66056357269672
5.5925572980379
5.3087334297519
5.43093954472168
5.48514434715798
5.53708731050266
5.43992677259872
5.30083900779485
5.77203890564446
5.48082499126877
5.69790395444854
5.47304235571555
4.69388982119217
5.64140810644251
5.58424448035643
5.65034867254913
5.65145328169777
5.07548539831156
5.3273814158114
4.92704330723059
5.1173447876708
5.34888929546574
5.51096340473595
5.18236632081905
5.79502464989024
5.86924386847172
5.80687877312576
6.00478583213399
5.77092151299629
5.66754329276828
5.74239131943973
5.96728387062691
5.88144514220101
5.92319259847206
5.99362582365581
5.66660993491011
5.58551184520281
5.50179435133284
5.18971743563769
5.12735007547544
5.75691463027978
5.99059482033815
6.05597313382957
5.81672972080503
5.75770605574184
5.98059660560429
5.96538546320195
5.97163486586901
5.41847823441025
5.53845846301476
5.00900834890011
5.25866056994431
5.63700703548502
5.47104275940914
5.59557917018933
5.4992361806943
5.06393680444137
5.3038667895376
5.48982365947526
5.45565369596038
5.31333651152939
5.6715422203452
5.06498627573895
5.24506248635099
5.45801492874512
5.44933228437321
5.6736659610015
5.57157554659101
5.21893550277656
5.12004101686833
5.31764081793442
5.21146686346153
5.18516724326282
5.23900514533573
5.58636908186242
5.32282552548568
5.00073981665322
5.56634629990279
5.59892153494785
5.88464649509829
5.86300313994809
5.77354506299336
5.94991179509752
5.53324869891281
4.980289240473
4.99606891904368
4.96105770671472
5.49425329219205
5.70126448248539
5.67502384539141
5.68568273234995
5.4289112048626
4.60858888021898
5.20675366153516
5.58330907153522
5.52542659359774
5.64995479498982
5.41397989252006
5.37244603509094
5.35796678286471
5.52969293067602
5.76440559800815
5.99240210462342
5.42268168335231
5.74382774155433
5.89574377340532
5.34675520472256
4.98130394079273
5.16830299768887
5.31455512821799
5.10430654663549
5.17055155749764
5.35008301362309
5.36099544155278
5.39799327585628
5.53557153078388
5.40402255949055
4.91877401671082
5.41416891523455
5.67742996905832
5.29911280083765
5.27287335472125
5.60192466299678
5.56771496782061
5.38720972806275
5.38793215778598
5.45999362860602
5.49694290939306
5.63946719029205
5.86487283737774
5.41095522263193
4.90097598228775
5.19607279773169
5.32621044523292
5.68568098556361
5.71098909541991
5.82777660167609
5.50054858982732
5.38480823757036
5.33965913776812
5.56385336487448
5.1633802924417
5.38253064658805
5.54986694929079
5.73443590464354
5.6050913151336
5.32845996816764
4.3651622670618
5.18769999847983
5.08621991207087
5.28546054557589
5.28544981516663
5.26114229462847
5.69247571675753
5.45821604943835
5.2965699763712
5.73303536707842
5.67885189064812
5.76607391104897
5.51678893321117
5.21418467112515
5.69312720806552
5.61748511876942
5.63928087710668
5.68198410194228
5.42210543323043
4.87122519361292
4.48627839527127
5.09840519914457
5.05398373814705
5.45210369571906
5.78029916874034
5.96293995127819
5.5299312291198
5.69998768962588
5.24067934764052
5.63187385309209
5.88763656005437
5.94308232131107
5.78523252583665
5.903158836485
5.73650947328733
5.27340463948879
5.42612456718376
5.52401608498363
5.67488803004177
5.69516747685758
5.02965673089127
4.78349017602942
5.15583547709515
5.59367495335285
5.82414562888442
5.79100516747077
5.3388268293685
5.37617259197657
5.50558265146023
5.58883717360017
5.40079502524347
5.42098257251437
5.35660520654571
5.61279367489408
5.95235312248737
5.69424270287221
5.35097412300862
5.77194174969701
5.7627897134057
5.74939066780702
5.45382912739048
4.85681755393939
4.5529563501203
5.42725867419904
5.43763428200853
5.28184690362641
5.52598825468313
5.23044246855337
5.55566937572043
5.8589117893174
5.82078510023426
5.95312091038592
5.57093853849674
5.29065392186068
5.50128662382291
5.39821727173772
5.75189177439234
5.2998396440958
5.0358662293741
5.65119625928395
5.64656143860351
5.25545436091426
4.82195684682516
5.1883651949712
5.5897217900496
5.66659388148375
5.44802599503844
5.45257986870354
5.29557868719144
5.37271309750471
5.10033337440406
5.33191595265041
5.28879060101782
5.74624039016033
5.35118191003802
5.02568828701172
4.9949160030133
5.55913936181807
5.53163625459676
5.54316038553875
5.72234285644983
5.94225524091186
5.9025557383147
5.75779755040709
5.21593329409647
5.31963019477984
5.52693658361068
5.75404234398167
5.58463474363005
5.11475429342385
4.63646719798565
5.21597517981311
5.15945035969408
5.27855137703329
5.27167557401355
5.63769175077311
5.61406645542285
5.58208603711946
5.61267782111183
5.62840548253133
5.32768715398962
5.38148978340382
5.83797645525928
5.0318050594764
5.28646211833243
5.23477281565673
5.41990231900644
5.05624716497885
4.72992282170569
4.99751981601026
5.36427231237193
5.66778869552964
5.59464157146978
5.78825643239295
5.19271829166651
5.66088130935704
5.40325435741519
4.89057082206024
4.80630494132714
5.4815081681981
5.25225795172834
4.99007265739798
5.53817401848223
5.60922268089067
5.59713317190633
5.50087698514794
5.42077951040955
5.79229964866535
5.61026734181965
5.67479299354536
5.50723965564456
5.88161617629659
5.70525248453591
5.97528040502991
5.8737835735053
5.62470269363647
5.55182093179428
5.63979826313654
5.09753153615547
5.33846268612675
5.25664939804709
4.70085152018869
5.48306541595127
5.31526380790086
5.56613595297987
5.60427504829195
5.64261840431258
5.66867311561802
5.59210445721516
5.62238266307857
5.31033684933527
5.81839245173882
5.71827826304902
5.45680689770081
4.96209159438942
4.36147266774391
5.12874420725361
5.11654428763202
5.72396926481526
5.93927345132293
5.72671182937569
5.55206051006414
4.40779325136887
5.19214084560814
5.24239198405298
5.38411156004549
5.42821694170547
5.68775322323438
5.74158585106758
5.6093304207801
5.42507233496145
5.39789447136106
4.86049950579622
5.13098934673959
5.73060804483319
5.62251841466178
5.51324195367162
5.31914196492638
5.5023566712991
5.67558031243104
5.78473295209465
5.63396638417499
5.70165964828399
5.73455402705138
5.40277809398191
5.42697341337618
5.33139826503865
5.43892798666799
5.81469247261322
5.53483585856738
5.51607175160935
5.3795937870475
5.39010872086266
5.72401595689239
5.61462441135635
5.67084870479117
5.68844355932556
5.62328106347657
5.76158401287491
5.77183256744211
5.72938300078091
5.68921915160454
5.48445631242531
5.5477882768072
5.42958504634748
5.05515552208943
4.70888509268964
5.5121574178777
5.26053618272803
5.39479161779187
5.17539552903515
4.85490025251731
5.30341371550849
5.27731724624101
5.09664780844389
5.44121272576731
5.59929737737036
5.55768207552681
5.17076892634571
5.41974684348423
5.67160310236451
5.3207109143557
5.40685913667143
5.16716903674801
5.42171656159822
5.37384395793694
5.38606673418405
5.25782440760247
5.56362688330816
5.34298245783868
5.46238765630114
5.69278691452055
5.72207438045159
5.07655636941365
4.87785080862847
5.29013614649991
5.31523420594873
5.65878554193061
5.79695746733955
5.68766103698593
5.87141498798208
5.78627337913588
5.80487905268986
6.04999803334567
6.00592272386683
5.95885677240631
5.57171809084136
5.50021913881761
5.00960055231597
5.4695546074376
5.38719767756336
4.43278990810203
4.9570087527172
5.05500520352318
5.63195759727134
5.59628669091556
5.44608609627811
5.36132986445892
5.53665424287243
5.25772103500371
5.66300766080391
5.45795982006542
5.34270274304341
5.4687397097792
5.51959888730141
5.50754341619624
5.2974690443436
5.33169878605366
5.55487601907817
5.56429587122524
5.72404147270675
5.74932574213369
5.55964117160876
5.5373808180771
5.67772864894956
5.44161007343983
5.32948316835561
5.48837506781683
5.38856719378163
5.3357091911579
5.57129781022322
5.50626293668589
5.73000919445972
5.57233338008038
5.53493875509854
5.60891621162835
5.49721588061009
5.79104070707666
5.65521735143909
5.72762234138574
5.47010448171823
5.38713708340625
5.49576566717318
5.62980332842038
5.91490777880836
5.93042321975194
5.96018821014032
5.58012492100064
5.23188124592317
5.64076692914816
5.67287224713506
5.5276556078246
5.36429260414897
5.48634967942015
5.06892300430158
5.26623118172179
5.31483898172545
5.59798099302498
5.51019000424616
5.75831764505407
5.36248693094382
5.65917700494174
5.36465915626381
5.63744832961287
5.60472654002424
5.36732370282978
5.58560183819473
5.50737005373628
5.64038177505353
5.61339150428992
5.64924343738553
5.67495248537489
5.52329638854069
5.48444560076811
5.45691452212377
5.51510335946436
5.65512595596437
5.17288291131104
5.6042215224653
5.26755505084289
5.29994503612467
5.64136305455304
5.34294421435
5.0002649860269
5.21271635342786
4.92001395816529
5.31890940462356
5.56205681301599
5.50457008378392
5.50480544606561
5.6430703411393
5.62060412601415
5.72495200814087
5.71275326269858
5.87983452482052
5.45110374730607
5.2297172436822
5.3642543168633
5.49098407260037
5.53059456009595
5.16613299831807
5.26207265841447
5.42206351009334
5.55461009011858
5.37159724208075
5.56034582023531
5.65345683896165
5.63083465825089
5.50054226531661
5.26510379518469
5.5929419925862
5.7182272445318
5.302634099077
5.33116440759174
5.4988766420399
5.28715763047483
5.55696119804744
5.71768245696086
5.6228492040021
5.26201087685084
5.12214098082583
5.38256700618326
5.47082207599126
5.40268506776011
5.50949642525837
5.5490211558293
5.7964602500652
5.76733940506088
5.76885907749591
5.30962439020699
5.58566484660663
5.66631096472405
5.99245074152801
5.95842821625735
6.03633444721591
5.77222987006843
5.96098958908653
5.83365374021148
5.44349311995229
5.48647927308845
5.58579694301597
5.29067545641783
5.66059462276166
5.40068739891981
5.5238993527291
5.450484513687
5.76823085798864
5.86343096919283
5.73627963088006
5.3621749073638
5.71619702225188
4.98710893350828
5.22374222363452
5.61842293446895
5.36553417081928
5.58922851593752
5.74037786897332
5.7873445699011
5.60942499509062
5.3436629184865
5.3873654112985
5.16827987855915
5.49942337557055
5.69736206996046
5.58659661983464
5.29568766989883
4.97460394830004
5.46333158005346
5.45022099563455
5.50361550230472
5.22094171577017
4.81830563352519
5.22892145080447
5.48232778241626
5.32107174729721
5.6862387240108
5.62991882407887
5.5870724086249
5.56454622708874
5.4699229160048
5.16584804456169
5.44238812715428
5.36043141885968
5.64646002367892
5.47056687513362
5.19624096706703
5.59028951666502
5.58177585287895
5.44558701312539
5.60240601305887
5.61814076806007
5.66288747128555
5.62147311914267
5.55584094372575
5.49235432379438
5.64784789594316
5.51728603347669
5.73461883743517
5.86234622764815
5.84487492213223
5.97510878731522
5.68532951294996
5.68736478774519
5.74543884086139
5.40937311500478
5.81961952234486
5.60441319618241
5.35719490670654
5.29858159872867
5.46296553790092
5.54509083013185
5.62382078846947
5.50443891386872
5.65339264035004
5.52103678681776
5.38925251399041
5.6344059204444
5.54594380657675
5.53563275305907
5.21926110986091
5.42921838716135
5.72188972018683
5.5793769303749
5.57387505506269
5.91436926336321
5.56750325453291
5.53123453721422
5.85417938466656
5.54652264009442
5.80267979825902
5.86958393200757
5.55926782318789
5.66777580236709
5.23720015328868
5.69275662982658
5.66730398643557
5.78497034983599
5.76535290299147
5.82776729825912
5.69428333148267
5.45201667956648
5.36698944032521
5.02489033766014
5.49493596269429
5.82795900942497
5.93479946312208
5.74135742744016
5.32292393978293
5.54201297348447
5.23000394647101
5.23911045296072
5.34388863565958
5.84336679054125
5.81585715450763
5.39975875475364
5.10594069934993
5.54944030160299
5.62624427327894
5.65372538452933
5.35801892554964
5.6260848654969
5.5930436343652
5.78314730459136
5.70555811198899
5.5023496288234
5.73602404690131
5.37611823660271
5.70352437838324
5.45385657642206
5.59024246878537
5.70517966747005
5.89777116141546
5.871657531378
5.39077874762344
5.82342799680792
5.50039450189343
5.51813081382047
5.22778246169618
5.63683326791741
5.41493181287831
5.22648553168754
5.67418363712464
5.85039939319128
5.32918786511112
5.43759351822625
5.22240208083003
5.17728213980358
5.32348069379286
5.64570286073655
5.80692125581229
5.62351204941223
5.76909605549679
5.34916534083751
5.50829690550021
5.61591316373489
5.60779379320675
5.64427063406667
5.55357594288175
5.79304410770949
5.78206942616841
5.60784428698027
5.44380375765064
5.51771135513371
5.72211717452709
5.89511560751095
5.57116805235831
5.64967291426306
5.71369100908394
5.59193143851449
5.90755062261775
5.68432948454511
5.6679887256646
5.6024651760207
5.4742768637224
5.72595685004976
5.46823039836864
5.0916606752335
5.40763895278559
5.67744200653924
5.48156781000093
5.62376756825216
5.49596235475828
5.66332778816174
5.52835711064512
5.59282176995534
5.89013223090578
5.5524161840117
5.927897256416
5.3886142290555
5.70321843067995
5.19645904146843
5.49658750959901
5.72652100266592
5.63820930962473
5.69046204152019
5.64653369200404
5.79991382355146
5.73823572010241
5.4190130057097
5.80779212876062
5.9475361198706
5.77290265047308
5.6300048089874
5.49960303379241
5.44099047249949
5.21902792597002
5.5034966991822
5.35911730422402
5.61183884580293
5.94064093040454
5.42373845951754
5.22903951010531
5.62766933917946
5.78433200867444
5.74227762847048
5.67437513154975
5.4172065073742
5.33253351309752
5.65719348545116
5.64749072030602
5.22132481243496
5.77116160323099
5.37753382117014
5.38657124896199
5.70744848954671
5.54070940805564
5.86228041835834
5.98179603638225
5.64077658061659
5.11023033460809
5.46867554055614
5.63049584722875
5.58037420673533
5.5475955865413
5.58736980101436
5.86539735500078
5.72623035632635
5.5624992440729
5.15866011187218
5.41079251211986
5.31662730727168
5.73511024620689
5.0242510059472
5.37763637175626
5.37670763021762
5.69326935621675
5.54857979865701
5.92273842177559
5.95205146141915
5.839590295213
5.46294355852002
5.56944811266305
5.63348622595273
5.47185841623922
4.9568485259622
5.54452745469944
5.77130067213807
5.84838181985227
5.53904741068933
5.79000866930291
5.19419778676958
5.69186637062581
5.60212498823693
5.68178742328525
5.41105305249057
5.71297836627921
5.3425010682778
5.83939437479804
5.6269864095093
5.77764513411869
5.4397693853433
5.51150657488539
5.6386811758588
5.54010832154462
5.60659983038635
5.76928036312634
5.93400440629747
5.88554476290134
5.57461069256834
5.80119930442379
5.710585799525
5.1498632094925
5.6993010309339
5.5050300419059
5.87515825453003
5.8009329616053
5.72261804213756
5.21858694490697
5.78763090364358
5.59057700420064
5.55297695421687
5.32949189747543
5.67714824419597
5.39763776667854
5.48186643717397
5.83227369394764
5.9419475743467
5.7842948495628
5.48811405777688
5.55966368102886
5.25577971168698
5.38754771202964
5.47777102430457
5.10515893305189
5.52956994099387
5.56152220034032
5.62600087893825
5.33880820335602
5.46629000792313
5.25916923843882
5.18848748062087
5.24264084526473
5.60148460247033
5.61386143794678
5.14696255275971
5.34138368685514
5.8556955876651
5.51274839820423
5.50376428454145
5.69206586150146
5.50538509915562
5.11839970244186
5.32325498333244
5.35232089258921
5.53466944439842
5.69426394108185
5.74463121379863
5.6548789931037
5.28552269555459
5.41769723835415
5.55548266154585
5.3268760020965
5.45354917784596
5.54648339765882
5.15190375413254
5.55695257254601
4.89532267096048
5.12760797042936
5.39925088187363
5.59551572347333
5.1984082222284
5.64057884827329
5.84091459256093
5.63563501543923
5.85667364569739
5.62376879618486
5.5314296135071
5.29921958682423
5.867907720505
6.03465406346501
5.87643175556368
5.29634317623571
5.62264584643843
