10.2014848692875
9.38263758917427
9.76992621547145
9.92257920771711
10.2932968831577
8.30375631542536
7.85533513039623
8.44245019086857
8.45444701923858
6.94630551222381
9.09851725081707
8.26262450107464
8.94189232224358
8.58848418693059
8.27184898193316
7.73165081226165
7.72192656301103
8.30953205717077
8.67165051648452
5.89957067206395
7.98254586449552
8.43722060039512
8.39553958474106
8.66794183147312
8.26606530153315
7.8585076009624
7.04571374343751
8.09771265728059
6.94746567029547
6.90473252514445
7.60542843374516
8.28716630106778
7.46164125937676
8.44022168337467
7.1053233710493
10.5333716392765
7.14219881693132
8.67500149253483
7.93341270304589
8.66253651972704
7.65150185010562
8.21554193161916
7.62813857575749
7.90015728723207
6.77370743742659
8.27714875348379
7.99314343797508
8.75851886713549
8.96179250311403
8.73207455278205
7.80068011812735
7.51282626217652
8.30328070281614
7.6091545000628
8.76326008588916
7.99018843073395
7.62954330618171
7.21154705171905
10.7334775568269
8.11688765630682
6.77178958570176
7.51024387960603
7.89707624846447
6.50531108006693
8.21990167266945
6.28848742844677
6.40537154088274
8.45362199509005
7.13400724450848
7.599527425071
7.89699741545243
7.19949200809778
7.51899448440728
9.38058675452225
7.37082018562671
8.4585318018863
6.19332454922221
8.1138587505493
8.13452280332871
9.7475468735843
8.43386203953105
8.85938734238008
6.52414498865005
8.03725807954195
8.00132073336295
7.96607455634169
9.84998467241668
9.57138581517968
7.12105295297513
10.8881253746789
7.43349049993973
7.54928491212053
7.12444611992059
9.4867432105897
9.32972783670636
5.22317421747054
8.90709355805469
9.64503013546523
8.88746824562404
9.65167741289566
8.70327415175488
9.62959214397721
9.41064922652006
9.21545669645726
8.82157058158873
9.33924937998436
8.2250744827524
8.2173622902913
8.6120567984932
8.74365095476639
8.05330304550156
5.46735678324542
8.12680299006489
8.58608818067068
11.0165396600535
8.61073907560981
9.28592586438351
7.8243741128038
8.24853334049198
11.0034523492548
9.39982901253445
9.59180525283982
8.32121026979085
9.50382237181844
9.291518582897
9.92075846150467
11.0759425579827
9.52914716133085
10.586290076645
9.476657220497
7.40658601826724
8.9190569274868
8.12609140171947
9.63562199311147
9.3938225911046
9.13078650742175
9.39001723719911
9.09241211985401
9.32079578751676
8.59143022141823
8.87046771055623
10.2106308652571
11.1450737389728
7.15826757335355
7.98814857281958
9.58536110172675
7.33457590426546
8.99227412568109
8.38153521793005
8.7148162515682
8.83903116722825
7.70641743889264
8.0015932057674
8.84530466742405
8.72636645982357
9.03255967400209
8.84682854770196
9.46375722306774
10.0868886072817
9.39997885420784
9.30741055992195
8.28421288514793
9.43336529044407
8.92012193206783
8.56063036359416
8.52115166430312
9.42963014875214
8.73721905525003
9.35322521507503
8.96718083561984
9.08644181913553
8.61517536992398
8.13786623470322
7.89715693469332
8.72760391030877
9.27854309269989
9.23193817959215
8.85631814611184
8.21783128512043
8.69104549759917
8.54871071672149
9.37374304804497
8.61638545266714
8.73313075015812
8.02011033535106
8.63774673639254
8.86799118625414
8.42067020103695
8.5971093481304
8.71389982609409
7.92690682487235
8.20454041840701
9.15995359329078
8.34526822776259
8.80612323601924
8.98557165794436
8.91343019512709
8.98295462886066
8.26468349902863
8.52788900165693
8.58407729331242
8.04552771880394
6.92752539247967
8.47814489949693
8.42050883633173
8.95262363236181
8.23398089611027
8.74292026092228
9.08721778510418
8.75570747032141
8.30665178986957
9.55735571919139
8.46896703606216
7.16643871891026
8.50186353571904
8.30791233874895
7.93471302416091
9.42248522594484
8.17411512890354
7.58091453333486
8.43513454048986
8.17922500137156
9.30446042891493
9.40232026026977
9.58645979239038
9.43191494428181
9.49052593729987
8.81203149000783
8.95205443917001
8.49803425409238
9.40380954902255
9.20644385539917
8.8747698170576
7.27088311383214
8.68000608115855
8.71381031242787
9.54535113421926
9.46356135909513
9.14209991750399
8.35057105836084
8.58031982193896
9.03966181954353
8.75236914092377
8.75250826323169
7.96975975544559
7.91234809702655
7.89100997320812
8.84948258752621
9.13655360098504
11.2251872146423
10.5537627968034
7.9926855451047
8.47165859043274
8.08606127126957
8.32796873680168
7.88707745607796
7.26719169772831
7.89959764862789
9.91163907590234
7.55229589910779
8.82272658932692
8.37451300916248
8.33016895977242
9.01040220341234
8.37355947487993
6.92936795511768
8.0796634180818
8.47293205065639
8.2409741454536
8.17118923148186
8.25534136437686
8.25140043378523
7.73877376628262
8.43207720785174
9.16971860322555
8.45646136606365
8.71385663010013
8.18554020796067
7.02421875435432
8.88649201641809
9.48095871354817
7.72432737359384
9.19790845861228
8.17032315554681
8.65642374538101
8.57878524757198
8.42845345637901
8.67941866531225
8.31791914911235
8.13637451417354
8.22170245643189
7.53161530535006
8.92073264294451
9.04824135083429
8.15337059951467
7.86156946191948
8.30538655877849
9.01989089360201
9.80672239621312
8.44565802526497
7.77313400552564
7.59560522044225
7.81587336718698
9.83165747660984
8.84723796501352
7.60195290094703
8.12063458504257
8.01084148516081
9.61633839995404
8.90327445193298
8.82877988595943
8.74758602436039
8.25784502927772
7.27429424272749
8.75968370481367
8.83994937779812
8.36672641224605
9.2193515295824
8.82036076973442
7.73350843725666
8.6725820729484
7.87468511794638
8.21880536435694
8.9057281669866
7.82249282063567
8.21744455597746
7.77463101604518
9.12476249312552
8.42200179543357
6.6938732540395
9.26327534810515
7.83648990034796
7.95884782159294
7.47327932859335
8.16592870948117
7.12669657771437
8.00869625649706
8.10738622547175
8.16358339861056
8.61965960449769
8.43371671230802
7.77905613465668
8.81604905395348
8.89544947842479
7.77977828669345
8.50887645331741
8.05681247928925
8.84985911221964
8.53248728127177
7.85398229756745
8.03192442952031
8.04706623006757
6.97291049616197
8.638741453062
7.86465927448221
7.90462390099103
9.02862596870562
7.35817396718137
8.52192176750939
9.62787728327177
8.09160766221439
7.96269249706941
7.85685684838314
7.73896319674337
8.82244789286473
8.17323507659025
8.8085450170278
8.1305575804045
8.82444629025157
8.55688685373691
8.83972328886128
7.02804483563934
8.66252880920243
8.68233373059682
9.25065485971874
7.18282905483163
7.0312861031437
7.47922653620906
8.79554458117594
8.23852864925921
8.49607470356995
8.48271247031778
8.12840903982283
7.88765396402443
8.89702612571762
7.88611537993217
8.22542178241726
7.58430686286421
7.91316170885027
8.96055065122722
7.95813085754777
8.60841378689957
8.37796920350023
8.08513209036062
8.1466048542345
7.17772233649142
7.26536377577816
9.4587329790436
9.47605340786796
8.30781267306246
7.52113372045558
8.11811052205812
8.00288840816551
8.00577731585711
8.98473282917322
7.63019155337772
8.85069148578205
8.21305436044254
8.39793976791625
7.57228954170721
7.56700870960152
7.82755580038567
8.52398396202647
7.28043814850848
8.11658063053554
8.52438913723086
9.05169569280718
8.97256010301987
9.00393875856541
9.20577824345574
8.53135929502142
9.70054531497319
8.82519587427997
8.37715509082222
8.22505520406499
8.2687674566172
8.03918300458424
8.0432961180701
8.01740567602361
10.0070678769333
7.12664909119176
8.89077014602548
7.46459618979722
7.28495279947446
8.28398822330987
7.34967902642037
8.0543038325835
8.44888989581942
8.56031479334518
9.56650134582357
7.78587792038723
8.90656719993305
8.55886984223952
8.93827642381207
8.14009782837939
9.16403292171664
8.38165592356178
8.21790303363257
10.1615427943721
8.80285582483468
9.52471272216522
8.05122260604374
8.5384133944253
8.99747726726341
9.50901935915921
9.04638191150484
7.91505587296385
7.89518659132601
8.27501454230345
8.37215809084159
8.41008638347191
8.11206498786321
7.7906396919274
8.88988075164533
9.03124606620167
8.98960797256063
7.37689785513741
7.21830721734488
7.89703898826085
6.7760976675721
8.79986704703101
8.47738319064631
9.30612372060593
8.72564792876387
7.62085902665738
8.58811367682311
9.1946065634756
8.37364332129668
8.58113802653916
9.07197559056344
8.52347787151494
9.17666007199779
7.62491823915399
7.24784204334586
7.98506382150048
8.29239186800712
7.72071341508643
8.06035948335244
8.42884547006588
8.99191141846927
8.35278548046758
8.92291832686661
8.53848335776196
8.5881529066417
8.13963546254118
8.91354287881378
9.19061474988734
9.62501931196515
9.13495122951338
7.96132551248726
7.08311435226451
8.60275296574839
8.82842077083551
8.11048355280105
7.69710598522942
8.20685244935609
7.64397051726601
11.2086361386914
8.70079021907712
8.54755923726501
8.72466953491367
9.35724562086617
8.14045774206915
7.78775651094123
7.44177553795549
6.43714458935458
7.6458701219822
9.09185798750931
7.79568261173193
8.43495605875562
6.26089640873675
6.56428350380227
7.19245537903344
9.13905776727541
8.17091206786404
8.09097157538227
7.97539868315097
9.61024450405446
7.80363607052203
7.69351942752681
8.23597490784409
9.85678070778415
9.62592761639759
7.73008672876432
6.33026688252621
7.19691679781273
10.2036101257801
8.40281743675561
9.1933535660455
8.67683242942481
8.90871772793555
7.82830406796486
7.59217818401962
9.00485868433973
8.03004559324043
9.43114425220812
8.19357507101146
8.59027929492089
8.10246859266945
8.11799497633467
7.62806669030027
8.32850587977473
7.53431841041054
8.15971574362875
8.70430868740876
8.48258312703409
7.74529449545259
7.76142050700005
8.23896003032949
10.1652360381653
9.59198766301334
7.96517999427219
6.57913251893985
9.57670891928035
8.65248027866974
7.57912523968424
8.2443421962242
6.75727231383162
10.039291955337
7.74972204701914
7.13209275078166
8.22857538185849
8.29166448626173
8.36872908337034
8.55112945211526
9.04176225030701
8.56738144190402
8.76162207490365
8.94323846997154
8.66236486008071
7.94268881090619
7.66007956270859
8.59524499871591
8.77315361594117
8.76149982735095
7.02826654431161
7.25490836094646
6.34037158136706
9.62178887937261
7.17175960808138
7.83290588459879
7.35920019586162
6.79613338298982
9.73339954356801
8.01133917809578
7.17482153854772
7.81697853354446
8.28223089387296
7.68183205517136
7.66349906598898
7.20535480409982
7.05501804134579
6.74255916880451
7.9883333041504
7.92339302563609
7.64379518718692
8.07395122908015
8.00571668106232
7.38420446192939
8.4536058203343
8.73061764189016
8.71073167360177
8.18608257985632
7.28553397915269
5.94893221687646
8.50210656644152
8.07159665047359
8.79498823240415
8.75578344073095
8.36142975212629
9.55055533729788
7.96967595673609
7.5807605690341
7.09331844392663
6.79174680580688
8.04763000052586
9.0276960738206
8.51298443927218
7.86354163317716
9.08692269599768
7.43645715022076
6.70393670167228
8.16957709141803
8.43910370132095
7.14953868974218
8.09773205146211
7.83262762819487
9.35875390337949
9.03142695792123
8.79805423244763
8.93397778169758
7.90493209754548
7.14675061652593
7.44497660682467
7.38143871062455
6.49523958854647
7.67514236989354
7.65853499648535
7.31581146661988
8.14851399804414
7.84030474406002
7.32008676710475
7.15277506179596
7.12511753105229
8.14246160142586
6.57592100632852
7.98807553631384
7.79157290977572
8.52133244735387
8.53298715573818
7.97590896788911
9.16530183233774
8.19014861947003
8.45714699016516
9.34486839444151
8.66330764026651
7.21155020752745
7.98322855879479
7.7328865148711
8.34472284130442
8.19766469448949
7.40778758968118
6.8171716376214
7.00930245182482
7.73220747251436
6.69315899337373
8.00092887677537
7.84769697407108
7.92292781601409
8.55585061817063
8.65621342926016
7.72641352692122
8.14205578296601
9.04068843508523
6.66477039973251
10.0310137457581
7.80029133715677
7.37392104601528
7.35497626122703
8.37617570375476
7.71271842657454
9.04644144200994
8.16200283040186
7.76699819575525
7.53206673055034
7.06690731612423
9.66749558036472
8.73247717283653
7.97997334081385
8.42878965369943
7.55397357020631
8.2332261555338
7.05147630697423
8.2284961482694
8.89985459218785
8.06589062403754
8.25584718998496
9.7577173237269
7.83397106778733
8.96462886809284
10.4603785571684
7.44985438484036
8.36865159286297
8.17708865290393
7.67178711615074
8.77436650886617
8.4400205396164
8.16266623472827
7.99559282230338
8.30988413752642
6.91269500571561
8.09304128751861
7.02696545689855
7.02240234982057
7.19211567184223
8.22543517161372
7.94043630114452
7.63253768465152
8.06261975168709
9.52717116669026
8.20400973653921
9.24732781857103
8.48225127747948
8.10665017735405
7.90162013642464
7.40034606821399
8.48311087819155
9.26910785145077
9.26867399734167
7.90104857156389
7.57256693931458
8.70371919701707
7.36333666162808
7.82417701892737
7.28151054050519
7.73754143682881
8.39657536197956
9.61101635642465
7.8953942622364
8.68686849771774
9.03575088816155
8.09618239426075
7.72066800748951
8.62361684572375
7.80248157560921
8.32920906748159
7.90698434991112
8.53155884863938
8.97556333105943
7.35117542188407
7.53703307951668
7.9658050986994
9.55026663119039
7.65987076007216
7.62211824237236
7.43740141843645
9.03628222815894
7.59583472670196
8.19960805878385
7.45878852767466
6.68024063378666
7.31437618918856
7.90415938335804
9.16825205887891
9.57833485102907
7.35551502166399
7.94820236868765
8.80967754613225
8.31846748330169
8.88808697975229
7.99241877396868
7.0912849826219
8.92978682781952
9.65238938646091
8.10050348689406
7.66067646750791
8.1324408059925
6.8157916658173
6.83758763987392
6.56900544088095
7.96991204520128
8.16429769246965
9.93161554170581
7.70369714985592
7.62434074091579
7.98308402549277
6.55183531350616
7.03853677753692
9.21294469638798
7.61968076173017
7.50074128630674
8.09944692738809
7.98147664034125
8.20540580072536
7.67185077768544
8.30225582402323
7.20251008765316
7.70150129040189
7.17594284913484
8.23615514351743
8.60371874517734
7.67505815821907
6.59840054030948
7.33671075683951
6.77014623382647
7.00084797986485
8.9662055121134
8.5496672656541
8.96480093002065
7.74085237030881
6.93120398665706
7.59634967888764
6.92232794099209
7.07034529764192
7.63344725050366
8.77325553943463
8.14125000938311
7.78252228599173
8.60607959562044
8.05731893140018
7.33913287396692
7.25180674145255
7.39524104374229
7.02700263745173
8.14200637296523
9.51564999939298
8.2054370208424
8.15324811845728
7.48868667908714
8.55331277717241
7.2397448167261
7.75124830566413
6.80919096535116
8.05591249363026
7.36025111330849
7.58233737982625
7.21079486727213
7.329693852349
7.60329005462538
9.64154676251107
8.61290056495033
9.28440491629208
9.23676752546216
8.34492461783467
8.04680166245578
8.48953312713274
9.17277563736329
8.2323827343692
8.06746327180449
8.50420275040902
9.25972974787823
9.46391697645915
8.68082280278204
9.48440169914918
9.01008954225146
8.63029239391996
8.23308030389897
8.23709958044046
9.66796999009221
8.93806844361139
8.07525077298871
8.69996406358514
7.74550529154695
8.79794546730052
9.15625590702367
8.22488098991062
9.52969017297002
8.28492625601948
9.52479880707558
8.4688613629916
8.0226293737576
8.55395778652142
8.26937825593469
10.2019247832202
7.57921960932653
8.797180715353
8.85125051133569
8.97429079592183
8.62724293854925
8.24977226712833
8.12662219825736
9.31418435623909
8.24569122553399
9.14011892080796
8.84712036447791
8.62940766961763
8.69779663894214
8.05819897290314
8.41392580573436
8.83867195981738
8.8129141677621
9.64530571254801
9.08434945764126
7.42511182092752
8.04790166188365
7.94232104730259
8.88584521965553
7.66563829179169
9.38115084327654
7.30790004733215
7.5228442681422
7.46536938780846
8.01232386456833
7.87209423639307
7.18830844794408
8.63384152295481
8.40085706935901
7.42467744539501
7.44194217224085
7.13443219873276
9.23316434707792
8.55978902108889
7.54333906465544
8.12259031105098
9.23416093883345
6.8680890979205
6.95066887098404
8.45172498328236
9.24126971720295
8.5398880443851
8.11057816514453
8.9601281577372
6.93862252580347
10.1429168719689
8.13754601557835
9.35565636430044
7.30080881336252
7.64066692357994
8.3631551320647
9.75466334553981
7.68159696542058
9.41840985019669
6.86848583011219
9.25047632488816
7.06266510777965
9.10548690771887
8.01909575126659
7.69420786013974
8.71560762913957
8.58931581360082
7.89453766138413
8.24601333819708
7.69456907850292
7.85761987899956
9.09021366598322
8.78760426687891
9.19441108356938
7.87799371814713
8.66847671825846
8.063213288496
9.20050784777335
9.9990067812543
8.7299399598218
6.76147231032072
7.36110017669271
8.40452928543982
8.68781262381097
8.04973798552571
9.40223829774319
8.78489204837338
8.74943709322319
8.49088021050334
8.25743398731529
8.0288213992385
8.36731714811774
8.47045882358644
7.39593095377239
7.04431398261727
8.4291161881568
7.4180421189472
7.88901944349499
7.73969490092
8.60098152529965
8.27140411697573
7.74596093247251
7.30889954770961
7.5993625619215
7.88740494712891
7.11413938186907
7.79341401963246
7.88318487924619
7.5204539698282
8.01874787625562
9.12136756942715
9.45137099398471
7.65269516324537
9.92736032340153
9.32051947939843
8.59974860360237
7.84836755757658
8.6973821743807
8.22425415440708
7.81810546011475
8.71267334404069
8.63730091532764
6.65354406780726
7.57236674431766
8.60012047305875
8.01945855030597
8.20865902431871
7.17544966669016
8.0482086630007
9.21674976697635
9.28756531097484
8.5908826153796
8.67042980129736
8.52717610530454
8.39866219081089
8.34278392443798
7.12572554466321
7.67865276711246
10.4923704927978
6.89299087391743
7.05425424593356
9.20772465232158
8.85501570063264
8.87045638145623
7.31544583652453
7.62608657376177
7.88908593216263
8.21011395952332
9.48274089524447
8.32937471270586
7.97899555101182
9.83669116668731
9.09230315564549
7.9991398628497
8.71538259596803
7.94151519281523
8.44394279689436
11.3614066965139
7.61966132715329
10.1593455255035
7.15825626819187
8.24054123652798
8.97031626536341
9.43794173973222
9.47779665413706
8.5410125976616
7.35973663539105
7.6776157915858
9.58523679147367
9.55237925012727
8.8995736992266
7.72164952895384
7.84209331358169
8.03269498019642
9.20044733012009
9.46310555581273
7.91188128079565
8.65437970215069
8.86535948128616
9.31490209212918
8.69930443947549
9.16331510786776
7.13313698379141
11.3726059912046
7.21298764931428
8.79617900873151
6.78027754516965
9.53641277607593
7.90154531543484
8.41333120807036
7.83783733970042
8.94436915169967
7.27760660712884
7.43432555745963
8.34150568069995
7.51243157357573
9.28163350480941
9.11474456462645
7.6134921948463
11.3769680863098
7.54102640211044
8.02024812105347
7.33667277461327
7.25602010166723
8.61724906952318
8.89927104978825
8.95760334076938
7.59849221055594
7.79284244717582
7.26369188416353
7.78760788446175
8.00862885490272
6.93148292114215
8.01416733858924
7.13420454768863
7.37599612217514
9.37503373482434
9.00050627279287
9.3240701159934
8.22285164181708
7.95750640011129
9.23260504093413
7.93745940165182
7.77719797506273
9.44325700002926
6.74911821797826
8.55067563136061
6.08512825739094
8.17701286093749
8.05633544712875
7.24930201544362
7.01135839671888
8.4828322292461
8.6084441195312
8.66045611288381
8.2637483925289
8.37021091249384
7.83228933855884
9.97184089839126
7.82918352714188
9.19491831290554
7.03809875077797
7.24573713781501
8.33061202961314
7.94737034659621
7.06877443768531
6.51947267099247
8.61743332537467
8.6017163905487
8.83370197151217
6.50544243345513
7.57441071601785
8.81857403750802
8.87452960322062
8.0491401686443
7.26242510731712
7.66551549104563
7.99310810495902
7.889388237256
8.75396072578711
6.97879267378365
8.87044102328904
7.64731940224776
8.56020327193486
8.35219171774754
7.87649498090514
9.92393957136
7.26745988428569
7.88180017017981
7.81349384311615
7.59946949848668
8.35868870105341
6.80854940850774
8.5184673674567
8.21891320910343
7.39112195656259
7.97344211865416
8.19232889367012
7.79751540215898
8.1197616223749
7.41087542054584
7.23582747233552
8.75492372331088
8.70007296198415
7.61375538579869
7.48520360130527
7.031389607812
8.70216684650025
8.70368118756813
8.09762431845653
6.65319425045372
9.04432365243861
8.32165163623803
8.30499854268565
7.7129959485842
9.19499412572334
9.67884473545162
6.97303178578622
8.2445051759739
8.07074813150479
7.48961792861828
7.92702517882766
8.94976458012456
6.53594726791543
7.64377757892078
11.3812793134652
7.35574315757827
7.8156468241392
8.16508849294977
7.54298314839735
7.2686978127043
8.9585380450802
8.68699842497296
9.88476552929938
7.33436460515936
7.44044400979387
7.78673704342323
7.57781056832204
6.61623100432479
7.81609290044926
7.0691991126635
8.26984002666717
8.61103493961228
7.20684573906233
8.27547755987569
8.37333972764127
7.80985514510043
7.67505786830763
7.50805192756131
8.11589733747641
10.0600296680612
8.3483564125227
7.61334584795515
8.32134272243944
7.30023600641961
8.95661242209707
6.24872209276649
8.49399488697342
8.94733783052991
7.41385641632139
8.65613375604514
9.08346147817161
8.3940079767496
8.67408436967291
8.04208205552695
8.13000227674022
8.05905878115906
11.3883087884649
7.5289070291501
7.76782123889091
6.63532780775824
7.71691237747828
6.83740401282317
9.31633311190096
7.60382159848379
8.53610836143945
7.91782329404049
8.0119907524439
8.94155863392341
7.82466197674575
8.10704453901367
7.81618013998158
7.35146320019772
8.40826840460853
9.2929802463695
8.30334450168281
7.433714649458
9.59128636032965
8.93694558992831
8.77796835197767
8.4971013713831
8.42029954655737
8.15242043400853
8.00805611667015
7.39906449618094
7.79282210155172
9.02158730427202
7.75763825857149
9.08398792448208
7.39387492037844
7.59140878321347
8.05259401791594
7.46261137609832
7.47053407140954
9.46970471865878
7.89456728194411
8.34447258766028
7.98456123785137
7.63167036165111
7.10187798031278
9.34122898194868
8.23780223371566
8.6021734306768
7.69274750346554
10.5029406133812
9.38955406088597
6.45794029041058
8.31896922966756
7.32961009372323
9.2173356554591
7.72735961279901
6.79501667665266
6.94605912290826
7.93994804676721
7.56337332830864
7.01213181757231
7.84332239946545
8.76506841990568
8.63312093831636
7.1558735733936
7.39441168686898
7.91121180996649
7.45215007345966
7.36758137037765
7.49401547716382
8.46299389573097
7.50893899612292
6.5887575126
7.47641567676978
7.25245596706224
8.59424322956732
7.30376531286839
7.04968987520509
7.4059351460817
7.03891551930891
8.09235141402273
7.80955020769241
8.77032194402722
7.92513156005047
7.59909289828213
6.43721893646586
6.98795217497198
7.84330213011185
8.03283492708178
8.43920357151386
7.8648843914999
7.28164011972678
8.19348195429625
7.60821749045942
8.35308034966222
8.50556801748656
8.48817956849874
8.79769200489854
8.10854172267005
8.46089791857027
6.91338158288986
7.30633263938898
6.84699453981451
8.73365730046253
8.07588897503859
7.70312799435949
8.73328412189526
8.12640296251022
8.18592556358502
8.47695292782303
7.80392317442483
8.82932822084268
8.8031773208465
8.34229065501704
8.76087080325408
8.33246828311145
10.5115683443786
9.42017581022598
8.06641649408661
11.3865812747446
9.17125138475245
8.17725291789152
6.60096240802894
8.61950404751594
7.73446082615395
7.87580368576029
8.45191742358247
8.07157912127687
7.24507031057575
8.21651283624105
8.82572327724908
8.04940132006303
7.68093885757352
8.45446238307288
7.68594048211756
7.72278280791446
10.5826749313762
9.38682946268093
7.87814691984914
7.61545782477758
7.48941241428904
6.63969299896624
6.51032859437137
7.06667944986546
5.89559726494258
7.44062599770575
7.30556893726271
6.99161553894669
8.08171847679968
7.96945350270307
8.46541067984907
6.88998195691502
8.84756880863591
7.69012189771669
7.55550007799722
8.37488791845356
6.74584434627777
8.28571322283021
7.28784687529086
8.5442510537148
7.37600596929037
7.01527041378382
9.04599537921058
7.28635213550455
6.65743544054845
7.25040494960813
6.89154726765832
7.19895706561449
7.42070305184602
7.15025496149753
8.26461906099603
8.52659040661139
7.85235093172533
9.07683222034659
8.44445511721049
7.71426893746914
8.14187511273891
7.25504930935748
6.38754783667023
9.2060677220875
7.25591282590191
7.00931498649978
7.32664391328812
7.09906580247169
7.71030633897645
8.0013256872341
8.72320721390378
7.20407193205789
8.64803125157245
5.66838185105527
7.26430614280816
7.24712332471837
7.28874676146158
7.59179491748104
8.77626541465872
7.10313115372569
8.10447345758566
8.3647573244603
9.9732593288765
7.48711485344317
7.22606272304063
6.807567704347
7.13185792222032
9.27529213769085
8.46244204567155
7.55525333164271
6.65252225543911
8.48904103070166
11.3815827834526
8.70746469027165
6.97216744390886
6.97069488651317
6.68433424900839
8.09383125614859
8.29924444093609
7.50969678831764
7.47153006199747
6.59685698891095
6.96450208032585
7.41332928475549
8.92002669015291
7.52265441919035
9.0331177598966
6.83081898629246
8.08465425617982
7.37148542749242
8.15933232805784
8.14191977382782
6.55145908011613
6.60516021973666
7.41727735907094
6.22117751581755
8.00365461414014
7.83013897298161
8.93083994730521
7.26748134173137
8.03484019736852
6.94647548272789
6.38032776099952
7.48975082602083
7.45904169591348
7.33390857481874
8.92667047462555
8.06683420488214
8.11863832299311
7.84006165385663
7.88940478634375
8.00596577094652
8.56775009605097
8.94512906027475
9.35413522714464
6.92171679674741
7.97380364422937
8.99273700423825
7.23199233863784
6.87120642696687
7.79652780981835
7.82884024367285
7.27937829373194
8.22193832863704
7.96514258189913
7.53695620669505
7.68672864388689
6.4176059394087
8.74112370472459
7.65468743591886
7.14323782476518
8.7053387794408
6.8313445200977
6.62350445068773
7.37281718641646
7.3397684895504
7.77599118052853
5.94113146380042
7.99049701166634
6.61683889043505
7.98025935430789
7.19135784172247
7.91392304032265
9.36647365753263
7.90175654746879
8.21840177074925
7.74133603763773
8.31630193899321
7.10464902332927
7.76241004123283
8.07653521180426
7.53611863862049
8.09434742429271
6.67994832458915
8.9773901366295
7.68112314352583
7.04440329350726
8.72221961838672
6.52410777894712
8.58532214321407
7.01638288429292
6.74738622807505
7.23898572484738
6.96370655452205
6.74766343447451
8.22171187414416
11.3683636260558
8.35150242874404
8.48325002788173
8.64779681678931
7.50940811492754
7.58754865220318
6.0272309636778
6.46362081166688
7.61933033150121
7.73706330902325
8.23340631295032
8.19983631298802
7.52952767245248
7.54508701313777
7.89093058034513
8.28577476944122
8.41804347878386
6.86744118067826
7.31731118313622
5.98874217970125
8.05546292018549
8.10128795185666
6.88913058861014
8.46574295398654
8.86347057808038
7.07728175938793
6.91205525028876
7.11890712793888
8.72932871770923
9.73189112406616
6.2318806563493
8.59102605195404
7.93082322663811
7.2306369677707
7.85984007685938
7.62177436819676
8.93483903026745
9.49265798016035
7.02385735052326
7.20704394174539
8.19619433580978
7.58695134578353
8.33057510048225
7.24874761033324
8.39753970145223
8.07985273311828
7.95212889514378
6.69760508132176
7.24689150712988
7.5349776276149
7.00891057417772
7.69365724320734
7.0694575004727
7.57335285962253
7.589102088401
9.48483362297744
8.04830118285231
7.49974593274238
7.74007805781553
6.96181698434472
7.44503958611258
8.08219936816799
7.14908738570305
7.81380994011237
6.92807085352594
7.98917787632501
7.72741143007744
7.44086231286034
7.49988474952663
6.96860309640788
7.8132512623499
9.1856736324137
8.29826235781863
8.50887322479911
7.860144486268
7.94522281509197
9.05770383495539
9.47138516202086
7.04631828823341
7.59464759681922
8.91426559647551
9.92500863750818
7.75423619750472
8.39416368905103
8.79471696059162
6.73254322640274
8.46883049050162
7.94004600603676
7.94549636679774
8.23966955037332
8.21188429372007
7.50424678865897
8.45096476817771
7.63572854409202
8.18140102488209
7.33108295001924
7.63925225318652
7.51951599436254
7.26972225061821
8.31247706369202
7.91764989348844
8.10489836412845
6.75206385717088
7.21987650937911
7.8839064501895
7.22514097932464
7.17125889766155
7.36268594017815
7.97769971588982
6.80416931585707
8.10069337851111
9.53697652252042
8.27654896147129
8.15246937868752
7.31684023636894
8.13793363732772
6.63246470002423
8.95171308391701
8.57880075643123
8.11495766467877
7.93268024412802
7.61459283106375
8.05340192673678
8.91055280875761
8.22045644912178
9.45698294393593
7.93513372260573
8.4318593852397
8.17687249846463
6.57322178106649
6.80744586332635
8.91767684582904
11.3619182966433
9.77050104998169
8.70559844872425
7.39900654045446
7.37488546890876
7.72554880087245
5.78734407259298
7.49722642528373
7.66687846565817
7.67719243797055
6.98408613548188
8.92578489080868
7.14307645162736
8.19140445069141
8.14736929446418
7.97032440917416
8.41178078822925
6.55552660604507
7.89073205694493
7.08286889370454
6.86191942825848
6.63518136458014
7.26307245768483
8.68383051860374
8.01629499292773
9.10342637849332
7.97833905499071
4.75767581646365
8.39339079270859
7.24863934741869
7.48644865425114
8.11165157016723
8.24081109132104
6.9598352130557
7.22144021872517
8.19647177821437
8.99716560374562
6.55857827221667
7.577393993003
7.61728505260264
7.53056157458026
6.63942348700422
7.08130587232001
8.09151138421287
7.04735060890061
8.763291660406
7.3823619670717
9.88296374191663
8.68735859230981
6.81000268112801
8.23509745292842
7.57614035818072
7.13996685963006
7.1854087106474
7.50343567975943
8.58717530016879
8.61632097500937
8.39066066720181
8.3512262584683
7.47771984391736
7.29388166938565
8.0427277292709
7.68673667800797
9.420557578365
7.4246502478549
8.86310509688313
7.60191349133215
7.10927872908182
7.91783709712063
7.62263647779422
9.1084656624964
7.81119941669651
7.31163481323248
6.33779390712863
7.27851489592678
7.23651469483357
9.93673184395308
7.2328597453893
6.47037805349815
8.84076676635571
9.48218507497677
9.62261176636305
7.56132773161297
8.08728260201138
8.03717030843687
7.8768121844818
7.7522635816093
7.27669811716907
7.88807362378118
8.3461068541095
8.73889474318595
7.90998076568062
7.60590789474702
7.38536077493378
7.84289321656706
7.30243877692897
7.01962352554805
7.81888858210499
7.9039113333325
9.06275316167515
8.28251642540404
7.89478791287051
6.46068824630639
6.77871735032065
8.90275528641728
7.76608888376264
6.59900419429134
6.89459791402375
7.93530468718258
9.59563884372145
7.98246967277015
6.42855637942237
9.13965851385015
7.63997734436245
9.54011830059963
9.00116459550698
7.34314621094475
10.0323731868506
7.60423454728871
7.46350546822536
7.16435891500578
7.01865744347135
7.52041376411075
7.05278097257356
6.73422471124832
7.95103420088622
7.6614773562146
7.25069579121177
9.13244095689075
8.54021427174916
9.83733488685647
8.49707771337068
6.15037140441317
6.1119116317552
9.08519472725535
6.82431028975188
7.17881675177772
6.91960522918065
7.31205369202138
7.56105120399553
7.28087951718917
7.0436342944091
6.67801015915945
6.78357674492298
6.42155105028612
7.49865361645871
8.17653220083712
6.30498680801026
8.66063993607989
7.26497847018218
6.55874619279907
6.00295863362528
7.73434776858351
8.62494978716099
9.48983143371159
7.29756034359166
8.65601882158371
7.39770804699138
7.01485530759947
7.87975682253993
8.38473547483323
7.27136417489642
7.07656690810935
7.38629157306414
11.3520719182421
8.55678522836255
8.23977920130814
8.59326712186149
7.69310155559683
7.36355232349258
7.91331641076772
7.54472404115171
6.76170606517149
8.25316529071839
8.45329872664657
7.42109921119015
7.04003779295217
7.51611991918438
7.86829462807086
8.09810539267765
7.76222264121888
7.12850142308118
7.82636472831493
9.44433162971524
8.457036124854
6.3615970432504
9.63964107850949
7.60700505121463
7.83693999226425
9.18333179734435
7.65367615262959
7.702740584906
7.71428783353277
7.15104709505014
7.898267557408
5.95852952335036
7.79953315616974
6.27577608298089
8.92019371865306
7.80058936830229
6.97494474096261
8.70335153579137
9.46037850498102
8.09787782027059
6.66487855622986
6.5693354500269
7.51148431526485
7.20282448370739
7.49991502410685
8.49530564812156
7.78845845905349
7.56464216104308
7.18825549791005
7.48652348162572
7.92225073504483
9.13643244667971
7.40940775378763
7.93319373814454
8.16617587847612
8.20549920121607
7.65835878117163
7.59305099055874
7.88473482700012
7.48156884940066
6.92657048629552
7.64923039015034
7.74867801912781
8.11658240498657
9.08129221819224
7.60012712093928
8.32185970399452
7.18415828549143
8.45490529595546
7.9502608956808
9.40497522859831
9.06140938857146
7.38137005043906
8.6228612711144
5.87444723717089
8.47597923652702
7.97925692807117
8.69466315194895
8.60538082384862
9.02035425924345
8.84593337081962
8.65539636134777
6.62081420505457
7.81922073240556
7.74934096519667
8.22949081342195
7.51832185440916
7.87858661367752
7.91742697162843
8.34655618640049
7.54764452175343
7.42393035698823
6.37600343974038
6.54662677462114
6.44570280318265
7.2539943437518
8.09381151505259
7.43008438449032
8.07210461666285
5.96177800785223
7.37860886754786
8.34087415110588
8.59767607796849
7.78179225738954
7.89294494653486
8.09261552297198
7.02909751460603
7.80290449467397
6.30100189975789
6.41837976498974
7.39310338185947
7.77098837531273
7.62380297589272
6.88969325348804
9.07463004796065
6.78078765735724
8.4718656810838
8.24378140059902
7.5930716506605
7.80380088414665
6.62219258795925
8.1963322814905
7.29779440196798
8.71078609227518
6.97829519727231
8.8590856889267
7.29796777838366
9.06806539781869
6.22621915554975
7.77877174212253
9.29020769647648
8.01731870592102
8.22234599117593
7.92449145771336
7.53006515028916
7.21169789059663
8.79196076489545
6.7568177266737
7.6473278919037
7.70946740189402
7.50183970892678
6.71905797398607
7.24239138077277
8.67631846184058
6.86490769795766
10.0864188173802
7.42900880824807
8.82177876495466
8.68694910021541
8.3282053759445
8.26860805232164
8.13792333189745
7.70263270649179
7.2400721643462
7.11897344217021
7.4384948176686
8.60629863918906
8.07638418667916
7.69771526068696
6.93697343580623
6.76444680841507
8.75745451238542
8.30216469957942
8.31702194569816
8.32367686098309
8.54818996919361
8.94727307874796
8.75448995438881
8.68526659923075
6.44029068040199
8.18395071664995
6.87767097673003
6.49732904690597
7.27690590957702
