10.2014848692875
9.38263758917427
9.76992621547145
9.92257920771711
10.2932968831577
8.30375631542536
7.85533513039623
8.44245019086857
8.45444701923858
6.94630551222381
9.09851725081707
8.26262450107464
8.94189232224358
8.58848418693059
8.27184898193316
7.73165081226165
7.72192656301103
8.30953205717077
8.67165051648452
5.89957067206395
7.98254586449552
8.43722060039512
8.39553958474106
8.66794183147312
8.26606530153315
7.8585076009624
7.04571374343751
8.09771265728059
6.94746567029547
6.90473252514445
7.60542843374516
8.28716630106778
7.46164125937676
8.44022168337467
7.1053233710493
10.5333716392765
7.14219881693132
8.67500149253483
7.93341270304589
8.66253651972704
7.65150185010562
8.21554193161916
7.62813857575749
7.90015728723207
6.77370743742659
8.27714875348379
7.99314343797508
8.75851886713549
8.96179250311403
8.73207455278205
7.80068011812735
7.51282626217652
8.30328070281614
7.6091545000628
8.76326008588916
7.99018843073395
7.62954330618171
7.21154705171905
10.7334775568269
8.11688765630682
6.77178958570176
7.51024387960603
7.89707624846447
6.50531108006693
8.21990167266945
6.28848742844677
6.40537154088274
8.45362199509005
7.13400724450848
7.599527425071
7.89699741545243
7.19949200809778
7.51899448440728
9.38058675452225
7.37082018562671
8.4585318018863
6.19332454922221
8.1138587505493
8.13452280332871
9.7475468735843
8.43386203953105
8.85938734238008
6.52414498865005
8.03725807954195
8.00132073336295
7.96607455634169
9.84998467241668
9.57138581517968
7.12105295297513
10.8881253746789
7.43349049993973
7.54928491212053
7.12444611992059
9.4867432105897
9.32972783670636
5.22317421747054
8.90709355805469
9.64503013546523
8.88746824562404
9.65167741289566
8.70327415175488
9.62959214397721
9.41064922652006
9.21545669645726
8.82157058158873
9.33924937998436
8.2250744827524
8.2173622902913
8.6120567984932
8.74365095476639
8.05330304550156
5.46735678324542
8.12680299006489
8.58608818067068
11.0165396600535
8.61073907560981
9.28592586438351
7.8243741128038
8.24853334049198
11.0034523492548
9.39982901253445
9.59180525283982
8.32121026979085
9.50382237181844
9.291518582897
9.92075846150467
11.0759425579827
9.52914716133085
10.586290076645
9.476657220497
7.40658601826724
8.9190569274868
8.12609140171947
9.63562199311147
9.3938225911046
9.13078650742175
9.39001723719911
9.09241211985401
9.32079578751676
8.59143022141823
8.87046771055623
10.2106308652571
11.1450737389728
7.15826757335355
7.98814857281958
9.58536110172675
7.33457590426546
8.99227412568109
8.38153521793005
8.7148162515682
8.83903116722825
7.70641743889264
8.0015932057674
8.84530466742405
8.72636645982357
9.03255967400209
8.84682854770196
9.46375722306774
10.0868886072817
9.39997885420784
9.30741055992195
8.28421288514793
9.43336529044407
8.92012193206783
8.56063036359416
8.52115166430312
9.42963014875214
8.73721905525003
9.35322521507503
8.96718083561984
9.08644181913553
8.61517536992398
8.13786623470322
7.89715693469332
8.72760391030877
9.27854309269989
9.23193817959215
8.85631814611184
8.21783128512043
8.69104549759917
8.54871071672149
9.37374304804497
8.61638545266714
8.73313075015812
8.02011033535106
8.63774673639254
8.86799118625414
8.42067020103695
8.5971093481304
8.71389982609409
7.92690682487235
8.20454041840701
9.15995359329078
8.34526822776259
8.80612323601924
8.98557165794436
8.91343019512709
8.98295462886066
8.26468349902863
8.52788900165693
8.58407729331242
8.04552771880394
6.92752539247967
8.47814489949693
8.42050883633173
8.95262363236181
8.23398089611027
8.74292026092228
9.08721778510418
8.75570747032141
8.30665178986957
9.55735571919139
8.46896703606216
7.16643871891026
8.50186353571904
8.30791233874895
7.93471302416091
9.42248522594484
8.17411512890354
7.58091453333486
8.43513454048986
8.17922500137156
9.30446042891493
9.40232026026977
9.58645979239038
9.43191494428181
9.49052593729987
8.81203149000783
8.95205443917001
8.49803425409238
9.40380954902255
9.20644385539917
8.8747698170576
7.27088311383214
8.68000608115855
8.71381031242787
9.54535113421926
9.46356135909513
9.14209991750399
8.35057105836084
8.58031982193896
9.03966181954353
8.75236914092377
8.75250826323169
7.96975975544559
7.91234809702655
7.89100997320812
8.84948258752621
9.13655360098504
11.2251872146423
10.5537627968034
7.9926855451047
8.47165859043274
8.08606127126957
8.32796873680168
7.88707745607796
7.26719169772831
7.89959764862789
9.91163907590234
7.55229589910779
8.82272658932692
8.37451300916248
8.33016895977242
9.01040220341234
8.37355947487993
6.92936795511768
8.0796634180818
8.47293205065639
8.2409741454536
8.17118923148186
8.25534136437686
8.25140043378523
7.73877376628262
8.43207720785174
9.16971860322555
8.45646136606365
8.71385663010013
8.18554020796067
7.02421875435432
8.88649201641809
9.48095871354817
7.72432737359384
9.19790845861228
8.17032315554681
8.65642374538101
8.57878524757198
8.42845345637901
8.67941866531225
8.31791914911235
8.13637451417354
8.22170245643189
7.53161530535006
8.92073264294451
9.04824135083429
8.15337059951467
7.86156946191948
8.30538655877849
9.01989089360201
9.80672239621312
8.44565802526497
7.77313400552564
7.59560522044225
7.81587336718698
9.83165747660984
8.84723796501352
7.60195290094703
8.12063458504257
8.01084148516081
9.61633839995404
8.90327445193298
8.82877988595943
8.74758602436039
8.25784502927772
7.27429424272749
8.75968370481367
8.83994937779812
8.36672641224605
9.2193515295824
8.82036076973442
7.73350843725666
8.6725820729484
7.87468511794638
8.21880536435694
8.9057281669866
7.82249282063567
8.21744455597746
7.77463101604518
9.12476249312552
8.42200179543357
6.6938732540395
9.26327534810515
7.83648990034796
7.95884782159294
7.47327932859335
8.16592870948117
7.12669657771437
8.00869625649706
8.10738622547175
8.16358339861056
8.61965960449769
8.43371671230802
7.77905613465668
8.81604905395348
8.89544947842479
7.77977828669345
8.50887645331741
8.05681247928925
8.84985911221964
8.53248728127177
7.85398229756745
8.03192442952031
8.04706623006757
6.97291049616197
8.638741453062
7.86465927448221
7.90462390099103
9.02862596870562
7.35817396718137
8.52192176750939
9.62787728327177
8.09160766221439
7.96269249706941
7.85685684838314
7.73896319674337
8.82244789286473
8.17323507659025
8.8085450170278
8.1305575804045
8.82444629025157
8.55688685373691
8.83972328886128
7.02804483563934
8.66252880920243
8.68233373059682
9.25065485971874
7.18282905483163
7.0312861031437
7.47922653620906
8.79554458117594
8.23852864925921
8.49607470356995
8.48271247031778
8.12840903982283
7.88765396402443
8.89702612571762
7.88611537993217
8.22542178241726
7.58430686286421
7.91316170885027
8.96055065122722
7.95813085754777
8.60841378689957
8.37796920350023
8.08513209036062
8.1466048542345
7.17772233649142
7.26536377577816
9.4587329790436
9.47605340786796
8.30781267306246
7.52113372045558
8.11811052205812
8.00288840816551
8.00577731585711
8.98473282917322
7.63019155337772
8.85069148578205
8.21305436044254
8.39793976791625
7.57228954170721
7.56700870960152
7.82755580038567
8.52398396202647
7.28043814850848
8.11658063053554
8.52438913723086
9.05169569280718
8.97256010301987
9.00393875856541
9.20577824345574
8.53135929502142
9.70054531497319
8.82519587427997
8.37715509082222
8.22505520406499
8.2687674566172
8.03918300458424
8.0432961180701
8.01740567602361
10.0070678769333
7.12664909119176
8.89077014602548
7.46459618979722
7.28495279947446
8.28398822330987
7.34967902642037
8.0543038325835
8.44888989581942
8.56031479334518
9.56650134582357
7.78587792038723
8.90656719993305
8.55886984223952
8.93827642381207
8.14009782837939
9.16403292171664
8.38165592356178
8.21790303363257
10.1615427943721
8.80285582483468
9.52471272216522
8.05122260604374
8.5384133944253
8.99747726726341
9.50901935915921
9.04638191150484
7.91505587296385
7.89518659132601
8.27501454230345
8.37215809084159
8.41008638347191
8.11206498786321
7.7906396919274
8.88988075164533
9.03124606620167
8.98960797256063
7.37689785513741
7.21830721734488
7.89703898826085
6.7760976675721
8.79986704703101
8.47738319064631
9.30612372060593
8.72564792876387
7.62085902665738
8.58811367682311
9.1946065634756
8.37364332129668
8.58113802653916
9.07197559056344
8.52347787151494
9.17666007199779
7.62491823915399
7.24784204334586
7.98506382150048
8.29239186800712
7.72071341508643
8.06035948335244
8.42884547006588
8.99191141846927
8.35278548046758
8.92291832686661
8.53848335776196
8.5881529066417
8.13963546254118
8.91354287881378
9.19061474988734
9.62501931196515
9.13495122951338
7.96132551248726
7.08311435226451
8.60275296574839
8.82842077083551
8.11048355280105
7.69710598522942
8.20685244935609
7.64397051726601
11.2086361386914
8.70079021907712
8.54755923726501
8.72466953491367
9.35724562086617
8.14045774206915
7.78775651094123
7.44177553795549
6.43714458935458
7.6458701219822
9.09185798750931
7.79568261173193
8.43495605875562
6.26089640873675
6.56428350380227
7.19245537903344
9.13905776727541
8.17091206786404
8.09097157538227
7.97539868315097
9.61024450405446
7.80363607052203
7.69351942752681
8.23597490784409
9.85678070778415
9.62592761639759
7.73008672876432
6.33026688252621
7.19691679781273
10.2036101257801
8.40281743675561
9.1933535660455
8.67683242942481
8.90871772793555
7.82830406796486
7.59217818401962
9.00485868433973
8.03004559324043
9.43114425220812
8.19357507101146
8.59027929492089
8.10246859266945
8.11799497633467
7.62806669030027
8.32850587977473
7.53431841041054
8.15971574362875
8.70430868740876
8.48258312703409
7.74529449545259
7.76142050700005
8.23896003032949
10.1652360381653
9.59198766301334
7.96517999427219
6.57913251893985
9.57670891928035
8.65248027866974
7.57912523968424
8.2443421962242
6.75727231383162
10.039291955337
7.74972204701914
7.13209275078166
8.22857538185849
8.29166448626173
8.36872908337034
8.55112945211526
9.04176225030701
8.56738144190402
8.76162207490365
8.94323846997154
8.66236486008071
7.94268881090619
7.66007956270859
8.59524499871591
8.77315361594117
8.76149982735095
7.02826654431161
7.25490836094646
6.34037158136706
9.62178887937261
7.17175960808138
7.83290588459879
7.35920019586162
6.79613338298982
9.73339954356801
8.01133917809578
7.17482153854772
7.81697853354446
8.28223089387296
7.68183205517136
7.66349906598898
7.20535480409982
7.05501804134579
6.74255916880451
7.9883333041504
7.92339302563609
7.64379518718692
8.07395122908015
8.00571668106232
7.38420446192939
8.4536058203343
8.73061764189016
8.71073167360177
8.18608257985632
7.28553397915269
5.94893221687646
8.50210656644152
8.07159665047359
8.79498823240415
8.75578344073095
8.36142975212629
9.55055533729788
7.96967595673609
7.5807605690341
7.09331844392663
6.79174680580688
8.04763000052586
9.0276960738206
8.51298443927218
7.86354163317716
9.08692269599768
7.43645715022076
6.70393670167228
8.16957709141803
8.43910370132095
7.14953868974218
8.09773205146211
7.83262762819487
9.35875390337949
9.03142695792123
8.79805423244763
8.93397778169758
7.90493209754548
7.14675061652593
7.44497660682467
7.38143871062455
6.49523958854647
7.67514236989354
7.65853499648535
7.31581146661988
8.14851399804414
7.84030474406002
7.32008676710475
7.15277506179596
7.12511753105229
8.14246160142586
6.57592100632852
7.98807553631384
7.79157290977572
8.52133244735387
8.53298715573818
7.97590896788911
9.16530183233774
8.19014861947003
8.45714699016516
9.34486839444151
8.66330764026651
7.21155020752745
7.98322855879479
7.7328865148711
8.34472284130442
8.19766469448949
7.40778758968118
6.8171716376214
7.00930245182482
7.73220747251436
6.69315899337373
8.00092887677537
7.84769697407108
7.92292781601409
8.55585061817063
8.65621342926016
7.72641352692122
8.14205578296601
9.04068843508523
6.66477039973251
10.0310137457581
7.80029133715677
7.37392104601528
7.35497626122703
8.37617570375476
7.71271842657454
9.04644144200994
8.16200283040186
7.76699819575525
7.53206673055034
7.06690731612423
9.66749558036472
8.73247717283653
7.97997334081385
8.42878965369943
7.55397357020631
8.2332261555338
7.05147630697423
8.2284961482694
8.89985459218785
8.06589062403754
8.25584718998496
9.7577173237269
7.83397106778733
8.96462886809284
10.4603785571684
7.44985438484036
8.36865159286297
8.17708865290393
7.67178711615074
8.77436650886617
8.4400205396164
8.16266623472827
7.99559282230338
8.30988413752642
6.91269500571561
8.09304128751861
7.02696545689855
7.02240234982057
7.19211567184223
8.22543517161372
7.94043630114452
7.63253768465152
8.06261975168709
9.52717116669026
8.20400973653921
9.24732781857103
8.48225127747948
8.10665017735405
7.90162013642464
7.40034606821399
8.48311087819155
9.26910785145077
9.26867399734167
7.90104857156389
7.57256693931458
8.70371919701707
7.36333666162808
7.82417701892737
7.28151054050519
7.73754143682881
8.39657536197956
9.61101635642465
7.8953942622364
8.68686849771774
9.03575088816155
8.09618239426075
7.72066800748951
8.62361684572375
7.80248157560921
8.32920906748159
7.90698434991112
8.53155884863938
8.97556333105943
7.35117542188407
7.53703307951668
7.9658050986994
9.55026663119039
7.65987076007216
7.62211824237236
7.43740141843645
9.03628222815894
7.59583472670196
8.19960805878385
7.45878852767466
6.68024063378666
7.31437618918856
7.90415938335804
9.16825205887891
9.57833485102907
7.35551502166399
7.94820236868765
8.80967754613225
8.31846748330169
8.88808697975229
7.99241877396868
7.0912849826219
8.92978682781952
9.65238938646091
8.10050348689406
7.66067646750791
8.1324408059925
6.8157916658173
6.83758763987392
6.56900544088095
7.96991204520128
8.16429769246965
9.93161554170581
7.70369714985592
7.62434074091579
7.98308402549277
6.55183531350616
7.03853677753692
9.21294469638798
7.61968076173017
7.50074128630674
8.09944692738809
7.98147664034125
8.20540580072536
7.67185077768544
8.30225582402323
7.20251008765316
7.70150129040189
7.17594284913484
8.23615514351743
8.60371874517734
7.67505815821907
6.59840054030948
7.33671075683951
6.77014623382647
7.00084797986485
8.9662055121134
8.5496672656541
8.96480093002065
7.74085237030881
6.93120398665706
7.59634967888764
6.92232794099209
7.07034529764192
7.63344725050366
8.77325553943463
8.14125000938311
7.78252228599173
8.60607959562044
8.05731893140018
7.33913287396692
7.25180674145255
7.39524104374229
7.02700263745173
8.14200637296523
9.51564999939298
8.2054370208424
8.15324811845728
7.48868667908714
8.55331277717241
7.2397448167261
7.75124830566413
6.80919096535116
8.05591249363026
7.36025111330849
7.58233737982625
7.21079486727213
7.329693852349
7.60329005462538
9.64154676251107
8.61290056495033
9.28440491629208
9.23676752546216
8.34492461783467
8.04680166245578
8.48953312713274
9.17277563736329
8.2323827343692
8.06746327180449
8.50420275040902
9.25972974787823
9.46391697645915
8.68082280278204
9.48440169914918
9.01008954225146
8.63029239391996
8.23308030389897
8.23709958044046
9.66796999009221
8.93806844361139
8.07525077298871
8.69996406358514
7.74550529154695
8.79794546730052
9.15625590702367
8.22488098991062
9.52969017297002
8.28492625601948
9.52479880707558
8.4688613629916
8.0226293737576
8.55395778652142
8.26937825593469
10.2019247832202
7.57921960932653
8.797180715353
8.85125051133569
8.97429079592183
8.62724293854925
8.24977226712833
8.12662219825736
9.31418435623909
8.24569122553399
9.14011892080796
8.84712036447791
8.62940766961763
8.69779663894214
8.05819897290314
8.41392580573436
8.83867195981738
8.8129141677621
9.64530571254801
9.08434945764126
7.42511182092752
8.04790166188365
7.94232104730259
8.88584521965553
7.66563829179169
9.38115084327654
7.30790004733215
7.5228442681422
7.46536938780846
8.01232386456833
7.87209423639307
7.18830844794408
8.63384152295481
8.40085706935901
7.42467744539501
7.44194217224085
7.13443219873276
9.23316434707792
8.55978902108889
7.54333906465544
8.12259031105098
9.23416093883345
6.8680890979205
6.95066887098404
8.45172498328236
9.24126971720295
8.5398880443851
8.11057816514453
8.9601281577372
6.93862252580347
10.1429168719689
8.13754601557835
9.35565636430044
7.30080881336252
7.64066692357994
8.3631551320647
9.75466334553981
7.68159696542058
9.41840985019669
6.86848583011219
9.25047632488816
7.06266510777965
9.10548690771887
8.01909575126659
7.69420786013974
8.71560762913957
8.58931581360082
7.89453766138413
8.24601333819708
7.69456907850292
7.85761987899956
9.09021366598322
8.78760426687891
9.19441108356938
7.87799371814713
8.66847671825846
8.063213288496
9.20050784777335
9.9990067812543
8.7299399598218
6.76147231032072
7.36110017669271
8.40452928543982
8.68781262381097
8.04973798552571
9.40223829774319
8.78489204837338
8.74943709322319
8.49088021050334
8.25743398731529
8.0288213992385
8.36731714811774
8.47045882358644
7.39593095377239
7.04431398261727
8.4291161881568
7.4180421189472
7.88901944349499
7.73969490092
8.60098152529965
8.27140411697573
7.74596093247251
7.30889954770961
7.5993625619215
7.88740494712891
7.11413938186907
7.79341401963246
7.88318487924619
7.5204539698282
8.01874787625562
9.12136756942715
9.45137099398471
7.65269516324537
9.92736032340153
9.32051947939843
8.59974860360237
7.84836755757658
