-0.001
0.997
1.976
2.86773547094188
3.45937813440321
3.79959718026183
3.96986006458558
4.22246696035242
4.21656804733728
4.09632446134347
4.10432569974555
4.04713375796178
4.23521850899743
4.13509933774834
4.07908847184987
3.99864314789688
3.91256830601093
3.92392807745505
3.84327323162275
3.85533707865169
3.81196581196581
3.85509325681492
3.98982558139535
4.01176470588235
4.0074294205052
3.98947368421053
4.0258358662614
3.97085889570552
3.96434108527132
3.95625
4.0347551342812
4.07006369426752
4.06763285024155
4.1078431372549
4.22278056951424
4.01730103806228
4.09403254972875
4.0921052631579
4.16565656565657
4.05592841163311
3.9746192893401
3.95277777777778
3.9512987012987
3.98854961832061
3.79545454545455
3.86772486772487
3.91333333333333
3.61864406779661
3.55555555555556
3.68181818181818
3.625
3.72058823529412
3.53225806451613
3.39655172413793
3.89090909090909
3.56603773584906
3.63461538461538
3.9
3.78260869565217
3.52173913043478
3.91304347826087
3.54545454545455
3.57142857142857
3.53846153846154
3.38461538461538
3.58333333333333
3.46875
3.2962962962963
3.17391304347826
3.3125
3.09090909090909
2.5
3
3
3
2
3
4
10
10
1
1
1
2
2
3
2
1
2
