4.60541011182747
3.29702315302229
2.70673710526583
2.02739876308959
2.04723304222476
2.30862527440208
2.27344883767105
2.35287438495314
2.28153822129054
2.46744601750535
2.52977011440669
2.52645848634572
2.65523386582186
2.65536864226785
2.71595196895249
2.62022392634322
2.65895996349438
2.62493569990752
2.63216675929884
2.66861314808198
2.64705663364204
2.57595915848141
2.65994920631464
2.63281946184427
2.61625531842516
2.66461590829279
2.65843587729868
2.62594469582512
2.68509030470835
2.66203324197813
2.57254803543638
2.59918283972097
2.62542882860028
2.63772159989628
2.71629006334735
2.72846577953222
2.75447718255365
2.77006236475526
2.89595475645893
2.85173094284686
2.79182887400261
2.80535787145105
2.95604130145801
3.04511526388941
2.90710130167013
2.99644491927386
2.93275546283038
2.97579911185964
2.90864859808792
2.79340737953007
2.68612010727758
2.93539256585136
2.72866224223298
2.52126893337863
2.83872271340331
2.83335062240871
2.66797365899808
2.87902045331412
2.54968185459199
2.72310909271771
2.71604765063699
2.50766835675551
2.87769995523084
2.48100686009189
2.43769168466022
2.51757290972529
2.38203764045905
2.59131160834047
2.19465247100461
2.93289662469641
1.92581387272863
3.25226468921642
0.567871224666332
0.586693351509926
0.556934715133422
0.411788839411878
0.432754593945526
0.52785347432042
0.571459563645256
7.95549028816684
6.12054012668894
5.40945155230295
4.486577027809
4.00927902847968
2.96513153799825
4.75133091808405
5.52338278837752
3.81038612606456
6.20276297311272
