3.67847641883756
3.30722022279818
3.28642797681358
3.50921221547997
3.48371155158843
3.49859279869774
3.42764738226928
3.8663422279128
3.89017930414436
3.82430180853204
3.71796270351864
4.07433159047738
3.88824007676243
3.61848220672214
3.53692296822063
3.35094451655745
3.78485377848891
3.81058742882862
3.75594387816935
4.04725359443288
3.58075893878078
3.02900983434034
3.14562904862887
3.45589808074418
3.23741934280844
3.77508766373
3.59226320362893
3.55531701917323
2.97401842161536
3.14631344727337
3.25047869966746
3.3314393273472
3.34613322791103
3.51880050133707
3.28425975672381
3.31773651077543
3.33545691291959
3.52283168635496
3.7618301076229
3.97689820529178
3.51530641729955
3.33277770230735
3.41935832604849
3.4929528832533
3.51506433845336
3.8783848148964
3.56591386776484
3.24890312353608
3.34785784627588
3.90347326261536
3.80723808035298
3.57276876650884
3.69881545455006
3.3744983519085
3.69783588449441
3.52880656274041
2.88234760486713
3.37507227510623
3.52499700818821
3.35963796840607
3.71214008721778
3.57613590297988
3.28432806331446
3.57010327283182
3.18621684563671
3.84950721557487
3.31728518534697
3.50861466386353
3.01178878262974
2.80817711766523
3.54895929936242
3.49385610163409
3.68681101277928
3.72229007650788
3.62188219937897
3.54502591223812
3.49439325115087
3.55829798580057
3.46291050830995
3.28907392807117
3.78869468375596
3.65325548692422
2.23403150459468
3.5936723217346
3.54253026299472
3.77281865428192
3.63111946001059
3.46263152437575
3.51318940111642
3.84416934831774
3.17934884963112
3.54840466593561
3.58068385271691
3.68293444484497
3.5424830563804
3.55813673305009
3.32659634589155
3.99142032954499
3.98554735683568
3.54931948366573
3.67426193783288
3.94124416570121
3.61443838635454
3.55288490955973
3.71423178186397
3.96463878661713
3.60136925841562
3.75720432395351
3.58774963227725
3.98817609251198
4.04883158523442
3.82112445292807
3.81432090936555
3.9859822442061
3.42020958631877
3.5887054471091
3.23537301494892
3.56264197694633
3.84254575886287
3.49888370455034
3.27952144278362
3.70636980776519
3.33668224148788
3.72173279777366
3.4984695568041
3.51270995685428
3.43253605420852
3.82907054371852
3.59276885641249
3.62310249922483
3.59743871676014
3.22769376828169
3.76473234830899
3.09397173266057
3.6974945330387
3.0091748387391
3.54181981354397
3.88126875012123
3.3238419449502
3.70122256073462
3.30058312957757
3.66238534738965
3.75988076540247
3.29728227099055
3.44225577628079
3.50511049861907
3.46291888239364
3.79067880839404
3.83806782423758
3.69376798429331
4.01714911158447
3.95122813048644
3.7226551507127
3.55488450556355
3.9195685192991
3.57475447872736
3.65626721820619
3.47350178934178
3.66759379077389
3.4499873991568
3.31485658536917
3.50824233669809
3.44465442144985
3.78444190481613
3.72286098191938
3.68901198740381
3.4044692232052
3.77877302157576
3.49602128155711
3.58620075381571
3.92747547341227
3.70627485843342
3.36497190966843
3.69883541871525
3.65534499627578
3.78299518310725
2.53906023120009
3.59147671377802
3.38161304326309
3.58628379935267
3.54187095084274
3.64833621656378
3.94029976496083
3.5574413719602
3.60564171010143
3.48473521535252
3.59967975248999
3.63205093509032
3.67052161994646
4.04871980397469
3.6464345458492
3.73375834550161
3.97032111747515
4.05822992747041
3.56838821991286
3.64971596232536
3.72540991866832
2.18685839928714
3.4679898793683
3.5848359398486
3.49122017823661
3.4499608854428
3.43558078836409
3.81767066170328
3.65312842599905
3.22293359463668
3.2686311882778
3.73861401103003
3.53854602612179
3.2794160364948
3.596891976916
3.12874617523571
3.61244505766688
2.05143325778353
3.59248042357493
4.04140075588615
3.2270394213211
3.94472286911952
3.70611279717966
3.66508278335894
3.35869119098199
1.86942774913627
3.57852157788836
3.65673600949454
3.32283750078997
3.56751991158561
3.65243913011714
3.71496998379018
3.65760996560794
3.55914021821105
3.58318798221442
3.6412005282232
3.57294781849857
3.76186839697748
3.3966759601765
3.67117032285471
3.74449603702304
3.58027316302852
3.56141243420187
3.60960842667411
3.49667072558144
3.70791653223736
3.57452795942708
3.48972004037415
3.21613286614885
3.71488781406404
3.70092148492171
3.55892114181684
3.73862390405029
3.53551240196834
3.27301131263323
3.65840908637977
3.94093548028833
3.69943737081822
3.65022740412421
3.65214243545109
3.36185508247283
3.59039137286332
3.33878621065932
3.51851551111568
3.72304956294621
3.63230045302194
3.43276452762548
3.35438647280744
3.02819508271183
3.35564508983106
3.87945154239937
3.72215217889838
3.59485924839118
4.0722122683957
3.7752939881292
3.420394908369
3.58874373759901
3.51701905839557
3.44252369845181
3.64267754146252
3.56514887025278
3.38059030284725
3.81542462426498
3.35814859207382
3.34334426363581
3.62482745477495
3.43688105267061
3.85264001444445
3.27703492326154
3.4622096704441
3.29132157470311
3.40619406484003
3.35887510960004
3.62782745143902
3.57747715932289
3.68595726272952
3.72034475556537
3.72838920933631
3.65754784832205
3.65925531622448
3.77101375894381
3.71494401329158
3.93115456620219
3.5285784243925
3.84251973282237
3.76558170981331
3.86054474809239
3.61949756828517
3.75741642100079
3.6776653823827
3.3142814358525
3.31952561104533
3.54465876330657
3.40420378904742
3.40872785665008
3.55183992120297
3.54816773012859
3.53960077957132
3.73385227368109
3.5064063593253
3.85026768625702
3.99083548385638
3.55482890336008
3.59744768335512
3.41731308439463
3.88946167848007
3.73864554157281
3.68113838500111
3.79747616722728
3.99797301533505
3.83981389162628
3.860864104238
3.72046432225004
3.26877074521814
3.7853144073635
3.47098882993106
2.77169582801052
3.45158713883519
4.01053326850099
3.62507177885962
3.75876204967603
3.80961474443154
3.1616189252123
3.35819473645447
3.32984922302859
3.32963095356735
3.50597239256007
3.40534114078373
3.60403379131746
3.4753849034463
3.69379590696711
3.4979794908999
3.50752639206949
3.45069326572236
3.53616755062111
3.45540622981149
3.31471192266485
3.72331065280449
3.76009106101857
3.79077608310134
3.43488539063549
3.0098753786943
3.26192356145662
3.89255860379754
3.76044494603501
3.77060069186463
3.58034312803064
4.09950117758444
3.54590156383687
3.72869508909049
3.78274859898804
3.48280969647503
3.66172452050233
3.14425234980469
3.30017948879671
3.4433042510455
3.77411372704138
3.73478940600073
3.44716753371329
3.64361426874819
3.80969401615572
4.12515978934237
3.95926085180433
3.74525569248119
3.48403813452306
3.13154591923318
3.78336830425982
3.08975004244816
3.76984586992697
3.53412651880034
3.80729561957299
3.51478953598311
3.70705783795716
3.88001241352646
3.56527610867585
3.49052899997503
3.42905305351915
3.41219032090696
3.68843578196804
3.59926235231654
3.92942239728133
3.76736599393237
3.74339868291545
3.42682312987207
3.76774086691574
3.5931981957214
3.68446765288738
3.58795483657176
3.82984954951573
3.59198898138558
3.68628236226446
3.6455690841788
3.8312155713552
3.52597784358859
3.76767547216412
3.02300710008973
3.81812238706101
3.50770116043926
3.75314516369275
3.6030404832528
3.0683664559693
3.45804942405817
3.59713780944822
3.04786574072878
3.43474667435522
3.71103918831079
3.5936897975989
3.51354457892263
3.90588096163233
3.56324803529879
3.59537368015247
3.70965284547746
3.66003273792959
3.64751793559347
3.58493624829553
3.64607862330838
3.43868963612515
3.54993232105182
3.3647537653371
3.492105308311
3.44718016793372
3.59105318440326
3.91786567955313
3.66429934340257
3.79955702119805
3.51138542502458
3.47680788671265
3.31832614228182
3.54000919881471
3.55869613063503
3.56655914888501
3.68223506898649
3.76472815192596
3.61386037069877
3.54329168100201
3.93585266631568
3.76672974993931
3.72475119236204
3.25865673486284
3.41012488645771
3.22250587440136
3.41633674777462
3.51269015491117
3.86706667744658
3.34177562877496
3.22804740787012
3.29623477070803
3.53880998512698
3.50497152086199
3.59259680282926
3.5904493025738
3.45287960847911
3.70603372382063
3.64999266583721
3.22182673365689
3.39578886034136
3.49221554707564
3.77003200686764
3.33309984358661
3.68439441383729
3.72845144731942
3.37128041036809
3.28236574538209
3.52995934467401
3.56695619004305
3.58761201846377
3.62420895071935
3.47362931453738
3.65117671776567
3.80574580873152
3.72189604238241
3.29972376294779
3.31812507859482
3.19199111134501
3.27274231155416
3.38719541977832
3.73027498498671
3.58510729365635
2.6804260664172
3.55308228151688
3.51707228352522
3.72479360908659
3.73558939134496
3.55887304045415
3.39987461464477
3.79159623838179
3.68579369361764
3.82913044811653
3.60531212190361
3.76211124032381
3.59103788169109
3.7287623310422
3.7797886680573
3.22487238652692
3.23633101931514
3.55886988106229
3.47679565656882
4.08643185061997
3.67951948289663
3.78384203711109
3.50695370537276
3.41133664706585
3.62115708875102
3.57788515573918
3.6912336924639
3.53007076135897
3.63526783136281
3.52703607940521
3.27652184932643
3.86319482553334
3.2593868028745
3.6034679974958
3.52343171448755
3.70986921022182
3.76919749148152
3.57591257154405
3.62787320044163
3.74839417984037
3.59338156492436
3.45865159653289
3.79901209544437
4.02605732703026
4.43676333879409
3.62591590050316
3.61417140543517
3.46151524404905
3.34179749525084
3.40723611668582
2.85242467946066
3.37911937544172
3.61197856302299
3.51730452390686
3.67081779479164
3.87085675622159
3.63167748732448
3.65222494973893
3.75243457249486
3.98119111223522
4.0660583993552
3.70145387740411
3.62336825018748
3.61806864463462
3.4264423048317
3.47848012677593
3.25333766474323
3.43076380750781
3.58704008472934
3.45337313648913
3.55873970368196
3.63411295932965
3.6217529177474
3.58627152891435
3.740298339161
3.75999417113131
3.35870912579858
3.30457320472778
3.74377698045132
3.36880083788175
3.03487951416813
3.54323292573658
3.55738761459222
3.57429959301084
4.04974835621083
3.700128434157
3.5872664691608
2.57095731895671
3.66880105718354
3.9345937000057
3.67513138997322
3.55599292389876
3.75518673916524
2.98828476938473
1.96207391369819
3.60782599098388
3.97584797371073
3.82784345322796
3.7769752798447
3.62615621463526
3.835077824901
3.4718448632751
3.67537980016144
3.55369613814027
3.75570852390636
3.92698964828567
3.62813081614759
3.78790419009481
3.77342506626775
3.40040828266028
3.27529092246932
3.3682347147835
3.34968254348389
3.52085208665311
3.86079076820314
3.81975569008081
3.9352933887172
3.40109924705466
3.45180057342266
3.56688358256433
3.58209960791746
3.46536064019733
3.41998769517217
3.1331892752489
3.57274602298945
3.6137891890394
3.40954997934852
3.39632986017664
3.32312292208398
3.51162011170428
3.43234342133666
3.21933190401967
3.55670600026932
3.48966899296903
3.50866331207535
3.5679173584743
3.40413038148221
3.59630548504202
3.44393133705114
3.31542498130838
3.68605813317551
3.74120920250663
3.78323894170641
3.53084632137572
3.61656403966831
3.68070965857597
3.59111642263666
3.59234743003882
3.64454689642829
3.6656572297919
3.82273895714349
3.69873552870711
4.08928854978183
3.61046041206958
3.7112942867588
3.28285152472754
3.40360031336626
3.69140698405177
4.05666624986935
3.68026912264206
3.51000961311875
4.10156701415804
3.35191143289884
2.84801809170135
3.6271779805575
3.31108949375269
3.43529660788559
3.92874752623941
3.24791241423254
3.46750885315486
3.75649269881669
3.88073709274867
3.50333393386974
3.72061248832939
3.34264325882824
3.5493632115478
3.74562754027772
3.78933802255906
3.52613126817374
3.40023457653387
3.4696211642658
3.38525843591698
3.63928897530716
3.73245347389364
3.51858732071245
3.55544841415908
3.9389693205939
3.7815855886933
3.74453740387573
3.38134674900279
3.81232230596085
3.50201929390288
3.66317087033419
3.69936198824409
3.54428967734248
3.65769790169774
3.41912484872808
3.73893111181676
3.56846781257954
3.48861170717148
3.82558572362895
3.66933323582249
3.16852620832855
3.47260813327653
3.47631572863097
3.14564855435044
3.67954524577381
3.26127170877835
3.36234133704024
3.91993608596984
3.92547472425824
4.04544519080804
3.08015595474809
3.55670179822654
3.6374733034107
3.45620991296087
1.98957480957873
3.46422333556684
3.49308623544995
3.70304662023416
4.00564889761122
3.51496497931771
3.98146899932558
3.81820708230496
3.75713607210632
3.50445580488901
4.15023320639875
3.78910485318205
3.46945051437131
3.6762354637966
3.49228677616641
3.50425173200177
3.56843891022957
3.87691533133783
3.70211282712651
3.86992988237137
3.57280258943615
3.58668911274228
3.86089510758644
3.52669485039492
3.43407485278615
3.15404403481487
3.44868550902506
3.53717541996246
3.52554385738039
3.89118987071719
3.81570367742232
3.63940976750336
3.67204099910751
3.54043712786898
3.45589078486098
3.7169813030985
3.71292709207728
3.62194672958017
3.56651608639524
3.50692546328162
3.25559440165415
3.39464054908909
3.69155099496789
4.05596032641106
3.49894407425061
3.57962902367491
3.72723323611033
3.19724156188177
3.33926211437373
3.92341808929415
3.13008252443897
3.58962483329429
3.67073814694157
3.18195925347175
3.31851272677091
3.34585369380157
3.84621606728199
3.50293203931484
3.55012907475212
3.76214469992839
3.63197882059914
3.1950738058648
3.67639790959406
3.50391707042002
3.59918114997026
3.77238049343991
3.53274562571138
3.58923936797975
3.44624737114853
3.73992570681438
3.79891737614895
3.67948076535744
3.94556912074127
3.60539565099839
3.22657222362852
3.69273127802605
3.39035464800813
3.64000891577918
3.32962747759176
3.4180794186426
3.79129555692832
3.95468496955542
3.82258718376948
3.29607997841405
3.77771807232397
3.53909115114237
3.61076030169051
3.65771837471375
3.89511249234282
3.66223605802968
3.5642657177828
3.66491437220817
3.80432255139756
3.40539316876091
3.55006200504808
3.35219417667815
3.23361322617308
3.38093180893249
3.3497495736358
3.67573732154441
3.58470231804602
3.46040803366304
3.64585772114033
3.77842726818289
3.73555057948074
3.64546100297628
3.91542280003435
3.7049217228826
3.70382161903113
3.66755528373509
3.42801514319163
3.61054669986573
3.70239786429755
3.73593072600773
3.66502242041924
3.79982770525695
3.38509528514394
3.53077133556847
3.59550675305465
3.33710867927159
3.30570529478552
3.49326048203646
3.55789890398371
3.65279822048288
3.68834325385633
3.518968433142
3.45336483383976
3.60220217077755
3.48182302542437
3.12608370343409
3.52210832850063
3.84296076320375
3.54727617328356
3.36748339917964
3.55315179651361
3.41257722584185
3.8268557541115
2.87894481889334
3.75752366886504
3.97130741170712
3.78381390421553
3.54629123261086
3.45459010772296
3.30981785810449
3.23683922351562
3.23640655736467
3.72282573693209
3.57870822914186
4.05410384631423
3.65381961733329
3.64703533618409
3.27322422630005
3.35786357833009
3.49672751852473
3.58037261119981
3.49515067386458
3.71891721075675
3.66418322384572
3.12870322721053
3.58848648251546
3.65015157217095
4.03284233475741
4.09516267415767
3.79983887976302
3.59653125536181
2.78915160693291
3.32455252306466
3.04759642718525
3.41609175868577
3.35832734806378
3.60638568914988
3.81787994840797
3.67182659445801
3.56533968236322
3.19069725310887
3.44045422088906
3.46349765747306
3.57914634087403
3.12836901332855
3.7348006282092
3.74904232339117
3.30386194752678
3.50075571574961
3.87934358472159
3.58400675378811
4.03247652796869
3.49411274395965
3.70595089824831
3.54856898028872
3.59122366448017
3.50374955967628
3.50158914888022
3.32003481268997
3.62338188938601
2.70242850952949
3.4368717672878
3.27492326307466
3.89440653849108
3.91874263598073
3.37023885178558
3.63976240882492
3.3076964319851
3.59562216730301
3.69698192790687
3.54343554043651
3.94867681146541
4.01127787087388
3.94621779525925
3.01106970684132
3.3133087645026
3.42597880837238
3.52031122271611
4.07946964271293
2.9158663666938
2.53034937324995
4.16308356941685
3.48398373006333
3.45135517560122
3.58860673738319
3.41965365722552
3.71058060048211
3.82857307891189
3.70221753958475
3.75886044791355
3.19994382891552
3.36615429929114
3.62056986737278
3.38524185994247
3.4450290099503
3.39344965181459
3.75158161904257
3.67951738614814
3.64265800408297
3.51429870047253
3.69648305343141
3.46631357159951
3.77314000538893
3.50009729809143
3.48050938766924
3.73795521725204
3.44317896119791
3.87416925010148
3.76103655842553
3.62582613231874
3.92173670944777
3.77305447611225
3.55676120856996
3.46943384973189
4.08203609395394
3.81195661945252
3.97652339745845
3.63419459567352
4.07591428473118
3.40462969776835
3.52272355953346
3.71789091829973
3.79027878286864
3.3938786991663
3.50112508309039
3.40191364489014
3.4978187684511
3.5363794104404
3.57742949922589
3.73222244564701
3.49356168989514
3.73831272179292
4.08308194583979
3.51742798405916
3.77275787934947
3.34343260202971
3.60040325814018
3.39813364682111
3.74939787242631
3.76280364281402
3.91270757097347
3.98193089494159
3.20316074411689
3.56475312100241
3.69832637908136
3.53695634283544
3.80444049020681
3.42442035711912
3.81472126159179
3.74085144197768
3.62879527997501
3.50341583016208
3.45744190045408
3.54893138989485
3.88931478085106
3.84211956472869
