4.53382834380198
3.122730503872
2.63217613244087
1.96703689104725
2.03965049807482
2.23540807667847
2.1934702414074
2.1644346201102
2.14574672166677
2.25711815894752
2.37908847584757
2.36087179350242
2.50588717706418
2.48021470346667
2.54467219392055
2.45736364227154
2.50698964793644
2.47819468165459
2.51901362584456
2.52841891037632
2.56789414692736
2.4720457057327
2.50408695985547
2.43270078922991
2.47850672956341
2.48310858481927
2.53819098209647
2.43884943611118
2.54613877878177
2.49753630024573
2.50328083988072
2.49439793177027
2.48743588845312
2.48220023360195
2.53101214928121
2.58111441285664
2.59438632786886
2.56230592680851
2.69185831028141
2.69175959463697
2.65460911397048
2.64415791220544
2.7368497837957
2.74528432694385
2.6949974010814
2.7079203707459
2.75978260837742
2.80132867358428
2.77637397275924
2.7297175245964
2.65974167771094
2.82109571593565
2.65259321544584
2.47246096784874
2.73870431870997
2.75381655567694
2.67324390509415
2.80765417205508
2.57167946747283
2.63867114726063
2.62609327017044
2.45665347226485
2.61512401646333
2.38583823925473
2.24350730237604
2.29919990398883
2.37480731607098
2.48760563080979
2.07125627225293
2.65376241644819
2.11499626709554
3.25226468921642
0.567871224666332
0.586693351509926
0.556934715133422
0.411788839411878
0.432754593945526
0.52785347432042
0.571459563645256
7.95549028816684
6.12054012668894
5.40945155230295
4.486577027809
4.00927902847968
2.96513153799825
4.75133091808405
5.52338278837752
3.81038612606456
6.20276297311272
