3.67847641883756
3.30722022279818
3.28642797681358
3.50921221547997
3.48371155158843
3.49859279869774
3.42764738226928
3.8663422279128
3.89017930414436
3.82430180853204
3.71796270351864
4.07433159047738
3.88824007676243
3.61848220672214
3.53692296822063
3.35094451655745
3.78485377848891
3.81058742882862
3.75594387816935
4.04725359443288
3.58075893878078
3.02900983434034
3.14562904862887
3.45589808074418
3.23741934280844
3.77508766373
3.59226320362893
3.55531701917323
2.97401842161536
3.14631344727337
3.25047869966746
3.3314393273472
3.34613322791103
3.51880050133707
3.28425975672381
3.31773651077543
3.33545691291959
3.52283168635496
3.7618301076229
3.97689820529178
3.51530641729955
3.33277770230735
3.41935832604849
3.4929528832533
3.51506433845336
3.8783848148964
3.56591386776484
3.24890312353608
3.34785784627588
3.90347326261536
3.80723808035298
3.57276876650884
3.69881545455006
3.3744983519085
3.69783588449441
3.52880656274041
2.88234760486713
3.37507227510623
3.52499700818821
3.35963796840607
3.71214008721778
3.57613590297988
3.28432806331446
3.57010327283182
3.18621684563671
3.84950721557487
3.31728518534697
3.50861466386353
3.01178878262974
2.80817711766523
3.54895929936242
3.49385610163409
3.68681101277928
3.72229007650788
3.62188219937897
3.54502591223812
3.49439325115087
3.55829798580057
3.46291050830995
3.28907392807117
3.78869468375596
3.65325548692422
2.23403150459468
3.5936723217346
3.54253026299472
3.77281865428192
3.63111946001059
3.46263152437575
3.51318940111642
3.84416934831774
3.17934884963112
3.54840466593561
3.58068385271691
3.68293444484497
3.5424830563804
3.55813673305009
3.32659634589155
3.99142032954499
3.98554735683568
3.54931948366573
3.67426193783288
3.94124416570121
3.61443838635454
3.55288490955973
3.71423178186397
3.96463878661713
3.60136925841562
3.75720432395351
3.58774963227725
3.98817609251198
4.04883158523442
3.82112445292807
3.81432090936555
3.9859822442061
3.42020958631877
3.5887054471091
3.23537301494892
3.56264197694633
3.84254575886287
3.49888370455034
3.27952144278362
3.70636980776519
3.33668224148788
3.72173279777366
3.4984695568041
3.51270995685428
3.43253605420852
3.82907054371852
3.59276885641249
3.62310249922483
3.59743871676014
3.22769376828169
3.76473234830899
3.09397173266057
3.6974945330387
3.0091748387391
3.54181981354397
3.88126875012123
3.3238419449502
3.70122256073462
3.30058312957757
3.66238534738965
3.75988076540247
3.29728227099055
3.44225577628079
3.50511049861907
3.46291888239364
3.79067880839404
3.83806782423758
3.69376798429331
4.01714911158447
3.95122813048644
3.7226551507127
3.55488450556355
3.9195685192991
3.57475447872736
3.65626721820619
3.47350178934178
3.66759379077389
3.4499873991568
3.31485658536917
3.50824233669809
3.44465442144985
3.78444190481613
3.72286098191938
3.68901198740381
3.4044692232052
3.77877302157576
3.49602128155711
3.58620075381571
3.92747547341227
3.70627485843342
3.36497190966843
3.69883541871525
3.65534499627578
3.78299518310725
2.53906023120009
3.59147671377802
3.38161304326309
3.58628379935267
3.54187095084274
3.64833621656378
3.94029976496083
3.5574413719602
3.60564171010143
3.48473521535252
3.59967975248999
3.63205093509032
3.67052161994646
4.04871980397469
3.6464345458492
3.73375834550161
3.97032111747515
4.05822992747041
3.56838821991286
3.64971596232536
3.72540991866832
2.18685839928714
3.4679898793683
3.5848359398486
3.49122017823661
3.4499608854428
3.43558078836409
3.81767066170328
3.65312842599905
3.22293359463668
3.2686311882778
3.73861401103003
3.53854602612179
3.2794160364948
3.596891976916
3.12874617523571
3.61244505766688
2.05143325778353
3.59248042357493
4.04140075588615
3.2270394213211
3.94472286911952
3.70611279717966
3.66508278335894
3.35869119098199
1.86942774913627
3.57852157788836
3.65673600949454
3.32283750078997
3.56751991158561
3.65243913011714
3.71496998379018
3.65760996560794
3.55914021821105
3.58318798221442
3.6412005282232
3.57294781849857
3.76186839697748
3.3966759601765
3.67117032285471
3.74449603702304
3.58027316302852
3.56141243420187
3.60960842667411
3.49667072558144
3.70791653223736
3.57452795942708
3.48972004037415
3.21613286614885
3.71488781406404
3.70092148492171
3.55892114181684
3.73862390405029
3.53551240196834
3.27301131263323
3.65840908637977
3.94093548028833
3.69943737081822
3.65022740412421
3.65214243545109
3.36185508247283
3.59039137286332
3.33878621065932
3.51851551111568
3.72304956294621
3.63230045302194
3.43276452762548
3.35438647280744
3.02819508271183
3.35564508983106
3.87945154239937
3.72215217889838
3.59485924839118
4.0722122683957
3.7752939881292
3.420394908369
3.58874373759901
3.51701905839557
3.44252369845181
3.64267754146252
3.56514887025278
3.38059030284725
3.81542462426498
3.35814859207382
3.34334426363581
3.62482745477495
3.43688105267061
3.85264001444445
3.27703492326154
3.4622096704441
3.29132157470311
3.40619406484003
3.35887510960004
3.62782745143902
3.57747715932289
3.68595726272952
3.72034475556537
3.72838920933631
3.65754784832205
3.65925531622448
3.77101375894381
3.71494401329158
3.93115456620219
3.5285784243925
3.84251973282237
3.76558170981331
3.86054474809239
3.61949756828517
3.75741642100079
3.6776653823827
3.3142814358525
3.31952561104533
3.54465876330657
3.40420378904742
3.40872785665008
3.55183992120297
3.54816773012859
3.53960077957132
3.73385227368109
3.5064063593253
3.85026768625702
3.99083548385638
3.55482890336008
3.59744768335512
3.41731308439463
3.88946167848007
3.73864554157281
3.68113838500111
3.79747616722728
3.99797301533505
3.83981389162628
3.860864104238
3.72046432225004
3.26877074521814
3.7853144073635
3.47098882993106
2.77169582801052
3.45158713883519
4.01053326850099
3.62507177885962
3.75876204967603
3.80961474443154
3.1616189252123
3.35819473645447
3.32984922302859
3.32963095356735
3.50597239256007
3.40534114078373
3.60403379131746
3.4753849034463
3.69379590696711
3.4979794908999
3.50752639206949
3.45069326572236
3.53616755062111
3.45540622981149
3.31471192266485
3.72331065280449
3.76009106101857
3.79077608310134
3.43488539063549
3.0098753786943
3.26192356145662
3.89255860379754
3.76044494603501
3.77060069186463
3.58034312803064
4.09950117758444
3.54590156383687
3.72869508909049
3.78274859898804
3.48280969647503
3.66172452050233
3.14425234980469
3.30017948879671
3.4433042510455
3.77411372704138
3.73478940600073
3.44716753371329
3.64361426874819
3.80969401615572
4.12515978934237
3.95926085180433
3.74525569248119
3.48403813452306
3.13154591923318
3.78336830425982
3.08975004244816
3.76984586992697
3.53412651880034
3.80729561957299
3.51478953598311
3.70705783795716
3.88001241352646
3.56527610867585
3.49052899997503
3.42905305351915
3.41219032090696
3.68843578196804
3.59926235231654
3.92942239728133
3.76736599393237
3.74339868291545
3.42682312987207
3.76774086691574
3.5931981957214
3.68446765288738
3.58795483657176
3.82984954951573
3.59198898138558
3.68628236226446
3.6455690841788
3.8312155713552
3.52597784358859
3.76767547216412
3.02300710008973
3.81812238706101
3.50770116043926
3.75314516369275
3.6030404832528
3.0683664559693
3.45804942405817
3.59713780944822
3.04786574072878
3.43474667435522
3.71103918831079
3.5936897975989
3.51354457892263
3.90588096163233
3.56324803529879
3.59537368015247
3.70965284547746
3.66003273792959
3.64751793559347
3.58493624829553
3.64607862330838
3.43868963612515
3.54993232105182
3.3647537653371
3.492105308311
3.44718016793372
3.59105318440326
3.91786567955313
3.66429934340257
3.79955702119805
3.51138542502458
3.47680788671265
3.31832614228182
3.54000919881471
3.55869613063503
3.56655914888501
3.68223506898649
3.76472815192596
3.61386037069877
3.54329168100201
3.93585266631568
3.76672974993931
3.72475119236204
3.25865673486284
3.41012488645771
3.22250587440136
3.41633674777462
3.51269015491117
3.86706667744658
3.34177562877496
3.22804740787012
3.29623477070803
3.53880998512698
3.50497152086199
3.59259680282926
3.5904493025738
3.45287960847911
3.70603372382063
3.64999266583721
3.22182673365689
3.39578886034136
3.49221554707564
3.77003200686764
3.33309984358661
3.68439441383729
3.72845144731942
3.37128041036809
3.28236574538209
3.52995934467401
3.56695619004305
3.58761201846377
3.62420895071935
3.47362931453738
3.65117671776567
3.80574580873152
3.72189604238241
3.29972376294779
3.31812507859482
3.19199111134501
3.27274231155416
3.38719541977832
3.73027498498671
3.58510729365635
2.6804260664172
3.55308228151688
3.51707228352522
3.72479360908659
3.73558939134496
3.55887304045415
3.39987461464477
3.79159623838179
3.68579369361764
3.82913044811653
3.60531212190361
3.76211124032381
3.59103788169109
3.7287623310422
3.7797886680573
3.22487238652692
3.23633101931514
3.55886988106229
3.47679565656882
4.08643185061997
3.67951948289663
3.78384203711109
3.50695370537276
3.41133664706585
3.62115708875102
3.57788515573918
3.6912336924639
3.53007076135897
3.63526783136281
3.52703607940521
3.27652184932643
3.86319482553334
3.2593868028745
3.6034679974958
3.52343171448755
3.70986921022182
3.76919749148152
3.57591257154405
3.62787320044163
3.74839417984037
3.59338156492436
3.45865159653289
3.79901209544437
4.02605732703026
4.43676333879409
3.62591590050316
3.61417140543517
3.46151524404905
3.34179749525084
3.40723611668582
2.85242467946066
3.37911937544172
3.61197856302299
3.51730452390686
3.67081779479164
3.87085675622159
3.63167748732448
3.65222494973893
3.75243457249486
3.98119111223522
4.0660583993552
3.70145387740411
3.62336825018748
3.61806864463462
3.4264423048317
3.47848012677593
3.25333766474323
3.43076380750781
3.58704008472934
3.45337313648913
3.55873970368196
3.63411295932965
3.6217529177474
3.58627152891435
3.740298339161
3.75999417113131
3.35870912579858
3.30457320472778
3.74377698045132
3.36880083788175
3.03487951416813
3.54323292573658
3.55738761459222
3.57429959301084
4.04974835621083
3.700128434157
3.5872664691608
2.57095731895671
3.66880105718354
3.9345937000057
3.67513138997322
3.55599292389876
3.75518673916524
2.98828476938473
1.96207391369819
3.60782599098388
3.97584797371073
3.82784345322796
3.7769752798447
3.62615621463526
3.835077824901
3.4718448632751
3.67537980016144
3.55369613814027
3.75570852390636
3.92698964828567
3.62813081614759
3.78790419009481
3.77342506626775
3.40040828266028
3.27529092246932
3.3682347147835
3.34968254348389
3.52085208665311
3.86079076820314
3.81975569008081
3.9352933887172
3.40109924705466
3.45180057342266
3.56688358256433
3.58209960791746
3.46536064019733
3.41998769517217
3.1331892752489
3.57274602298945
3.6137891890394
3.40954997934852
3.39632986017664
3.32312292208398
3.51162011170428
3.43234342133666
3.21933190401967
3.55670600026932
3.48966899296903
3.50866331207535
3.5679173584743
3.40413038148221
3.59630548504202
3.44393133705114
3.31542498130838
3.68605813317551
3.74120920250663
3.78323894170641
3.53084632137572
3.61656403966831
3.68070965857597
3.59111642263666
3.59234743003882
3.64454689642829
3.6656572297919
3.82273895714349
3.69873552870711
4.08928854978183
3.61046041206958
3.7112942867588
3.28285152472754
3.40360031336626
3.69140698405177
4.05666624986935
3.68026912264206
3.51000961311875
4.10156701415804
3.35191143289884
2.84801809170135
3.6271779805575
3.31108949375269
3.43529660788559
3.92874752623941
3.24791241423254
3.46750885315486
3.75649269881669
3.88073709274867
3.50333393386974
3.72061248832939
3.34264325882824
3.5493632115478
3.74562754027772
3.78933802255906
3.52613126817374
3.40023457653387
3.4696211642658
3.38525843591698
3.63928897530716
3.73245347389364
3.51858732071245
3.55544841415908
3.9389693205939
3.7815855886933
3.74453740387573
3.38134674900279
3.81232230596085
3.50201929390288
3.66317087033419
3.69936198824409
3.54428967734248
3.65769790169774
3.41912484872808
3.73893111181676
3.56846781257954
3.48861170717148
3.82558572362895
3.66933323582249
3.16852620832855
3.47260813327653
3.47631572863097
3.14564855435044
3.67954524577381
3.26127170877835
3.36234133704024
3.91993608596984
3.92547472425824
4.04544519080804
3.08015595474809
3.55670179822654
3.6374733034107
3.45620991296087
1.98957480957873
3.46422333556684
3.49308623544995
3.70304662023416
4.00564889761122
3.51496497931771
3.98146899932558
3.81820708230496
3.75713607210632
3.50445580488901
4.15023320639875
3.78910485318205
3.46945051437131
3.6762354637966
3.49228677616641
3.50425173200177
3.56843891022957
3.87691533133783
3.70211282712651
3.86992988237137
3.57280258943615
3.58668911274228
3.86089510758644
3.52669485039492
3.43407485278615
3.15404403481487
3.44868550902506
3.53717541996246
3.52554385738039
3.89118987071719
3.81570367742232
3.63940976750336
3.67204099910751
3.54043712786898
3.45589078486098
3.7169813030985
3.71292709207728
3.62194672958017
3.56651608639524
3.50692546328162
3.25559440165415
3.39464054908909
3.69155099496789
4.05596032641106
3.49894407425061
3.57962902367491
3.72723323611033
3.19724156188177
3.33926211437373
3.92341808929415
3.13008252443897
3.58962483329429
3.67073814694157
3.18195925347175
3.31851272677091
3.34585369380157
3.84621606728199
3.50293203931484
3.55012907475212
3.76214469992839
3.63197882059914
3.1950738058648
3.67639790959406
3.50391707042002
3.59918114997026
3.77238049343991
3.53274562571138
3.58923936797975
3.44624737114853
3.73992570681438
3.79891737614895
3.67948076535744
3.94556912074127
3.60539565099839
3.22657222362852
3.69273127802605
3.39035464800813
3.64000891577918
3.32962747759176
3.4180794186426
3.79129555692832
3.95468496955542
3.82258718376948
3.29607997841405
3.77771807232397
3.53909115114237
3.61076030169051
3.65771837471375
3.89511249234282
3.66223605802968
3.5642657177828
3.66491437220817
3.80432255139756
3.40539316876091
3.55006200504808
3.35219417667815
3.23361322617308
3.38093180893249
3.3497495736358
3.67573732154441
3.58470231804602
3.46040803366304
3.64585772114033
3.77842726818289
3.73555057948074
3.64546100297628
3.91542280003435
3.7049217228826
3.70382161903113
3.66755528373509
3.42801514319163
3.61054669986573
3.70239786429755
3.73593072600773
3.66502242041924
3.79982770525695
3.38509528514394
3.53077133556847
3.59550675305465
3.33710867927159
3.30570529478552
3.49326048203646
3.55789890398371
3.65279822048288
3.68834325385633
3.518968433142
3.45336483383976
3.60220217077755
3.48182302542437
3.12608370343409
3.52210832850063
3.84296076320375
3.54727617328356
3.36748339917964
3.55315179651361
3.41257722584185
3.8268557541115
2.87894481889334
3.75752366886504
3.97130741170712
3.78381390421553
3.54629123261086
3.45459010772296
3.30981785810449
3.23683922351562
3.23640655736467
3.72282573693209
3.57870822914186
4.05410384631423
3.65381961733329
3.64703533618409
3.27322422630005
3.35786357833009
3.49672751852473
3.58037261119981
3.49515067386458
3.71891721075675
3.66418322384572
3.12870322721053
3.58848648251546
3.65015157217095
4.03284233475741
4.09516267415767
3.79983887976302
3.59653125536181
2.78915160693291
3.32455252306466
3.04759642718525
3.41609175868577
3.35832734806378
3.60638568914988
3.81787994840797
3.67182659445801
3.56533968236322
3.19069725310887
3.44045422088906
3.46349765747306
3.57914634087403
3.12836901332855
3.7348006282092
3.74904232339117
3.30386194752678
3.50075571574961
3.87934358472159
3.58400675378811
4.03247652796869
3.49411274395965
3.70595089824831
3.54856898028872
3.59122366448017
3.50374955967628
3.50158914888022
3.32003481268997
3.62338188938601
2.70242850952949
3.4368717672878
3.27492326307466
3.89440653849108
3.91874263598073
3.37023885178558
3.63976240882492
3.3076964319851
3.59562216730301
3.69698192790687
3.54343554043651
3.94867681146541
4.01127787087388
3.94621779525925
3.01106970684132
3.3133087645026
3.42597880837238
3.52031122271611
4.07946964271293
2.9158663666938
2.53034937324995
4.16308356941685
3.48398373006333
3.45135517560122
3.58860673738319
3.41965365722552
3.71058060048211
3.82857307891189
3.70221753958475
3.75886044791355
3.19994382891552
3.36615429929114
3.62056986737278
3.38524185994247
3.4450290099503
3.39344965181459
3.75158161904257
3.67951738614814
3.64265800408297
3.51429870047253
3.69648305343141
3.46631357159951
3.77314000538893
3.50009729809143
3.48050938766924
3.73795521725204
3.44317896119791
3.87416925010148
3.76103655842553
3.62582613231874
3.92173670944777
3.77305447611225
3.55676120856996
3.46943384973189
4.08203609395394
3.81195661945252
3.97652339745845
3.63419459567352
4.07591428473118
3.40462969776835
3.52272355953346
3.71789091829973
3.79027878286864
3.3938786991663
3.50112508309039
3.40191364489014
3.4978187684511
3.5363794104404
3.57742949922589
3.73222244564701
3.49356168989514
3.73831272179292
4.08308194583979
3.51742798405916
3.77275787934947
3.34343260202971
3.60040325814018
3.39813364682111
3.74939787242631
3.76280364281402
3.91270757097347
3.98193089494159
3.20316074411689
3.56475312100241
3.69832637908136
3.53695634283544
3.80444049020681
3.42442035711912
3.81472126159179
3.74085144197768
3.62879527997501
3.50341583016208
3.45744190045408
3.54893138989485
3.88931478085106
3.84211956472869
3.15206213296338
3.30955931964341
3.68625898223905
3.32774768551661
4.0304318927909
3.7027553488707
3.67720284929192
3.38464616702568
3.09328328126439
3.57900716061371
3.73847353531183
4.03640865382948
3.58335258462578
3.6633967403767
3.47905926246565
3.58607932462038
3.96072193352694
3.65287434492573
3.7360171992668
3.68673793435236
3.68746998236242
3.76057253841112
4.10803331155873
3.24611199090714
3.58472559590588
3.61560194361319
3.52471138270556
4.01725898944344
3.748852106212
3.96547836108545
3.71135809467446
3.73566353362659
3.45543291267439
3.72528124730152
3.86464695062549
3.05773135048097
3.22619722334494
3.53134561107805
3.35852973708751
3.30412648774304
3.96452429039835
3.61899081758225
3.68043006819304
3.8558170300169
3.64759494405925
3.68432517179349
3.51488094174358
3.99079513965115
3.51563795433816
3.72128891784331
3.61001589673307
3.14335852102453
3.48878359944875
3.50586453827349
3.62319780452221
3.62310128129268
3.00035853178565
3.77174759523912
3.65134472654715
3.59365588498017
3.86380170915518
3.54574091127736
3.70758207985529
3.73965609996371
3.92082003103224
3.48710312309107
3.83459459234503
3.65493283657404
3.99512305113824
3.66876774258716
3.53032585748276
3.83865884161774
3.52971503917801
3.50758745017608
3.99574824334139
3.49054217076432
3.36706694595344
3.70579640880023
3.18962793493453
3.87402911878703
2.87276512038791
3.86228329632493
3.72176668327308
3.58024878072318
3.66940036886619
4.08930106049325
3.30890460299309
3.57390166644199
3.81345027275448
3.94978297911007
3.68823963753449
2.22738984105915
3.46335783556175
3.69847282982038
3.4611332460805
3.70093988912514
3.51927235576926
3.6799474455113
3.70767023590969
3.57287571607073
3.64119199656992
3.42924627652648
3.45220537867065
3.42258767959548
3.61802438879885
3.17614725233841
3.39175039564076
3.5755261083623
3.47060969144866
2.2803033439845
3.52097481786838
3.6695388816869
3.58826935351366
3.66537626648753
2.94345445743696
3.00495479048647
3.14622582165712
3.43801603741003
3.64300499442089
3.55217692838488
3.63107043581791
3.65073992470367
2.07807738548079
3.91000245255368
3.52864064292244
3.57739660646696
3.7114758032563
3.81138871408474
3.82145687118699
3.51529778754295
3.5713531092069
3.83851867893613
2.69663792567552
3.4393104532139
3.31982504434077
3.38649560040687
3.61376302208423
3.16805581168421
3.21769195888757
3.89570530173089
3.38486509619247
3.66055529266682
3.25746571544818
3.37333795885709
3.47760331842612
3.27856182845314
3.63308926155412
3.41798270348826
3.73259051060727
3.95257275526827
3.44594528776779
3.42782184558683
3.51255663147521
4.04708024918297
3.42664151002741
3.50929462099265
3.35894751957662
3.53843023452405
2.96560453219932
3.30170971478429
3.74749840484437
3.51750889895647
3.62055748609292
3.91326509434564
3.80640693938452
3.42312076114091
3.69363841407542
3.84762639180465
3.47889578160688
2.26955319440999
3.47084244614786
3.53580590228508
3.62321385883288
3.4161721553707
3.42048979072186
3.78245412825772
3.33541756353271
3.31208142534274
3.57583815299415
3.43622195170251
2.85756688027319
3.25261693317973
3.12357056371121
3.66689462444292
3.45413092351138
3.31172161046553
3.53063782508554
3.26218665500551
2.99778829633463
3.3754646132934
3.57354626857876
3.59949422155513
3.49245433583062
3.23337412838668
3.34350175684204
2.83534711491882
3.77530446713895
3.80863504685848
3.60309716434028
3.71511270082387
3.4259721792849
3.4998333412744
3.46053683111982
3.61733077324673
3.69807403698182
3.694621784828
3.61303107655169
3.96120749745372
2.93682162029909
3.34942062424046
3.59636011677001
3.66745313763049
3.85412169216324
3.48558251935048
3.79661426715278
3.35849664829852
3.40461954452408
3.10083205858096
2.72485385314508
3.40419201214723
3.36252301225232
3.48173427621956
3.26767883288231
3.57451788250616
3.41370768139084
3.33032578665692
3.56609380309227
3.76127005529093
3.27603112165083
3.67191397091617
3.76811281535206
3.94987252229237
3.44717169181071
3.67959770224227
3.72365382597943
3.77420137142594
3.25125244535615
3.58138066853186
3.47433020992515
3.21990178422099
3.81544842821711
3.5738429288281
3.72432214511543
3.41138696531497
3.23452692627155
3.33676467209241
3.63556448593514
3.60717820363998
3.3602784772161
3.50854690958905
3.50961515084822
3.49032290975125
3.61398949558995
3.76930973814017
3.24593364098545
3.43731309754782
3.9141540235505
3.16586736481831
3.47327365896324
3.34535232294401
3.3840921736637
3.74721484107953
3.9957198996453
3.29074692498849
3.44081538993759
3.61342421813252
3.49227137437033
3.22089315466399
3.47505457870552
4.02086218614085
3.71425657405045
3.92668937484105
3.70781926780953
3.46717457032109
3.57862180875481
3.0370111506182
3.61487520715536
4.0446014776949
3.7102793619729
3.72814481230809
3.55626005549449
3.36006327588387
3.8201885632161
3.64337262795961
3.55552364261114
3.57627166773067
3.7382362698865
3.77081102766868
3.51934802309782
3.58881807214511
3.48923781629568
3.59553251175269
3.51148970408116
3.64785709869854
3.19076523907049
3.52907192136732
3.408068666859
3.73775884103393
3.58251389317237
3.57053094206726
3.60321609471828
3.66201503128431
3.5740453699141
3.9253735875736
3.5839501378571
3.33938236117519
3.33827941459558
3.66850552996586
3.62895830503873
4.05139559211601
3.38617053778606
3.57788772026652
3.68536628567168
3.59659996904458
3.85663842231433
3.72496984641974
4.15477921209818
3.72401473185934
3.41730833989631
3.13347293566765
3.3557861603722
3.56951314608972
3.81277613448584
3.66589340878611
3.15057587541549
3.31790653811524
3.59744737205145
3.5270668861157
3.7586516416677
3.39909747038495
3.82714021811003
3.79496406154175
3.97191831192033
3.39699199348156
3.41610287754143
3.70262636339246
3.68359612508562
3.99060908631763
3.63914597668494
3.42623360727265
3.23478772646725
3.27140989066819
2.90321761062202
3.49994294141388
3.77938165002385
3.72826839241144
3.50675778968476
3.96248536471851
3.67217657833085
3.340700615472
3.35752660818392
3.5629152355614
3.6081154486894
2.68205831595783
3.5271056681024
3.4001805594063
3.60176865586676
3.37758969916349
3.26946221048819
3.49488771222534
3.28695820345018
3.82342772102406
3.90636661122516
4.18615574830968
3.76804227805106
3.59254531721464
3.76478785387775
3.96587753551804
4.25643710278927
3.80500097059572
3.54457384973097
3.49581556287433
3.5257206652547
3.70551903213229
3.83507210748758
3.70207991271513
4.02021135466361
3.92153183252027
3.37809651443061
3.52734452145841
3.50810964563685
3.92808643540328
3.95482713048339
2.89898069541635
3.60158353996109
3.64018890521772
3.6353388179883
3.40267225525221
3.54729697532979
3.35915863357143
2.70298043298807
3.46724248020779
3.82235669088654
3.75012967105288
4.04184848764901
3.88540873556757
2.34096121233866
3.71458419919088
3.7048401041985
3.8277125968112
3.62044968088618
3.64032520554646
3.44740139540413
3.87184771561533
3.45221637456606
3.60743448393943
3.95927705352792
3.42786876706164
3.62158184095211
3.40845113555974
3.56417471930173
3.64200201246752
3.30987335750895
3.27433697003338
3.82905233773333
3.70630820220991
3.49104717803915
3.43886708456788
3.43129491650279
3.6750867014837
3.82534110205879
3.94876908668958
3.64132726848777
3.88549363042174
3.54093667724375
3.29912424327887
3.20060467059843
3.33117927927261
3.89413331072405
3.4952858193398
3.66146009683399
3.52311161275779
3.50184422112708
3.50959592723876
3.9192859472028
3.52221171600705
3.09361099790526
2.81208118036726
3.66238290833106
3.64634307495748
3.52657747814831
3.72429946859821
3.66770062669212
3.59055781916649
3.70350455883063
3.81857106403608
3.45147455496936
3.24921690798752
3.45792099890475
3.73362502485497
3.53845137047681
3.65527905021771
3.79044136697111
3.46915849744392
3.46016691570606
3.13662852275896
3.61719954219148
3.64100702470503
3.63756138200836
3.65787055466976
3.55490252258803
3.46126291944009
3.6584124984622
3.51809005371342
3.42029428028203
3.68820914947707
3.43030912238126
3.32638160649351
3.47729029893996
3.82944806729067
3.61396183898673
3.64100887839901
3.51054377276217
3.60332867877456
3.66684139711804
3.28668548429257
3.76504181809809
3.46124995756781
3.55891897047315
3.63360584721311
3.39913093740529
3.45639255713835
3.25737385867779
3.23127933885446
3.58479504999193
3.35255069603672
3.53358628344861
3.69378954369266
3.68500712585067
3.25498697844807
3.22869035173671
3.82382854608469
3.61914209030937
3.62282606807562
3.14949701306388
3.39711828093196
3.3730862334692
3.30012846976384
3.53305689884957
3.72681575686674
3.69407678858003
3.73283944908158
3.67863477581598
3.46657851937697
3.80748484437377
3.77735930456076
3.68954651771363
3.29176233359222
3.66225176841084
3.44031369824132
3.19567440365642
3.40198624811068
3.34357055356366
3.73063717680713
3.66977911451621
3.41055816097919
3.44503954014396
3.19188741777364
3.65914819216642
3.60684341756235
3.52132224821671
3.32415485971591
3.35303581820281
3.52150952544736
3.48987487898859
3.40302202190123
3.38072802184095
2.84015884048944
3.40243812322267
3.43343005484204
3.21290853399991
3.63791837274852
3.53949043527477
3.40379830798393
3.65404741458739
3.87377196213236
3.84683184978708
3.75562270526705
3.43695306092967
3.54556461096062
3.46583074079919
2.88682585252467
3.28791247856646
3.60139637665009
3.67799910617379
3.60781409404177
3.55652093312642
3.62027034322118
3.61035035029572
3.48112566397781
3.54706063238089
3.47637566857907
3.71117298887158
3.69279504885696
3.86595464911588
3.6781816014431
3.51141355447131
2.00755420449706
3.41029308105862
3.69323047847266
3.56439697315348
3.97643263045367
3.60364207726025
3.42782901199163
3.91301769275753
3.65001868081829
3.61600822245512
3.72581959051962
3.81714083338274
3.71234862187224
3.6848162438464
3.72560203598982
3.33436823934399
3.72478941810227
3.38048379017037
3.965743278356
3.49821478330766
3.58716324661128
3.55483280623816
3.85451690966555
3.75131051810504
3.77358175923525
4.21127659503505
3.666318087208
3.74399905693682
3.33556028449241
3.25334217638523
3.43148478073638
3.49609949474125
3.92627904719617
3.36661478030903
4.02408657177213
3.55334296695412
3.28171443046882
3.55872707088518
3.37964693156973
3.42323236332884
2.85734009600355
3.13437477229722
3.55797523192585
2.47422197651927
3.11076333331328
3.28718539639732
3.5570534571442
3.65518055351357
3.43898170272261
3.41264518535547
3.60318645533311
3.70191802477375
4.01862312875466
3.58136902647162
3.81090045091256
3.4247109799246
3.81761082553572
3.65352334838247
3.16364709489948
3.63493030678196
3.13691325829937
3.31660494095111
3.60399318695591
3.6692045238947
3.65414050600005
3.48148379432524
3.91714525181088
3.36013233613747
3.45879826535229
3.83668294767678
3.73324404988553
3.59865444355632
3.74604621045434
3.79875844796278
3.38704805081265
3.71488656225281
3.83736376373269
3.49042903563716
3.30870162027244
3.62039452474905
3.79423065535532
3.22966128275543
3.91297224361596
3.75223556077737
4.08139958293202
3.08438668661124
3.90466436004539
3.77238470082363
3.35231016454108
3.4105184505837
3.4295897634856
3.40267822377818
3.47725045247547
3.66400222682257
3.11206953556529
3.50635300619329
3.4972907317977
3.82163360880627
3.4324178254649
3.6955026309594
3.40624893735544
3.82040557223989
3.55767289083772
3.5770772331423
3.4053644979638
3.44983556777299
3.45324644936737
3.90305033097999
3.54065031490713
2.65837640001449
3.40862157935806
3.41869332107667
3.34109439247172
2.8514348221232
3.5696783624182
3.29246564946286
3.82971144032496
3.43607841341497
3.81561323596587
3.59187275593974
3.4476428308186
3.68983973040235
3.24592744073744
3.48130629163737
3.55894034323502
2.93473236190525
4.00160440465903
3.42740351525814
4.08239083888913
3.80305207879895
2.37543000703349
3.85157101577971
3.1849208048632
3.5722457546359
3.63436969339085
3.05782697409953
3.64530277268939
3.44722382437468
3.66496476217364
3.52066500079178
3.94940740556392
3.61651728871717
4.0049820187061
3.61318765922772
3.57270479233738
3.79043211672402
3.41225323104351
3.43814533363982
3.45676979618223
3.86690854686028
3.66277206556416
3.55749350183413
2.3200932367838
3.45131669690385
3.32059683504211
3.4471975247031
3.30994996733883
3.55505009881522
3.91831219949119
3.36489353753607
3.74502204341202
3.52125787028422
3.88468176304675
3.44076244299312
3.49173531902357
2.49999611626144
3.68870984542114
3.31421211158356
3.97244739498698
3.26181547616449
3.4314604574097
3.77916677101019
3.59187233841677
2.14827383669534
3.57906672293597
3.3568908460329
3.24183106843043
3.32000029538336
3.53439544258469
3.56885614587207
3.41787597731691
3.78001136400636
2.79789929367858
3.85386852597356
4.08176978613541
3.41497843879901
3.81659727011997
3.4829563648804
3.69257598701654
3.40816753373515
3.78610048693646
3.50076060309586
3.48301529391357
3.5584953667208
3.468525378226
3.50740796334406
3.49545550941672
3.66532708181993
3.56791637697499
3.43790745273154
3.8075493552766
3.66677483312908
3.50443988951397
3.61706781107149
3.45710137149467
3.64104614670655
3.68505195878511
3.38961518051398
3.65274404236355
3.57684537915367
3.536452569518
3.60381923137836
3.40356054805157
3.79178536975123
3.54724652981996
3.40376801911223
3.54252104787319
3.411346602398
3.59053847206107
3.53149819864081
3.79368319617678
3.22161430936401
3.20474120153604
3.61154774148381
3.78536707092189
3.72986956224214
3.751320938534
3.58482637632716
3.8811702197495
3.47437674049872
3.59150163321075
3.67444180879457
3.40494882228604
3.47648102906477
3.40747607278474
3.54766489712118
3.83032740497166
3.67913074952261
3.71544667246834
3.75767809332005
3.77854222337514
3.69577428294991
2.41263504528119
3.52627363849121
3.83780446456936
3.93295815436289
3.30413178925757
3.45312916477978
3.29484116376119
3.50503268929608
3.72615980663008
3.17642048265772
3.42843953310695
3.45373197211303
3.40584466733045
3.41290206271666
3.57562464425389
3.69915149981195
3.63922162822245
3.22322212151984
3.41681230338414
3.53337453068756
3.27868191282245
4.0185532546804
3.66257249293568
3.80164273227358
3.16217133482091
3.79077030059061
3.64659753408733
3.58021986790088
3.87452184990707
3.73023344708433
3.55987077793811
2.18531116380585
3.3763966795889
3.51251018170962
3.37733193954311
3.39194884566118
3.49533578350969
3.76957550211388
3.59782298982181
3.45964565112746
3.31157426998691
3.66450376108685
3.56609966477477
3.64944905789965
3.51144636672118
3.56691498008033
3.67017637142094
3.72712454697865
3.65337205073866
3.30008419534673
3.61844264722061
3.37347577672401
3.8613804771053
3.43045581062596
3.46252307786516
3.68989111601027
3.74950298600987
3.40395759328312
3.61417418146122
3.59298014283692
3.64950743747788
3.38106851371803
3.59338568047601
3.75208210464219
3.59948878560303
3.48077867027611
2.92622709575074
3.45036203367025
3.36091817510914
3.8175448013963
3.14048736687638
2.86693968698943
3.1313676363346
3.15361652038579
3.5271327333206
3.59262854222568
3.55809868328581
4.07944203603998
3.63093451700667
3.33797963489908
3.02384576494515
3.30112234133579
3.5965683908751
3.68556223220241
4.00663434785107
3.72121721659659
3.5459590645703
3.94829763977811
3.43290851113602
3.37798775878682
3.43846327752175
3.83211302500467
3.581518196467
4.05643723970411
3.55227906857489
2.73770376854483
3.84537783114029
3.36056114552982
2.93248582903971
3.35069552670518
3.92201797576736
3.08108713301694
3.31834766153699
3.66786536492428
3.84538381390324
3.71475572884176
3.87470161563568
3.62402699816759
3.53919178367757
3.53522108575832
3.90122518236547
3.66446075593486
3.93825794435392
3.34089257846143
4.00579440810215
3.81008750681362
4.08814249007273
3.40189228801815
3.68626001855223
3.73244812529061
3.53146866339644
3.67343179335883
3.61075196641496
3.67018136215153
3.63643801858867
3.51940697023207
3.48387158266292
3.56282472248678
3.37735757765985
3.91993816468798
3.66594318781581
3.00235559060838
2.48613092284555
3.55538216897787
3.55025837966996
3.6803199788728
3.28700983861209
3.35220621377022
3.42728098973505
3.63074332124638
3.56258843160406
3.64153811030867
3.58514503958012
3.3822529874262
3.53018005627383
3.57652403233972
3.45885796863623
3.30799800895462
3.32833903698558
3.1907192427667
3.75144382129381
3.64324752206259
3.58579487334527
3.68146939847814
3.41920381480361
3.58524810189821
3.93472236730866
3.71530523696482
3.77035585026998
3.62199857673291
4.05068821642247
3.4451529472953
3.64421837189322
3.61275096141922
3.60931439138007
3.36867365567977
3.62325589376298
3.68030919619242
3.45233045979648
3.87233930727232
3.37903637857516
3.61166687377016
3.40342961725636
3.604948842599
3.42023551397799
3.71011184561457
3.34699588717235
3.46664940622525
3.38795958065644
3.7479640678999
3.67360090819011
3.42864419442754
3.57507452513442
3.30323959241258
3.75761412523584
3.64665255943342
3.57280864186992
3.58264336850402
3.89275924396999
3.31160146749302
3.54956140284019
3.36598936878383
3.205993892313
3.51288965357476
3.65837159323345
4.03891564494962
3.17072852780664
2.9585840205157
3.36162256543311
3.67371776221077
3.99442229098793
