5.84542331950813
4.73594993410705
4.97251334214763
4.67479649606139
4.74725130537581
5.0816132017648
4.86464290189132
4.77423634878358
4.83952802384885
4.69548417546108
4.75243669220193
4.67610176874198
4.88660098128543
4.8491698207418
4.99692059637881
4.87993647760425
4.96037474652234
4.99908171183322
4.7935084082539
4.81055244247424
4.91054154002235
4.91254720115361
4.98017175928427
4.85042451618942
4.87962709736826
4.81725400127045
4.93649619936938
4.87512324172105
4.76731396919491
4.87193125813856
4.67763772829575
4.80848634996535
4.88557825462692
4.78079319976375
4.8246195171075
4.89433582782338
5.00811016189517
4.97191280450924
5.07862986097529
5.27904431592641
5.17509931432022
5.21593140357241
5.42810855355496
5.50102693439752
5.38927757800909
5.46178735663295
5.47914535973948
5.3733907327158
5.1013080250263
5.07423663964746
5.03464458913203
5.09756517039346
4.84575048037063
4.46580970687914
4.61801911301974
4.84438168051482
4.90526859926406
5.04821979617211
4.30931882043878
4.63715061142725
5.01046328436484
5.05039657033652
4.92042816233207
4.91876803321686
4.78178997027245
4.43198488431136
4.77634572278787
4.79544735612433
4.95638852616568
5.4563463495595
5.40586508677286
3.15454041370449
3.73586272988665
2.93705094337947
6.95957858939329
3.2162266977632
6.54004141740337
5.08273420197293
3.8241717123626
11.1203560145693
4.78383007035294
10.1397261160044
4.70506996635492
5.03826433818914
2.78778544755297
2.14699205933937
4.43654154294352
2.69761877201888
9.75567758274163
