4.17058662524389
3.7761541319502
3.61083461384638
3.60912817645772
3.52695051308678
3.53320424351636
3.59160640772494
3.58011732996454
3.51984227613499
3.52024965475259
3.48229140411503
3.50185760196523
3.47489780663439
3.49548872803517
3.48067360437883
3.50984459595025
3.50039351640961
3.5009817446556
3.50748336374574
3.47765952846074
3.47006026302887
3.484644665032
3.47068214014374
3.49715070983554
3.47425196709431
3.46652107045946
3.45364304657201
3.46579438588428
3.45133236701466
3.45805386110754
3.45690891633594
3.42887038515231
3.44057148495318
3.45819098616176
3.42518396755113
3.41509643944573
3.42295958383267
3.44168730061785
3.45165585159212
3.43330339450485
3.44290436222064
3.4567323783382
3.42577836023038
3.44388692492045
3.46264139959704
3.45477930618172
3.44369252453214
3.44576041903329
3.37022005925965
3.44429339709312
3.36873994400681
3.40499595990683
3.34966516370112
3.33683234875534
3.30551114259754
3.3449161681261
3.33051908717908
3.3895824594156
3.3690183179835
3.33332013018505
3.37790168348797
3.38258737431675
3.39470690327395
3.37088353607379
3.44041814793293
3.37890658570496
3.38807429650736
3.35576459938845
3.33324332700526
3.25595568426175
3.46147791056856
3.62969632088583
2.76944778105379
3.42675255786321
3.08259697560052
4.03964871303425
3.13744241164849
3.69687023439804
3.4696232093849
3.59616314746452
4.1680101265438
3.99519533804424
4.27109322813695
3.50489026267397
3.62556067288352
3.46608768549466
3.03841619079108
3.15319421617445
2.88467027705872
