5.88005838270285
4.76357108327378
5.00215810256111
4.63629204303431
4.74530992648184
5.03633853782738
4.9057208022868
4.77542033317651
4.8331421137658
4.66972462050064
4.78048404733961
4.68619463648108
4.92660534385352
4.85071982966581
5.03644610723998
4.89421458036009
4.97123621300826
4.97676631928241
4.86960116419985
4.8497871462772
4.92997919333124
4.86654786827266
4.97333226698002
4.85834351859619
4.8026738281312
4.76409628242209
4.88726842474844
4.82741137186254
4.8797513353184
4.79526610080764
4.71972903229241
4.84255704323245
4.92512194750044
4.77053445524499
4.81747824185673
4.96578107035442
5.03416171849714
5.0649014677721
5.1278472499433
5.20255958885997
5.206308224408
5.23702318705709
5.45714298179968
5.52890482591501
5.46166033447977
5.43966720551013
5.61254187735715
5.42997718727386
5.19940125690005
5.14802205179898
5.17828305038961
5.16366454260047
4.93960981837465
4.61458146897262
4.69430201511461
4.8123985311703
5.03355434318629
4.9362111652187
4.45011086983289
4.83136139154293
4.90037265561221
4.92343287274633
4.79314866147586
4.87266124813354
4.55204840458497
4.47761641563054
4.6322804261894
4.76628266101558
4.95202196368896
5.41763237864219
5.54782616318236
3.15454041370449
3.73586272988665
2.93705094337947
6.95957858939329
3.2162266977632
6.54004141740337
5.08273420197293
3.8241717123626
11.1203560145693
4.78383007035294
10.1397261160044
4.70506996635492
5.03826433818914
2.78778544755297
2.14699205933937
4.43654154294352
2.69761877201888
9.75567758274163
