-0.000333333333333333
0.999
1.989
2.93995997331554
3.69659546061415
4.26622073578595
4.57810218978102
4.71505376344086
4.85946159936659
4.85924989464812
4.91888466413181
4.87144675434875
4.94439692044482
4.78118161925602
4.80326422584914
4.63027852650494
4.66545948392938
4.67534246575342
4.62436781609195
4.63801115241636
4.66117647058824
4.64750593824228
4.71483253588517
4.73742746615087
4.75696821515892
4.76983735830458
4.86026852312282
4.82391195597799
4.78719112455875
4.73657548125633
4.79540816326531
4.79691516709512
4.79657498702647
4.80242360379347
4.8758064516129
4.80970766685052
4.84147041929925
4.78203592814371
4.79270633397313
4.76528460997892
4.80457052797478
4.79929266136163
4.79938900203666
4.84363636363636
4.70501474926254
4.70826010544815
4.82758620689655
4.70157068062827
4.646875
4.64893617021277
4.7037037037037
4.70403587443946
4.51758793969849
4.52127659574468
4.54237288135593
4.44508670520231
4.50595238095238
4.66257668711656
4.60126582278481
4.58333333333333
4.67320261437909
4.47019867549669
4.7248322147651
4.81118881118881
4.61428571428571
4.80152671755725
4.74380165289256
4.79207920792079
4.58974358974359
4.6875
4.40740740740741
2.5
3
3
3
2
3
4
10
10
1
1
1
2
2
3
2
1
2
