4.1654007825963
3.76264347690443
3.60392615672096
3.60228736280791
3.52905784419803
3.53477358006936
3.59356770067237
3.57998473310405
3.52387042296057
3.51613694258717
3.48584926510252
3.49331056976625
3.47410071242646
3.49096121524467
3.47818709293973
3.50607640787163
3.49766939846702
3.48943308397336
3.50966141116924
3.46826569396337
3.45963440012097
3.47645139544212
3.47990165356525
3.50800927127412
3.48578554002029
3.48126020031377
3.46572186321776
3.49453038874252
3.46551981160593
3.44975103834672
3.47011042257263
3.42916190638741
3.42203218159913
3.44527308488686
3.42642176082592
3.41042623091894
3.40433116928504
3.42678224373882
3.43061955328936
3.410716305866
3.4471937765186
3.4427249554504
3.43110860929918
3.44091427792193
3.48680641142997
3.46405026226468
3.43535779453389
3.43018735492765
3.35737267112416
3.41516077312394
3.35716922757748
3.38695281660541
3.34034371606392
3.31993954860419
3.26901902415621
3.32175525699298
3.30369591869288
3.34546325178286
3.3578676335563
3.30960460341479
3.32451179921022
3.36042197476637
3.37896728181967
3.36934992136201
3.45128644492146
3.39945757288829
3.40928525348678
3.35157593666162
3.30891794222714
3.19485848190625
3.37470874321974
3.62969632088583
2.76944778105379
3.42675255786321
3.08259697560052
4.03964871303425
3.13744241164849
3.69687023439804
3.4696232093849
3.59616314746452
4.1680101265438
3.99519533804424
4.27109322813695
3.50489026267397
3.62556067288352
3.46608768549466
3.03841619079108
3.15319421617445
2.88467027705872
