4.18487223758407
3.76163297579812
3.60406485195871
3.61302290175072
3.54747239605163
3.54654774468612
3.61673859819972
3.58250630189981
3.55028114038814
3.52179214781816
3.50688539214299
3.51814596472088
3.48786333001142
3.50577679186504
3.50954296879863
3.54098957723394
3.50408731755603
3.51667273865059
3.52104486489556
3.50235680974829
3.48914429974212
3.51841168735319
3.52609544349108
3.53051774049748
3.50136464062464
3.48625242397285
3.46678229411225
3.49940229845805
3.47080960847419
3.47520282151057
3.47742622420915
3.44081335034224
3.43729545415636
3.43397603966076
3.45110047224294
3.42880249467488
3.41047061809254
3.46698034206644
3.45773650971486
3.45636020172932
3.45976225384871
3.45166273185997
3.41301856923107
3.45691465864903
3.47781369085668
3.49974645680731
3.55900745920434
3.5100855899636
3.41897377903615
3.44462427724528
3.38429763090642
3.30186655446239
3.34112539453942
3.3402506753576
3.36454896444625
3.42333670772651
3.34417787251158
3.36939888585481
3.37240074712975
3.24329423111252
3.39824451075764
3.41051131380019
3.37035972231628
3.43076243140876
3.51268366091719
3.35993717119172
3.48545737572041
3.56089311352909
3.29863446038194
3.28752261780627
3.27651895253889
3.62969632088583
2.76944778105379
3.42675255786321
3.08259697560052
4.03964871303425
3.13744241164849
3.69687023439804
3.4696232093849
3.59616314746452
4.1680101265438
3.99519533804424
4.27109322813695
3.50489026267397
3.62556067288352
3.46608768549466
3.03841619079108
3.15319421617445
2.88467027705872
