5.02299707076771
4.3307513390889
3.93055521244015
3.10644135002893
2.88247548486444
2.92643929579376
2.81553613385101
2.81898898411731
2.82744713455705
2.89929257455382
2.91243339355818
2.89534025810432
3.00006210466314
2.95909039580744
2.98296488655606
2.97137600532321
3.01520684982719
3.00613483194281
3.01697263745393
3.01967777583104
3.05171749713896
2.98667238368777
3.01042103310489
2.96679362061861
2.98949016535811
2.98041409577568
3.06076851785723
2.97180710955841
3.01108096370158
3.00691627885395
3.04021602762514
3.04441329309946
3.03223592550491
3.01049674575863
3.04003591231334
3.07133585926906
3.01710748021564
3.062577208781
3.07682050688356
3.05284751676396
3.05436712058501
3.05997487651782
3.03326579512819
3.04590899940627
2.99575112978818
2.96000380363864
3.0183221119248
2.97930508638502
2.92950352923898
3.01574028532266
3.14424076841001
3.04387797380914
3.03147722114639
3.11487839217586
3.12820703579395
3.11384440408985
3.07309996920222
3.04678677182957
3.0430101887434
3.06390139696559
3.07387859846362
3.12426378238989
3.01436044627982
2.94264890061876
3.03790823563689
2.95673102778293
2.96947899743992
2.94948181917505
2.88662944211252
3.27245999378033
2.78044867027
2.83063165386894
2.26111711337274
2.41938664808983
2.27670799720932
1.86378477485607
1.97293633684749
2.12268802239702
2.22234959833155
3.89199251412318
2.0136402985386
5.07079252217212
4.81398950848489
3.56941478456653
4.44230433620803
3.13833511034149
4.52531739358471
5.0427895245415
4.48890814571358
