5.26727932988966
4.6199297427903
4.10465038558713
3.23259988907235
2.96541569507978
2.96173745479324
2.80066016061385
3.02776942103486
3.01210605477516
3.05032960149072
3.02195890438147
2.98821010876465
3.08183506303577
3.0969379751251
3.11861614506124
3.17830618528347
3.21307602389659
3.14014680530063
3.14500742487635
3.15971737341447
3.14314720155576
3.09514140428234
3.07771296509592
3.11745335184469
3.09665650267272
3.08637508070932
3.10038274055202
3.15573492158525
3.1319890784738
3.0966345328728
3.12817782019475
3.18186186932282
3.12619069825082
3.1357467881942
3.15217828997231
3.15035562553152
3.1358145677233
3.22964078186233
3.21110979631421
3.22922958552629
3.19953476212414
3.14795803191083
3.1674706122712
3.16879555830103
3.118305347703
3.21607257661991
3.18392444140364
3.15931858095277
3.11089243142297
3.21762241775428
3.23746655524121
3.22704361065216
3.1932098739015
2.99079580214573
3.26863977437552
3.20117255952914
3.13675980454817
3.06336403592479
3.22615635518116
3.10437900117298
3.04010666039519
3.0724494282396
3.15113837393785
3.02026790408372
3.05375407678247
2.90702793367331
3.04740201876025
2.96782992808408
3.08959715402578
3.83284763408948
2.93958221686891
2.83063165386894
2.26111711337274
2.41938664808983
2.27670799720932
1.86378477485607
1.97293633684749
2.12268802239702
2.22234959833155
3.89199251412318
2.0136402985386
5.07079252217212
4.81398950848489
3.56941478456653
4.44230433620803
3.13833511034149
4.52531739358471
5.0427895245415
4.48890814571358
