4.42314220988143
3.82116032327546
3.44575778499011
3.69820123316811
3.27108324922374
3.30036455974408
3.29340976263193
3.09716610667515
3.64403887994103
3.52455720745504
3.91540370848219
3.66332749809155
3.9319576999199
3.39879504772411
2.6512635197898
3.00068732458116
2.66837857960555
4.20399327020605
3.73438059278675
4.52590568089515
4.08438435562595
3.57211799996275
3.61803462949448
3.16866949678497
3.17832451300086
4.10233747820895
4.11717053147002
3.48434356762083
2.84107237307567
3.45823469053432
2.55787387286684
2.35006637298844
2.94690541982753
3.73358689754717
2.76854904261376
2.42395434936321
2.46013671174049
2.07552567381741
3.05161782888607
3.41111866411581
2.08415521456305
2.09890091001702
2.32208079750193
1.81564861111789
2.50370719902192
3.36392698649021
2.82316982204968
1.92244468379529
3.19566006540537
4.19614408335489
3.57900438813645
3.35112615771527
3.16725146532728
3.52533684419005
3.3332521945655
3.24733262696341
3.06629827075409
3.05345007782664
3.18127371673455
3.29979176064288
2.85159210962978
2.4009709613801
2.88501367444179
2.8351817170992
2.79279088871644
2.96798489964763
2.7243417009939
2.61261162560652
2.62359124292131
3.08593290304668
2.7924457966154
3.19738398513831
4.00806574620898
3.85663588807117
4.03439589655034
4.10255969933701
3.44172381380473
3.56567140905543
3.0339591945761
3.53733244082476
3.8921289584386
3.77666726918754
3.27681538047708
3.62695386833134
3.34247390741818
3.69695126028977
3.60084711518037
3.25648812128231
3.68006018690341
3.94990816129087
3.51008818292885
3.5462054816174
3.18786341697177
3.60292235521133
3.41714903365673
3.44292951333125
3.15167505467841
4.80885975849833
3.71935080396502
2.44167064501518
3.53975363941178
3.69592850219508
3.59345843805114
3.60875318636525
3.65954373265713
3.54554288635182
3.51965791199515
3.51648989719196
3.29983363348216
3.37198892026862
3.56443190802571
3.35437811607235
3.26842602968984
3.23468105409196
3.21854230428385
3.19535303446583
3.23555842232733
3.34085247144133
3.10481788678832
3.09729655596369
3.24926393504025
3.07177819313275
3.38519538046405
3.01004399475697
3.27255516576968
3.1238398498623
3.18058950308748
2.90783143285528
3.57024540218437
2.90962690605853
3.37341270855632
2.92347591707008
2.82449689646551
3.18080037800611
2.83525935156711
3.03065071273946
3.54674408497982
2.74685226219859
3.43533102320845
2.76163732266594
3.46564465371334
3.98316928499249
2.68597388462695
3.29374367980714
2.98791698321238
3.48685749965683
2.67370156979739
3.1584243194762
2.60552244942351
3.73209908431551
2.6084049209941
3.71070226711282
2.55425974605155
3.56258826047939
2.56026981787618
3.39319355606613
2.48157172735121
3.29766488527058
2.50816171148458
3.36369541741668
3.64292092835544
3.88681124723422
3.21630836693659
2.48410401814283
3.37704497699788
3.77833129334298
2.755604996928
2.43997166738134
3.27470213610523
2.52302428419976
5.14900526475777
2.44270918599971
2.8708531925879
2.47251086471221
3.02510952991812
3.61845292198142
3.12150951232149
2.40181467751192
3.07428839512157
3.48349622308246
4.25122058467468
2.36297547263583
3.23811476246695
3.90789364685605
2.42304925178681
3.32837652290769
2.3334895557742
3.22060866251183
3.36893979263022
4.20697154538329
2.300673840738
3.23333835644714
3.75605163585237
3.69460542637664
3.3059616163084
3.41403913832026
3.45052733299699
3.4437942037874
3.28529143848787
3.354226177904
3.26281847606784
3.40839497667368
3.38620498576244
3.24627111558332
3.21640021165677
3.02589526364398
3.69217390841639
3.1882706104733
3.50664001950736
3.88782608040726
3.46547392410921
2.51247658702938
2.64774016726731
2.74419882399606
3.09894376019875
2.40100724360515
3.40068857296262
2.6667981749776
2.90442088628682
3.71241526989358
2.68824823062909
3.07500372496355
3.17792105352537
2.51098281839466
3.66274328487424
2.94802412460165
3.89997289921158
3.75611417898538
3.57865839051525
3.14294241720679
3.40993853748202
3.46501182480333
3.4430910088361
3.19945437866633
3.03375887960663
3.39164064447038
2.53017504002054
3.35853399520122
3.43359832637494
3.55475902580764
3.27814831028542
2.99048240678113
3.31941705524323
3.41187989716008
3.74427464283365
2.95520606229612
3.1663301046675
3.56298319985681
3.66320761455373
3.36425464654848
2.61532764693566
3.02744110582844
2.98348927474811
3.2537224257661
3.28190679253825
3.08714738599221
3.21374930170746
3.41404467748557
3.25372698664029
3.02532611942356
3.48940841546834
3.3922697478122
3.28799253210216
3.37114444558073
3.14177359943429
3.42111955901847
2.34548537017931
3.13874980724658
3.57098790294932
2.94833217588646
3.50235785285253
3.45178674581433
3.45095989535417
3.60242785948549
3.48542642636375
3.37787523675752
3.30798848859245
3.43756334048013
3.48397221151718
3.12845346107771
3.62162962770904
3.52728944727923
3.45917222313656
2.9148309568098
3.51637008366676
3.4241020682429
3.51021976298922
3.66846103910134
3.35911496837359
3.47954040861977
3.57230615908593
3.53035484238813
3.42979724743898
3.53189894247438
3.35767590004129
3.62447384998352
2.82422901899056
3.10275426666445
2.84585523233448
3.64132516600236
2.73268402463985
3.35952601650168
2.79280970453787
3.27562081817241
3.42464794997298
3.4359777271213
3.33694788211086
3.39203322048998
3.41187358610546
3.44425513430143
3.57290065077715
3.42391635412731
3.36180123338099
3.44935723337902
2.6475991256866
3.31454880208083
3.58423760170498
2.74354352629847
3.28551556538452
3.24646772092882
2.47349469714715
2.58795821030098
3.53283511008171
4.30242308121458
3.33100919291237
2.52765328173575
3.45402081546357
4.18626415951606
3.62601151880265
3.44415808711989
2.47160892092531
3.43014331945896
4.12935232039665
3.24435282934117
2.42167528506175
3.86574782607961
4.04368986667604
4.5931936170013
2.37787296447317
3.92587480499169
3.96734447980245
3.32412662657363
2.32495806939649
3.50250049594267
3.49010423429092
3.89457639522006
3.12530932541898
3.20830489052561
3.24253353222551
3.3268897838004
3.28871676751085
3.25804848684822
3.50767964551412
3.39174569603182
3.68028263865178
3.39504543283785
3.30651478529469
3.15298862630985
3.54499367424585
2.27908759546743
3.75081617595848
3.82297049713588
3.26073295687494
2.24806116416608
3.52642617317745
3.76768771067298
3.48780441769694
3.50980963336327
3.27343625478525
2.92127977574236
3.45683875736986
3.4096280469199
3.45477852119642
3.17649463047147
3.49976704535913
3.34067982252148
3.64382793780656
3.95668351180692
2.19333027667423
3.19784526110675
3.18733419681711
3.7150630838286
3.14549312556335
3.09553923277926
2.16169121835072
3.23852432360739
3.64774509036058
3.23928631109834
2.13404886683036
3.16116066921497
3.61934124568654
3.22671175773205
3.47328523728295
3.08570495956033
2.11634350155831
3.27803229735155
3.59568785110747
3.20533029976402
2.09230225164447
3.22231580621056
3.55792311935812
2.94984005865979
3.43172764584278
3.55367183586428
3.422588098745
3.37141433181941
3.58337695126243
3.75608885672793
3.52452576530792
3.3366492908187
2.06546505693475
3.17201273793985
3.51904357758806
3.09514384776849
3.36652387346341
3.36512330248194
3.28220387331188
3.42782094828222
2.96266858460771
3.16221993911403
2.04174370125372
3.29131019298926
3.47899223921109
3.2843175113755
2.01839768575094
3.4224492184023
3.38200574425886
3.4466583471974
3.16668608142856
3.45013744060158
3.25741398445227
3.15251861131221
3.41521055033896
3.34578159493146
3.35219706473142
3.27824546322855
3.05152088962286
3.22139181282102
1.99448891439136
3.3986843279148
3.41798886442437
2.31760433325483
2.78625317157209
2.63209702327082
3.01722768482465
3.29167806968409
3.35139789874956
4.33304495204606
3.50802876136969
3.23769934140372
3.09960790229419
2.58893661164306
3.20016876102709
3.48888033364992
3.5616350579751
3.33304994708072
3.66000517245734
4.25854628477662
3.50101249363008
2.55160021909498
3.40517194429132
3.66572257878935
3.34407195356411
3.38997217814308
3.48456252216666
3.39678217330283
3.55192834261269
3.37827198708608
3.40477179543837
3.07081196849294
3.18133346535796
3.33204522773522
3.38571189222064
3.4393066338312
3.58555158861519
3.42198004420842
3.16573717534731
3.45202212753631
3.13931474539864
2.9969026058907
3.18905746172591
3.32060728998074
3.20995286333271
3.45769872991865
3.14196418794047
2.63486197621563
3.49110341570232
3.17364978357753
3.35266319259721
3.1070651520701
2.96557913572727
3.28619083081322
4.29844755974077
2.63195037943355
2.06827406988273
3.37516322795612
3.37465604235154
3.29380545505228
3.49379817610245
3.15084030094038
3.59636034603692
3.39621131527364
3.52297762646958
2.05158086619485
3.31154570293252
3.3670977906288
3.54981887495846
2.03427705137188
2.85464208997009
3.3497664601893
3.39850300140672
3.51011670703889
3.42367027829209
3.44246429437728
3.3988434175686
3.33572637126711
3.33216215645416
3.42762173667677
3.3016783565484
3.1265902410428
3.31817008627198
3.03432936188228
3.37752811215274
3.42504062048552
3.2940266911583
3.54404173049045
3.47308599250549
3.43280357562014
3.52124957641928
3.61535266182719
3.28352650912419
3.37431053884898
2.7968047016547
3.40160840610539
2.85992604531967
3.32188096091865
3.27679312741999
3.32739219640969
4.82295635384363
3.27910690849209
3.62388165190412
3.28014510303417
3.44376602523652
3.25817520076869
3.0544988345558
3.22913008842716
3.25940396977206
3.23711946936876
3.07087066643936
3.18162186963159
2.9301510849036
2.76703984810154
3.2449569183181
3.49194850329985
2.01479421841913
2.86358108268059
3.29640832581257
3.3415034616607
3.3341887799275
3.28818550444374
3.23662869277786
3.22147255603362
3.33283809193129
3.28278621483149
3.27113851059399
3.63774247059334
3.52638386099184
3.58446023836865
1.9864182086793
2.98784156814436
3.3308080981767
3.32574737308233
3.10116649644206
2.85356283997098
3.26987748957388
3.19688316817417
3.08956139869531
3.42229992186437
2.99858751819675
1.96011696576013
2.76195565224476
2.55603997748843
3.04306799703281
4.06577843540618
3.29891960082453
3.20696225718767
2.97620849683396
3.10173807047988
3.18320400805775
3.39581445623474
3.90501972250976
3.56220361199225
3.04737801869983
2.95696483401856
2.55359249996945
3.11551095842858
3.09212227596946
3.11640776498667
3.2094945441431
3.75699830789803
3.35364717356619
2.5022447809383
3.50491261210699
3.65457686532478
3.26203725480581
3.15294098210131
3.19995184667781
4.10572709784259
2.45341806285808
3.52420451218374
3.55574375440861
3.40883939230483
3.27925834894702
3.50155067906152
3.37052899478216
3.20693305380301
3.00854853127597
3.13996956656392
3.32184710894189
3.13264128426858
3.08054806674893
3.50348308834402
3.60569111788544
3.11813067832136
3.240114547979
3.38424098284692
3.36473096371346
3.26234442907377
3.28170756460822
3.50872034835572
3.18708637501301
3.15659741252402
3.31430423154512
3.22874744679583
3.23875712943935
3.50350189338477
3.30036870701157
3.14211297130273
3.24511915284626
3.49879810251568
3.33928336235907
3.16661198314648
2.87298606163693
3.08679336921648
2.41223035225818
3.05363869298075
3.51154808831227
3.27166532060758
3.16431430329633
3.37902729977533
3.59070451085796
3.40013415328674
3.09207795125463
3.09973348924335
2.76739205357395
3.07624540384571
2.91432753379095
3.42877746268455
3.25610436124285
3.29443459692187
3.14632035440448
2.37161304626436
3.19238350211873
2.87873088943742
3.43467262777094
2.96661605938557
3.54823831563193
3.51652426039553
3.31346458266956
3.15721033734782
2.33123853447014
3.06449383823512
3.43105567480425
3.49863645900617
2.92375233558255
3.04559724631663
3.28071463458257
3.46469596698171
3.03538888622254
3.42800955241294
2.37146791965422
3.46482361495824
3.40032791482084
3.10016094520834
2.33690036407484
2.89443112141366
2.98028462361374
3.27759744452001
3.24137006710896
3.52661602890481
3.39676441305975
3.1953406362291
3.24592537357438
3.2437864650412
3.4801197734288
3.15187505739267
3.09030687077295
3.38609214985503
3.36608923621229
3.19970722190105
3.02367884219216
3.32825744099068
3.46698829582183
2.30068385619522
3.08911436728087
2.86990694847128
2.76259698598146
3.44672237287273
3.1389714401323
3.25412236545761
3.13184863736477
3.01917620173785
3.30559578105538
3.29745459277976
2.26845463779314
3.59324832967502
2.89959810014332
2.91785751758685
3.25829541567516
3.10598122121737
2.78118717476406
2.24219649586638
2.99896299208364
3.59852990532252
3.18450946330073
3.34075891694139
3.28531880078991
1.9672419497272
3.37720751511197
3.18464104493485
3.49518637470345
3.4470540867254
3.24863004185736
3.38755508316767
3.01665386010276
3.1712538569291
3.23876008097717
3.13203650221119
2.91403376641527
3.45472368238739
2.8516432127727
3.21840428146535
3.19999362712709
3.36789780188182
3.23734640044977
3.36830065464994
3.4543214884266
3.31123079050527
3.19511511896922
3.51722388987321
3.00922381182362
3.4103284772301
3.58717015216514
3.25828862661718
3.07016210500994
3.53560691567966
3.17519909052622
3.19059237442927
3.30243910681333
3.15676663222116
2.90659085540452
3.04692238681254
3.40999994050952
3.50870844104311
3.23529875377019
3.44638023364284
1.94786923334434
3.18735652900417
3.29599740249527
3.15491447309007
3.27001387880333
3.35375703893797
3.51569992195607
3.48615600901925
3.28553515219809
3.08050445278688
3.22173604396808
3.03885328400929
3.36351271605227
3.1698692390029
3.138094531976
2.95040569591393
3.00241711440158
3.46615077238654
3.01626719534665
3.1456259850239
3.11808960215067
3.12099988243692
3.3628583172795
3.03369346071979
2.93486389595959
3.19765847247888
3.10439870917748
3.59981908820196
2.88979511479058
3.86993372741002
3.0969125554178
3.21248642166928
2.8364743076976
3.51872130271426
3.08012264610163
3.36021163699011
2.78555151949389
3.15125001113868
3.07507508111202
3.55738651294587
3.6997574359879
3.53148893618801
3.44043329156685
3.68958607278272
3.45951604656639
3.52892605278562
3.49472622818473
3.42184666834237
3.76308851386834
3.47730290927859
3.1037870154429
3.83933972453827
3.72111961739051
3.34419654908225
3.12852160476266
2.92698861163225
3.39187516370468
3.33279192155195
3.11504936547295
3.42516525680638
3.29767103603366
3.46574334732696
3.43489410559984
3.3092744126105
3.43465357931855
3.1524112172593
3.35565750386822
3.09183291673825
3.574665172734
3.16033295332479
3.35377715437607
3.17313370756411
3.12382940605738
3.29571423232901
3.53955870262085
3.37352641863118
2.99938567379232
3.09647852476711
3.16491003062856
3.33842353545463
3.07303658199169
2.62560966408687
3.16054950549537
2.7299318094
3.30270762650351
3.37819812953927
3.2107741184683
3.23668560217387
3.30520051834948
3.46505552204248
2.89654228317333
3.43047227039967
2.00667544069847
3.13419512105757
3.22671932984847
3.07033732772816
3.27359046860229
3.22701059117977
3.32585856629975
3.19150311930259
3.30792099179836
3.48249454539517
3.14858954763936
3.47533783630467
1.99781916356925
3.55955731902557
2.67507000713072
2.0186318824057
3.24413917427838
3.0257702344393
3.13291990427276
3.69338175432745
3.43498768014989
3.04154555371029
3.20988699418012
2.83619878506854
3.27447215097212
3.09298929412927
3.56572171474942
3.20473011115488
3.49705345822714
2.65928970712682
3.03130489613044
3.53750079886857
2.96858699818616
3.30290641739161
3.48944636312557
2.57282923943698
3.01993390868834
2.51578448702621
2.89940075209856
2.93136328458177
3.07409531309799
3.33805616775725
3.34511467121076
2.94862728956318
3.04913394739888
3.38812541721984
2.74980438402193
2.7996835571725
3.0488370291274
2.8274423274504
2.9065962893367
3.24208461090596
3.44664931404539
2.72076049480448
3.24897816738405
3.20578441831532
3.68383826105402
2.26790064902446
3.27228517427826
2.46321713650328
2.61679592106486
3.30211155472054
3.42016557519808
2.94730349608106
2.19693394281957
3.00133973611503
3.61663555271128
2.42112963503999
2.95144116526603
3.49740780606749
3.09668231143725
3.08325947562418
3.37021583838939
3.05769153157253
3.21479523151125
3.08324306122853
3.12276690364334
3.25493417505706
3.61090740255427
3.35697065371643
3.71792978467157
3.25842587381118
3.14885705629713
3.46914786968297
3.26080246882528
3.00449662228926
3.101806731406
2.9325994290327
3.26105244440428
3.11691693876288
3.68990440948967
3.28563872089805
3.36726156484135
2.40424241889632
3.00647818100412
3.20108831763251
3.04001466656517
2.89094410953021
3.26005767532949
3.19491677338684
2.3836975823003
3.15339700185439
2.97294833401042
2.90479571953282
2.36488153134217
3.23997077505538
3.23313000837211
3.28199753479604
3.51139302214265
3.19595408514276
3.50444768369712
3.17933206095669
3.10383862092115
3.32791416183925
3.59298020227868
2.91334908844756
3.19266217448236
3.41667307723855
2.34348129260157
3.50268975812949
3.09010261350746
3.3628654591714
3.37202470344909
3.17875109404779
3.32642021939832
2.86187844642738
2.9698434216808
2.32949693357687
3.63269250522017
3.5322944138887
3.10752096471446
3.09307143158888
3.36228948711473
3.19978959747078
2.72423633327327
2.80951450290214
3.59126510959905
3.39760054602408
3.17192490364307
3.44322930208404
2.90338153413457
3.12947783226748
3.2151724043365
3.31377222685086
3.32705656570374
3.3590717252563
2.75097630928373
3.23309069026901
3.36002825221037
3.30393336597799
3.52281156487668
3.11380723727908
3.1694076938783
2.6816796956205
3.01783928850011
3.10164828431773
3.13773545320742
3.14329549422402
2.61768861169674
3.15661496751719
3.08888641655308
3.25878381699476
3.04403653203805
3.58451535700675
2.55727440243369
2.95867828488315
3.07616068664236
3.19195516512991
3.16666915561689
2.50155464159361
3.22031795427405
3.35382714015594
2.98181057155087
3.06605545673799
3.13906867197348
3.30784275209273
3.75010813481863
3.02454672841056
3.23307371814401
2.72792444249735
3.14556990461266
3.30051076222566
3.05558416076852
3.05553909409742
3.34334500063894
2.0561269490139
3.24176330139002
3.04422400289633
3.19599606993273
2.34158606232332
2.99555852869387
3.43923199407092
3.32630268637819
2.93406144135826
3.11704585010751
3.2212181097246
3.12239050811029
2.71662614791632
2.44484773001816
2.79702531491391
3.26508898896349
3.40276396337069
2.39681594201441
3.03157375079286
3.2220496508247
3.1816562186924
2.36381297127115
2.83388746627166
3.1830015989653
3.21444199935966
2.3207214049973
3.33454001036726
3.22904219888358
3.14672628337416
2.83175164802891
3.39178743004807
2.28046413027329
3.33864372027954
3.43445738020929
3.43510194142394
3.45578956236108
3.11119243214767
2.2831683918382
2.24261854657297
3.55556763948237
3.30733696184952
2.96443997461073
3.07517080439527
3.8128134031983
3.20647510573405
2.38813857041892
3.6613522860016
3.50368985041052
3.56812471486764
3.45039726803624
3.03643246208766
3.17660193368039
3.01801368307239
3.08192854283818
3.36143806573473
3.23913680560166
3.3385118709925
3.30831693208931
3.50446811627777
3.20823824671572
3.56620720335102
3.26961262030606
3.43460940261158
2.74041465553162
2.41919614437258
3.15636629738317
3.02293015115107
3.38610077262057
3.28395177624453
3.29141400185705
2.47248805247751
2.02813319233506
2.61857154511659
2.70875925195361
3.94103104096325
3.42581659590327
2.01609308538478
3.3854777308644
2.7909334831
2.66541726006031
3.11981212635187
3.11691435368041
3.53820935535913
3.24267983159927
3.41858869157605
3.47406784287007
3.64719978465747
3.31449958488588
3.5143863764191
3.42337206021432
3.20277485165642
3.13050609748685
3.5761259274836
3.11842912117376
3.51215354346689
3.2835254148207
2.03443005791696
3.21902949555772
2.63354419554252
3.28975609451539
3.64552174672827
3.30718977332837
3.08206822656463
3.40147802815085
3.02293131821001
3.16139401467846
2.01391209194165
3.10892290028869
3.35867419368007
3.09848549225531
2.62163421738599
3.2403176554396
3.6651251836946
3.33324817894461
3.26627544897523
3.03151844794007
3.55927688763711
2.83568719977265
3.53232069809406
3.38219187691009
2.00682350496978
3.13140795707765
3.28511358097301
2.28676723789068
1.94714970205332
3.13020644648094
3.07718254512675
3.33568624183414
3.10537539713949
3.02831900278438
2.91283535865766
3.56587107334044
3.27902905260744
3.32938696587017
3.15207120047041
3.33674963772156
3.4297120652548
3.21609870097363
3.1944868998254
3.14109451811455
3.30509690305449
3.08054705069153
3.41942349737076
3.45936371471986
3.36970740205432
3.05349646091655
3.28067396881742
3.0466466800975
3.40848126671023
3.12782086933131
3.27273844221098
3.31982066952585
3.16650613037968
2.27002355639892
4.17985953357229
3.06565112224549
3.64296020801729
3.10734032678113
2.92757603442918
3.50939365329962
3.53270293307354
3.27818275557573
3.41129603951183
3.20445274994454
2.23930138381053
2.72574804063296
3.32251659107266
2.89444636288891
2.75346581292386
3.10056120000086
3.14267651691938
2.20867695393757
2.89173781884071
2.96584753719876
2.96759583877987
3.28999821245856
3.20055563733235
3.00857558496823
3.11649932574043
2.94990045168929
3.32066227543626
2.94088264468185
2.94136797664496
3.22009057999233
3.08900835703919
3.14425370786468
2.95848374276149
3.19713665240336
2.19170222525157
3.00660828717267
3.4923170214858
3.08002514943605
3.40578127698451
3.0574072960443
3.0537329454029
3.25669757144237
3.24558183560135
2.16286273771561
3.48371644722306
3.15401625411438
2.59648353706745
3.07136668999236
3.11526583168704
2.1367873851656
2.79093103895076
3.45356060062086
3.2976079224715
3.36504544163888
3.06303232918663
3.02845809333019
3.35656753325091
3.04126732536599
3.37427003350376
2.11022655089822
3.29598143176921
3.05463807926996
3.28554398340961
2.98144771950832
3.34924703798328
2.0867607088561
3.08075835270334
3.04616598112716
2.91422733165928
3.0758035406955
3.25394344271436
3.35243071511748
2.06340418326679
3.05009367600291
3.04651357830696
3.13060318827026
3.42038952877048
3.30232205108595
3.16560694520162
3.3420467684134
2.04032789169667
3.15342207768501
3.36354839272416
2.97737984206369
3.32765230799745
3.00435356558701
2.82006550208046
2.74130671400429
3.39028208717888
3.12043144788686
3.14582909652299
3.09730608482209
3.21949899263517
3.09454691592558
2.88916982637516
3.07114500552279
2.88172500089971
3.17759444611174
3.08562833248004
3.26525568066027
3.40992052987801
3.44791993177541
3.06412829279097
3.04494882419925
3.29516746815284
3.40276825273373
2.01383157224121
3.38177051696069
3.42597898133109
3.370410094653
3.03662786663556
2.97711445667109
1.99340891420618
3.46805861095127
2.84773788891828
3.3238714243855
3.1345544514999
3.02836680981329
3.10674883431932
1.97364024025888
3.31680231393421
3.11043268779381
3.61261842441101
3.14078976071467
3.34426404371488
3.45250625517286
3.51966316269924
3.01661443365975
3.07771213141326
3.0396937971667
3.32696145012413
1.96989488222685
2.91672938967751
3.03161278224398
3.19158260424359
1.95104568877686
3.36357178733184
3.17001034420792
3.02381179852137
3.07100578645681
1.93263466481947
3.13681320742356
3.08240361693399
3.45269420803541
3.15454069481718
3.3127363449877
3.2686425269743
2.86819093854038
3.1793596520697
3.00029400475829
2.64344624271612
3.01213449135388
3.13215650767119
2.74517520407725
3.47214339427192
2.97258556716726
1.91180216327633
2.97777742281973
3.35092497962142
3.66067669834777
3.23648994817443
3.24170838757816
3.23617266167954
3.24309861586037
3.25007418751935
3.23062599506428
1.89423812742735
3.07823559445311
3.51480982700583
3.21976249708554
2.86207299667969
1.87759605090098
3.40514169306188
3.19186414237873
3.56388699060997
3.02960488630923
3.50510209394394
1.86179361687245
2.914627744835
2.57563608453093
3.02104069275323
3.04105023399792
3.3235131274169
3.0202165702483
3.97202380539668
3.09630058758185
1.85285920380238
3.23264286804203
3.54112708600179
3.47971580612767
3.49779595606178
3.3603439728021
3.2627709306825
3.01205752477379
2.98102546014392
3.40406556955757
3.50260846890032
1.83527526071279
3.00573143550304
2.99888045110541
3.90607278439773
1.82082394023117
3.29035256924816
3.66413466937665
2.9914094060161
3.42581280142969
1.80645158176861
2.79989675398917
3.28853663474806
2.98485611261303
3.30389647047152
1.79236514814526
3.14617050468574
3.27101307517716
2.97836898753815
2.88699464279703
3.03259054094756
1.77729579432947
2.83118473413647
3.30978161424604
3.23498164192743
3.66660961940031
3.35935662169249
3.4229453012734
2.9727739334111
3.15848366464447
1.76942469060849
3.32350208255609
3.25950430202718
2.86600263628365
3.00856585094089
2.5194003434019
2.96565316869213
2.95907657606797
3.22954268100576
3.37181572145943
3.29686198481338
2.45944813185153
2.15513549235275
3.11621427948284
2.80494844562783
3.5195840006645
3.22087447661579
3.79325446632517
3.27820487238131
3.37931188046629
3.19763222034682
3.36963540996914
3.27641190946839
3.03997242257725
3.11268167075964
3.39053462398191
3.42389311321331
3.67040686503507
3.21852880004855
3.27958590078096
3.1480309104
3.39347556278696
3.0725946609745
3.13187613981273
3.43998090991581
3.47639564593424
3.12799507583223
3.08829387264661
3.33205614757039
3.37691946898019
3.12787794170347
3.13275131092088
3.42618126707274
3.22716097080118
3.61175411030338
3.35287814827817
2.95579264445982
3.11532074959708
2.73313157265015
3.66835727699556
3.40614418828836
3.49682586033244
3.20178569872279
3.24947938741991
3.34661186765204
3.28520973389492
3.27869959255717
3.37323610596293
3.31303808788851
3.28450512425108
3.12132938185049
2.94979788868337
3.35387674320251
2.64642352569641
3.33386488680333
2.94365074449872
3.02699307127786
3.01148594760691
2.56680309674616
2.9862317872458
2.93709092862982
3.07946110709057
3.26322724276413
3.53451874778446
3.1586336000218
3.37121832829579
3.31449194823423
3.47474955513732
2.49709591006393
3.0631679237017
3.41285125029352
2.93067507606193
3.12842040039292
2.81243780728218
3.4997334334841
3.06518794015456
2.96993663630698
3.22611380846829
2.84307802277824
3.44625509034456
2.42962829110276
3.31885467227657
2.93218852235219
3.28357256809757
2.96370265171245
3.31236898300062
3.30060760858334
3.57321740881014
3.27717561944935
3.45241420002115
3.3354869131153
3.2353485767179
3.10872092643248
3.08389919988985
3.08838751431217
3.25752922629659
3.30645404670524
2.92000433818009
3.11205282621196
2.37252754160588
3.25251764568244
2.9142759859502
3.35072456258185
2.3167750858644
3.85830216266093
3.0725811280622
2.90845180166993
3.19181095060532
3.24883516502758
3.46171938241401
2.26419548360078
3.21757803756349
3.24116860552247
3.24521209968529
3.38543558947297
3.26250061153661
3.39617411816019
2.9021410182798
3.4592579198406
2.2245143694642
3.19842939282924
2.30087566887313
2.28150034810025
2.43054058270115
2.71051346696053
3.05486550389609
2.15390390514375
3.07245175267517
2.68710882824421
3.21471160484094
3.67336004796674
2.14116711567909
2.86101332654139
4.5517390103926
2.66479029788915
3.36155191557582
2.12979887346687
3.25390217674091
2.64327338273113
3.32443712213311
2.11872876889668
2.97660502508
2.62278817385797
3.23115507209043
3.33152895455053
3.30312594555664
2.68274204048083
2.12062142586691
2.51576620015799
2.60341926695177
3.27194507370549
3.29410595036359
3.34884073080502
3.3155739111161
2.93233660164777
3.45349747411235
2.11010939001669
3.5159873655844
2.57695677027514
3.2186060402879
3.1809536619452
3.06754100757779
3.12066399029671
3.08704856539883
3.25762948460229
3.00779902955792
2.1511057012912
2.93640700356172
2.55819213661466
3.23021767959649
3.32755370720716
3.25701163169584
3.55323318773012
3.27745392688778
3.31990850155375
3.20810200484494
2.92082339534108
2.95853608718188
2.54052792081368
3.31806253092432
2.91514656958357
2.94695453521261
3.54776528379924
2.51921969606633
3.13288131564378
3.99351195468283
2.90989237964507
3.63429798149309
2.50219505450033
3.24250843349672
2.90396994011157
3.3871920253136
2.48659538867203
3.2797045028753
2.89856270102376
3.71844274840331
2.47171824843148
3.63828732442573
2.8933028417553
3.2820706685757
2.45691447654955
3.08427400817431
3.42458881138074
3.74545309099393
2.88785394257283
3.54008387323195
2.44266128836098
3.10491076237104
2.8828919978494
3.12099117191153
2.42649161365626
3.06705241449363
3.00019171680354
3.22767614150311
2.87792719020418
2.89815863099007
3.99420740504358
2.41295243686454
3.08338947611756
2.87287051635293
3.10335489904018
2.39997310212579
3.10306842719184
2.86796471178075
3.24854451275482
2.38746552105125
3.30742556287588
4.14586075362688
2.86305713293875
3.2324087083571
3.6620990328217
2.37508654232009
3.03973717488661
2.79032700822864
3.16015399130312
3.48203197677955
2.18526189781337
3.13213376224117
2.36265941434795
3.31499301049206
2.17520992746383
3.32282125126195
2.35110841866004
2.94408238063677
3.37543065838253
4.31238180168983
3.36743489663714
2.89109385977515
3.51447151216313
3.51073739116315
2.33837559809564
3.26026891409436
3.20045187770178
4.45437717853554
4.39939228081665
4.50352111969565
3.17435352501262
3.45239850980242
2.32639237034036
3.1964508298004
3.14917124995188
2.97742225400389
2.31578619725268
3.19573138152213
3.12505054444381
3.72943917468117
2.30540148286647
3.02444871952289
3.62133977779577
3.10191521166294
2.93777840922606
2.88519911095704
3.16809274874452
3.08327515790613
2.89421183507861
2.96621710315814
2.88068878675448
3.00202762583019
2.89320027076821
3.97815294078258
3.06392463997666
3.73399417050104
2.29660924775719
3.14573041127289
3.03995551887151
3.18933131883347
2.16647355802644
3.52346181006039
2.28600164178717
3.35779348937728
2.87632101942283
2.99211991630173
2.27606135687586
3.18632816915375
3.69680462041676
3.79407750455075
3.5764444903602
3.39267882887583
3.38027744477645
3.27024592233422
3.41436158744432
3.46592060732824
2.86324040813275
2.87062898625488
2.82017701364033
2.26582317973824
2.83599481171386
2.16075836336759
3.01802862944888
3.13930660818622
4.39346702218085
2.865262593461
2.76529680275648
3.31084857958654
3.00338777750298
2.94847728342846
2.75691343977964
3.16415824500089
3.41228065634081
3.54874822349036
4.23176072640874
3.07512922935256
3.16128477052758
3.22889469151244
2.98851296507923
3.2829070607061
3.01147855461787
2.91527585512654
3.2701530736987
3.08938857389906
3.00681500187566
3.2127230797114
3.63915503443783
3.09425694814399
4.01515385384138
2.97082064233401
2.9498220115075
3.59687625251096
2.85762693730258
2.80429723400302
3.01737063270697
2.67756878783013
3.56623700423789
2.85346221014963
3.76755162257234
3.41211633897403
2.80731429414543
3.28906745553723
3.00032866575188
3.54954428792254
2.84917698236906
3.42373977365992
2.98354235343684
3.08556383675316
2.84502673015462
3.30672250501131
3.20279994403485
3.50301994174536
3.31076883567198
3.32649682879707
2.92234742854593
2.9934812193717
2.96629608237651
3.27411496378344
2.83896413703769
2.78797172121798
2.9500535119568
3.42446524692038
3.19872311577681
2.83472699142921
3.34635065572878
2.93443921126063
2.99350848543605
3.14316204469678
3.2897661434557
2.97363615887225
3.17320749196933
3.44598697723923
3.01195224005436
2.83080415610843
2.69420284970052
2.968492135236
2.99333092729618
2.94593739115121
3.12248755849352
2.82664085208478
2.99670782850309
2.95311997003649
2.84241787853227
2.5704553150339
4.16782497587596
4.41046918964363
2.93827481798177
3.48705897019797
2.20491256287864
1.97537665305181
2.87737847599628
1.83352911723262
3.352208899177
3.67785315709521
3.01759160789302
2.92390390867733
3.34690502550754
3.46395481877761
3.39015740772291
3.13489460686413
3.17990679182478
3.08366833559198
3.32584163310217
3.26617024675257
3.5182177229878
3.10888466229358
3.54394306888918
3.25442086940744
3.34957537708822
3.02915949929593
3.02631738346611
3.20837596344221
2.92079904952157
3.48466358775884
2.89185202132225
1.82028217493867
3.02534689970486
3.17733919929526
2.95928973570705
3.40206224276203
2.90658532563682
3.11326370523533
3.37770584996196
1.80811223854653
2.92291296336392
2.79459313241265
2.89270871370834
2.91452217233896
3.63934724845727
1.79989752818631
2.82574799555056
3.1032873943981
3.14626623099436
3.21659828163743
3.36705485067805
2.97945382701443
3.41347240248222
2.88033076272266
3.05025454603172
2.90961827463715
3.12234722892097
3.16515147070097
3.10915315964199
3.06829728156409
1.78783414928439
2.80135387832044
2.95963990020395
2.86768843025804
3.09751208841035
2.98620071082452
3.17306108000853
3.42861823922837
3.14082818716862
1.7760737709889
2.85038054235128
2.69720766196213
2.85621103777589
3.00813590229347
3.137108945129
3.0774737309514
1.76455190412856
2.70559308214966
3.25107054538726
2.88504063900216
2.9311561730232
2.84121716370375
3.37254103798184
3.29017330301522
3.63179035218782
3.37998946373927
1.74919083544818
2.92699126559988
2.82945455171695
3.337486808045
1.73812464742948
3.43718027467581
2.81794760561363
2.88472262934703
3.29897565598908
3.36143496355837
3.42433240186083
2.99383666920478
3.300768154761
3.3906144757547
3.05526172791055
3.02522108106587
3.02375409856109
1.72767556917459
3.04659990404468
2.13728314040416
1.86883949840578
2.43233528259364
2.09573380698368
3.28050433827051
3.43590814908869
2.85460871941397
3.15647820030496
3.15694585095321
3.35423779290581
3.27709723739175
3.38991519863052
3.30945775049284
2.05959509225392
3.54600315841363
3.3784494589126
3.14474822999307
3.33189662586587
3.46767557604876
3.31983898438952
3.55699696911721
2.81490394505696
3.09759869696767
3.46811259380342
3.52132979726817
3.21630063655903
3.05487453252434
1.71578586706289
3.39521800786564
2.02868497134758
2.71054111365522
1.7056890518614
3.12380344840301
2.8499318664922
2.69008798918882
3.14068702560622
3.13815860616763
3.14690379449994
3.39922740192057
3.24619816512537
1.69528712655341
3.33331751412759
3.12245570660466
3.27385034511496
3.28365638771953
3.29718916602993
1.99408099752103
3.0588512250336
3.0965608049634
3.47831735876408
2.09597796961158
3.55113928854403
2.23912881536493
2.68754571996133
2.15810102743504
2.71899645371272
3.11398192685066
3.10271161900204
3.22712159762966
2.27103344358692
3.1031545336509
3.23876266952384
3.24359811103217
3.26244489653242
2.14912839460739
3.37859995530267
2.26189402747716
3.08671276094006
3.26830251957349
2.14021966480791
3.31698496636549
2.25250262981345
2.89186242507599
2.73038261188835
3.09323514784958
3.22354579063117
3.10467162532526
3.07157568310253
3.29562258297216
3.01997876745756
3.15284776905861
3.33059829541552
3.03736487783807
3.13418871943708
2.13196121243092
3.13786783393616
3.28282273592239
2.25546866210949
3.62000043044908
2.83558237599312
2.12318993461033
2.64393464205027
2.24668240505213
3.20552697743613
2.74174909935852
2.95600660124673
2.97312157684025
2.23883555772761
3.15483376680561
3.5969231224895
2.71484730124039
3.04008536381604
3.53062700891705
2.23023332356653
2.74653064938209
2.6888679815489
2.78054474000508
2.22013161168809
3.12827482674629
3.09884005300849
3.09744171744178
2.11850757224127
3.32792970532665
3.24746089419309
3.28430595347536
3.33702194761285
2.21073806720377
3.0582721990472
3.04415393091706
2.97830100400738
2.66548478145819
2.75665245245974
2.20160620609104
3.04792883492771
2.98276891065131
3.21891506730413
2.64166828912571
3.14972062046219
2.9514996233994
2.84116129093839
2.83534858690781
3.29712140380897
3.32071233410755
2.94656179125933
2.60314633614911
3.03739731681774
2.91701921505102
2.83707108663698
3.1175524893534
2.9710373867037
3.07234511672077
3.03419049360225
3.22537571734329
2.19173393720627
3.38278037775861
3.38881091106474
2.8197351628368
2.5693146950987
2.70631395930032
2.18431829702688
3.01025032078202
3.23727404000925
3.16809720456428
3.23177121845554
2.55120463875534
3.21874898158247
2.83010550184875
3.20080092117991
2.17430399306467
3.08095526587884
2.88022595046498
2.82514713245049
2.94769862847237
3.24690880244611
2.84434630217371
3.36077474549055
2.6503692133254
2.71604480671857
2.20430527693585
3.83176295621549
3.24666034301427
2.97491760518917
2.11495640724531
2.76760787984627
2.19677317353476
2.99955158327309
3.12981182251844
2.79315139106502
2.82701967863579
3.14312368109615
2.18866354346617
3.06348339267018
2.98422593531168
3.06697580864305
3.15352169544478
2.9845416125579
3.24598402810883
4.49927966272934
2.82407545783949
3.24531665881603
2.18225540161076
3.06809321329097
2.95913250097133
3.30620240161124
2.8121790719767
2.05363946261284
2.81861169242115
2.92530391245138
3.29360815007614
3.35537213714022
2.77347964622941
2.88583514290189
3.46130431711862
3.39957541860811
2.90599797728488
2.09923737047701
2.65970290467595
3.29336813947719
3.24124499224865
2.81324774630244
3.41274845727478
3.24511523930129
3.02114777905632
2.09217086630019
2.82855275851021
2.80930854865868
3.07558623447224
3.38559837287994
3.47665915643767
2.81606163497592
2.98505390728576
3.23501520587361
3.32577635747899
3.15692896198956
2.54044886311967
3.29412968374205
3.19216323160698
2.805605212735
3.488559674254
2.46943838047642
2.08251748840515
2.77580442444121
3.04108123358121
3.31981348027673
2.75545283574081
2.80109176577
3.07445239461339
2.07562771942223
2.94831150341395
2.43065831835862
3.10269367175292
2.81105262435257
2.8278297709319
2.93786786822337
2.06860469080671
2.92018971073519
2.67543026277088
3.1232218054097
3.30813632652269
2.58185495617575
4.14270818197633
3.1765656140056
2.06104414071468
3.17403793611698
3.41665811884831
3.1000734689383
2.80444282385506
2.39431057314165
2.75130077821248
3.2072061545146
2.90096749943139
3.05569278228083
3.1772504845484
4.07956409453418
2.9212534068053
2.0516300783954
2.94202133351415
2.9705191403884
2.94509525837223
3.2713347322326
3.12115987798019
3.18199641668863
2.72268295352459
3.23348175394697
3.25260479934822
3.22133086624285
2.9801219472924
2.96785952620315
3.5648155612443
3.2041630950607
3.35919682292543
3.32409984006841
2.96760004710758
2.78031275730504
2.96545835353488
3.57318590127434
3.20542716970375
3.12797544747825
3.21519447108547
3.06717992261123
2.37015392929176
2.87409623301676
3.18597939982167
2.97402794077747
3.01907610041427
2.94892226483501
2.63397700440116
4.00179605344383
2.88351814449696
3.09677300633907
2.9209688181775
2.72751439249299
3.39397585589204
2.94379461760818
3.92665102624804
3.44909196570469
3.57376869230078
3.44387562095758
3.36332975857658
3.16938656735313
3.3006314722
3.15804835384341
3.48230867328696
3.0354489899581
3.22747303475748
3.03037670808961
3.0870908781343
1.98385658216577
1.99647277801035
2.84744650600198
1.70550218867728
3.31128504224178
3.50103676018335
3.37535813404102
3.26845448490894
3.2929589134727
3.04620748221053
3.38156245058343
3.55984298387312
3.03076679792507
2.8102734777648
3.44686178071317
3.37838745943024
3.42087421245529
3.24051320841382
3.1546927462343
3.40853584793081
2.68537638688942
2.87311349968444
3.3155816129588
2.74935255349786
2.85407323242253
3.17058706251071
3.16868824775032
2.96719484711262
3.56067673839324
3.22299718290097
3.02473935989452
3.43572789570892
3.05213605848906
3.36817535671649
2.97354681673134
3.12539100243457
3.08858152804105
3.09634387228597
2.68691609697856
3.12801498622485
2.79356672408209
3.12380434788175
3.19240935339054
1.69389751750111
2.77050674775959
2.78183942915899
2.76824996868779
3.4462072903128
2.75021374278209
1.68432323520772
3.35651667887236
2.77096130281467
3.1057599705396
2.69927173093203
2.7669777699561
1.67504179363061
2.97783422196343
3.41990578810292
3.12792339097079
3.39815907134042
3.3651128029351
3.31173170962997
3.1362161739658
3.26910935212539
3.57871973160741
2.76012545633346
3.10581610318403
3.52388468841669
3.32275467969644
3.2404161354244
3.40445302939151
1.66597006807254
3.24324841523458
3.23537025269552
3.45905810092552
3.21215017351609
2.75192384140327
2.65812318652342
2.65098315215022
2.99498400208299
1.65771224109095
3.34471275937397
2.92840655866985
3.18103033440434
3.61759185187093
3.01158139695908
2.7418643766627
2.78550089917106
2.91395552259798
1.64829142294415
2.70846137201041
2.73186426329285
2.89995477980432
1.63985605524042
3.16172007329063
3.55263332826909
3.42382491175135
3.50983489880523
3.36639011029924
2.92641300294262
3.08679982479148
3.11562855503363
3.29308481885279
3.30267725947821
3.28430600467042
2.97150182940411
3.41712112598477
2.72247741898191
3.38954434364863
3.27751107797597
3.27374144034047
2.88551885313946
2.92146772653575
3.14801907378921
1.63308473204311
3.17366105194068
3.40706025655154
3.48160724307488
3.23866246470264
3.61479740510837
3.2187112529144
2.71271782042758
2.88445278371884
1.62417158827992
2.99676473344359
3.02274072925631
3.33637766833942
2.56587237086617
2.61062923178137
3.1801743376047
3.52535600752318
2.96358727606201
2.54916335163486
2.44890193283368
3.10344576631985
2.93787255253612
2.86303529512497
3.24529612552194
3.54836610168529
2.70436211520839
3.12427471178129
2.61544222954103
3.25462416555151
3.30671879533412
3.14618005078733
2.70762554618279
3.04715809118049
3.17663522669064
2.91496600269574
3.00243751279591
2.40702999090273
2.99274140342832
3.32402252537366
3.16645228912279
2.58313327058286
2.7016583831204
3.18189482529221
3.02408748030907
1.61291632332135
3.14827095652193
2.93937106288465
3.0587659056766
2.88841540481377
3.28369729723411
3.1907573413929
2.94290619712592
2.81835850417035
2.69275094902294
2.76615214992657
3.16273570300024
2.91015972773691
2.80697935471578
1.60473817520979
3.12953243634678
2.92477890186063
1.94590404616276
1.71536654411337
2.3670079352975
1.95333363558036
2.88191064773802
3.34129668055475
3.28039686011846
2.97893422825639
2.809340740984
2.7449255637289
3.20618024261976
3.31392071048794
1.92548070284671
3.64838635839303
3.33377753888065
3.15592743724334
2.8108207902003
3.05979077684532
1.90024398431993
2.89897204214432
3.01894258619098
2.81167015484011
3.16013385567051
3.43134871796704
3.115841849163
1.87580644501235
3.24130677777523
3.19633096265567
2.8080182297983
3.22168703577773
3.37399757459965
2.8811932934456
3.09641785771679
3.15092365723265
3.33170674827488
3.24171477199202
1.85313490330884
3.44251761023645
3.15255866257213
3.00610463017311
2.99657510881532
3.08672066821855
2.80536881609522
3.03736715365802
2.94346094385968
3.21152732234927
3.27260305624323
3.07723200114011
3.33059450736353
3.29470048341685
3.11732121884412
3.22465604318459
3.38893876959985
3.23188725717631
2.61898479166105
3.03317758970298
3.29892080645626
3.08157243476099
3.28880968427079
3.11045775430259
2.94038067752161
3.20480556343561
3.10059969030423
3.07871567575474
3.32970353982987
3.0467870618528
1.90232193224296
3.29158069945428
2.80245083900707
2.6426979310371
1.87911609629314
3.13778406532214
3.50919240826563
2.8283399115115
2.79844690867991
3.20259421698953
3.16837445457483
3.2793224062738
3.26193835042513
1.85689196455468
3.34910743663654
2.79466369138828
2.87441956710445
1.83560683474416
3.33912277509273
2.79156312031192
2.87158241617484
2.85843419211396
3.06710143659601
2.84475307197588
2.9396020532474
3.01043898957437
3.04990576285602
3.08685810036843
1.8149774787952
3.00039629168664
2.78695516776256
3.29646991672761
3.40655821306999
3.06357386435013
1.79451227947483
3.05010014227041
3.2939705318185
2.92159814693282
3.36622727936442
2.90057314241922
2.71861685490815
2.94629808414692
2.69473420316106
2.76560082755251
2.92628608247304
1.7739839184117
3.1810155231078
3.28708968892111
2.68537572546063
2.84078586286612
2.68283654016517
1.75610650965997
3.11058667886487
2.67657778078139
2.98077944654897
3.32725893577079
3.39157622893319
3.1195619455952
2.98599937520318
2.99435345586319
3.01376828786532
2.77731126380549
2.66746924757316
2.65901462929564
3.26647805720053
2.77398412073241
2.94916436587092
3.32906861660663
3.33181990675606
3.056914093
3.04391726366677
3.32258932258883
2.65045964529274
2.96673834985913
3.37899998902265
2.88250842837042
3.35715619071091
2.76901904451289
2.95105151758797
3.32518973931226
3.14584254708407
2.6147315535807
3.17794825644471
3.00456545208451
3.39817558468069
3.30577219047692
1.74144802363542
3.53027942448693
3.13156914484577
3.21026543573177
3.59760675809247
3.61484015217644
3.07745429112984
3.30198147289962
3.05012258155212
2.74394422909522
3.04949043400901
3.00966414282531
3.05667028989421
3.06798310092893
3.04419797898557
2.82613231650271
3.11621088051144
3.23600698744471
2.75936763800079
3.21497053272638
3.14931205597471
3.35182995205261
3.02145088410235
3.06127862824899
3.3818438256871
3.64901804305908
3.68120594225817
3.12931695556397
2.93130601874191
3.14767334766888
2.73567839378066
2.57382368682884
3.22786683885678
2.83570201351645
2.88572899373212
3.49339700303242
3.39289330854831
2.99146951626693
3.15924390888075
3.28869162232015
2.99656695562156
3.19308925304494
3.17720011230938
3.04504203225439
3.12199108139453
2.91189200714942
2.97740453853763
3.17180668100068
2.68887922474228
3.28717708500324
2.95242637919885
3.04174679597816
2.63875946177054
2.82896026041858
3.11324540772045
2.77356845405119
2.80949104740692
3.16015421787873
2.6308715535656
3.30323646366381
3.09449006601824
2.18584319000811
2.80539900708903
3.06305782829587
1.73013739892546
2.85354631795133
3.09898512508258
3.17239698313701
3.16932095427932
3.13134326809119
3.04468404783866
2.53598081479913
2.80186076710801
3.27649052693609
3.2570462653731
2.87625293778354
1.92188131760954
1.92260922556584
2.38073356470778
2.45607956244534
3.27551981289089
3.0549264432476
2.81195619749482
3.30937508412165
2.72639980838374
2.85404266635368
2.91266246645699
4.06012823647733
3.44087830322486
2.39417741160674
2.35519489569096
3.01957421252062
3.16624377479978
2.44052802659299
3.01497603366522
3.03000604973587
3.27865442219498
3.09564539597809
3.20775998707602
3.30075822781867
2.71000970431871
4.01784979162504
3.31354151306361
2.42637490838828
3.09898070966255
3.13425342239774
3.1609843515169
3.12195818402448
3.19995329841606
2.85888980741992
3.24578232749115
2.87602713263706
3.03714673530707
3.14759994569315
3.97976676993785
2.78223814536171
2.41388302305869
3.20141075740315
2.7818779591502
3.02095887843122
2.92136412205251
3.21220521768943
2.98241176474547
1.89486216470001
2.62029373341839
2.40827798781747
1.62501173038626
2.94734823604446
3.15198292220412
3.17557402923941
3.61794792894791
2.94804326109362
2.80095995271452
3.23386674378442
2.93259989095717
3.301411751468
3.23361008486266
3.43023262785634
3.17798363406486
1.6178276482879
2.6987576791181
3.60431318091994
3.30403456898022
3.04049256430226
2.87383769431904
2.80716571388882
3.37213712718085
3.22987809079701
3.06625602601096
3.38374775729731
3.198490907105
3.20482923877445
3.33344872255033
2.74917867669736
3.03087143293826
1.61087749946676
2.68812824549369
3.22738529227082
3.5209066686758
3.2354608477948
3.26227639226534
3.30146721425693
3.07032211249732
3.24749304725845
3.12619234999741
2.92697277120169
2.80342287254113
2.93782187042462
3.25379114512858
2.62120398454597
3.55935283488212
1.60189963680307
2.61345649500004
2.61214096974363
2.76630431385032
3.24502062358452
2.14653997260527
1.59477904420007
3.17059042054484
2.79992991593612
2.55127526891044
3.13404698753092
1.58768484758215
3.01888585865207
3.15949273945207
3.28222394281678
3.01075895794797
3.24287371744179
2.79496181035502
2.67937567908835
3.47695602904237
3.28511812962206
1.58076365136542
3.12678866616341
2.79177169549373
2.89503474354063
3.11037154388717
1.57402403816226
3.28083610568857
3.21331627463237
3.5053892507891
2.97499024392787
2.78926452348273
3.08167000883447
3.32881497955441
2.97435143816487
1.56696401720296
3.30153310134932
2.76898936138654
3.0733041327886
3.0426481843162
3.42562131725866
2.34283800395416
2.50840942023987
1.56060275850327
2.79571517772516
3.46220716725233
3.21048447487266
2.51441464306791
2.31817251388771
2.42307798667394
1.55361140598516
2.85635340393999
2.30112118068543
3.13360509616623
2.71392596838995
2.75394387913576
3.02673238533763
3.08382321403295
1.54731595007669
3.44335742750996
2.28418308399317
3.10731460833199
3.06168011290101
1.54109693804135
3.72736529800457
2.94007018305035
2.26822368586998
2.96646183987742
2.92281149929143
1.53495171172395
2.58653774435998
2.252693427069
2.71861201146805
1.52898945822799
3.47273104744731
3.16872116955733
2.99679452738437
2.23761914805628
3.18635757159446
1.52347551679678
2.97073201820352
2.88804713697787
2.22296556397689
3.16158851225819
3.24455724427397
2.86790292573019
3.17062396438998
2.84148718417964
3.01666219798171
1.51743320889054
3.02496883370449
3.23426732922276
3.18843130629421
3.01375229044168
3.10155421921648
2.9066082361516
3.17657493954722
2.9831406475415
3.31670474510527
2.94889774359075
2.21102524959909
2.88896437323314
2.85926476776492
1.51133660097824
3.24114740226236
2.94414232469435
2.2117248395905
2.89238860616656
3.33113209053768
3.52524528152207
3.19997040152112
1.50554612598358
2.79535954525156
2.19863933342904
3.15642749032937
2.75942714403173
3.17750249424963
3.20877355879101
1.50016324042978
3.10951697968121
3.04373556175066
2.88396105697493
3.06611090877139
2.81025804675807
2.86106389937278
2.83368754445124
3.01988571627872
2.18515204056281
2.90805919778344
2.94610647032276
2.57030677154411
2.38499927102283
3.45634080032001
3.13932051919899
3.61136314764994
2.98278505383132
3.25047477020176
3.3719356428117
2.94431087014172
3.21633272994068
3.17591160158707
3.12790535985724
3.21453874625937
3.10736514749269
3.34014859862987
2.17152572659291
2.75202126590284
3.17067876587488
2.37087726490484
2.59255559807331
3.05911061422424
3.15927847084144
3.0895174324255
3.32863981128524
1.49217092568011
2.82007882281642
3.2696129523989
3.07777732979875
2.35867114186425
2.91771551473547
2.75029068029493
3.24869414554589
3.27754796164605
3.09057005269068
3.00471468762779
3.31689982197778
3.14952055968106
3.57689850792205
2.1579916282029
2.74363684043516
1.48659323874618
2.99936761929308
3.1126361968963
2.35247607203224
3.30615383639897
2.95252635851175
3.22366952262935
3.37861662668988
2.94527108479694
3.22917831713863
3.03803419009835
3.24027623620822
3.42122197420318
2.59351353808351
3.24630951225727
3.19980613655053
2.34037667184251
3.00359176767155
3.16279961936151
2.58651898338184
3.49637779580106
2.3284718017626
3.61616691814853
2.57932061579256
3.37732977976958
2.31689289598295
3.00457348271374
3.38838585787719
3.49200080603741
2.1438507773672
3.31609126599806
2.30570838676714
3.13960672537172
2.87863745870381
3.18213084947295
3.08553359778014
2.98028532915225
3.1510329981532
2.90080661040393
3.13220534581811
3.34163769010653
3.18410626076437
2.82100437497082
2.90187964009192
2.67029253236943
2.81762579782656
3.19239426950726
3.03504148269256
2.67523294168156
3.19989290787583
3.19288971434956
3.17332553645324
2.93886277178982
2.13362990801116
1.4845245110533
3.05660305261226
3.16085439088357
2.91703519937986
3.42915373429369
3.0864812767526
3.01941093956518
2.13204736593403
2.99224144283568
2.98958463214407
2.109548506321
1.47943823281839
3.1306142507442
2.90215678249065
3.1572506390017
2.9093950278426
3.07309462350882
2.96168663015573
3.28273951801008
2.84722939401614
2.72843763348466
2.57237629768715
3.20844432919435
2.66199489581074
3.15558324685173
3.2247990487002
3.20950594017945
2.9309196773348
2.83916547823389
3.1539671241415
3.22775740874205
3.29860143699579
2.96222509958326
3.22017421079561
3.22030514451915
3.18977322153928
1.473744088224
2.97748430023974
2.56510239650352
3.19034989843109
3.399269915061
1.46857404427113
4.32134288926961
2.55802880383739
2.85106289219337
1.4633559250114
2.99583209105629
3.04418309954996
2.81723088855961
3.18632098882474
2.55112037521364
2.95758711722385
2.08670252080448
1.45812868215847
3.23109298145921
3.49028438659413
3.08871037766137
3.00129736688759
2.87668438041111
3.05314655279257
3.08843226974433
3.23431861037131
2.06493042447405
3.70189931388151
1.64818737264842
2.36047356602778
1.75035022536156
3.02390260760791
3.9295280375349
2.73283161723368
3.07648483218865
1.73541840073945
3.13953399082839
3.18500326093774
3.89235682059213
3.00696658783382
2.85699559270833
3.3850292462499
3.30966020658669
3.22610487415676
3.05592262601992
3.34010505897206
3.06451370079989
3.37398197608074
2.78252008223772
1.72089217702142
2.77383217256045
2.86029162071608
2.70958847648009
3.85606173791886
3.01707592692881
1.51762403477495
2.98887396101315
3.82148301661824
2.79695880866234
1.51271160425103
2.87937797793521
1.70689415500303
3.29653268147294
3.78808686818375
2.80798651766638
1.50778091345182
2.81706621116849
3.75593617521349
3.17008890592383
1.50313548759934
2.9460131993075
3.72480171852709
2.85858310859204
1.49838222308484
3.33325475123382
2.98143330485604
3.69497625965152
2.9884079980513
1.49376863779472
3.35085883148677
3.17507772061112
3.66585174002832
3.16115129210209
1.48933178530544
3.02214191102584
3.1601364645821
3.63740616567071
2.90179281275903
1.48481938645402
3.14464536481621
3.09457106586745
2.95882043457305
1.69171752003044
3.24139123221821
3.1938353434536
3.63663993080063
3.16071235826512
2.726340210154
3.00328054970445
2.04185067993863
1.48109855683807
3.1300068059381
3.16755855975078
1.67842779784399
2.95050337762568
3.28552589687393
2.87708073717905
2.96378236128168
1.47665206876742
2.85657438685954
3.03805309631374
3.12870991346966
3.47255403128054
3.10545783949551
2.87041044092051
3.02089353348217
3.46635530154042
3.47265695520492
2.9133116743396
2.96992351890734
3.26728800615201
3.10030667637145
3.41035685064599
2.879313904261
3.5634044980664
3.22460103193769
2.96577140684344
1.66784431661544
3.08931814169068
3.36834867486643
3.05272988743445
3.12066183360428
3.0996137954615
3.10278419988122
3.2197642372705
3.05990587034604
2.77191112064252
1.47238141615217
3.10514121201477
3.1547059189599
3.43326860826289
3.27180535218495
3.34072452680117
3.26533349599327
3.72743495421339
3.53804490349585
3.12594922750093
3.10854769129819
3.09269951021116
3.07064865811384
1.65420860433835
3.3177775736024
2.83649867448812
2.79721288139021
3.01915539983193
3.09144001433815
3.40421141808511
3.22902105420765
3.38280354620329
3.1290804130836
3.29565975521449
3.18495466438733
3.25736078159233
3.20365158086688
3.54347208747949
3.31505821454299
3.02787841047094
3.36491116338544
3.29551533691133
3.29513441499673
3.04734332853089
3.32948028449284
3.26777296640109
3.18060886771352
2.87309027203492
2.83849790829265
3.20120053441382
3.03184962370515
2.71195980007551
3.03041124422315
3.20047263326559
3.32782833344891
3.51438267428336
1.46627619971713
3.00590678267234
1.64934071169616
3.24450698176317
3.17904732240316
2.99541480093051
1.46203413021213
3.08470163222212
2.69911700041375
1.84578044685093
1.9597514193941
2.15327579205882
2.34198352681812
3.31005262067809
2.25643622070723
3.28796422824132
2.76140720493258
2.88378420347019
3.96007457495202
2.33158598560948
3.29194717532105
2.65507579588729
2.93319145039276
2.95587390556168
2.32131518732584
3.84454141293928
2.24554083611704
2.99188733806608
2.46719586193108
2.64009853047732
3.28195329176239
2.31083331436989
3.20072866764073
3.49108362065531
2.67961242196681
2.63172063528683
3.06837620887516
2.30095110481311
2.9810708980814
1.45715459825946
3.30027721366673
3.2895271204378
3.05242667431389
3.27710806063088
2.96576294551487
3.12615754058569
2.29128990495961
3.24974400179284
2.73766828979115
1.45298360139004
2.87431216755623
3.10107314375227
3.37845485194862
2.28156164059602
2.82854823419187
3.06117115610715
2.9602440788769
3.33983956003639
3.36649329019882
1.44869769124358
2.77430214168707
3.45707629064177
3.18551860810088
2.15067584579461
2.82905144316447
2.27098450075496
2.64983714397703
2.1166919278584
2.13918405744818
3.19694349211539
2.85401094972892
2.26117535462057
3.25692769041997
2.85657538162326
3.0440451533444
2.63958300270247
2.8484520839706
2.82582342213627
3.12298657965577
2.91244678134325
3.47391955605725
1.7998516553496
1.96856251563504
2.46019628788648
1.44460962905706
2.79217139548953
2.69710148262535
3.38562955164507
3.02802155723848
2.81862527645459
2.3577669202226
2.12428331410273
2.83760298028359
1.44058376783779
3.25402914709374
3.17322065418628
3.06347661595956
2.85936639648666
2.89544776310095
3.44867614851688
2.11329828872443
2.83348671079988
3.0513508078627
1.90864640305222
1.43569993213586
2.83660036939883
3.32432623385974
3.27631131500072
2.80418801644041
2.84429968360611
3.05455456593373
3.24132792117855
3.29672866593389
2.95826083591268
3.13044915340291
3.4936395180392
2.89444587620293
3.3506450038568
3.12744469705048
2.87268810420184
2.90898993986179
3.43367534692708
3.18577219673786
2.86392419276013
3.25899074863712
3.35878482792244
3.28112503240293
3.1271280224113
3.08504193043293
3.26367085446703
3.40515898212657
3.35357300429698
3.14931445474417
3.45986602344072
2.76142742836367
3.00525960671138
3.31287055437921
2.87574911018942
2.91131613013452
3.37850235266227
3.09481519956743
3.14277200065356
3.19962181315499
3.28387910142898
2.91447737736595
3.04873582436234
3.24720958398516
2.83844710385974
3.34839344304862
2.93840677850493
2.75628732171715
3.27369182628214
1.85332433018051
2.1515963372044
2.10021862539783
3.04562868322284
2.61875728799069
3.22082643939349
2.64214522737525
2.24212350949966
3.09243998381958
3.31607556646925
3.20717594793771
3.48505879100547
2.61788272072122
3.12108916038549
2.60259310587759
2.87942757308998
2.24284050243034
2.92506170061953
3.03456137355799
2.0855644910115
3.02450575008308
2.88954016125535
1.77464214591934
2.23300855080722
3.43560054664022
3.16237957221835
2.64063719861415
2.570547381262
2.8345727661045
2.22436624641517
2.93147538191851
2.10442819840068
3.4296932929391
3.04640606671174
2.51419892264257
3.01385190629238
3.25827468251869
1.9834386902765
2.21525622448049
3.33988853142478
3.07380775581656
3.05209230344251
3.25265512127806
3.22833459919761
2.51524530311857
3.12437980204271
3.21939794462487
2.7612491938074
3.03398506313436
3.35596279709921
1.75879281730423
2.13879530959567
3.1175712568595
2.61264849337518
2.73851172909258
2.8724992116428
2.93784160410849
3.00916777465011
2.92250877693704
3.24156780096558
2.79483114849774
3.26946842868213
2.85938803873813
3.00407978844765
2.73716221816037
2.90469034676208
2.77717846415316
2.9621028789721
3.13384364345102
2.88873918051958
2.20221786815419
2.07136768396668
3.19724643711022
2.6048913598635
3.50284806824412
2.06209839174919
2.77929662008142
2.59851972627498
3.18985040242663
2.05284903819427
2.89290222426412
2.98714218883518
3.24120329202426
2.63724082535296
2.20364181192699
3.05839078519967
2.5926806401267
2.8073107740933
2.04338068807275
2.43258049418615
2.19512948823491
3.2667447071997
3.29010153081951
3.29316075064659
3.28264298569318
2.9979293719375
2.59603197456944
3.33587183197697
2.03392985299931
3.51383884744208
2.18685117421073
3.01936056150627
2.93235385991194
2.38723524625037
1.67362877521341
3.19682455557983
2.1785008078381
3.21505379769944
2.91334499864941
3.16297045283545
3.4264288057216
3.31296498860494
2.84780914788723
2.92807518988072
3.61833921235263
2.96155719196582
3.22549304230482
2.02515409196335
3.18142906658673
3.22194007613048
3.25575777427671
2.99906708183296
3.19583664648845
3.15155487254848
2.59205086068242
3.13407318831511
2.82196283765839
2.99877734969671
2.99458219746044
3.61258801129212
2.90714087792419
3.59274518912511
3.17296454731107
2.96101047248639
3.47106207348279
2.99613586030129
2.17025006844059
3.08442145487378
2.79197798307699
3.20451893389124
2.88732747336805
2.91861815495543
3.07907413420441
1.66331751494318
3.08280239718317
3.00994123621266
3.17605463751111
3.06517122536248
2.93943472338963
3.15412399811615
3.09973374070501
2.89311729841103
3.20922406713255
3.19846251428903
2.85969758222307
2.84890973831988
3.07937738657736
2.89973605754083
3.00908025358478
3.10825191703244
3.36615103040923
3.2406230107968
3.35820184227708
2.16146905047599
3.33024072262578
3.1358301524817
3.6817113405223
3.56555429482055
3.73214172469051
3.57284622213573
3.23252716856838
1.65452981015136
2.65848358276785
3.00758535019001
3.26751550044686
3.14395812789374
3.16273197547626
2.02074999408265
2.87012835415923
3.13178123062437
2.58848764304733
3.25863280501867
3.03040123592552
2.75951894151083
3.13072519735733
2.36215567469985
3.47061563136282
4.096966909124
3.0038055717565
2.97218124410104
2.55046578494684
2.8889833903052
4.06001054696122
2.92739522725761
3.23278681911928
2.40355685892581
3.07486923656501
4.02553292988669
3.22877410821549
2.30439288823435
4.70177382271062
3.99324447751217
2.97431149594126
2.22266427948487
2.73773795538347
3.96270085741616
2.89274555407739
2.15391309992549
3.22265521056343
3.93356494105909
3.14903299026478
3.00162996602447
2.09473560607697
3.16363185448828
2.59033773311657
2.97249155297674
3.90493933158395
2.96757895879624
3.2654780372285
3.26023689356446
3.4001980613234
3.38302257319545
3.07738559280265
3.76308340474563
2.03284994478066
2.96053478614128
3.87773105857951
3.22153790558664
2.49648900146676
3.00461699620695
3.85191030865317
3.15613113234843
2.80526213748366
2.81764265510504
3.82689787263102
3.05255314495243
2.73473708772307
3.80420857650931
2.75260635013353
3.53246616858743
1.94667752255031
1.96784318711361
3.28869157426413
2.29072254952696
3.0731844106256
3.88676602513994
1.72211090857811
3.86720010890738
2.42697549441979
2.86196183015688
2.80446402881891
3.17270045711612
3.32134620710261
2.95593218188597
2.95483333694377
3.11965835114554
3.10348513672501
3.2102534941442
3.01757867438188
3.2570440292831
3.04768851520519
3.13562697483859
3.32613025466232
2.91303244718826
3.00937545870284
2.87467965118836
2.93569411049807
3.25268014721965
3.2133078798211
2.91305053080978
3.35401870848193
3.23736853256091
3.29782197625507
3.25109541684955
3.1964869161576
3.10853110300842
2.7997259057144
3.32492428912219
3.08568717723811
3.07736599558549
3.09028107199204
3.12117429839357
3.11294901242623
3.57179508680013
2.79660674029607
2.90733711942982
3.18910244548267
2.91883519009133
2.98192036694459
3.2386588683758
2.79358579800448
3.17564566152185
2.84362678966738
2.36220912810413
2.50238751042947
3.3125636496564
3.0920806746044
3.21571251193902
3.21133243975521
3.33379538231099
3.19015310337732
3.63095122475806
3.36089050873133
3.07000498235811
3.15805991542514
3.60249664620434
3.21880721998893
3.37879843159728
3.25547046601507
3.08107178839207
3.39159541217514
3.23275443689158
3.40267795213751
3.16790554993329
3.30442846573483
2.96830080972225
3.15441869557275
2.87707149091591
3.26571530660718
3.03014317245758
3.60346558780294
2.78796752875083
2.79493778800792
3.08730304209278
3.35017361308385
3.17423586897633
3.28809098617423
3.22948490665562
3.4279207088857
3.2115086295426
2.86514256388385
3.09984496518268
3.22961589166437
2.78468040536771
3.143302065581
3.15269421931963
3.1894601387675
3.04953058107703
3.06266301849828
3.24670190992707
3.09882028262498
2.72824291306156
3.15180913961924
2.78128484308865
3.09752324495755
2.62591769642692
3.15910823814783
2.95603864072192
2.7915857632755
2.77834595345523
3.26601747089049
3.07642679197312
3.01031587544774
3.22837417914658
2.83797806545102
2.98012193427483
2.87035282734667
1.6992927517808
1.62067618739093
2.97009601592734
2.77423746705788
3.0404147332331
2.19759423220466
1.7087882783894
2.96775191543297
2.66413661464639
3.02415949331435
2.60688806905967
3.3095851256333
3.60288396401462
3.24499737651596
3.2834900212437
3.20116260858477
3.23871674647474
3.07699032485156
3.29319716675504
1.69406473048089
3.04463471535736
2.52249500320624
3.11770387419264
3.5660691094739
3.23375535497283
1.67963079376863
3.21048666188816
3.03312817296246
3.40044866817122
2.9640708715637
3.36241390026434
3.4885056505672
2.41216107897641
2.73678549472777
1.91458584345275
1.66540136879128
3.27164263325903
3.03392069910666
2.98516541269397
3.42706368213888
2.92569961511059
2.9918288395375
3.15598919733414
1.90226443898461
2.55013264702002
3.03501239864807
3.54725111152285
2.92438565009555
3.15915520601875
3.5636308888823
3.29987546966548
3.0676058781641
3.01990954608286
3.16413204728416
3.07465646848816
3.08251434651431
4.12023799372283
2.98434557731352
3.08005383885399
3.77457053513443
3.52443689978678
3.14770220240053
3.52777482668337
2.70554729765779
2.9576970531241
3.17036506411201
3.12534515850199
3.23607604009481
3.14954158289887
2.95856885770662
3.27068886941159
2.64039723929919
3.67307537343067
2.73785887811039
2.77204238549567
3.18324275574744
2.95830531283049
3.16720527009463
2.81731591318079
3.0493512862453
3.45543709886745
3.0511134299387
3.00136461117305
3.04337166725744
3.04232566573609
2.97866890813164
2.99772128835475
3.35474846325165
3.01803789262577
3.03142169133227
3.28553743526901
3.60274161727773
3.51834064520044
2.86390286594863
2.76881991226489
2.76828505566171
2.88236466892975
2.88633869863591
2.80084646768865
2.92235674589146
3.13266021284205
3.59541066677005
2.76396666036434
3.14253669445107
3.35242973554892
3.58855744772589
3.28256374790601
3.05162714183681
3.50492364385575
2.65594724440067
2.76371816439516
3.24765118123295
3.01369536384709
3.42917097011353
3.12712072617178
2.99193199908419
3.21573418964463
3.31242486890713
2.758053873241
2.75900606787964
2.61134962226765
2.8653972442945
2.72780628232091
2.92012029790265
3.01088831949899
3.32192443969512
2.79919265016583
2.79129792037495
3.04994544162966
3.22940804813549
3.48203971170738
3.35350989744096
3.53291014442863
2.75638340240859
3.0487090451895
2.54493214933591
4.05620112726067
2.7585606105941
1.89538486810205
3.45953576719611
2.95330025356501
3.04477075769337
3.89603614688389
2.75066705691708
2.94342857040757
2.65616605394742
3.20374428371442
3.46826247644552
2.75602683858941
3.49850284493636
3.00432966862476
2.95290500137243
3.24821285570061
3.25412409247039
3.19932306180161
2.85754064570787
3.02713022070334
2.99133348424573
2.78745172722305
3.3023008931087
3.19627861654187
2.90144330815552
2.92900795951341
3.0514411637743
3.06572518496389
3.14038537797857
3.13958320763088
3.18621801565752
2.7963081125442
3.30296421161157
2.91327533104771
3.38167415434868
2.5122038378115
3.12352416120464
3.11181952353606
3.47158031956013
3.46351223946064
3.15224915188707
2.84674185425344
3.20155082208284
3.07333393091543
3.25943860599335
3.36755625528337
3.00462394781244
2.99306730402536
3.13588712798459
3.31346395487581
3.13094063976644
3.24652230706188
3.62510343833586
2.97147983971373
3.09247194847107
3.65486565543471
2.55362225978525
3.4818551154988
1.66902857812205
3.08559683435806
3.14119042422153
3.13590613944139
2.74089857451518
2.93287317749881
1.65955926676354
2.66344542826142
2.9782890515674
3.37332407099162
3.28903754613835
2.68995806199138
2.9372203208233
2.89628224490057
1.64907317231366
3.35907162133411
2.64309226130544
2.74750880395134
1.63978104645414
3.19157709593444
2.59982365843979
3.16619554445152
1.63096155613574
3.1712706799721
2.56045629159957
3.35518795650787
3.13959840813806
3.08651073767705
3.28180146555959
1.62179419940472
2.91496649881307
3.15034230240663
2.52332169738875
3.45960143763995
2.84597389971234
3.06851351801118
1.6131098908979
2.68838846305658
2.76291443223588
3.58869495226561
3.17519816239682
3.12615472944472
2.75762998660364
2.81291018402676
3.13063181292236
3.09869247501569
3.71963698455999
2.72179884867341
1.41403381212865
2.7635848841578
2.81372536337287
2.83747449780161
3.04573873333209
1.60372810794947
2.84963902846669
3.24399602703827
3.37903534811927
3.15285763752927
2.86040820847287
2.92088417996345
3.58416375979699
3.10206940645804
2.87535472508605
1.40991715782683
2.66573455177613
1.92104485478374
2.76943941838431
3.07333269675663
3.09343649324067
2.97352169663821
3.27670132168519
3.16981895270334
3.1126679422568
3.18473853336822
2.91165024652958
2.59953290257962
1.40601440827734
3.035827736441
2.90995026950069
3.12417347980034
2.99527601668334
2.93248973114949
3.99951098090877
2.88714271003889
2.92518611657528
2.95493339290812
3.11902190276688
2.54822986944731
3.08697470717873
2.96097391467636
3.28438183177643
2.78649047694544
2.75840948214012
2.2810636902922
3.25492972207218
2.98310257692631
2.89138398293395
2.73777282485755
2.9867584285247
2.95481219155919
2.78626878637904
3.0427097336706
2.40822087268465
3.01247016614597
3.10427755716075
2.90892757973038
2.67733098001121
3.19677516951143
2.92051745345454
3.95996315803982
