4.55530473143747
3.18524771243834
2.65550410955906
1.97930333712258
2.02684697722138
2.26479390010698
2.22592650810838
2.22877116248549
2.18824428754646
2.33009179505837
2.45120584385418
2.46914441563476
2.58532172091921
2.54479225954275
2.64031673681786
2.50518269381764
2.57109268294471
2.5167287655468
2.55848366935531
2.5860792878576
2.59394767733139
2.50600667955062
2.56378089452699
2.47320278571854
2.53629446721829
2.5348022636613
2.56659789001419
2.51286574518557
2.59790652909217
2.55318848997715
2.52795505620281
2.53216258639848
2.50777686309114
2.54370362562001
2.58768458153472
2.63033302283484
2.6708878369849
2.63383046380638
2.751201891275
2.76939658645469
2.68412705449396
2.7118670413992
2.83941463054952
2.87716415573463
2.78180450741321
2.83100528067965
2.83314239181143
2.8764325559807
2.83906460450061
2.72940422183215
2.68105231396951
2.88896414234053
2.76696951630098
2.51352799547237
2.8142755332403
2.70008557628283
2.67750825131379
2.8112129916692
2.53742695737113
2.67830291730992
2.58888310187166
2.39992522939719
2.71734568254389
2.43264768639501
2.28517289372312
2.35467558252443
2.34552150193862
2.52141366829862
2.0364915640519
2.69023900919871
2.17469880975489
3.25226468921642
0.567871224666332
0.586693351509926
0.556934715133422
0.411788839411878
0.432754593945526
0.52785347432042
0.571459563645256
7.95549028816684
6.12054012668894
5.40945155230295
4.486577027809
4.00927902847968
2.96513153799825
4.75133091808405
5.52338278837752
3.81038612606456
6.20276297311272
