4.67529692805325
3.52610967627815
2.85449204563379
2.14922469757759
2.15855865183996
2.49552201962887
2.38829747860468
2.45485049593424
2.40239720362913
2.65213153016415
2.56232310169851
2.560633820955
2.73907942801207
2.71164482209057
2.83655768114797
2.80165549712234
2.82236313476954
2.77773328113587
2.77152013515142
2.81376079326172
2.80662002013999
2.62329981809357
2.77143127185481
2.74534447200786
2.62175222633851
2.80804753877329
2.81578092340692
2.76368076232662
2.76023413190153
2.80325735378
2.76086718962814
2.75650537166055
2.71210735289907
2.77119247690233
2.85848687743868
2.83402076915621
2.8773409500223
2.88768191484042
3.03695814908632
3.09861407405493
2.9266742764962
2.95652668594159
3.11363103626815
3.24776678180861
3.09811344460281
3.38736340316147
3.29910948396903
3.24019505063474
3.13179910005761
3.276445274526
2.86463842330129
3.14229763846164
2.78586836202085
2.19205491747677
3.05991672669227
3.01246186549621
2.65318212734937
3.04871265756845
2.78661976704201
2.42383405377784
2.80006025415833
2.87138796973986
3.33780586453912
2.17567281670517
2.44737506126746
2.75086607810451
3.07456886052273
3.11225469518982
2.51420435568939
3.179490240802
2.37456891275365
3.25226468921642
0.567871224666332
0.586693351509926
0.556934715133422
0.411788839411878
0.432754593945526
0.52785347432042
0.571459563645256
7.95549028816684
6.12054012668894
5.40945155230295
4.486577027809
4.00927902847968
2.96513153799825
4.75133091808405
5.52338278837752
3.81038612606456
6.20276297311272
