-0.00025
0.99925
1.991
2.94771078308732
3.75093867334168
4.36003012804419
4.72
4.89688660382748
5.02910052910053
5.07279457125231
5.11266294227188
5.0784375
5.14492753623188
5.00677637947725
5.03412414689633
4.84073455759599
4.85805583585604
4.88564642008823
4.838004101162
4.83908839779006
4.87966515521451
4.83356790992259
4.92051100070972
4.92662848962062
4.93097217202747
4.96067006554989
5.02903344358692
4.9840976331361
4.98919523099851
4.93897416697866
5.01618975903614
5.01063022019742
5.00959324635457
4.99143302180685
5.04178272980501
5.02291325695581
5.02173913043478
4.98929049531459
4.98326959847036
4.98321971683272
4.97559523809524
4.97386058981233
4.97345823575332
4.95790458372311
4.85518814139111
4.84583333333333
5.02972027972028
4.85560344827586
4.8203125
4.76969696969697
4.86120996441281
4.78968253968254
4.6322869955157
4.68571428571429
4.69897959183673
4.63541666666667
4.68817204301075
4.77348066298343
4.6875
4.62209302325581
4.75739644970414
4.53939393939394
4.73456790123457
4.85897435897436
4.68421052631579
4.83453237410072
4.828125
4.90566037735849
4.64197530864198
4.69387755102041
4.46428571428571
2.5
3
3
3
2
3
4
10
10
1
1
1
2
2
3
2
1
2
