4.42314220988143
3.82116032327546
3.44575778499011
3.69820123316811
3.27108324922374
3.30036455974408
3.29340976263193
3.09716610667515
3.64403887994103
3.52455720745504
3.91540370848219
3.66332749809155
3.9319576999199
3.39879504772411
2.6512635197898
3.00068732458116
2.66837857960555
4.20399327020605
3.73438059278675
4.52590568089515
4.08438435562595
3.57211799996275
3.61803462949448
3.16866949678497
3.17832451300086
4.10233747820895
4.11717053147002
3.48434356762083
2.84107237307567
3.45823469053432
2.55787387286684
2.35006637298844
2.94690541982753
3.73358689754717
2.76854904261376
2.42395434936321
2.46013671174049
2.07552567381741
3.05161782888607
3.41111866411581
2.08415521456305
2.09890091001702
2.32208079750193
1.81564861111789
2.50370719902192
3.36392698649021
2.82316982204968
1.92244468379529
3.19566006540537
4.19614408335489
3.57900438813645
3.35112615771527
3.16725146532728
3.52533684419005
3.3332521945655
3.24733262696341
3.06629827075409
3.05345007782664
3.18127371673455
3.29979176064288
2.85159210962978
2.4009709613801
2.88501367444179
2.8351817170992
2.79279088871644
2.96798489964763
2.7243417009939
2.61261162560652
2.62359124292131
3.08593290304668
2.7924457966154
3.19738398513831
4.00806574620898
3.85663588807117
4.03439589655034
4.10255969933701
3.44172381380473
3.56567140905543
3.0339591945761
3.53733244082476
3.8921289584386
3.77666726918754
3.27681538047708
3.62695386833134
3.34247390741818
3.69695126028977
3.60084711518037
3.25648812128231
3.68006018690341
3.94990816129087
3.51008818292885
3.5462054816174
3.18786341697177
3.60292235521133
3.41714903365673
3.44292951333125
3.15167505467841
4.80885975849833
3.71935080396502
2.44167064501518
3.53975363941178
3.69592850219508
3.59345843805114
3.60875318636525
3.65954373265713
3.54554288635182
3.51965791199515
3.51648989719196
3.29983363348216
3.37198892026862
3.56443190802571
3.35437811607235
3.26842602968984
3.23468105409196
3.21854230428385
3.19535303446583
3.23555842232733
3.34085247144133
3.10481788678832
3.09729655596369
3.24926393504025
3.07177819313275
3.38519538046405
3.01004399475697
3.27255516576968
3.1238398498623
3.18058950308748
2.90783143285528
3.57024540218437
2.90962690605853
3.37341270855632
2.92347591707008
2.82449689646551
3.18080037800611
2.83525935156711
3.03065071273946
3.54674408497982
2.74685226219859
3.43533102320845
2.76163732266594
3.46564465371334
3.98316928499249
2.68597388462695
3.29374367980714
2.98791698321238
3.48685749965683
2.67370156979739
3.1584243194762
2.60552244942351
3.73209908431551
2.6084049209941
3.71070226711282
2.55425974605155
3.56258826047939
2.56026981787618
3.39319355606613
2.48157172735121
3.29766488527058
2.50816171148458
3.36369541741668
3.64292092835544
3.88681124723422
3.21630836693659
2.48410401814283
3.37704497699788
3.77833129334298
2.755604996928
2.43997166738134
3.27470213610523
2.52302428419976
5.14900526475777
2.44270918599971
2.8708531925879
2.47251086471221
3.02510952991812
3.61845292198142
3.12150951232149
2.40181467751192
3.07428839512157
3.48349622308246
4.25122058467468
2.36297547263583
3.23811476246695
3.90789364685605
2.42304925178681
3.32837652290769
2.3334895557742
3.22060866251183
3.36893979263022
4.20697154538329
2.300673840738
3.23333835644714
3.75605163585237
3.69460542637664
3.3059616163084
3.41403913832026
3.45052733299699
3.4437942037874
3.28529143848787
3.354226177904
3.26281847606784
3.40839497667368
3.38620498576244
3.24627111558332
3.21640021165677
3.02589526364398
3.69217390841639
3.1882706104733
3.50664001950736
3.88782608040726
3.46547392410921
2.51247658702938
2.64774016726731
2.74419882399606
3.09894376019875
2.40100724360515
3.40068857296262
2.6667981749776
2.90442088628682
3.71241526989358
2.68824823062909
3.07500372496355
3.17792105352537
2.51098281839466
3.66274328487424
2.94802412460165
3.89997289921158
3.75611417898538
3.57865839051525
3.14294241720679
3.40993853748202
3.46501182480333
3.4430910088361
3.19945437866633
3.03375887960663
3.39164064447038
2.53017504002054
3.35853399520122
3.43359832637494
3.55475902580764
3.27814831028542
2.99048240678113
3.31941705524323
3.41187989716008
3.74427464283365
2.95520606229612
3.1663301046675
3.56298319985681
3.66320761455373
3.36425464654848
2.61532764693566
3.02744110582844
2.98348927474811
3.2537224257661
3.28190679253825
3.08714738599221
3.21374930170746
3.41404467748557
3.25372698664029
3.02532611942356
3.48940841546834
3.3922697478122
3.28799253210216
3.37114444558073
3.14177359943429
3.42111955901847
2.34548537017931
3.13874980724658
3.57098790294932
2.94833217588646
3.50235785285253
3.45178674581433
3.45095989535417
3.60242785948549
3.48542642636375
3.37787523675752
3.30798848859245
3.43756334048013
3.48397221151718
3.12845346107771
3.62162962770904
3.52728944727923
3.45917222313656
2.9148309568098
3.51637008366676
3.4241020682429
3.51021976298922
3.66846103910134
3.35911496837359
3.47954040861977
3.57230615908593
3.53035484238813
3.42979724743898
3.53189894247438
3.35767590004129
3.62447384998352
2.82422901899056
3.10275426666445
2.84585523233448
3.64132516600236
2.73268402463985
3.35952601650168
2.79280970453787
3.27562081817241
3.42464794997298
3.4359777271213
3.33694788211086
3.39203322048998
3.41187358610546
3.44425513430143
3.57290065077715
3.42391635412731
3.36180123338099
3.44935723337902
2.6475991256866
3.31454880208083
3.58423760170498
2.74354352629847
3.28551556538452
3.24646772092882
2.47349469714715
2.58795821030098
3.53283511008171
4.30242308121458
3.33100919291237
2.52765328173575
3.45402081546357
4.18626415951606
3.62601151880265
3.44415808711989
2.47160892092531
3.43014331945896
4.12935232039665
3.24435282934117
2.42167528506175
3.86574782607961
4.04368986667604
4.5931936170013
2.37787296447317
3.92587480499169
3.96734447980245
3.32412662657363
2.32495806939649
3.50250049594267
3.49010423429092
3.89457639522006
3.12530932541898
3.20830489052561
3.24253353222551
3.3268897838004
3.28871676751085
3.25804848684822
3.50767964551412
3.39174569603182
3.68028263865178
3.39504543283785
3.30651478529469
3.15298862630985
3.54499367424585
2.27908759546743
3.75081617595848
3.82297049713588
3.26073295687494
2.24806116416608
3.52642617317745
3.76768771067298
3.48780441769694
3.50980963336327
3.27343625478525
2.92127977574236
3.45683875736986
3.4096280469199
3.45477852119642
3.17649463047147
3.49976704535913
3.34067982252148
3.64382793780656
3.95668351180692
2.19333027667423
3.19784526110675
3.18733419681711
3.7150630838286
3.14549312556335
3.09553923277926
2.16169121835072
3.23852432360739
3.64774509036058
3.23928631109834
2.13404886683036
3.16116066921497
3.61934124568654
3.22671175773205
3.47328523728295
3.08570495956033
2.11634350155831
3.27803229735155
3.59568785110747
3.20533029976402
2.09230225164447
3.22231580621056
3.55792311935812
2.94984005865979
3.43172764584278
3.55367183586428
3.422588098745
3.37141433181941
3.58337695126243
3.75608885672793
3.52452576530792
3.3366492908187
2.06546505693475
3.17201273793985
3.51904357758806
3.09514384776849
3.36652387346341
3.36512330248194
3.28220387331188
3.42782094828222
2.96266858460771
3.16221993911403
2.04174370125372
3.29131019298926
3.47899223921109
3.2843175113755
2.01839768575094
3.4224492184023
3.38200574425886
3.4466583471974
3.16668608142856
3.45013744060158
3.25741398445227
3.15251861131221
3.41521055033896
3.34578159493146
3.35219706473142
3.27824546322855
3.05152088962286
3.22139181282102
1.99448891439136
3.3986843279148
3.41798886442437
2.31760433325483
2.78625317157209
2.63209702327082
3.01722768482465
3.29167806968409
3.35139789874956
4.33304495204606
3.50802876136969
3.23769934140372
3.09960790229419
2.58893661164306
3.20016876102709
3.48888033364992
3.5616350579751
3.33304994708072
3.66000517245734
4.25854628477662
3.50101249363008
2.55160021909498
3.40517194429132
3.66572257878935
3.34407195356411
3.38997217814308
3.48456252216666
3.39678217330283
3.55192834261269
3.37827198708608
3.40477179543837
3.07081196849294
3.18133346535796
3.33204522773522
3.38571189222064
3.4393066338312
3.58555158861519
3.42198004420842
3.16573717534731
3.45202212753631
3.13931474539864
2.9969026058907
3.18905746172591
3.32060728998074
3.20995286333271
3.45769872991865
3.14196418794047
2.63486197621563
3.49110341570232
3.17364978357753
3.35266319259721
3.1070651520701
2.96557913572727
3.28619083081322
4.29844755974077
2.63195037943355
2.06827406988273
3.37516322795612
3.37465604235154
3.29380545505228
3.49379817610245
3.15084030094038
3.59636034603692
3.39621131527364
3.52297762646958
2.05158086619485
3.31154570293252
3.3670977906288
3.54981887495846
2.03427705137188
2.85464208997009
3.3497664601893
3.39850300140672
3.51011670703889
3.42367027829209
3.44246429437728
3.3988434175686
3.33572637126711
3.33216215645416
3.42762173667677
3.3016783565484
3.1265902410428
3.31817008627198
3.03432936188228
3.37752811215274
3.42504062048552
3.2940266911583
3.54404173049045
3.47308599250549
3.43280357562014
3.52124957641928
3.61535266182719
3.28352650912419
3.37431053884898
2.7968047016547
3.40160840610539
2.85992604531967
3.32188096091865
3.27679312741999
3.32739219640969
4.82295635384363
3.27910690849209
3.62388165190412
3.28014510303417
3.44376602523652
3.25817520076869
3.0544988345558
3.22913008842716
3.25940396977206
3.23711946936876
3.07087066643936
3.18162186963159
2.9301510849036
2.76703984810154
3.2449569183181
3.49194850329985
2.01479421841913
2.86358108268059
3.29640832581257
3.3415034616607
3.3341887799275
3.28818550444374
3.23662869277786
3.22147255603362
3.33283809193129
3.28278621483149
3.27113851059399
3.63774247059334
3.52638386099184
3.58446023836865
1.9864182086793
2.98784156814436
3.3308080981767
3.32574737308233
3.10116649644206
2.85356283997098
3.26987748957388
3.19688316817417
3.08956139869531
3.42229992186437
2.99858751819675
1.96011696576013
2.76195565224476
2.55603997748843
3.04306799703281
4.06577843540618
3.29891960082453
3.20696225718767
2.97620849683396
3.10173807047988
3.18320400805775
3.39581445623474
3.90501972250976
3.56220361199225
3.04737801869983
2.95696483401856
2.55359249996945
3.11551095842858
3.09212227596946
3.11640776498667
3.2094945441431
3.75699830789803
3.35364717356619
2.5022447809383
3.50491261210699
3.65457686532478
3.26203725480581
3.15294098210131
3.19995184667781
4.10572709784259
2.45341806285808
3.52420451218374
3.55574375440861
3.40883939230483
3.27925834894702
3.50155067906152
3.37052899478216
3.20693305380301
3.00854853127597
3.13996956656392
3.32184710894189
3.13264128426858
3.08054806674893
3.50348308834402
3.60569111788544
3.11813067832136
3.240114547979
3.38424098284692
3.36473096371346
3.26234442907377
3.28170756460822
3.50872034835572
3.18708637501301
3.15659741252402
3.31430423154512
3.22874744679583
3.23875712943935
3.50350189338477
3.30036870701157
3.14211297130273
3.24511915284626
3.49879810251568
3.33928336235907
3.16661198314648
2.87298606163693
3.08679336921648
2.41223035225818
3.05363869298075
3.51154808831227
3.27166532060758
3.16431430329633
3.37902729977533
3.59070451085796
3.40013415328674
3.09207795125463
3.09973348924335
2.76739205357395
3.07624540384571
2.91432753379095
3.42877746268455
3.25610436124285
3.29443459692187
3.14632035440448
2.37161304626436
3.19238350211873
2.87873088943742
3.43467262777094
2.96661605938557
3.54823831563193
3.51652426039553
3.31346458266956
3.15721033734782
2.33123853447014
3.06449383823512
3.43105567480425
3.49863645900617
2.92375233558255
3.04559724631663
3.28071463458257
3.46469596698171
3.03538888622254
3.42800955241294
2.37146791965422
3.46482361495824
3.40032791482084
3.10016094520834
2.33690036407484
2.89443112141366
2.98028462361374
3.27759744452001
3.24137006710896
3.52661602890481
3.39676441305975
3.1953406362291
3.24592537357438
3.2437864650412
3.4801197734288
3.15187505739267
3.09030687077295
3.38609214985503
3.36608923621229
3.19970722190105
3.02367884219216
3.32825744099068
3.46698829582183
2.30068385619522
3.08911436728087
2.86990694847128
2.76259698598146
3.44672237287273
3.1389714401323
3.25412236545761
3.13184863736477
3.01917620173785
3.30559578105538
3.29745459277976
2.26845463779314
3.59324832967502
2.89959810014332
2.91785751758685
3.25829541567516
3.10598122121737
2.78118717476406
2.24219649586638
2.99896299208364
3.59852990532252
3.18450946330073
3.34075891694139
3.28531880078991
1.9672419497272
3.37720751511197
3.18464104493485
3.49518637470345
3.4470540867254
3.24863004185736
3.38755508316767
3.01665386010276
3.1712538569291
3.23876008097717
3.13203650221119
2.91403376641527
3.45472368238739
2.8516432127727
3.21840428146535
3.19999362712709
3.36789780188182
3.23734640044977
3.36830065464994
3.4543214884266
3.31123079050527
3.19511511896922
3.51722388987321
3.00922381182362
3.4103284772301
3.58717015216514
3.25828862661718
3.07016210500994
3.53560691567966
3.17519909052622
3.19059237442927
3.30243910681333
3.15676663222116
2.90659085540452
3.04692238681254
3.40999994050952
3.50870844104311
3.23529875377019
3.44638023364284
1.94786923334434
3.18735652900417
3.29599740249527
3.15491447309007
3.27001387880333
3.35375703893797
3.51569992195607
3.48615600901925
3.28553515219809
3.08050445278688
3.22173604396808
3.03885328400929
3.36351271605227
3.1698692390029
3.138094531976
2.95040569591393
3.00241711440158
3.46615077238654
3.01626719534665
3.1456259850239
3.11808960215067
3.12099988243692
3.3628583172795
3.03369346071979
2.93486389595959
3.19765847247888
3.10439870917748
3.59981908820196
2.88979511479058
3.86993372741002
3.0969125554178
3.21248642166928
2.8364743076976
3.51872130271426
3.08012264610163
3.36021163699011
2.78555151949389
3.15125001113868
3.07507508111202
3.55738651294587
3.6997574359879
3.53148893618801
3.44043329156685
3.68958607278272
3.45951604656639
3.52892605278562
3.49472622818473
3.42184666834237
3.76308851386834
3.47730290927859
3.1037870154429
3.83933972453827
3.72111961739051
3.34419654908225
3.12852160476266
2.92698861163225
3.39187516370468
3.33279192155195
3.11504936547295
3.42516525680638
3.29767103603366
3.46574334732696
3.43489410559984
3.3092744126105
3.43465357931855
3.1524112172593
3.35565750386822
3.09183291673825
3.574665172734
3.16033295332479
3.35377715437607
3.17313370756411
3.12382940605738
3.29571423232901
3.53955870262085
3.37352641863118
2.99938567379232
3.09647852476711
3.16491003062856
3.33842353545463
3.07303658199169
2.62560966408687
3.16054950549537
2.7299318094
3.30270762650351
3.37819812953927
3.2107741184683
3.23668560217387
3.30520051834948
3.46505552204248
2.89654228317333
3.43047227039967
2.00667544069847
3.13419512105757
3.22671932984847
3.07033732772816
3.27359046860229
3.22701059117977
3.32585856629975
3.19150311930259
3.30792099179836
3.48249454539517
3.14858954763936
3.47533783630467
1.99781916356925
3.55955731902557
2.67507000713072
2.0186318824057
3.24413917427838
3.0257702344393
3.13291990427276
3.69338175432745
3.43498768014989
3.04154555371029
3.20988699418012
2.83619878506854
3.27447215097212
3.09298929412927
3.56572171474942
3.20473011115488
3.49705345822714
2.65928970712682
3.03130489613044
3.53750079886857
2.96858699818616
3.30290641739161
3.48944636312557
2.57282923943698
3.01993390868834
2.51578448702621
2.89940075209856
2.93136328458177
3.07409531309799
3.33805616775725
3.34511467121076
2.94862728956318
3.04913394739888
3.38812541721984
2.74980438402193
2.7996835571725
3.0488370291274
2.8274423274504
2.9065962893367
3.24208461090596
3.44664931404539
2.72076049480448
3.24897816738405
3.20578441831532
3.68383826105402
2.26790064902446
3.27228517427826
2.46321713650328
2.61679592106486
3.30211155472054
3.42016557519808
2.94730349608106
2.19693394281957
3.00133973611503
3.61663555271128
2.42112963503999
2.95144116526603
3.49740780606749
3.09668231143725
3.08325947562418
3.37021583838939
3.05769153157253
3.21479523151125
3.08324306122853
3.12276690364334
3.25493417505706
3.61090740255427
3.35697065371643
3.71792978467157
3.25842587381118
3.14885705629713
3.46914786968297
3.26080246882528
3.00449662228926
3.101806731406
2.9325994290327
3.26105244440428
3.11691693876288
3.68990440948967
3.28563872089805
3.36726156484135
2.40424241889632
3.00647818100412
3.20108831763251
3.04001466656517
2.89094410953021
3.26005767532949
3.19491677338684
2.3836975823003
3.15339700185439
2.97294833401042
2.90479571953282
2.36488153134217
3.23997077505538
3.23313000837211
3.28199753479604
3.51139302214265
3.19595408514276
3.50444768369712
3.17933206095669
3.10383862092115
3.32791416183925
3.59298020227868
2.91334908844756
3.19266217448236
3.41667307723855
2.34348129260157
3.50268975812949
3.09010261350746
3.3628654591714
3.37202470344909
3.17875109404779
3.32642021939832
2.86187844642738
2.9698434216808
2.32949693357687
3.63269250522017
3.5322944138887
3.10752096471446
3.09307143158888
3.36228948711473
3.19978959747078
2.72423633327327
2.80951450290214
3.59126510959905
3.39760054602408
3.17192490364307
3.44322930208404
2.90338153413457
3.12947783226748
