-5e-04
0.9985
1.985
2.91941941941942
3.62694041061592
4.11049723756906
4.34903047091413
4.5191637630662
4.63405797101449
4.55533854166667
4.57049608355091
4.50982961992136
4.61004626569729
4.52762803234501
4.51907356948229
4.4012474012474
4.37194696441033
4.40437544107269
4.31960227272727
4.33333333333333
4.36845930232558
4.37766348273328
4.4517087667162
4.4920993227991
4.4615969581749
4.43745203376823
4.53178294573643
4.47931303669009
4.45547675334909
4.39936608557845
4.45876701361089
4.52627324171382
4.52945990180033
4.51701244813278
4.5989847715736
4.4712543554007
4.53327338129496
4.484934086629
4.5439121756487
4.44759825327511
4.48170731707317
4.45872801082544
4.51159196290572
4.57272727272727
4.36382978723404
4.38518518518519
4.52727272727273
4.42960288808664
4.35294117647059
4.39545454545455
4.48704663212435
4.54748603351955
4.39024390243902
4.39354838709677
4.49315068493151
4.40559440559441
4.36690647482014
4.57037037037037
4.43846153846154
4.5546875
4.57936507936508
4.28225806451613
4.49180327868852
4.57264957264957
4.31578947368421
4.5
4.49
4.54878048780488
4.46031746031746
4.46153846153846
4.13636363636364
2.5
3
3
3
2
3
4
10
10
1
1
1
2
2
3
2
1
2
