5.16999163928879
4.49586814883699
4.06072757970416
3.14757838890605
2.85656232934875
2.90343073579397
2.82221966661383
2.9471585143323
2.93176334138257
3.01047392525974
2.99942234058675
2.99030895897057
3.09712326573694
3.07389785018267
3.07216049119751
3.10306897396263
3.10906856453453
3.08853880954946
3.10817052245797
3.09149493677201
3.08999521762155
3.07532065108315
3.06450015280999
3.08270749913505
3.07770676445255
3.05152689486635
3.12740706327308
3.09109791979445
3.06026876670723
3.08258394927682
3.07018921794786
3.10443340314663
3.09272351814235
3.09434622224302
3.14494189847524
3.1360896739828
3.08898455734249
3.16994518337506
3.18761899811214
3.15439136710997
3.13412670887658
3.13580271625808
3.12823435218095
3.17898284221391
3.12310163416637
3.09302534565946
3.11758520890647
3.07569621735905
3.00245564104788
3.04183084800922
3.20197014390193
3.13149455241237
3.08389882620924
3.14265945471146
3.23641891193773
3.12534474961367
3.06466451460848
3.10932191483608
3.04313137774764
3.12502995028318
3.04928249733347
3.1595128689874
3.05087993901965
2.97716128424101
3.13670491981905
2.99657189580792
3.04129411207515
3.01795588697237
2.92513461289937
3.37399284773086
2.90193054859901
2.83063165386894
2.26111711337274
2.41938664808983
2.27670799720932
1.86378477485607
1.97293633684749
2.12268802239702
2.22234959833155
3.89199251412318
2.0136402985386
5.07079252217212
4.81398950848489
3.56941478456653
4.44230433620803
3.13833511034149
4.52531739358471
5.0427895245415
4.48890814571358
