5.08681723778003
4.4005705851116
3.98609416295407
3.11587448964501
2.86653902653233
2.91210677246533
2.80556370004699
2.84391598871188
2.86179714798388
2.94711897607661
2.95292362345671
2.953094048906
3.04874841612514
3.01020372276274
3.04343145216895
3.01079542066719
3.05581458627143
3.02658073908827
3.05246307342312
3.04291869914883
3.07488719565362
3.03036874304212
3.02368179244686
2.98982696542883
3.00700617068787
3.00842059212675
3.08222427127501
3.01243955398022
3.02261724808165
3.02164218333735
3.04766294887991
3.05910966042433
3.03722060382218
3.0368815984995
3.07566654161623
3.10326492508136
3.0607865110698
3.09316540707936
3.11610999470958
3.08200770437041
3.09005072189696
3.0902108337252
3.09342582546652
3.119184992766
3.06904145731997
3.0301185142457
3.02371201920743
3.01443416594449
2.95698854759454
3.03921191953381
3.1361925430553
3.08575010845058
3.1044983448291
3.16242077624158
3.18038913190493
3.07545714398344
3.10054177656245
3.06655206419102
3.03727619384417
3.10919040317219
3.05441616413329
3.10649496701283
3.0457788200244
2.96631112241913
3.07747810004863
2.99170497202581
3.00742916799607
2.98339144042366
2.85495157254227
3.28128731486812
2.81624532588271
2.83063165386894
2.26111711337274
2.41938664808983
2.27670799720932
1.86378477485607
1.97293633684749
2.12268802239702
2.22234959833155
3.89199251412318
2.0136402985386
5.07079252217212
4.81398950848489
3.56941478456653
4.44230433620803
3.13833511034149
4.52531739358471
5.0427895245415
4.48890814571358
