4.17069585332995
3.77646236565394
3.61697471028017
3.61812346911873
3.52723974791076
3.53706802478902
3.58922949363102
3.57296318803896
3.51378478710472
3.51855978506299
3.48220856816519
3.49891039143723
3.47604346334267
3.4952404599012
3.47917164713432
3.50641629128553
3.50358414210402
3.49466872650675
3.50297354768235
3.48116986646823
3.46038099428655
3.4713358856533
3.47042085361652
3.49203751509102
3.45999650691394
3.46337989297652
3.45066547496089
3.46918356291245
3.4363321975005
3.44980250000668
3.45482232274767
3.43206541902318
3.43778528690385
3.45863506876885
3.43024352227515
3.42712939590953
3.43605730594762
3.44205677628644
3.44556930594508
3.45272288355896
3.44752831386825
3.44496660058833
3.44194619711095
3.45439689371641
3.47171354149098
3.45059773135806
3.42222074184889
3.43904362176526
3.36632859959879
3.4456762175215
3.35226403121823
3.38234798049145
3.36115047140914
3.34615954328598
3.3034338824787
3.3505325664661
3.34005018611009
3.40196906761989
3.37329799146797
3.3777301244986
3.38559027481671
3.39523760838591
3.42053434978689
3.3847760845319
3.43772561856837
3.37783719635755
3.38717796779611
3.37379014671873
3.33061288837157
3.24976469980719
3.3998647442817
3.62969632088583
2.76944778105379
3.42675255786321
3.08259697560052
4.03964871303425
3.13744241164849
3.69687023439804
3.4696232093849
3.59616314746452
4.1680101265438
3.99519533804424
4.27109322813695
3.50489026267397
3.62556067288352
3.46608768549466
3.03841619079108
3.15319421617445
2.88467027705872
