5.88332149308029
4.79026328408685
5.05598942864074
4.63837544443641
4.79127312522356
4.98134873505935
4.88268945324874
4.75310652015689
4.84673070235525
4.66562275207844
4.75831996648564
4.66994296378697
4.9180330343424
4.86158291828908
5.02374110541584
4.92204855416702
4.92952374251945
4.94637241029503
4.87064590657154
4.79364161246728
4.91011130227559
4.86609751845901
4.97824210571346
4.80025057349049
4.8234910991064
4.76891727501982
4.92624793699306
4.76184287886213
4.84688092944039
4.80426945928139
4.7574372310192
4.86306727639233
4.92472299579616
4.8169200671032
4.88657458694358
5.04027619466906
5.02560614985402
5.10437020927614
5.22151600680083
5.26243119504078
5.19716568050922
5.36156969623409
5.48267271916993
5.53370068858968
5.49009945977411
5.40714229295661
5.66907610411934
5.46192282567972
5.30381320100995
5.15177480304794
5.24316503284614
5.25321070029459
4.90628896436135
4.61152202188597
4.68086286811001
4.77766564826954
5.0554928055002
4.88738927602369
4.74071002536573
4.77103339450271
4.94363508254303
5.07627390225784
4.7805156124454
4.88751325817786
4.59112335996077
4.47807977670338
4.76869473108662
4.78987341514819
4.91517069541866
5.32947971793474
5.6200296518658
3.15454041370449
3.73586272988665
2.93705094337947
6.95957858939329
3.2162266977632
6.54004141740337
5.08273420197293
3.8241717123626
11.1203560145693
4.78383007035294
10.1397261160044
4.70506996635492
5.03826433818914
2.78778544755297
2.14699205933937
4.43654154294352
2.69761877201888
9.75567758274163
