5.73154287429866
4.68885412182924
4.95869893527805
4.68863333813865
4.67352219897012
5.06856450742562
4.72099591990779
4.84508174340933
4.73519735638179
4.75375981958641
4.7877604646121
4.66583474304653
4.87197969247332
4.91937004446804
5.11464745132482
4.86909325134611
5.05538862577457
4.97908155753156
4.91988002459339
4.79649834813192
5.03959381748026
5.00358002298386
4.91421342913139
4.90417749422227
4.82490974057501
4.78468399102133
4.91340704883008
4.76290354288893
4.79958617956807
4.87427652650555
4.63752389197975
4.85695355004968
4.82986600744538
4.8544620866014
4.88669157302754
4.88928660331787
5.10603484358516
5.0428304772557
5.1850934873538
5.29922998355516
5.16718754310325
5.12192475381056
5.52335966226904
5.65405293340904
5.46504445307311
5.92439150524326
5.85321246735926
5.63689829369859
5.20793743274206
5.38783397281834
4.61696137220682
5.23932905968642
5.30374187026087
4.69419195389202
4.82258561348901
5.0644604871349
5.02866522365034
4.8784106163628
4.23959065540304
4.50532811604587
4.95150794338877
5.01960646938798
5.25522402535216
4.65908181252476
4.6780713833164
4.8032940642361
5.70953233435948
4.4772821211397
5.9592724758576
5.69862408280155
5.34149430770605
3.15454041370449
3.73586272988665
2.93705094337947
6.95957858939329
3.2162266977632
6.54004141740337
5.08273420197293
3.8241717123626
11.1203560145693
4.78383007035294
10.1397261160044
4.70506996635492
5.03826433818914
2.78778544755297
2.14699205933937
4.43654154294352
2.69761877201888
9.75567758274163
