4.42314220988143
3.82116032327546
3.44575778499011
3.69820123316811
3.27108324922374
3.30036455974408
3.29340976263193
3.09716610667515
3.64403887994103
3.52455720745504
3.91540370848219
3.66332749809155
3.9319576999199
3.39879504772411
2.6512635197898
3.00068732458116
2.66837857960555
4.20399327020605
3.73438059278675
4.52590568089515
4.08438435562595
3.57211799996275
3.61803462949448
3.16866949678497
3.17832451300086
4.10233747820895
4.11717053147002
3.48434356762083
2.84107237307567
3.45823469053432
2.55787387286684
2.35006637298844
2.94690541982753
3.73358689754717
2.76854904261376
2.42395434936321
2.46013671174049
2.07552567381741
3.05161782888607
3.41111866411581
2.08415521456305
2.09890091001702
2.32208079750193
1.81564861111789
2.50370719902192
3.36392698649021
2.82316982204968
1.92244468379529
3.19566006540537
4.19614408335489
3.57900438813645
3.35112615771527
3.16725146532728
3.52533684419005
3.3332521945655
3.24733262696341
3.06629827075409
3.05345007782664
3.18127371673455
3.29979176064288
2.85159210962978
2.4009709613801
2.88501367444179
2.8351817170992
2.79279088871644
2.96798489964763
2.7243417009939
2.61261162560652
2.62359124292131
3.08593290304668
2.7924457966154
3.19738398513831
4.00806574620898
3.85663588807117
4.03439589655034
4.10255969933701
3.44172381380473
3.56567140905543
3.0339591945761
3.53733244082476
3.8921289584386
3.77666726918754
3.27681538047708
3.62695386833134
3.34247390741818
3.69695126028977
3.60084711518037
3.25648812128231
3.68006018690341
3.94990816129087
3.51008818292885
3.5462054816174
3.18786341697177
3.60292235521133
3.41714903365673
3.44292951333125
3.15167505467841
4.80885975849833
3.71935080396502
2.44167064501518
3.53975363941178
3.69592850219508
3.59345843805114
3.60875318636525
3.65954373265713
3.54554288635182
3.51965791199515
3.51648989719196
3.29983363348216
3.37198892026862
3.56443190802571
3.35437811607235
3.26842602968984
3.23468105409196
3.21854230428385
3.19535303446583
3.23555842232733
3.34085247144133
3.10481788678832
3.09729655596369
3.24926393504025
3.07177819313275
3.38519538046405
3.01004399475697
3.27255516576968
3.1238398498623
3.18058950308748
2.90783143285528
3.57024540218437
2.90962690605853
3.37341270855632
2.92347591707008
2.82449689646551
3.18080037800611
2.83525935156711
3.03065071273946
3.54674408497982
2.74685226219859
3.43533102320845
2.76163732266594
3.46564465371334
3.98316928499249
2.68597388462695
3.29374367980714
2.98791698321238
3.48685749965683
2.67370156979739
3.1584243194762
2.60552244942351
3.73209908431551
2.6084049209941
3.71070226711282
2.55425974605155
3.56258826047939
2.56026981787618
3.39319355606613
2.48157172735121
3.29766488527058
2.50816171148458
3.36369541741668
3.64292092835544
3.88681124723422
3.21630836693659
2.48410401814283
3.37704497699788
3.77833129334298
2.755604996928
2.43997166738134
3.27470213610523
2.52302428419976
5.14900526475777
2.44270918599971
2.8708531925879
2.47251086471221
3.02510952991812
3.61845292198142
3.12150951232149
2.40181467751192
3.07428839512157
3.48349622308246
4.25122058467468
2.36297547263583
3.23811476246695
3.90789364685605
2.42304925178681
3.32837652290769
2.3334895557742
3.22060866251183
3.36893979263022
4.20697154538329
2.300673840738
3.23333835644714
3.75605163585237
3.69460542637664
3.3059616163084
3.41403913832026
3.45052733299699
3.4437942037874
3.28529143848787
3.354226177904
3.26281847606784
3.40839497667368
3.38620498576244
3.24627111558332
3.21640021165677
3.02589526364398
3.69217390841639
3.1882706104733
3.50664001950736
3.88782608040726
3.46547392410921
2.51247658702938
2.64774016726731
2.74419882399606
3.09894376019875
2.40100724360515
3.40068857296262
2.6667981749776
2.90442088628682
3.71241526989358
2.68824823062909
3.07500372496355
3.17792105352537
2.51098281839466
3.66274328487424
2.94802412460165
3.89997289921158
3.75611417898538
3.57865839051525
3.14294241720679
3.40993853748202
3.46501182480333
3.4430910088361
3.19945437866633
3.03375887960663
3.39164064447038
2.53017504002054
3.35853399520122
3.43359832637494
3.55475902580764
3.27814831028542
2.99048240678113
3.31941705524323
3.41187989716008
3.74427464283365
2.95520606229612
3.1663301046675
3.56298319985681
3.66320761455373
3.36425464654848
2.61532764693566
3.02744110582844
2.98348927474811
3.2537224257661
3.28190679253825
3.08714738599221
3.21374930170746
3.41404467748557
3.25372698664029
3.02532611942356
3.48940841546834
3.3922697478122
3.28799253210216
3.37114444558073
3.14177359943429
3.42111955901847
2.34548537017931
3.13874980724658
3.57098790294932
2.94833217588646
3.50235785285253
3.45178674581433
3.45095989535417
3.60242785948549
3.48542642636375
3.37787523675752
3.30798848859245
3.43756334048013
3.48397221151718
3.12845346107771
3.62162962770904
3.52728944727923
3.45917222313656
2.9148309568098
3.51637008366676
3.4241020682429
3.51021976298922
3.66846103910134
3.35911496837359
3.47954040861977
3.57230615908593
3.53035484238813
3.42979724743898
3.53189894247438
3.35767590004129
3.62447384998352
2.82422901899056
3.10275426666445
2.84585523233448
3.64132516600236
2.73268402463985
3.35952601650168
2.79280970453787
3.27562081817241
3.42464794997298
3.4359777271213
3.33694788211086
3.39203322048998
3.41187358610546
3.44425513430143
3.57290065077715
3.42391635412731
3.36180123338099
3.44935723337902
2.6475991256866
3.31454880208083
3.58423760170498
2.74354352629847
3.28551556538452
3.24646772092882
2.47349469714715
2.58795821030098
3.53283511008171
4.30242308121458
3.33100919291237
2.52765328173575
3.45402081546357
4.18626415951606
3.62601151880265
3.44415808711989
2.47160892092531
3.43014331945896
4.12935232039665
3.24435282934117
2.42167528506175
3.86574782607961
4.04368986667604
4.5931936170013
2.37787296447317
3.92587480499169
3.96734447980245
3.32412662657363
2.32495806939649
3.50250049594267
3.49010423429092
3.89457639522006
3.12530932541898
3.20830489052561
3.24253353222551
3.3268897838004
3.28871676751085
3.25804848684822
3.50767964551412
3.39174569603182
3.68028263865178
3.39504543283785
3.30651478529469
3.15298862630985
3.54499367424585
2.27908759546743
3.75081617595848
3.82297049713588
3.26073295687494
2.24806116416608
3.52642617317745
3.76768771067298
3.48780441769694
3.50980963336327
3.27343625478525
2.92127977574236
3.45683875736986
3.4096280469199
3.45477852119642
3.17649463047147
3.49976704535913
3.34067982252148
3.64382793780656
3.95668351180692
2.19333027667423
3.19784526110675
3.18733419681711
3.7150630838286
3.14549312556335
3.09553923277926
2.16169121835072
3.23852432360739
3.64774509036058
3.23928631109834
2.13404886683036
3.16116066921497
3.61934124568654
3.22671175773205
3.47328523728295
3.08570495956033
2.11634350155831
3.27803229735155
3.59568785110747
3.20533029976402
2.09230225164447
3.22231580621056
3.55792311935812
2.94984005865979
3.43172764584278
3.55367183586428
3.422588098745
3.37141433181941
3.58337695126243
3.75608885672793
3.52452576530792
3.3366492908187
2.06546505693475
3.17201273793985
3.51904357758806
3.09514384776849
3.36652387346341
3.36512330248194
3.28220387331188
3.42782094828222
2.96266858460771
3.16221993911403
2.04174370125372
3.29131019298926
3.47899223921109
3.2843175113755
2.01839768575094
3.4224492184023
3.38200574425886
3.4466583471974
3.16668608142856
3.45013744060158
3.25741398445227
3.15251861131221
3.41521055033896
3.34578159493146
3.35219706473142
3.27824546322855
3.05152088962286
3.22139181282102
1.99448891439136
3.3986843279148
3.41798886442437
2.31760433325483
2.78625317157209
2.63209702327082
3.01722768482465
3.29167806968409
3.35139789874956
4.33304495204606
3.50802876136969
3.23769934140372
3.09960790229419
2.58893661164306
3.20016876102709
3.48888033364992
3.5616350579751
3.33304994708072
3.66000517245734
4.25854628477662
3.50101249363008
2.55160021909498
3.40517194429132
3.66572257878935
3.34407195356411
3.38997217814308
3.48456252216666
3.39678217330283
3.55192834261269
3.37827198708608
3.40477179543837
3.07081196849294
3.18133346535796
3.33204522773522
3.38571189222064
3.4393066338312
3.58555158861519
3.42198004420842
3.16573717534731
3.45202212753631
3.13931474539864
2.9969026058907
3.18905746172591
3.32060728998074
3.20995286333271
3.45769872991865
3.14196418794047
2.63486197621563
3.49110341570232
3.17364978357753
3.35266319259721
3.1070651520701
2.96557913572727
3.28619083081322
4.29844755974077
2.63195037943355
2.06827406988273
3.37516322795612
3.37465604235154
3.29380545505228
3.49379817610245
3.15084030094038
3.59636034603692
3.39621131527364
3.52297762646958
2.05158086619485
3.31154570293252
3.3670977906288
3.54981887495846
2.03427705137188
2.85464208997009
3.3497664601893
3.39850300140672
3.51011670703889
3.42367027829209
3.44246429437728
3.3988434175686
3.33572637126711
3.33216215645416
3.42762173667677
3.3016783565484
3.1265902410428
3.31817008627198
3.03432936188228
3.37752811215274
3.42504062048552
3.2940266911583
3.54404173049045
3.47308599250549
3.43280357562014
3.52124957641928
3.61535266182719
3.28352650912419
3.37431053884898
2.7968047016547
3.40160840610539
2.85992604531967
3.32188096091865
3.27679312741999
3.32739219640969
4.82295635384363
3.27910690849209
3.62388165190412
3.28014510303417
3.44376602523652
3.25817520076869
3.0544988345558
3.22913008842716
3.25940396977206
3.23711946936876
3.07087066643936
3.18162186963159
2.9301510849036
2.76703984810154
3.2449569183181
3.49194850329985
2.01479421841913
2.86358108268059
3.29640832581257
3.3415034616607
3.3341887799275
3.28818550444374
3.23662869277786
3.22147255603362
3.33283809193129
3.28278621483149
3.27113851059399
3.63774247059334
3.52638386099184
3.58446023836865
1.9864182086793
2.98784156814436
3.3308080981767
3.32574737308233
3.10116649644206
2.85356283997098
3.26987748957388
3.19688316817417
3.08956139869531
3.42229992186437
2.99858751819675
1.96011696576013
2.76195565224476
2.55603997748843
3.04306799703281
4.06577843540618
3.29891960082453
3.20696225718767
2.97620849683396
3.10173807047988
3.18320400805775
3.39581445623474
3.90501972250976
3.56220361199225
3.04737801869983
2.95696483401856
2.55359249996945
3.11551095842858
3.09212227596946
3.11640776498667
3.2094945441431
3.75699830789803
3.35364717356619
2.5022447809383
3.50491261210699
3.65457686532478
3.26203725480581
3.15294098210131
3.19995184667781
4.10572709784259
2.45341806285808
3.52420451218374
3.55574375440861
3.40883939230483
3.27925834894702
3.50155067906152
3.37052899478216
3.20693305380301
3.00854853127597
3.13996956656392
3.32184710894189
3.13264128426858
3.08054806674893
3.50348308834402
3.60569111788544
3.11813067832136
3.240114547979
3.38424098284692
3.36473096371346
3.26234442907377
3.28170756460822
3.50872034835572
3.18708637501301
3.15659741252402
3.31430423154512
3.22874744679583
3.23875712943935
3.50350189338477
3.30036870701157
3.14211297130273
3.24511915284626
3.49879810251568
3.33928336235907
3.16661198314648
2.87298606163693
3.08679336921648
2.41223035225818
3.05363869298075
3.51154808831227
3.27166532060758
3.16431430329633
3.37902729977533
3.59070451085796
3.40013415328674
3.09207795125463
3.09973348924335
2.76739205357395
3.07624540384571
2.91432753379095
3.42877746268455
3.25610436124285
3.29443459692187
3.14632035440448
2.37161304626436
3.19238350211873
2.87873088943742
3.43467262777094
2.96661605938557
3.54823831563193
3.51652426039553
3.31346458266956
3.15721033734782
2.33123853447014
3.06449383823512
3.43105567480425
3.49863645900617
2.92375233558255
3.04559724631663
3.28071463458257
3.46469596698171
3.03538888622254
3.42800955241294
2.37146791965422
3.46482361495824
3.40032791482084
3.10016094520834
2.33690036407484
2.89443112141366
2.98028462361374
3.27759744452001
3.24137006710896
3.52661602890481
3.39676441305975
3.1953406362291
3.24592537357438
3.2437864650412
3.4801197734288
3.15187505739267
3.09030687077295
3.38609214985503
3.36608923621229
3.19970722190105
3.02367884219216
3.32825744099068
3.46698829582183
2.30068385619522
3.08911436728087
2.86990694847128
2.76259698598146
3.44672237287273
3.1389714401323
3.25412236545761
3.13184863736477
3.01917620173785
3.30559578105538
3.29745459277976
2.26845463779314
3.59324832967502
2.89959810014332
2.91785751758685
3.25829541567516
3.10598122121737
2.78118717476406
2.24219649586638
2.99896299208364
3.59852990532252
3.18450946330073
3.34075891694139
3.28531880078991
1.9672419497272
3.37720751511197
3.18464104493485
3.49518637470345
3.4470540867254
3.24863004185736
3.38755508316767
3.01665386010276
3.1712538569291
3.23876008097717
3.13203650221119
2.91403376641527
3.45472368238739
2.8516432127727
3.21840428146535
3.19999362712709
3.36789780188182
3.23734640044977
3.36830065464994
3.4543214884266
3.31123079050527
3.19511511896922
3.51722388987321
3.00922381182362
3.4103284772301
3.58717015216514
3.25828862661718
3.07016210500994
3.53560691567966
3.17519909052622
3.19059237442927
3.30243910681333
3.15676663222116
2.90659085540452
3.04692238681254
3.40999994050952
3.50870844104311
3.23529875377019
3.44638023364284
1.94786923334434
3.18735652900417
3.29599740249527
3.15491447309007
3.27001387880333
3.35375703893797
3.51569992195607
3.48615600901925
3.28553515219809
3.08050445278688
3.22173604396808
3.03885328400929
3.36351271605227
3.1698692390029
3.138094531976
2.95040569591393
3.00241711440158
3.46615077238654
3.01626719534665
3.1456259850239
3.11808960215067
3.12099988243692
3.3628583172795
3.03369346071979
2.93486389595959
3.19765847247888
3.10439870917748
3.59981908820196
2.88979511479058
3.86993372741002
3.0969125554178
3.21248642166928
2.8364743076976
3.51872130271426
3.08012264610163
3.36021163699011
2.78555151949389
3.15125001113868
3.07507508111202
3.55738651294587
3.6997574359879
3.53148893618801
3.44043329156685
3.68958607278272
3.45951604656639
3.52892605278562
3.49472622818473
3.42184666834237
3.76308851386834
3.47730290927859
3.1037870154429
3.83933972453827
3.72111961739051
3.34419654908225
3.12852160476266
2.92698861163225
3.39187516370468
3.33279192155195
3.11504936547295
3.42516525680638
3.29767103603366
3.46574334732696
3.43489410559984
3.3092744126105
3.43465357931855
3.1524112172593
3.35565750386822
3.09183291673825
3.574665172734
3.16033295332479
3.35377715437607
3.17313370756411
3.12382940605738
3.29571423232901
3.53955870262085
3.37352641863118
2.99938567379232
3.09647852476711
3.16491003062856
3.33842353545463
3.07303658199169
2.62560966408687
3.16054950549537
2.7299318094
3.30270762650351
3.37819812953927
3.2107741184683
3.23668560217387
3.30520051834948
3.46505552204248
2.89654228317333
3.43047227039967
2.00667544069847
3.13419512105757
3.22671932984847
3.07033732772816
3.27359046860229
3.22701059117977
3.32585856629975
3.19150311930259
3.30792099179836
3.48249454539517
3.14858954763936
3.47533783630467
1.99781916356925
3.55955731902557
2.67507000713072
2.0186318824057
3.24413917427838
3.0257702344393
3.13291990427276
3.69338175432745
3.43498768014989
3.04154555371029
3.20988699418012
2.83619878506854
3.27447215097212
3.09298929412927
3.56572171474942
3.20473011115488
3.49705345822714
2.65928970712682
3.03130489613044
3.53750079886857
2.96858699818616
3.30290641739161
3.48944636312557
2.57282923943698
3.01993390868834
2.51578448702621
2.89940075209856
2.93136328458177
3.07409531309799
3.33805616775725
3.34511467121076
2.94862728956318
3.04913394739888
3.38812541721984
2.74980438402193
2.7996835571725
3.0488370291274
2.8274423274504
2.9065962893367
3.24208461090596
3.44664931404539
2.72076049480448
3.24897816738405
3.20578441831532
3.68383826105402
2.26790064902446
3.27228517427826
2.46321713650328
2.61679592106486
3.30211155472054
3.42016557519808
2.94730349608106
2.19693394281957
3.00133973611503
3.61663555271128
2.42112963503999
2.95144116526603
3.49740780606749
3.09668231143725
3.08325947562418
3.37021583838939
3.05769153157253
3.21479523151125
3.08324306122853
3.12276690364334
3.25493417505706
3.61090740255427
3.35697065371643
3.71792978467157
3.25842587381118
3.14885705629713
3.46914786968297
3.26080246882528
3.00449662228926
3.101806731406
2.9325994290327
3.26105244440428
3.11691693876288
3.68990440948967
3.28563872089805
3.36726156484135
2.40424241889632
3.00647818100412
3.20108831763251
3.04001466656517
2.89094410953021
3.26005767532949
3.19491677338684
2.3836975823003
3.15339700185439
2.97294833401042
2.90479571953282
2.36488153134217
3.23997077505538
3.23313000837211
3.28199753479604
3.51139302214265
3.19595408514276
3.50444768369712
3.17933206095669
3.10383862092115
3.32791416183925
3.59298020227868
2.91334908844756
3.19266217448236
3.41667307723855
2.34348129260157
3.50268975812949
3.09010261350746
3.3628654591714
3.37202470344909
3.17875109404779
3.32642021939832
2.86187844642738
2.9698434216808
2.32949693357687
3.63269250522017
3.5322944138887
3.10752096471446
3.09307143158888
3.36228948711473
3.19978959747078
2.72423633327327
2.80951450290214
3.59126510959905
3.39760054602408
3.17192490364307
3.44322930208404
2.90338153413457
3.12947783226748
3.2151724043365
3.31377222685086
3.32705656570374
3.3590717252563
2.75097630928373
3.23309069026901
3.36002825221037
3.30393336597799
3.52281156487668
3.11380723727908
3.1694076938783
2.6816796956205
3.01783928850011
3.10164828431773
3.13773545320742
3.14329549422402
2.61768861169674
3.15661496751719
3.08888641655308
3.25878381699476
3.04403653203805
3.58451535700675
2.55727440243369
2.95867828488315
3.07616068664236
3.19195516512991
3.16666915561689
2.50155464159361
3.22031795427405
3.35382714015594
2.98181057155087
3.06605545673799
3.13906867197348
3.30784275209273
3.75010813481863
3.02454672841056
3.23307371814401
2.72792444249735
3.14556990461266
3.30051076222566
3.05558416076852
3.05553909409742
3.34334500063894
2.0561269490139
3.24176330139002
3.04422400289633
3.19599606993273
2.34158606232332
2.99555852869387
3.43923199407092
3.32630268637819
2.93406144135826
3.11704585010751
3.2212181097246
3.12239050811029
2.71662614791632
2.44484773001816
2.79702531491391
3.26508898896349
3.40276396337069
2.39681594201441
3.03157375079286
3.2220496508247
3.1816562186924
2.36381297127115
2.83388746627166
3.1830015989653
3.21444199935966
2.3207214049973
3.33454001036726
3.22904219888358
3.14672628337416
2.83175164802891
3.39178743004807
2.28046413027329
3.33864372027954
3.43445738020929
3.43510194142394
3.45578956236108
3.11119243214767
2.2831683918382
2.24261854657297
3.55556763948237
3.30733696184952
2.96443997461073
3.07517080439527
3.8128134031983
3.20647510573405
2.38813857041892
3.6613522860016
3.50368985041052
3.56812471486764
3.45039726803624
3.03643246208766
3.17660193368039
3.01801368307239
3.08192854283818
3.36143806573473
3.23913680560166
3.3385118709925
3.30831693208931
3.50446811627777
3.20823824671572
3.56620720335102
3.26961262030606
3.43460940261158
2.74041465553162
2.41919614437258
3.15636629738317
3.02293015115107
3.38610077262057
3.28395177624453
3.29141400185705
2.47248805247751
2.02813319233506
2.61857154511659
2.70875925195361
3.94103104096325
3.42581659590327
2.01609308538478
3.3854777308644
2.7909334831
2.66541726006031
3.11981212635187
3.11691435368041
3.53820935535913
3.24267983159927
3.41858869157605
3.47406784287007
3.64719978465747
3.31449958488588
3.5143863764191
3.42337206021432
3.20277485165642
3.13050609748685
3.5761259274836
3.11842912117376
3.51215354346689
3.2835254148207
2.03443005791696
3.21902949555772
2.63354419554252
3.28975609451539
3.64552174672827
3.30718977332837
3.08206822656463
3.40147802815085
3.02293131821001
3.16139401467846
2.01391209194165
3.10892290028869
3.35867419368007
3.09848549225531
2.62163421738599
3.2403176554396
3.6651251836946
3.33324817894461
3.26627544897523
3.03151844794007
3.55927688763711
2.83568719977265
3.53232069809406
3.38219187691009
2.00682350496978
3.13140795707765
3.28511358097301
2.28676723789068
1.94714970205332
3.13020644648094
3.07718254512675
3.33568624183414
3.10537539713949
3.02831900278438
2.91283535865766
3.56587107334044
3.27902905260744
3.32938696587017
3.15207120047041
3.33674963772156
3.4297120652548
3.21609870097363
3.1944868998254
3.14109451811455
3.30509690305449
3.08054705069153
3.41942349737076
3.45936371471986
3.36970740205432
3.05349646091655
3.28067396881742
3.0466466800975
3.40848126671023
3.12782086933131
3.27273844221098
3.31982066952585
3.16650613037968
2.27002355639892
4.17985953357229
3.06565112224549
3.64296020801729
3.10734032678113
2.92757603442918
3.50939365329962
3.53270293307354
3.27818275557573
3.41129603951183
3.20445274994454
2.23930138381053
2.72574804063296
3.32251659107266
2.89444636288891
2.75346581292386
3.10056120000086
3.14267651691938
2.20867695393757
2.89173781884071
2.96584753719876
2.96759583877987
3.28999821245856
3.20055563733235
3.00857558496823
3.11649932574043
2.94990045168929
3.32066227543626
2.94088264468185
2.94136797664496
3.22009057999233
3.08900835703919
3.14425370786468
2.95848374276149
3.19713665240336
2.19170222525157
3.00660828717267
3.4923170214858
3.08002514943605
3.40578127698451
3.0574072960443
3.0537329454029
3.25669757144237
3.24558183560135
2.16286273771561
3.48371644722306
3.15401625411438
2.59648353706745
3.07136668999236
3.11526583168704
2.1367873851656
2.79093103895076
3.45356060062086
3.2976079224715
3.36504544163888
3.06303232918663
3.02845809333019
3.35656753325091
3.04126732536599
3.37427003350376
2.11022655089822
3.29598143176921
3.05463807926996
3.28554398340961
2.98144771950832
3.34924703798328
2.0867607088561
3.08075835270334
3.04616598112716
2.91422733165928
3.0758035406955
3.25394344271436
3.35243071511748
2.06340418326679
3.05009367600291
3.04651357830696
3.13060318827026
3.42038952877048
3.30232205108595
3.16560694520162
3.3420467684134
2.04032789169667
3.15342207768501
3.36354839272416
2.97737984206369
3.32765230799745
3.00435356558701
2.82006550208046
2.74130671400429
3.39028208717888
3.12043144788686
3.14582909652299
3.09730608482209
3.21949899263517
3.09454691592558
2.88916982637516
3.07114500552279
2.88172500089971
3.17759444611174
3.08562833248004
3.26525568066027
3.40992052987801
3.44791993177541
3.06412829279097
3.04494882419925
3.29516746815284
3.40276825273373
2.01383157224121
3.38177051696069
3.42597898133109
3.370410094653
3.03662786663556
2.97711445667109
1.99340891420618
3.46805861095127
2.84773788891828
3.3238714243855
3.1345544514999
3.02836680981329
3.10674883431932
1.97364024025888
3.31680231393421
3.11043268779381
3.61261842441101
3.14078976071467
3.34426404371488
3.45250625517286
3.51966316269924
3.01661443365975
3.07771213141326
3.0396937971667
3.32696145012413
1.96989488222685
2.91672938967751
3.03161278224398
3.19158260424359
1.95104568877686
3.36357178733184
3.17001034420792
3.02381179852137
3.07100578645681
1.93263466481947
3.13681320742356
3.08240361693399
3.45269420803541
3.15454069481718
3.3127363449877
3.2686425269743
2.86819093854038
3.1793596520697
3.00029400475829
2.64344624271612
3.01213449135388
3.13215650767119
2.74517520407725
3.47214339427192
2.97258556716726
1.91180216327633
2.97777742281973
3.35092497962142
3.66067669834777
3.23648994817443
3.24170838757816
3.23617266167954
3.24309861586037
3.25007418751935
3.23062599506428
1.89423812742735
3.07823559445311
3.51480982700583
3.21976249708554
2.86207299667969
1.87759605090098
3.40514169306188
3.19186414237873
3.56388699060997
3.02960488630923
3.50510209394394
1.86179361687245
2.914627744835
2.57563608453093
3.02104069275323
3.04105023399792
3.3235131274169
3.0202165702483
3.97202380539668
3.09630058758185
1.85285920380238
3.23264286804203
3.54112708600179
3.47971580612767
3.49779595606178
3.3603439728021
3.2627709306825
3.01205752477379
2.98102546014392
3.40406556955757
3.50260846890032
1.83527526071279
3.00573143550304
2.99888045110541
3.90607278439773
1.82082394023117
3.29035256924816
3.66413466937665
2.9914094060161
3.42581280142969
1.80645158176861
2.79989675398917
3.28853663474806
2.98485611261303
3.30389647047152
1.79236514814526
3.14617050468574
3.27101307517716
2.97836898753815
2.88699464279703
3.03259054094756
1.77729579432947
2.83118473413647
3.30978161424604
3.23498164192743
3.66660961940031
3.35935662169249
3.4229453012734
2.9727739334111
3.15848366464447
1.76942469060849
3.32350208255609
3.25950430202718
2.86600263628365
3.00856585094089
2.5194003434019
2.96565316869213
2.95907657606797
3.22954268100576
3.37181572145943
3.29686198481338
2.45944813185153
2.15513549235275
3.11621427948284
2.80494844562783
3.5195840006645
3.22087447661579
3.79325446632517
3.27820487238131
3.37931188046629
3.19763222034682
3.36963540996914
3.27641190946839
3.03997242257725
3.11268167075964
3.39053462398191
3.42389311321331
3.67040686503507
3.21852880004855
3.27958590078096
3.1480309104
3.39347556278696
3.0725946609745
3.13187613981273
3.43998090991581
3.47639564593424
3.12799507583223
3.08829387264661
3.33205614757039
3.37691946898019
3.12787794170347
3.13275131092088
3.42618126707274
3.22716097080118
3.61175411030338
3.35287814827817
2.95579264445982
3.11532074959708
2.73313157265015
3.66835727699556
3.40614418828836
3.49682586033244
3.20178569872279
3.24947938741991
3.34661186765204
3.28520973389492
3.27869959255717
3.37323610596293
3.31303808788851
3.28450512425108
3.12132938185049
2.94979788868337
3.35387674320251
2.64642352569641
3.33386488680333
2.94365074449872
3.02699307127786
3.01148594760691
2.56680309674616
2.9862317872458
2.93709092862982
3.07946110709057
3.26322724276413
3.53451874778446
3.1586336000218
3.37121832829579
3.31449194823423
3.47474955513732
2.49709591006393
3.0631679237017
3.41285125029352
2.93067507606193
3.12842040039292
2.81243780728218
3.4997334334841
3.06518794015456
2.96993663630698
3.22611380846829
2.84307802277824
3.44625509034456
2.42962829110276
3.31885467227657
2.93218852235219
3.28357256809757
2.96370265171245
3.31236898300062
3.30060760858334
3.57321740881014
3.27717561944935
3.45241420002115
3.3354869131153
3.2353485767179
3.10872092643248
3.08389919988985
3.08838751431217
3.25752922629659
3.30645404670524
2.92000433818009
3.11205282621196
2.37252754160588
3.25251764568244
2.9142759859502
3.35072456258185
2.3167750858644
3.85830216266093
3.0725811280622
2.90845180166993
3.19181095060532
3.24883516502758
3.46171938241401
2.26419548360078
3.21757803756349
3.24116860552247
3.24521209968529
3.38543558947297
3.26250061153661
3.39617411816019
2.9021410182798
3.4592579198406
2.2245143694642
3.19842939282924
2.30087566887313
2.28150034810025
2.43054058270115
2.71051346696053
3.05486550389609
2.15390390514375
3.07245175267517
2.68710882824421
3.21471160484094
3.67336004796674
2.14116711567909
2.86101332654139
4.5517390103926
2.66479029788915
3.36155191557582
2.12979887346687
3.25390217674091
2.64327338273113
3.32443712213311
2.11872876889668
2.97660502508
2.62278817385797
3.23115507209043
3.33152895455053
3.30312594555664
2.68274204048083
2.12062142586691
2.51576620015799
2.60341926695177
3.27194507370549
3.29410595036359
3.34884073080502
3.3155739111161
2.93233660164777
3.45349747411235
2.11010939001669
3.5159873655844
2.57695677027514
3.2186060402879
3.1809536619452
3.06754100757779
3.12066399029671
3.08704856539883
3.25762948460229
3.00779902955792
2.1511057012912
2.93640700356172
2.55819213661466
3.23021767959649
3.32755370720716
3.25701163169584
3.55323318773012
3.27745392688778
3.31990850155375
3.20810200484494
2.92082339534108
2.95853608718188
2.54052792081368
3.31806253092432
2.91514656958357
2.94695453521261
3.54776528379924
2.51921969606633
3.13288131564378
3.99351195468283
2.90989237964507
3.63429798149309
2.50219505450033
3.24250843349672
2.90396994011157
3.3871920253136
2.48659538867203
3.2797045028753
2.89856270102376
3.71844274840331
2.47171824843148
3.63828732442573
2.8933028417553
3.2820706685757
2.45691447654955
3.08427400817431
3.42458881138074
3.74545309099393
2.88785394257283
3.54008387323195
2.44266128836098
3.10491076237104
2.8828919978494
3.12099117191153
2.42649161365626
3.06705241449363
3.00019171680354
3.22767614150311
2.87792719020418
2.89815863099007
3.99420740504358
2.41295243686454
3.08338947611756
2.87287051635293
3.10335489904018
2.39997310212579
3.10306842719184
2.86796471178075
3.24854451275482
2.38746552105125
3.30742556287588
4.14586075362688
2.86305713293875
3.2324087083571
3.6620990328217
2.37508654232009
3.03973717488661
2.79032700822864
3.16015399130312
3.48203197677955
2.18526189781337
3.13213376224117
2.36265941434795
3.31499301049206
2.17520992746383
3.32282125126195
2.35110841866004
2.94408238063677
3.37543065838253
4.31238180168983
3.36743489663714
2.89109385977515
3.51447151216313
3.51073739116315
2.33837559809564
3.26026891409436
3.20045187770178
4.45437717853554
4.39939228081665
4.50352111969565
3.17435352501262
3.45239850980242
2.32639237034036
3.1964508298004
3.14917124995188
2.97742225400389
2.31578619725268
3.19573138152213
3.12505054444381
3.72943917468117
2.30540148286647
3.02444871952289
3.62133977779577
3.10191521166294
2.93777840922606
2.88519911095704
3.16809274874452
3.08327515790613
2.89421183507861
2.96621710315814
2.88068878675448
3.00202762583019
2.89320027076821
3.97815294078258
3.06392463997666
3.73399417050104
2.29660924775719
3.14573041127289
3.03995551887151
3.18933131883347
2.16647355802644
3.52346181006039
2.28600164178717
3.35779348937728
2.87632101942283
2.99211991630173
2.27606135687586
3.18632816915375
3.69680462041676
3.79407750455075
3.5764444903602
3.39267882887583
3.38027744477645
3.27024592233422
3.41436158744432
3.46592060732824
2.86324040813275
2.87062898625488
2.82017701364033
2.26582317973824
2.83599481171386
2.16075836336759
3.01802862944888
3.13930660818622
4.39346702218085
2.865262593461
2.76529680275648
3.31084857958654
3.00338777750298
2.94847728342846
2.75691343977964
3.16415824500089
3.41228065634081
3.54874822349036
4.23176072640874
3.07512922935256
3.16128477052758
3.22889469151244
2.98851296507923
3.2829070607061
3.01147855461787
2.91527585512654
3.2701530736987
3.08938857389906
3.00681500187566
3.2127230797114
3.63915503443783
3.09425694814399
4.01515385384138
2.97082064233401
2.9498220115075
3.59687625251096
2.85762693730258
2.80429723400302
3.01737063270697
2.67756878783013
3.56623700423789
2.85346221014963
3.76755162257234
3.41211633897403
2.80731429414543
3.28906745553723
3.00032866575188
3.54954428792254
2.84917698236906
3.42373977365992
2.98354235343684
3.08556383675316
2.84502673015462
3.30672250501131
3.20279994403485
3.50301994174536
3.31076883567198
3.32649682879707
2.92234742854593
2.9934812193717
2.96629608237651
3.27411496378344
2.83896413703769
2.78797172121798
2.9500535119568
3.42446524692038
3.19872311577681
2.83472699142921
3.34635065572878
2.93443921126063
2.99350848543605
3.14316204469678
3.2897661434557
2.97363615887225
3.17320749196933
3.44598697723923
3.01195224005436
2.83080415610843
2.69420284970052
2.968492135236
2.99333092729618
2.94593739115121
3.12248755849352
2.82664085208478
2.99670782850309
2.95311997003649
2.84241787853227
2.5704553150339
4.16782497587596
4.41046918964363
2.93827481798177
3.48705897019797
2.20491256287864
1.97537665305181
2.87737847599628
1.83352911723262
3.352208899177
3.67785315709521
3.01759160789302
2.92390390867733
3.34690502550754
3.46395481877761
3.39015740772291
3.13489460686413
3.17990679182478
3.08366833559198
3.32584163310217
3.26617024675257
3.5182177229878
3.10888466229358
3.54394306888918
3.25442086940744
3.34957537708822
3.02915949929593
3.02631738346611
3.20837596344221
2.92079904952157
3.48466358775884
2.89185202132225
1.82028217493867
3.02534689970486
3.17733919929526
2.95928973570705
3.40206224276203
2.90658532563682
3.11326370523533
3.37770584996196
1.80811223854653
2.92291296336392
2.79459313241265
2.89270871370834
2.91452217233896
3.63934724845727
1.79989752818631
2.82574799555056
3.1032873943981
3.14626623099436
3.21659828163743
3.36705485067805
2.97945382701443
3.41347240248222
2.88033076272266
3.05025454603172
2.90961827463715
3.12234722892097
3.16515147070097
3.10915315964199
3.06829728156409
1.78783414928439
2.80135387832044
2.95963990020395
2.86768843025804
3.09751208841035
2.98620071082452
3.17306108000853
3.42861823922837
3.14082818716862
1.7760737709889
2.85038054235128
2.69720766196213
2.85621103777589
3.00813590229347
3.137108945129
3.0774737309514
1.76455190412856
2.70559308214966
3.25107054538726
2.88504063900216
2.9311561730232
2.84121716370375
3.37254103798184
3.29017330301522
3.63179035218782
3.37998946373927
1.74919083544818
2.92699126559988
2.82945455171695
3.337486808045
1.73812464742948
3.43718027467581
2.81794760561363
2.88472262934703
3.29897565598908
3.36143496355837
3.42433240186083
2.99383666920478
3.300768154761
3.3906144757547
3.05526172791055
3.02522108106587
3.02375409856109
1.72767556917459
3.04659990404468
2.13728314040416
1.86883949840578
2.43233528259364
2.09573380698368
3.28050433827051
3.43590814908869
2.85460871941397
3.15647820030496
3.15694585095321
3.35423779290581
3.27709723739175
3.38991519863052
3.30945775049284
2.05959509225392
3.54600315841363
3.3784494589126
3.14474822999307
3.33189662586587
3.46767557604876
3.31983898438952
3.55699696911721
2.81490394505696
3.09759869696767
3.46811259380342
3.52132979726817
3.21630063655903
3.05487453252434
1.71578586706289
3.39521800786564
2.02868497134758
2.71054111365522
1.7056890518614
3.12380344840301
2.8499318664922
2.69008798918882
3.14068702560622
3.13815860616763
3.14690379449994
3.39922740192057
3.24619816512537
1.69528712655341
3.33331751412759
3.12245570660466
3.27385034511496
3.28365638771953
3.29718916602993
1.99408099752103
3.0588512250336
3.0965608049634
3.47831735876408
2.09597796961158
3.55113928854403
2.23912881536493
2.68754571996133
2.15810102743504
2.71899645371272
3.11398192685066
3.10271161900204
3.22712159762966
2.27103344358692
3.1031545336509
3.23876266952384
3.24359811103217
3.26244489653242
2.14912839460739
3.37859995530267
2.26189402747716
3.08671276094006
3.26830251957349
2.14021966480791
3.31698496636549
2.25250262981345
