4.0214630852749
3.69748034120965
3.53857525040098
3.50861455578735
3.4867900652742
3.51239893897291
3.49589070995913
3.49924458471302
3.44371945902075
3.44549359690151
3.46633256970613
3.44044742444319
3.44108032577139
3.4431507243194
3.39897561244643
3.41216427727807
3.39343888374711
3.41256109730575
3.41645823591254
3.4397720971925
3.40237750393207
3.36475465059399
3.39650777972308
3.41016429763528
3.42305037294714
3.38140054511133
3.39879375777718
3.41444254055168
3.39013275355887
3.40174587634751
3.40684762998117
3.37409310983683
3.37851909784142
3.38377847407418
3.38178297806027
3.41312317279403
3.42581474234568
3.41368142828806
3.39791527667766
3.40075182379262
3.38146020808311
3.38042403228477
3.39460789353914
3.39686903614701
3.42626343043264
3.37915351886278
3.43130289795581
3.39969600058361
3.40943564615813
3.41746171182553
3.44472601117319
3.43327428119484
3.42341406933273
3.39375983935388
3.44274833004607
3.41733754334852
3.42896061677158
3.41994249383259
3.45266015975794
3.42706264063362
3.41156335877917
3.37564991656024
3.43521039460923
3.42544739413539
3.47281668767785
3.50215007781419
3.10922971373726
