4.512471427979
3.5611816124427
2.9355032674921
2.36044565365816
2.26842024044808
2.30336007804608
2.24803965451638
2.10792319614849
2.15407001464249
2.20137314581591
2.15090192337016
2.10532554911472
2.08655950115535
2.1298945385663
2.19894678782755
2.14305966614545
2.06688705091553
2.14397873563115
2.17771615490915
2.10698046470075
2.1312942780379
2.17635032622925
2.08461157716209
2.15239679869054
2.10155075471269
2.08416843733207
2.16217887064888
2.12095517582071
2.04420930189394
2.05667091033732
2.05685164457379
2.04963517146357
2.16149751411402
2.06569195004415
2.13761917730614
2.19345468447328
2.13928465002142
2.06488174526684
2.08867524434745
2.07685503831933
2.08358039520451
2.13507129573117
2.1989319997755
2.1351239174388
2.01891524713045
2.10289562417066
2.04801993491864
2.20927835392346
2.10089675574747
2.15026036028149
2.18522706901705
2.22916977926939
2.17760256276755
2.17761049201994
2.16782248444866
2.21449355764666
2.20765453548129
2.18414030538444
2.14576032069406
2.14843930458704
2.06507822056435
2.06827376457362
2.05499117531527
2.0076237829403
2.04149738633953
1.62712180959611
5.41552829470087
1.73179937263614
3.02964741182268
0.261929158994133
2.45455397931209
