-0.001
0.999
1.97697697697698
2.85943775100402
3.51963746223565
4.04352226720648
4.26002055498458
4.43704474505723
4.43487394957983
4.67020148462354
4.61884368308351
4.5814455231931
4.69631236442516
4.7276688453159
4.84320175438596
4.71067106710671
4.69205298013245
4.53156146179402
4.65149833518313
4.47661469933185
4.64541387024609
4.63820224719101
4.60698198198198
4.67118644067797
4.54937570942111
4.60616438356164
4.63218390804598
4.61778290993072
4.67633410672854
4.59651162790698
4.65573770491803
4.70671378091873
4.68520710059172
4.58858501783591
4.60551558752998
4.64933494558646
4.59413202933985
4.5398773006135
4.52644526445264
4.60197775030902
4.59057071960298
4.58852867830424
4.6624685138539
4.56416772554003
4.61352040816327
4.75384615384615
4.74774774774775
4.77963917525773
4.77662337662338
4.6718954248366
4.59132720105125
4.64370860927152
4.59308510638298
4.65595716198126
4.56081081081081
4.55540355677155
4.53631284916201
4.51149425287356
4.50446428571429
4.58861788617886
4.54856115107914
4.51508620689655
4.46428571428571
4.47619047619048
4.27272727272727
3.6
4
