5.07300377842398
4.52246320213249
3.98990369725824
3.43071619234053
3.18952566319125
3.12996970383772
2.90642447703835
2.80444167653408
2.78953933785733
2.76429741784839
2.74433357048523
2.70454387594444
2.71388816179186
2.70331333783949
2.74014116100394
2.72184014732041
2.65968138971888
2.69872138392563
2.68748071762757
2.68092949912601
2.75011002319634
2.74541412837359
2.68650966441332
2.67323059583034
2.654860820419
2.69631097564474
2.68590346693032
2.68118301472586
2.64004820585931
2.631074688024
2.63938177091611
2.69499773236456
2.70000569211747
2.65308290426532
2.6807281295563
2.72686067124537
2.67305704541348
2.68756412231691
2.69857790955997
2.67638600922563
2.66273255548565
2.70529905482752
2.73750125217316
2.73107905843917
2.69730341251572
2.69189744610187
2.64334991981489
2.75298446380704
2.7298283184722
2.70003429860772
2.73420278496256
2.81112388579529
2.76829594226606
2.76236735389224
2.75196694968642
2.76976825679702
2.78346042077401
2.74318956144572
2.72593445887125
2.76450358535178
2.71533629622731
2.69397122951923
2.65836406808799
2.62543987845198
2.52927102375334
2.95451202677775
3.72560908240748
3.09123052751411
1.27552585988345
1.34471070819219
3.44361006747323
