4.35245054134768
3.8705975802488
4.08898786207916
4.37892506606256
4.09477800584159
3.9183315900483
3.82042146297178
3.62777622066938
3.70521136651546
3.46574254373018
3.6465559625015
3.55680957631726
3.77885948222289
3.56411984124714
3.66822112430952
3.50105243307944
3.21471130613343
3.81193660944791
3.64360321783474
3.6136878358745
3.45051787135813
3.39928723630049
3.57030951973084
3.51910220029758
3.36034993944382
3.56990589444453
3.54666789388508
3.51271672676876
3.37149289329501
3.55087097991706
3.20990269137397
3.44147309352119
3.58105209160848
3.06417811569655
3.20010704687151
3.53114679143141
3.12389316863497
3.24127550372291
3.5670684787174
3.44158752532485
3.52195574214121
3.76832396802047
3.66962234049408
3.46724029210248
3.86777487710519
3.11676203787007
3.47438403241152
3.39944588378414
3.35574954646404
4.60354251208005
3.28323421870388
3.50217429331724
3.49133921342461
3.43850349884301
3.29019087917497
3.25736646085372
3.40637926168079
3.61349089008166
3.32205346884043
3.39388742791767
3.22159325474678
4.20971797099426
3.30064314681204
3.55500375682248
3.42544638506986
3.28169929936683
3.16971329079106
3.38337399176026
3.55927286861154
3.74588470086957
3.36197141053973
3.52354650939386
3.5176766170772
2.95613148083273
3.44819495442134
3.56672014972111
3.58878146509686
3.28025436671134
3.11931263784295
3.18325459343246
3.4274530910496
3.33339806780475
3.10302965628559
3.26204864445827
3.27487802010533
2.99949451515015
3.47471800717583
3.29426298626838
3.23398828745321
3.25720981787575
3.06751507771392
3.28591156359723
2.9099223063557
2.94800132536731
3.61706850833457
3.18747198782045
3.00366939431943
3.47010427832617
3.81844158522343
3.22478962429732
3.15470964199409
3.13035366224238
2.92255670702515
3.48539701747221
3.58890738966045
3.0129862967482
3.04366588038541
3.35995672716071
3.16573485740083
3.13620531263149
3.28804681173183
3.29095445609963
3.2157687066635
3.22100070211351
3.32857296635362
2.90854123919808
3.34782024827194
3.14489470225876
3.10867508054064
3.08006413843874
3.3798908166529
3.29956993510941
2.92579670378694
3.64031195949094
3.2150564390654
3.31781346762712
3.39699318862066
3.16943745097371
3.15327770160831
3.4146055202797
3.78057989272562
3.17151699354
3.06125764269133
3.44115314424658
3.32701538692392
3.45647275352331
3.2993813476055
3.31774388235437
3.03800919104328
3.17040065937722
3.00720391256553
3.49008024574256
4.44787077207198
2.95837092625256
3.22614027986123
3.86805498555607
3.31983731278927
3.99903477781213
1.54845334911614
0.866825077260366
0.652500401772325
3.22379149898224
3.39678801861776
3.06512288208006
2.96737243315558
2.96910233199881
3.28115397814483
3.22483751930492
2.86546531701377
3.01561687780046
3.07662513849017
2.98704029252654
3.3540955209815
3.20294659166319
3.13806910206395
2.86469303599182
2.76072428775248
3.08935408575294
3.00974539824311
2.79279896370063
3.00491320147623
4.01980895869471
2.942780268419
3.27505527867933
3.17302885271455
3.29866840450933
3.25545637712852
3.26508210843694
3.1306628505338
3.32399423246175
3.11454612685499
3.5587523707442
4.38172965960577
3.25249866194128
2.87958049899685
3.36638468585972
3.0368742066833
3.14340897043652
2.98967128151165
3.37038723795393
2.89358725715269
3.04054101080065
3.05459129330937
3.20141270254667
2.89282060600315
3.22066358370164
3.41533351940996
4.04824825544631
3.06682716263177
0.571327327803676
0.612727221629015
0.508650564497574
3.76205074558222
3.79118776209323
3.24925749921595
3.11775045503739
3.24905680201824
3.11281399833863
3.0712403460992
3.01222280457231
3.42124269548513
3.37883073187751
3.0193029989017
2.83990191720093
3.47746184101979
3.65954241784404
2.87652285741267
3.07337274558963
3.42396621303921
3.51492378286622
3.25310371154832
4.0165335047275
3.6863835848472
3.18629244831781
3.27399308980354
3.1728597958995
3.0525930031189
2.97482368131355
2.79541924062729
2.90733923171894
2.98728522190609
3.45660292290063
2.95024168302366
3.05082268359761
3.03424644563624
3.25804385068986
3.1897146963863
4.35968911424472
3.12386980023395
3.09788807117055
3.18123881163625
3.23268358009879
3.12350813750644
3.29503930527867
3.41033555567083
2.98942504465961
3.16756281516551
3.32606657721933
3.12475962371817
3.51092621259721
2.81645820631157
2.88390597738612
3.33564383641105
3.09312705495216
3.0928486321249
3.15602204482496
3.28936378936859
3.16011958062595
3.12260093971078
3.03543350767472
4.41047133975899
3.25565638900137
3.35866628888724
3.12594745841906
2.91984811593513
3.27596242127167
3.21071763695097
3.11313291154112
2.94175367327593
3.35915954475058
3.5925695557853
3.18393871268185
3.07841569876633
3.18570540215623
3.38873179969472
3.09574771454343
3.3040961495145
3.86900268700913
3.4887570365298
3.43324076980852
3.78895120678998
3.88222408338364
3.50334574283954
3.60478950571123
2.75883192188831
2.94095847245949
2.93540605947926
3.23443004854306
3.19673614046869
2.91758082112834
2.82799225418104
3.12816660454803
3.13784351408177
3.02191443178235
3.14289577761099
3.28278075886472
3.00008581534667
2.69675785410943
3.18458466017966
2.84502012176036
2.87178833810408
2.94553535488007
3.05488215772666
3.06576672586414
3.1313537335422
3.14592836106068
2.82792701773728
3.19247193835445
2.57603437738896
2.66744841427324
2.88731061792706
3.06351869209679
3.18389971623464
3.15011815675852
3.24301869410566
3.05588371663837
2.98885021267877
3.15046983963571
3.33577345574443
3.45841458238542
3.43770404641872
3.05778924072496
2.93309134760197
3.54392418628668
2.66170352458887
2.99222009299443
3.31614944573009
2.92129644860615
3.0685057441655
3.04261016166117
3.15359445926504
2.9205956226923
3.07808467552593
2.83834343422861
2.75958325990089
3.09130660127208
2.98537935622572
3.04140624413904
2.92568327515553
2.84769208046257
3.4863012966261
2.94321682576091
2.90815488315497
2.65334837579881
2.79506809782895
3.26558965244625
3.20990611988179
3.15804774137562
3.12193471706329
3.23396267721661
2.94208521503167
2.86078067846196
3.04916273798447
3.04311905356018
2.85946500632765
2.75012072128988
3.13179793635669
3.08416164546181
2.8610590733152
3.21166655252509
3.31117960042805
3.09304186709093
3.01971490805723
3.11715587694263
3.00206559869629
3.14634053028845
2.81071208705732
3.26743620974247
3.34342483475588
3.34550086707353
2.63968392192088
3.39937303728999
3.06301100582199
2.96624519226783
2.96165582587838
2.94728925571947
3.15876575907952
3.2405200051758
3.315415855186
2.83282058373984
3.24292002371349
3.31153792458075
3.01613411932186
3.22028223319166
2.7068601188737
2.95415540975201
3.04092239172128
3.13665844554027
2.95615861645195
3.52854961413359
3.02600614679999
3.08722568644031
3.21334631336487
3.08804815287225
4.40301833236217
3.69407542689329
3.60594452755978
3.27686732510671
3.27148945658906
3.1520035474556
3.86374036241744
2.91388945720407
3.06130194512207
2.94472839567957
2.88482073847981
3.18468127079416
3.10899366952234
2.93796688591848
3.09138935029102
3.59391384283838
3.20078877218692
2.92680030821879
2.87001441299358
2.69740743163351
3.0824775816083
2.96430597364529
3.08717670320747
2.9863518192298
3.26964267714472
3.23881327326899
3.33173834852142
3.66666169898247
2.7244855403428
2.56197013690952
3.31126698055553
2.80888198328807
2.88548093156009
3.19730418498595
3.46256048776163
3.91441194909798
2.87043566253642
3.0140406285043
3.43160748355803
2.9005671383148
3.07641563143661
3.44159438954507
2.68687285043698
3.40990359290912
3.32648489920612
3.42889601619346
3.13862896179142
4.14267058029289
2.9175764197125
3.51334505642122
3.13535245667744
3.46430281889831
3.92669118013662
2.82878955990097
2.79536372171863
3.23732660172211
3.35797750494526
2.86362360872356
2.90084043118722
2.5983478371119
2.91057852913849
2.93326120686822
2.93635477300314
2.87108529078344
2.9870450893135
3.3048223279106
2.94958448442257
3.129718640669
2.84378648304799
2.99193829514668
2.69616681737809
2.91367923228764
3.25176041131151
3.40920021315747
2.84577943137113
3.08099049952946
3.29372385564596
3.12542613007639
3.12238985073499
3.95457389725272
3.05454857993149
4.30064196934626
2.58904703334965
3.03319641729583
3.23777078926867
2.98258548844266
3.22077466739163
3.03057548854105
3.45259338381942
2.23926709294141
2.93232588409079
2.75068047132412
2.60845717150799
2.61199973520504
2.99920469466886
3.23299339669551
2.98087923400107
3.42593143167021
2.77308139469026
2.67240334242944
2.91437661786258
2.99535503672649
3.16950412313965
2.98201610265925
3.24124140996243
2.58547789062894
2.91520339502083
2.45967681011175
3.23300489890905
2.6967714084117
2.74719181286848
3.26444241022695
2.4964243206677
2.9171499624811
3.00935819763535
3.04110576038718
3.59733571647215
3.02810608312639
3.6613969475011
4.34816807631922
4.35124762693415
3.97623864298688
3.30126764771639
4.13877040881506
3.59818741709444
3.21248988901109
3.85368641207404
3.31553747898832
3.37906132487549
3.52233164680572
3.37844447781238
3.37610243045932
4.4770907888821
3.98832824728806
3.27771646583774
3.47128366173525
4.01940859103575
4.36415592240494
3.91541461609621
4.36385852541094
4.33993034293472
3.38929793753573
4.15158377431721
4.94651411722738
4.21289794348598
3.19928021665658
3.23972673967551
4.23592071161725
4.37685683814256
3.85827316470982
3.95400693010479
3.57379533117466
3.80343979588265
4.16911561652695
3.83269962141974
4.79479628200879
4.26052316891076
3.84614034122279
4.89204039484912
3.9700021333772
2.5555579236901
2.83059943339135
2.41779627973154
3.31930870526306
2.69216223766539
2.49576629516429
2.96296222027171
2.45345636352095
3.01747019165063
2.93662928049236
2.5391379224572
3.1179298063887
2.89808576692621
3.07425246725218
3.01643832378956
3.81897131729299
2.9044144981485
2.98269108736387
2.8761069909436
2.91629133944434
3.10692168068974
3.66902882987009
2.7419467922889
3.56076255978006
2.78984305502808
3.44529385520079
2.87214914739745
2.82040684262447
2.77377497910056
2.7496822277507
3.9359583482274
3.30155724042017
3.05729860479762
3.11106731130388
3.09740957714913
2.98499386158562
3.13313227231396
2.92574999533032
2.67056897291049
2.94398808020358
2.92814252783608
2.80260058682942
3.05908407722638
2.54884921570367
2.88219659726079
2.88216519803844
3.64907386572639
3.4261905894639
3.0286516237299
2.69951541964883
2.76367131938828
2.97211176218275
3.01600519385021
3.37624182241842
2.70110361186605
2.69657683387658
2.91113727675931
3.06231197566744
2.68296677551433
3.03672899561917
2.63026620863979
3.11107387718584
3.04067475748375
2.72464819111472
2.84240331135388
3.057849665422
2.8808336412069
3.01719232771226
2.9974470152661
2.77738971116099
2.94858926461865
2.66320333638695
3.24217438691628
2.87408689803135
3.29922360576613
2.75121848684136
3.15721296130366
2.88174733001796
2.90586046531554
3.09388119497222
2.41946869849767
3.01912467739714
2.6882839168463
2.88061877755605
3.07094147864486
2.74393189741154
2.68105929883788
2.78117417315186
2.69212259440443
3.14065780243658
2.68481676929271
2.86692796041729
2.9134303623844
2.74759932720394
3.07771703751384
2.90667687189805
3.21902557027568
2.62260253670848
2.99585488676729
2.82137072219081
3.68656549789194
2.89054364300752
2.88283999212208
2.79923276053812
2.85700418273839
2.77684253274867
3.20463716970508
2.95476387921531
3.03820978595651
2.96883283203194
2.76102287688979
2.65132286476404
3.13937710437714
2.72721546659597
2.8749778412099
2.82543327399453
2.78963170918044
2.90767365391007
3.24438270327182
2.80126033009255
2.77588466096607
2.98742534714362
3.19729929619538
4.28898573876752
2.63608506644588
3.0955725407425
2.69545308098769
3.83468684206524
2.66432371560415
2.81324449212534
3.295994740158
2.89689356188584
2.73784307815367
2.98829563034854
2.62789307206817
2.66235692431647
2.81119214458911
2.74598945943076
2.83968984791088
3.43718762906917
2.85120969910186
2.85192302052339
2.97240795320465
3.01945467559386
2.43109752453305
2.83904600976376
2.82735181952589
2.68799228335411
3.15242229617267
3.07190142171236
3.52506839180089
3.11794111771086
2.79742044739965
3.37984920733972
2.61909858437865
3.11101869767043
2.84341937930478
3.43661475632002
3.03949001446362
3.12115570872231
2.87604527080378
2.95689364172726
3.75250188967917
2.76510088154501
2.81698149439269
2.92994628825358
2.76490477624732
2.7618913584915
2.95704105357385
2.4168591626059
2.77931976770482
3.23647424288653
2.72360676284303
3.0974580763428
2.71989742608921
3.0366273877377
3.34782493915651
3.1427985421887
2.92042018104518
3.4193007446436
3.05813903571677
3.35860339262356
3.02357569181779
3.16872868479059
3.23710660314636
2.82689344577394
2.6766574456056
2.94347778896149
2.89862316449383
3.02895245673031
2.63667504028406
3.01221667023562
2.58282167023929
2.73452543229371
3.08923397584101
2.76345804207717
2.75964603445944
3.50316758123108
2.82828750095136
2.70174773351213
2.85371636379585
3.16935309591856
3.04959070787083
3.81530191040276
2.59054206885798
2.31214887669348
2.76265871415435
3.18287445538778
2.70615573213457
2.87114465943419
2.99486107908014
2.56030374940861
3.09061008160375
2.60294569310265
3.11896592727457
2.80063910335674
2.50819204799632
2.83109704709852
3.6931604423323
2.9810448071274
2.85009929777868
2.89148819703431
2.92847363198483
2.97703504811215
3.40655058134765
3.06881294304512
2.62410906854673
2.62661914738937
2.88997731242832
2.92020557572079
2.97389848494734
2.87429169947032
2.81138540239417
3.60822575761138
2.34135197280275
2.91953269403621
3.01348344330159
3.00756306412208
3.16151430635712
2.87516720987459
3.00476293500147
2.81356610948956
3.1140809423449
2.87755982089653
3.12398257262278
2.51263144165396
3.00897270956006
2.86149325313226
3.15280267204438
2.81603879613357
3.00399526186108
2.98018167174839
2.9487003942157
3.10095939995878
2.69256821983371
2.99032503996807
2.69819682841305
3.07606218475395
3.03454073218734
3.0737992915841
2.86293948060857
3.05747989350756
3.04666316231015
2.97359350784456
2.92950657268923
2.78556756833492
2.87550209288811
3.45384326349716
2.6129160902136
2.94076516186848
2.90355643123859
2.95905002397697
2.7070492062474
3.13961842690737
2.57266257776292
2.48073763620823
2.94605770463445
2.69312814980189
2.89101678508167
2.65581235683196
2.89007342578562
2.82217610446857
3.15976189080992
3.01969545278739
3.13146366065514
2.96971642597779
3.055415511966
3.30654872879806
3.65108276909975
2.98022253728839
2.91270826609002
3.04282256749424
2.67353615233344
2.99415006903128
3.11843174912616
2.6562863192373
2.67618926272171
2.67216446803356
2.885773932852
2.79661005710154
2.76805813857698
2.31814372006828
2.65659205717239
2.81418406663152
3.20760326669886
2.28283638644021
2.41699999028974
3.03004284353618
2.89084582970653
2.86447767675368
2.3117760154635
2.58925276875917
2.87119861649329
2.49971727322465
2.89163364821062
2.61054125426624
2.75517882981926
2.76985440580108
2.1107148600835
2.57647541502286
2.8349184486308
2.86429694118048
2.43359450351288
3.32839903836713
2.69625968462744
3.40381499271366
2.34662790811037
2.81752153139781
3.41848842890673
1.75730166258075
2.46634195900378
2.79711208735124
2.91345341948702
2.92215514162757
2.60064944714925
2.33444021962011
2.86761162302833
2.11358488611042
2.66379872415473
2.66209097809425
2.46391919787092
2.78058435122551
2.6710594796797
3.00132968819527
3.22630774114128
2.72598919936082
2.8599620497112
3.42231280807753
3.23628980312139
2.87932058203202
2.42881687063637
3.14674870283868
3.11454471455831
3.01033806558185
2.68600161582687
3.10809517969197
3.29447225103215
3.60231649800022
2.46591178095316
3.12883962353832
2.90214484868431
3.09940063932184
2.5723586119868
3.26892478893602
3.20295243002974
3.29708869567471
2.27080948927961
3.05742999028207
3.22104492291934
3.13754276323581
2.7236356503698
2.7930085892323
2.8799868575128
3.0352082397231
2.15659884407023
2.17947919787853
3.39712089871523
2.4044466839065
2.68605048031214
2.72141829434533
2.88508156905897
2.74120298165726
2.57769241081269
1.83450294575249
2.82984751819873
2.88185142716832
2.39866598650988
2.51204508519272
2.45035680998571
3.29962377487257
2.17383458934935
3.11304746782658
3.13865148648651
2.86768542816209
2.61108992898594
3.13602460688666
2.04775711100254
2.89558196633298
2.90364069706779
2.61985691065698
3.01085819226124
3.08256585610725
3.007723202844
2.83612653991171
2.34579101723319
3.32656762024948
2.12720682843339
2.72263212581153
2.8379810328274
2.56984854353267
2.62821297374875
2.90943527798437
2.9585427484316
2.41358850542708
2.76561163117539
3.29013897031247
4.1024755111567
2.5202484317562
2.73135208653888
2.82428610775406
2.88004400841656
2.71362943908484
3.23856540465189
0.59902663427631
0.669862827997038
0.561460837203722
2.68655540193792
2.60343727558463
2.77701514771854
2.91622243951659
3.18566528706679
3.84633827588722
2.59015510827772
2.90145476715464
2.62976182652531
2.93171021474738
3.1100474041847
2.60967355646716
2.66109034237537
2.80889718764969
3.0357980614965
2.90321317230244
2.82840911640189
3.06909453634036
3.11107669454915
3.14899820854238
