4.74415594957956
3.71583942322624
3.09911150325629
2.49991113613126
2.41073478254645
2.4953889661613
2.37904987342047
2.33529647201519
2.2340130159739
2.45742264878348
2.25496584138665
2.20287899683811
2.27190380925352
2.21696004209172
2.39677179527361
2.28358298088512
2.27418131447532
2.35257062581841
2.39739995460863
2.27898536366477
2.3360884828686
2.40383711083953
2.29793318327722
2.39726538916383
2.35290879235523
2.3305065319421
2.40132187038951
2.3055144307257
2.30762888876692
2.23947366660139
2.28002948955918
2.20634832064308
2.38059749722804
2.29677310600977
2.30009113215532
2.35148055201264
2.31475141089868
2.26953218669709
2.29406592400136
2.34145704023444
2.34333340121442
2.30432312275208
2.37236026864739
2.28950468922921
2.14469974542858
2.28754225965535
2.20785969245424
2.34087091533798
2.30177365576509
2.39333187965074
2.3817549619242
2.32741161295098
2.30140247689956
2.42855841955816
2.30802167832604
2.33303549679722
2.36998754043693
2.35069770199657
2.22661259521097
2.25961121631017
2.24309511089202
2.2707432069648
2.22209486234507
2.08375838455773
2.29680527660996
1.88929089919352
5.7995448917503
