-5e-04
0.9995
1.98699349674837
2.90080160320641
3.63636363636364
4.24155320221886
4.60561224489796
4.7772633744856
4.93316062176166
5.09076682316119
5.1274354923644
5.08951271186441
5.1220031965903
5.16282806641671
5.20743534482759
5.1348132106118
5.08977149075082
5.05985722130697
5.11349862258953
5.06357103372029
5.14777777777778
5.15830546265329
5.0963045912654
5.12105855855856
5.04015837104072
5.11838360842345
5.19279176201373
5.19849971148298
5.18404193360513
5.21650087770626
5.18422601530312
5.27132701421801
5.22380952380952
5.15720263000598
5.20132610006028
5.2041312272175
5.09736680955297
5.04007398273736
5.11910669975186
5.14107365792759
5.10714285714286
5.16761184625079
5.20470438652257
5.15003219575016
5.1083009079118
5.16525146962769
5.13206307490145
5.24719841793013
5.16699933466401
5.13311036789298
5.09892328398385
5.13676371022343
5.03133514986376
5.07750342935528
5.07430555555556
5.08962597035991
5.03826714801444
4.97089552238806
4.97274143302181
5.01602023608769
4.96285714285714
4.88520710059172
4.93904448105437
4.9591280653951
4.85446009389671
4.33333333333333
6
9
8
3
9
