5.94829758761687
4.9240374964527
4.90569832797982
4.80768974475264
4.87918956331026
4.89300013415169
4.94440638704597
4.68267405939798
4.71844311970804
4.8920704001405
4.74452962752985
4.76378624712017
4.91375697791535
4.55525377772828
4.88258974171522
4.69921966435341
4.8340740793023
4.90335782000795
4.91220286072757
4.74897334397875
4.6819124068496
4.93992553451222
4.89797339375681
5.04615390008599
4.74644737241004
4.81890855057591
4.94383654649929
4.76688676661379
4.96499324858823
4.82031151695594
4.77551353551186
4.7698273271139
4.895587865805
4.82121821232548
4.99279795556952
4.95250787781759
4.86936472824635
4.80925424392083
4.93143405295251
4.87179748977585
4.85496123057103
4.7241170058656
4.72959591541143
4.97360991105564
4.72796498549697
4.95508653694143
4.82279021341404
4.97340130126281
4.82362986852468
5.12397651180648
4.98894455915396
5.01222736280724
4.80357498080676
5.10224340023135
4.99798500152393
4.89791366120619
4.9104461357443
5.13078645492735
5.02806172790188
5.04562117561506
4.86748529460407
5.14701367874151
5.22096391299165
5.49399227130757
6.3758916505734
4.24691174615508
10.7896143964141
