4.35245054134768
3.8705975802488
4.08898786207916
4.37892506606256
4.09477800584159
3.9183315900483
3.82042146297178
3.62777622066938
3.70521136651546
3.46574254373018
3.6465559625015
3.55680957631726
3.77885948222289
3.56411984124714
3.66822112430952
3.50105243307944
3.21471130613343
3.81193660944791
3.64360321783474
3.6136878358745
3.45051787135813
3.39928723630049
3.57030951973084
3.51910220029758
3.36034993944382
3.56990589444453
3.54666789388508
3.51271672676876
3.37149289329501
3.55087097991706
3.20990269137397
3.44147309352119
3.58105209160848
3.06417811569655
3.20010704687151
3.53114679143141
3.12389316863497
3.24127550372291
3.5670684787174
3.44158752532485
3.52195574214121
3.76832396802047
3.66962234049408
3.46724029210248
3.86777487710519
3.11676203787007
3.47438403241152
3.39944588378414
3.35574954646404
4.60354251208005
3.28323421870388
3.50217429331724
3.49133921342461
3.43850349884301
3.29019087917497
3.25736646085372
3.40637926168079
3.61349089008166
3.32205346884043
3.39388742791767
3.22159325474678
4.20971797099426
3.30064314681204
3.55500375682248
3.42544638506986
3.28169929936683
3.16971329079106
3.38337399176026
3.55927286861154
3.74588470086957
3.36197141053973
3.52354650939386
3.5176766170772
2.95613148083273
3.44819495442134
3.56672014972111
3.58878146509686
3.28025436671134
3.11931263784295
3.18325459343246
3.4274530910496
3.33339806780475
3.10302965628559
3.26204864445827
3.27487802010533
2.99949451515015
3.47471800717583
3.29426298626838
3.23398828745321
3.25720981787575
3.06751507771392
3.28591156359723
2.9099223063557
2.94800132536731
3.61706850833457
3.18747198782045
3.00366939431943
3.47010427832617
3.81844158522343
3.22478962429732
3.15470964199409
3.13035366224238
2.92255670702515
3.48539701747221
3.58890738966045
3.0129862967482
3.04366588038541
3.35995672716071
3.16573485740083
3.13620531263149
3.28804681173183
3.29095445609963
3.2157687066635
3.22100070211351
3.32857296635362
2.90854123919808
3.34782024827194
3.14489470225876
3.10867508054064
3.08006413843874
3.3798908166529
3.29956993510941
2.92579670378694
3.64031195949094
3.2150564390654
3.31781346762712
3.39699318862066
3.16943745097371
3.15327770160831
3.4146055202797
3.78057989272562
3.17151699354
3.06125764269133
3.44115314424658
3.32701538692392
3.45647275352331
3.2993813476055
3.31774388235437
3.03800919104328
3.17040065937722
3.00720391256553
3.49008024574256
4.44787077207198
2.95837092625256
3.22614027986123
3.86805498555607
3.31983731278927
3.99903477781213
1.54845334911614
0.866825077260366
0.652500401772325
3.22379149898224
3.39678801861776
3.06512288208006
2.96737243315558
2.96910233199881
3.28115397814483
3.22483751930492
2.86546531701377
3.01561687780046
3.07662513849017
2.98704029252654
3.3540955209815
3.20294659166319
3.13806910206395
2.86469303599182
2.76072428775248
3.08935408575294
3.00974539824311
2.79279896370063
3.00491320147623
4.01980895869471
2.942780268419
3.27505527867933
3.17302885271455
3.29866840450933
3.25545637712852
3.26508210843694
3.1306628505338
3.32399423246175
3.11454612685499
3.5587523707442
4.38172965960577
3.25249866194128
2.87958049899685
3.36638468585972
3.0368742066833
3.14340897043652
2.98967128151165
3.37038723795393
2.89358725715269
3.04054101080065
3.05459129330937
3.20141270254667
2.89282060600315
3.22066358370164
3.41533351940996
4.04824825544631
3.06682716263177
0.571327327803676
0.612727221629015
0.508650564497574
3.76205074558222
3.79118776209323
3.24925749921595
3.11775045503739
3.24905680201824
3.11281399833863
3.0712403460992
3.01222280457231
3.42124269548513
3.37883073187751
3.0193029989017
2.83990191720093
3.47746184101979
3.65954241784404
2.87652285741267
3.07337274558963
3.42396621303921
3.51492378286622
3.25310371154832
4.0165335047275
3.6863835848472
3.18629244831781
3.27399308980354
3.1728597958995
3.0525930031189
2.97482368131355
2.79541924062729
2.90733923171894
2.98728522190609
3.45660292290063
2.95024168302366
3.05082268359761
3.03424644563624
3.25804385068986
3.1897146963863
4.35968911424472
3.12386980023395
3.09788807117055
3.18123881163625
3.23268358009879
3.12350813750644
3.29503930527867
3.41033555567083
2.98942504465961
3.16756281516551
3.32606657721933
3.12475962371817
3.51092621259721
2.81645820631157
2.88390597738612
3.33564383641105
3.09312705495216
3.0928486321249
3.15602204482496
3.28936378936859
3.16011958062595
3.12260093971078
3.03543350767472
4.41047133975899
3.25565638900137
3.35866628888724
3.12594745841906
2.91984811593513
3.27596242127167
3.21071763695097
3.11313291154112
2.94175367327593
3.35915954475058
3.5925695557853
3.18393871268185
3.07841569876633
3.18570540215623
3.38873179969472
3.09574771454343
3.3040961495145
3.86900268700913
3.4887570365298
3.43324076980852
3.78895120678998
3.88222408338364
3.50334574283954
3.60478950571123
2.75883192188831
2.94095847245949
2.93540605947926
3.23443004854306
3.19673614046869
2.91758082112834
2.82799225418104
3.12816660454803
3.13784351408177
3.02191443178235
3.14289577761099
3.28278075886472
3.00008581534667
2.69675785410943
3.18458466017966
2.84502012176036
2.87178833810408
2.94553535488007
3.05488215772666
3.06576672586414
3.1313537335422
3.14592836106068
2.82792701773728
3.19247193835445
2.57603437738896
2.66744841427324
2.88731061792706
3.06351869209679
3.18389971623464
3.15011815675852
3.24301869410566
3.05588371663837
2.98885021267877
3.15046983963571
3.33577345574443
3.45841458238542
3.43770404641872
3.05778924072496
2.93309134760197
3.54392418628668
2.66170352458887
2.99222009299443
3.31614944573009
2.92129644860615
3.0685057441655
3.04261016166117
3.15359445926504
2.9205956226923
3.07808467552593
2.83834343422861
2.75958325990089
3.09130660127208
2.98537935622572
3.04140624413904
2.92568327515553
2.84769208046257
3.4863012966261
2.94321682576091
2.90815488315497
2.65334837579881
2.79506809782895
3.26558965244625
3.20990611988179
3.15804774137562
3.12193471706329
3.23396267721661
2.94208521503167
2.86078067846196
3.04916273798447
3.04311905356018
2.85946500632765
2.75012072128988
3.13179793635669
3.08416164546181
2.8610590733152
3.21166655252509
3.31117960042805
3.09304186709093
3.01971490805723
3.11715587694263
3.00206559869629
3.14634053028845
2.81071208705732
3.26743620974247
3.34342483475588
3.34550086707353
2.63968392192088
3.39937303728999
3.06301100582199
2.96624519226783
2.96165582587838
2.94728925571947
3.15876575907952
3.2405200051758
3.315415855186
2.83282058373984
3.24292002371349
3.31153792458075
3.01613411932186
3.22028223319166
2.7068601188737
2.95415540975201
3.04092239172128
3.13665844554027
2.95615861645195
3.52854961413359
3.02600614679999
3.08722568644031
3.21334631336487
3.08804815287225
4.40301833236217
3.69407542689329
3.60594452755978
3.27686732510671
3.27148945658906
3.1520035474556
3.86374036241744
2.91388945720407
3.06130194512207
2.94472839567957
2.88482073847981
3.18468127079416
3.10899366952234
2.93796688591848
3.09138935029102
3.59391384283838
3.20078877218692
2.92680030821879
2.87001441299358
2.69740743163351
3.0824775816083
2.96430597364529
3.08717670320747
2.9863518192298
3.26964267714472
3.23881327326899
3.33173834852142
3.66666169898247
2.7244855403428
2.56197013690952
3.31126698055553
2.80888198328807
2.88548093156009
3.19730418498595
3.46256048776163
3.91441194909798
2.87043566253642
3.0140406285043
3.43160748355803
2.9005671383148
3.07641563143661
3.44159438954507
2.68687285043698
3.40990359290912
3.32648489920612
3.42889601619346
3.13862896179142
4.14267058029289
2.9175764197125
3.51334505642122
3.13535245667744
3.46430281889831
3.92669118013662
2.82878955990097
2.79536372171863
3.23732660172211
3.35797750494526
2.86362360872356
2.90084043118722
2.5983478371119
2.91057852913849
2.93326120686822
2.93635477300314
2.87108529078344
2.9870450893135
3.3048223279106
2.94958448442257
3.129718640669
2.84378648304799
2.99193829514668
2.69616681737809
2.91367923228764
3.25176041131151
3.40920021315747
2.84577943137113
3.08099049952946
3.29372385564596
3.12542613007639
3.12238985073499
3.95457389725272
3.05454857993149
4.30064196934626
2.58904703334965
3.03319641729583
3.23777078926867
2.98258548844266
3.22077466739163
3.03057548854105
3.45259338381942
2.23926709294141
2.93232588409079
2.75068047132412
2.60845717150799
2.61199973520504
2.99920469466886
3.23299339669551
2.98087923400107
3.42593143167021
2.77308139469026
2.67240334242944
2.91437661786258
2.99535503672649
3.16950412313965
2.98201610265925
3.24124140996243
2.58547789062894
2.91520339502083
2.45967681011175
3.23300489890905
2.6967714084117
2.74719181286848
3.26444241022695
2.4964243206677
2.9171499624811
3.00935819763535
3.04110576038718
3.59733571647215
3.02810608312639
3.6613969475011
4.34816807631922
4.35124762693415
3.97623864298688
3.30126764771639
4.13877040881506
3.59818741709444
3.21248988901109
3.85368641207404
3.31553747898832
3.37906132487549
3.52233164680572
3.37844447781238
3.37610243045932
4.4770907888821
3.98832824728806
3.27771646583774
3.47128366173525
4.01940859103575
4.36415592240494
3.91541461609621
4.36385852541094
4.33993034293472
3.38929793753573
4.15158377431721
4.94651411722738
4.21289794348598
3.19928021665658
3.23972673967551
4.23592071161725
4.37685683814256
3.85827316470982
3.95400693010479
3.57379533117466
3.80343979588265
4.16911561652695
3.83269962141974
4.79479628200879
4.26052316891076
3.84614034122279
4.89204039484912
3.9700021333772
2.5555579236901
2.83059943339135
2.41779627973154
3.31930870526306
2.69216223766539
2.49576629516429
2.96296222027171
2.45345636352095
3.01747019165063
2.93662928049236
2.5391379224572
3.1179298063887
2.89808576692621
3.07425246725218
3.01643832378956
3.81897131729299
2.9044144981485
2.98269108736387
2.8761069909436
2.91629133944434
3.10692168068974
3.66902882987009
2.7419467922889
3.56076255978006
2.78984305502808
3.44529385520079
2.87214914739745
2.82040684262447
2.77377497910056
2.7496822277507
3.9359583482274
3.30155724042017
3.05729860479762
3.11106731130388
3.09740957714913
2.98499386158562
3.13313227231396
2.92574999533032
2.67056897291049
2.94398808020358
2.92814252783608
2.80260058682942
3.05908407722638
2.54884921570367
2.88219659726079
2.88216519803844
3.64907386572639
3.4261905894639
3.0286516237299
2.69951541964883
2.76367131938828
2.97211176218275
3.01600519385021
3.37624182241842
2.70110361186605
2.69657683387658
2.91113727675931
3.06231197566744
2.68296677551433
3.03672899561917
2.63026620863979
3.11107387718584
3.04067475748375
2.72464819111472
2.84240331135388
3.057849665422
2.8808336412069
3.01719232771226
2.9974470152661
2.77738971116099
2.94858926461865
2.66320333638695
3.24217438691628
2.87408689803135
3.29922360576613
2.75121848684136
3.15721296130366
2.88174733001796
2.90586046531554
3.09388119497222
2.41946869849767
3.01912467739714
2.6882839168463
2.88061877755605
3.07094147864486
2.74393189741154
2.68105929883788
2.78117417315186
2.69212259440443
3.14065780243658
2.68481676929271
2.86692796041729
2.9134303623844
2.74759932720394
3.07771703751384
2.90667687189805
3.21902557027568
2.62260253670848
2.99585488676729
2.82137072219081
3.68656549789194
2.89054364300752
2.88283999212208
2.79923276053812
2.85700418273839
2.77684253274867
3.20463716970508
2.95476387921531
3.03820978595651
2.96883283203194
2.76102287688979
2.65132286476404
3.13937710437714
2.72721546659597
2.8749778412099
2.82543327399453
2.78963170918044
2.90767365391007
3.24438270327182
2.80126033009255
2.77588466096607
2.98742534714362
3.19729929619538
4.28898573876752
2.63608506644588
3.0955725407425
2.69545308098769
3.83468684206524
2.66432371560415
2.81324449212534
3.295994740158
2.89689356188584
2.73784307815367
2.98829563034854
2.62789307206817
2.66235692431647
2.81119214458911
2.74598945943076
2.83968984791088
3.43718762906917
2.85120969910186
2.85192302052339
2.97240795320465
3.01945467559386
2.43109752453305
2.83904600976376
2.82735181952589
2.68799228335411
3.15242229617267
3.07190142171236
3.52506839180089
3.11794111771086
2.79742044739965
3.37984920733972
2.61909858437865
3.11101869767043
2.84341937930478
3.43661475632002
3.03949001446362
3.12115570872231
2.87604527080378
2.95689364172726
3.75250188967917
2.76510088154501
2.81698149439269
2.92994628825358
2.76490477624732
2.7618913584915
2.95704105357385
2.4168591626059
2.77931976770482
3.23647424288653
2.72360676284303
3.0974580763428
2.71989742608921
3.0366273877377
3.34782493915651
3.1427985421887
2.92042018104518
3.4193007446436
3.05813903571677
3.35860339262356
3.02357569181779
3.16872868479059
3.23710660314636
2.82689344577394
2.6766574456056
2.94347778896149
2.89862316449383
3.02895245673031
2.63667504028406
3.01221667023562
2.58282167023929
2.73452543229371
3.08923397584101
2.76345804207717
2.75964603445944
3.50316758123108
2.82828750095136
2.70174773351213
2.85371636379585
3.16935309591856
3.04959070787083
3.81530191040276
2.59054206885798
2.31214887669348
2.76265871415435
3.18287445538778
2.70615573213457
2.87114465943419
2.99486107908014
2.56030374940861
3.09061008160375
2.60294569310265
3.11896592727457
2.80063910335674
2.50819204799632
2.83109704709852
3.6931604423323
2.9810448071274
2.85009929777868
2.89148819703431
2.92847363198483
2.97703504811215
3.40655058134765
3.06881294304512
2.62410906854673
2.62661914738937
2.88997731242832
2.92020557572079
2.97389848494734
2.87429169947032
2.81138540239417
3.60822575761138
2.34135197280275
2.91953269403621
3.01348344330159
3.00756306412208
3.16151430635712
2.87516720987459
3.00476293500147
2.81356610948956
3.1140809423449
2.87755982089653
3.12398257262278
2.51263144165396
3.00897270956006
2.86149325313226
3.15280267204438
2.81603879613357
3.00399526186108
2.98018167174839
2.9487003942157
3.10095939995878
2.69256821983371
2.99032503996807
2.69819682841305
3.07606218475395
3.03454073218734
3.0737992915841
2.86293948060857
3.05747989350756
3.04666316231015
2.97359350784456
2.92950657268923
2.78556756833492
2.87550209288811
3.45384326349716
2.6129160902136
2.94076516186848
2.90355643123859
2.95905002397697
2.7070492062474
3.13961842690737
2.57266257776292
2.48073763620823
2.94605770463445
2.69312814980189
2.89101678508167
2.65581235683196
2.89007342578562
2.82217610446857
3.15976189080992
3.01969545278739
3.13146366065514
2.96971642597779
3.055415511966
3.30654872879806
3.65108276909975
2.98022253728839
2.91270826609002
3.04282256749424
2.67353615233344
2.99415006903128
3.11843174912616
2.6562863192373
2.67618926272171
2.67216446803356
2.885773932852
2.79661005710154
2.76805813857698
2.31814372006828
2.65659205717239
2.81418406663152
3.20760326669886
2.28283638644021
2.41699999028974
3.03004284353618
2.89084582970653
2.86447767675368
2.3117760154635
2.58925276875917
2.87119861649329
2.49971727322465
2.89163364821062
2.61054125426624
2.75517882981926
2.76985440580108
2.1107148600835
2.57647541502286
2.8349184486308
2.86429694118048
2.43359450351288
3.32839903836713
2.69625968462744
3.40381499271366
2.34662790811037
2.81752153139781
3.41848842890673
1.75730166258075
2.46634195900378
2.79711208735124
2.91345341948702
2.92215514162757
2.60064944714925
2.33444021962011
2.86761162302833
2.11358488611042
2.66379872415473
2.66209097809425
2.46391919787092
2.78058435122551
2.6710594796797
3.00132968819527
3.22630774114128
2.72598919936082
2.8599620497112
3.42231280807753
3.23628980312139
2.87932058203202
2.42881687063637
3.14674870283868
3.11454471455831
3.01033806558185
2.68600161582687
3.10809517969197
3.29447225103215
3.60231649800022
2.46591178095316
3.12883962353832
2.90214484868431
3.09940063932184
2.5723586119868
3.26892478893602
3.20295243002974
3.29708869567471
2.27080948927961
3.05742999028207
3.22104492291934
3.13754276323581
2.7236356503698
2.7930085892323
2.8799868575128
3.0352082397231
2.15659884407023
2.17947919787853
3.39712089871523
2.4044466839065
2.68605048031214
2.72141829434533
2.88508156905897
2.74120298165726
2.57769241081269
1.83450294575249
2.82984751819873
2.88185142716832
2.39866598650988
2.51204508519272
2.45035680998571
3.29962377487257
2.17383458934935
3.11304746782658
3.13865148648651
2.86768542816209
2.61108992898594
3.13602460688666
2.04775711100254
2.89558196633298
2.90364069706779
2.61985691065698
3.01085819226124
3.08256585610725
3.007723202844
2.83612653991171
2.34579101723319
3.32656762024948
2.12720682843339
2.72263212581153
2.8379810328274
2.56984854353267
2.62821297374875
2.90943527798437
2.9585427484316
2.41358850542708
2.76561163117539
3.29013897031247
4.1024755111567
2.5202484317562
2.73135208653888
2.82428610775406
2.88004400841656
2.71362943908484
3.23856540465189
0.59902663427631
0.669862827997038
0.561460837203722
2.68655540193792
2.60343727558463
2.77701514771854
2.91622243951659
3.18566528706679
3.84633827588722
2.59015510827772
2.90145476715464
2.62976182652531
2.93171021474738
3.1100474041847
2.60967355646716
2.66109034237537
2.80889718764969
3.0357980614965
2.90321317230244
2.82840911640189
3.06909453634036
3.11107669454915
3.14899820854238
3.36228907660402
2.6425998062748
2.92225190067864
2.95478994920882
2.9025104712675
2.44224548036178
3.42619775168408
2.55031117314931
2.58251448895031
2.86897554759293
2.63932306212394
2.68753036798834
2.64894558818684
2.89027589956747
2.9289529550662
2.37506469101847
2.97108895289378
2.98366154348516
2.8863218037129
2.81175674729441
3.00795007439423
2.26184141186317
4.5162344198122
2.44733806207487
2.58605305859317
2.37390515797499
2.8322004743766
2.61106783066642
2.96883736442024
2.85623190784288
2.51998412472702
2.93841621323514
2.36469835991324
2.83551152915605
2.77384985136086
2.27311552862363
2.90689840993187
2.6024520602398
2.72145415893027
2.60155734075449
2.93232883791714
3.54053721963282
2.41960052720715
2.47710029527158
2.52254579266732
2.5133828177603
2.71057939634869
2.79881559424731
2.9197745298125
2.68066354908776
2.80012826504718
2.75939065761782
3.01402021844752
2.75709484160051
2.74463629556748
2.6587734709548
2.42872539559676
2.93668155069937
2.85128112597321
2.23050228780241
2.85034460676845
2.57513049449807
2.65546587188342
2.42313182328754
2.56619795545861
2.54315583547118
2.75736796150729
3.05367998567393
3.1917219041749
3.98305661972965
2.78462378407886
2.76733163123092
3.07009915779635
2.84146369997581
2.9608194888235
2.92264225235725
2.87878714835125
3.11281758068111
2.5443342650849
2.79801627008206
3.23213589662553
2.95350391741305
2.71508010667653
2.94913652398177
2.90861622575494
2.75457101669625
3.22467104639616
3.03859755995754
2.96210119348357
2.81068827240161
2.74650324258743
2.80409849304561
3.00780535333287
2.61728655031507
2.53763731927566
2.80935544823847
2.81602314414183
2.81661408090351
3.23357575642873
3.0002822300337
3.33985234330049
2.60907483042672
2.73307472791016
2.92127439402294
2.41885460005244
2.63720564395895
2.59264339441148
2.64212561323398
2.80221180731333
2.67625117562948
2.95857272507212
2.75056059809431
2.89476332941969
2.88246184182645
3.3777664254842
2.91708185552508
2.64200414279166
2.72521037749423
2.39040398198994
2.13715492579501
2.83762485153983
2.70511045007436
3.11170135056904
2.56268182030244
2.79986877845775
3.09873777929941
2.28958858746697
2.15656975831483
2.41093023975924
2.82396329447219
2.90489166996934
2.75673535398078
3.16882115930948
3.0772780641478
3.53356344124696
2.68129262590454
2.68532898715088
2.62101909364318
3.04705611524191
2.97508769855931
2.87899933598843
2.68677643066242
3.92159094911166
2.21160694260433
3.0007614948632
3.06966709256543
2.59163039312433
3.85478469610061
2.81641754241422
2.49928578524744
2.81096557746809
3.114670161207
2.82944412810785
2.73869862088213
2.44736045294607
2.47538968416884
2.65214011510363
2.22400071054156
2.54903652987196
2.9650625028051
2.65896099929485
3.08243089543537
2.62222266233822
3.24179012528083
2.75643481494089
2.90024871982529
2.91148032147109
2.55744847666114
3.17975672048171
2.96606492065306
3.41093626491982
2.75836966041835
3.0895610294506
4.00309628568754
2.46488767768217
2.61682549189243
2.79105077662306
3.17664270887347
3.6601662845851
2.53556304234638
2.7282861485965
3.09684509423417
2.74716779600775
3.118865677582
2.41537670751075
2.70413302944079
2.98878392113708
3.0428299520918
2.98853747982822
3.42330200511319
3.26577924965048
3.2770216195306
3.90063580170361
2.96162969171453
3.00639127669564
2.94616180904637
2.67951859530912
2.73624580149898
3.15067577454186
3.12297637768292
3.34523367839451
3.09100459501262
3.83052826247099
2.53667710157923
2.67683702309153
2.75095748374358
2.70732380789234
2.79405624798746
3.03028716977987
2.77384900924896
3.0523761353284
2.42194359767282
3.10079698902386
2.78451989730951
2.64067920283171
3.01433370293879
2.89608943447146
2.86187274947456
3.00766831536083
2.8370678783072
2.48260246359502
3.14538239754824
2.64156969169988
2.8963309463519
2.70172403813489
3.31349526098615
2.469488907075
2.71779843449634
2.98675475035919
2.99279398322543
2.60236565603134
2.49868910566866
2.73849359375314
2.62546340131382
2.4158794284065
2.70403350658791
2.68840812530412
2.96785393301675
2.48315172311569
2.85661059737844
2.39578464345742
2.63968160554666
2.80287913716424
3.22291662758278
2.59863297305674
2.93324563307586
2.73616698764808
2.75545540993564
2.67121407590194
2.49097242914704
2.82131505955933
3.10783344969049
3.01752822365292
2.63331181607408
2.85142475768828
2.46958431923629
2.53595639943635
2.70217997045461
2.49504670882916
3.19407235552202
2.59725866321856
3.8477004930282
2.63638215643613
2.26584811018651
2.85274892673284
2.24602314441418
3.43939447523102
2.57157309070954
2.62404405934381
2.54629565818002
2.62728679985495
2.76333272884407
2.41492239749809
2.4981132376873
2.78624097054241
2.17336012462882
2.268028021537
2.55520015665239
2.39287665385142
2.5629426749363
3.3793431777909
2.14403385511216
2.75578664871194
2.93524694628058
2.80457993734079
2.44871323575316
2.29014923612916
2.99494283158762
2.13326469574711
3.62526327699363
2.14720979540304
2.56760151686281
2.62000565031155
2.78692635411228
2.53109927570676
3.00223020718787
2.44673549991243
3.24212326685086
2.02308741985243
2.4262584727219
2.56355668021732
2.80499117636819
2.43286508306824
2.78717329850295
2.9514684012392
2.39587625573213
3.37195246669412
2.63938363614068
2.39515493962896
2.72338723513235
2.09927755422391
2.72813136487033
2.79175697808536
2.44818828354751
2.68908659871781
3.31689285966352
3.03839131307565
2.5603964516159
2.84355157537254
2.63674750509339
2.71872228581257
2.60115908783816
2.48883907539276
2.74147687406576
3.38745288931414
2.95440826636129
3.74842516089443
2.98894139684501
2.91058517556288
2.88681946865506
3.20705312857612
2.81385496313915
2.43183410066655
2.7253428813626
2.70326164200463
2.63789450384051
2.78044027013995
3.18976121753251
2.84758865546821
2.36039273323113
2.75585519687242
2.26567064221538
2.51418281412587
3.43438399864776
2.5181294055511
2.06471848720231
2.28433568314559
3.16370142881046
2.38541590720769
2.5217079094112
3.43042341684061
2.69966246362533
2.79988009351181
2.71944704504819
3.26427486429098
2.40956416571184
2.85412503465853
3.40400569377163
2.82267540587506
2.74185051352604
1.98955559989666
2.44962620828789
2.59411676532027
2.62575931880251
2.3740691565478
2.96711298680344
3.30032419732049
2.37553562098713
2.76698177508005
2.37153426395371
2.96034026467612
2.8534121755357
2.28061751681306
2.62534478257193
2.60110569725262
2.66383533827512
2.77914488725227
2.67790123247505
2.62594485344578
2.89300724047451
2.60721194721719
2.81243601354538
2.52445335724344
4.39533276975455
2.52722235691239
2.33536551081988
2.70893723006553
2.63487615393632
2.75629372528215
2.84592464093665
2.49971454187253
2.64550652651675
2.71597571450562
2.96084708570581
2.68657277936355
3.33362603843016
2.3938901860432
2.76882585766784
2.31356848362521
2.63306484900871
2.73345753870523
2.33778017233768
3.49742100041194
2.42319787331412
2.88266190591241
2.54269902400849
2.61277594846341
3.15179135795324
2.50045760817784
2.64710995865602
2.38903121004868
2.39226430304953
2.09803793111212
2.6567919735024
2.66426364266776
3.28067150473155
2.26275155272138
2.48101795631304
1.94519826978436
2.42225209051444
2.84726554981272
2.3132026142279
3.20521459559593
2.53907923792739
2.86177312981279
2.39328865170321
2.67056279048378
2.90966792729318
3.18223653947458
2.44971354722652
3.36340802516813
2.0071759386257
2.60689991687749
2.06184525228501
2.96871321324596
2.67843101785649
2.73755078890524
2.8212444237922
2.86778425997485
2.94741935459023
3.11494833377261
2.5546487417875
2.76165305062123
2.02215851036076
2.45149992455491
3.14616550257684
3.38628410949484
3.03888481589945
2.75824842451643
2.6128908759023
3.03092162705699
2.21216125233842
2.82839476284011
2.93693105938325
3.01122402790396
2.64242701841625
2.92787545025046
2.69515658928026
2.96644793019024
2.23454526478482
3.04354020123866
2.08901746046234
2.27345627326198
2.20627094707579
3.37653106516863
2.59741265598895
2.7854074051605
3.47448338593416
2.24745467945057
3.66233946405359
2.60032403663263
2.75630457625352
2.53426371855822
2.97828349022747
3.16398844844488
2.24870631338646
2.43912196516946
2.43725172408097
2.80521052318605
2.70036090536745
2.74012687968391
2.94358377483069
2.29557777920523
2.86662533730533
2.31242906677576
2.91070196065298
2.24982152114687
2.87408956449165
2.39364109096352
2.8310729800349
2.58157222651957
2.8672522443728
2.43482463135878
3.82325256126426
2.39531650761211
2.97044606544987
2.11596694254717
2.91352257295247
2.38881762139451
2.6490854040313
3.55524364613358
2.46089286704594
2.89646908282104
2.49987516495559
3.09910568159417
2.41557735494901
3.25179933281412
2.26895012707655
2.45334209610121
2.58808210810682
3.09974333546135
2.5015715977168
2.97613937758521
2.04945383911111
2.87117129026233
2.9287333120829
2.2519763939677
2.20982955797106
4.03317534462313
2.83966216144098
3.53201408789533
2.75168037412911
2.28517285497921
2.43940687740712
2.82714173336324
2.5986523792601
3.26413271264929
2.39157466788866
2.50434233917784
3.1872588862071
2.57720746090846
2.82617554910707
3.49823226624885
2.30992182329244
2.92430826233225
2.5941577863237
2.5617434362476
2.80083469299557
2.55265312578129
2.60134305047741
2.84437208517218
2.279831485
2.07786026653666
2.83854537641608
2.495329867456
2.82563463607687
2.47571215873354
2.9409697676199
2.81534861108202
3.08615129942253
2.4485785769044
3.08938441846518
1.7954059539383
2.88760905897757
2.72694162045622
2.56696074614462
2.55179209473544
2.63315689077693
2.55054312809485
2.40797956487696
2.91302828741216
3.07245402519258
2.61406419283559
2.42087960738972
2.66609435168048
2.68333364452145
2.60517976316867
2.54017200722024
2.1392583544467
2.52703891962451
2.70837349553976
2.55737093773825
2.57667225726302
2.73951880644832
3.45737192969545
2.93661956238835
2.96554794985132
2.80157478191779
2.64899179670499
2.52587674996171
2.48111014311142
2.93817594538539
2.95112227608825
2.49824341290279
3.26431113129874
2.47970018494209
3.18497461775417
2.49163703345409
3.26401964969286
2.60376696447134
2.5071308543288
2.56612034549096
3.26625805433274
2.87446389242314
2.61531127374247
2.73233874013816
2.83099261320618
2.06932111489839
2.9269257654875
2.65026955226879
2.8206828286056
3.02691488819114
2.91570335133285
2.70421099291899
2.83702712305237
2.53571687962616
2.92716693656331
2.70773885343474
2.68662868223296
2.92215006561544
2.80618666977421
2.94328338254822
2.89306930641966
2.67992005626045
2.8555661793813
2.77206028119978
2.69258944632655
2.71257334833586
2.51494389442799
2.86869199863611
3.07306986251329
3.05058138622812
2.70008675185264
2.35105459694658
2.92441463390665
2.41153499855025
2.74294247857345
2.63102355657738
2.72898629933483
2.62576398911463
2.98215337192732
3.87824602461356
2.19127410765838
2.47495195954027
2.59055403506273
2.52443289591031
2.72389086562785
2.36915103116235
2.7070553037058
2.6366551211681
2.73616490964093
2.85326328906572
3.50418701846582
2.37262626857962
2.86074986500319
2.66424242945246
2.89534287716053
4.2277061977474
2.28500019887873
3.19794986384759
2.76820745304674
2.57691749919303
2.68704658437657
3.20839840565867
2.7048652152553
2.3594118849899
2.6054377242733
2.61480182295226
2.63410193263742
2.53397071770526
3.28858388062581
2.55960973023973
2.93966153562077
2.71066611715222
2.66125501165588
2.9444122605472
3.0042688088757
2.43561854847472
2.8794367878395
2.3676221543629
2.72920587402642
2.68163532328715
2.70223191113791
3.0196999325634
2.25076075464678
2.22544574813564
3.34276325126682
2.24080736789626
2.66504390091711
2.38108649712094
2.55495131446711
2.63394535094148
3.0535944526353
2.02893436194231
2.41724786269161
2.65044655811535
2.96690214205417
3.06939070574585
1.90471338594453
2.5736343646674
2.22123074499737
2.91219762198765
2.61616707527794
2.69717597877828
2.55788973844484
2.78928411712855
2.5634663784123
2.5029504166519
2.36028427951466
2.46867638051151
2.83544931698881
3.0848106094636
2.87697351363843
2.87316113886162
2.94726733356729
2.832940958656
2.52378670406273
2.63677766775576
2.70157999079858
2.55627778644118
2.8160162761057
2.42882369163136
2.95922094830789
2.84169228614534
2.96172314649687
2.77117553854577
2.62481875416721
2.69399359393099
2.95262936754184
2.86556022286843
2.69012928020863
2.78390521220265
2.75222830236069
2.65416234080881
2.83838370794261
2.70368099349511
2.44502033023245
2.68306176397237
2.73999028129847
2.58380061596322
2.46080428597783
2.72829561707417
2.57527668087882
2.6049525317905
2.76785768047365
2.11926814680893
2.9369550316311
2.57267891143859
2.69306910939801
2.62560786891888
2.99819901329821
2.85009879618567
2.56120334392923
2.92970629331206
2.56432382563729
2.77149054405932
3.0715573586119
2.70814197982037
2.76239100137685
2.45267649158134
2.51735935028103
2.67041841123111
3.17518022557769
2.24796045077075
2.4965863860889
2.50945645457667
2.84099140505195
3.02672026581836
3.14934850527784
2.32334267048132
2.64948412641317
2.58852977820508
3.40111934678043
2.26238180277754
3.20315428529551
2.37649562046806
2.74547747957669
2.76227840726128
2.62884094032865
2.48640008865435
2.16155012033978
2.59430390838421
2.73766020709155
2.81918453210795
2.2306605728425
4.01826404825282
2.46467525573236
2.93136680650003
2.43024597155043
2.29979842241355
2.92961506429197
2.80929393209482
2.67878518042791
2.65081114000738
2.76348106835016
2.77748471768467
2.68346116495489
2.45977769798617
2.66549683747376
2.97831665048615
3.59640286675866
2.83879118708117
2.69349903123261
2.27928269229931
2.75358439854903
2.66666683447409
2.64740258029841
2.52190189019385
2.71465761752624
2.67967712227781
2.67511485821317
2.38582714619944
2.70259968055166
2.62952838247127
2.48750420789902
2.76650578182631
2.64458805884042
2.90615228134079
2.49848228562813
3.19958169713479
2.73751873433026
2.67890847299232
2.43791026997896
2.64830345725105
2.78212295179248
2.74126319130833
2.76162804340603
2.58953976723522
2.52368097956835
2.79092795584387
2.90211222962704
2.90564565105612
2.92389572519573
2.55484614052329
2.97375323152293
3.24770827117844
2.74316895182579
2.44187685151816
2.42988761887718
2.61733822950393
2.65912455071562
2.93104096042405
2.3894587165512
2.8727093734412
2.68042996896483
2.71025637686777
2.906938432639
3.12598650894637
2.82861614877206
2.63397892643532
3.89843578120578
2.35804855310218
2.65375790979735
2.19586885137091
2.69381581865918
2.75044603778208
2.51566473435885
2.21241001499486
2.72687539958672
2.87504474111026
2.46961900988011
2.42852967917029
2.64278839596533
2.57081013255234
2.75818495750922
2.45025902498298
2.37720464597439
2.52956607595474
2.88919923485925
2.52112141557508
2.76571007818006
2.41430770408361
2.59351727592187
2.8650661552922
2.75020434004207
2.55270894095174
3.32264401446711
2.65056698878551
2.52071970339655
2.81873275859332
3.9276729373566
2.50296388337053
2.89045643336821
2.46216026603025
2.91240995381163
2.49002216112776
2.50648445989237
2.34205149143101
2.74710594730412
2.24266520438755
2.26219253934504
2.54235031664916
2.74772680530793
2.81666883076213
2.66422224690569
2.73039221584831
3.98956627128475
2.02572344226021
2.77629607227608
2.96798634477498
2.55068430826621
2.62353777203191
2.94627692905545
2.29084281525158
2.558889058528
3.14055436552808
2.24186806960689
2.80695878047246
2.84531182364377
3.00037518607655
2.09478332109688
2.70468144314166
2.39060034778382
2.6101888425711
3.44965532811947
2.27067367667917
2.95264984566075
2.2321584464936
2.6539590776094
2.21276073166627
2.88552348931143
2.53005181036013
2.833433874084
2.64830873749115
2.74713855712532
3.08545574396916
2.66906021196771
3.2289254280298
2.47898197784474
2.82513415680207
2.77363974911662
2.57875470312621
2.29504603860673
2.74179355890956
2.56619794197514
2.81044069529801
2.66047445326813
2.57683716290354
2.94720690497025
2.62702627896166
2.48044973120139
2.64273940722662
2.71669310506154
2.82425199992713
2.82179531076223
2.59485803789908
2.8242149356256
2.37343113361805
2.80292165900752
2.19322212251747
2.37838801051909
2.38839820437559
2.30950705880948
3.3738987862201
2.63828794904926
2.77880108334366
2.09071137600311
2.64589971212876
2.69157467263449
2.76058902821403
2.3709560578546
2.58868800348718
2.58902635821157
2.42942561516591
2.50307684859912
2.91537403429179
2.34567373395005
2.75524258758843
2.68607284809785
2.62767584717623
2.24234542589417
2.29651653217523
2.5185906198023
2.2887149566069
2.56787386219018
3.0864887161519
2.8159110572513
2.67348466283868
2.867383422954
2.83370556002795
2.67865598499999
2.71939431827815
2.6486010344029
2.53802361934762
2.50325378961163
2.50817257495297
2.89165854600331
2.27893545058338
2.73293454918685
2.9643658539235
2.43634236284515
2.5859900150414
2.46644088581295
2.31659481651313
3.17829999537007
2.73460077634416
3.00340396244549
2.56129897031179
2.57185802004755
2.56140495225461
2.70820508424859
2.361073690923
2.68706877090673
2.95848776432023
3.9199305133899
2.59746440396856
2.47156487009249
2.81122148719806
2.6828181836449
2.43758490986158
