5.20478613238707
4.69058640278764
4.18401980632492
3.59865936679895
3.33428616392085
3.24972204943613
2.97794151391395
3.03589356634577
2.87154882743592
2.91468574156028
2.88484269318466
2.80854155694255
2.85097174897048
2.81998202859214
2.91105990652405
2.88380695349824
2.89031009601571
2.86044156704419
2.89472940918747
2.82179339129705
2.90877297211094
2.93439263396116
2.86801880705103
2.86851851598805
2.87915769800352
2.879153117433
2.87454242161025
2.88114195082534
2.84781413106203
2.80882952868315
2.8563789207736
2.87802227029942
2.85183137947911
2.85241577287888
2.86206904245351
2.9256835058171
2.87703955696311
2.88832308949045
2.88569769707244
2.90348403238573
2.89490650144534
2.8727557818221
2.94388722046228
2.89006944254516
2.85948785005985
2.87934153114459
2.83852625451358
2.93595045884498
2.89516184419576
2.89088485310565
2.87054160262685
2.89259898603192
2.91818129198197
2.96479520105824
2.91345239550615
2.92345667108432
2.94749587479104
2.91193608404244
2.88409178853668
2.93696465314396
2.84134612873043
2.86766613673268
2.79520686443963
2.74382754345596
2.63211222087688
3.30125311024905
3.38365168267932
