4.03788944364438
3.74340695871708
3.57139564473721
3.52784897264095
3.53440382639178
3.52841877033034
3.52896120881256
3.50304849384223
3.47142359937301
3.49128938651761
3.48799680512767
3.46766525746625
3.46197191440977
3.45686176470728
3.44351268655651
3.44549468209559
3.42965025125576
3.45051555786652
3.44850978103099
3.45078014138156
3.42825671840901
3.39755141863676
3.41142883547346
3.43305727762364
3.43010215645245
3.41386736527287
3.42734990008608
3.42982323761269
3.41782831016665
3.4150184581296
3.42494702081785
3.39442594097563
3.39383454574432
3.4145675697353
3.41263706224567
3.41674196611566
3.43295584707493
3.41306449705338
3.40912544348291
3.41197211449177
3.41083277241803
3.39640037751226
3.40866899128011
3.41643273919986
3.44574297760349
3.41268568561542
3.43211974015259
3.41916474610254
3.40685794074955
3.42113115025995
3.41106194644837
3.41771022198216
3.41003418888996
3.39751534643413
3.42824550229584
3.42625471851732
3.4318145019469
3.42593003747104
3.43826559297307
3.43802338174435
3.41452079164668
3.38532742912379
3.44863387197444
3.3940778312584
3.40688356679254
3.2985380457041
2.93428213978937
3.85218481524049
3.58190054935642
3.99656031710508
2.96383894748106
