3.63064020835026
3.47656224176525
3.53656404978216
4.13358355209436
3.83466891294467
3.45677664948466
3.30245701357201
3.33960452267371
3.46994188910262
3.58134383810891
3.41407980363063
3.43862295857565
3.61996334533737
3.51165953239584
3.53126746980654
3.53257448084699
3.36796036247838
3.15854170393451
3.36728172647125
3.12081742479079
3.363692514556
3.32639509915104
3.28843304179668
3.26813847837705
3.478062357787
3.48598838583455
3.49031407780895
3.32275876915769
3.31666089475821
3.53601036640734
3.26376338406799
3.31408271800362
3.52318779877038
3.11351473594556
3.48996087526756
3.38638122093701
3.41483703629882
3.25189433239815
3.4661985616014
3.26739099516005
3.28545271572964
3.56148251816254
3.36436781309715
3.4768085065502
3.49659466205484
3.56706514705308
3.38212282043429
3.54404882155577
3.29312445770611
3.95857735912182
3.23503215021096
3.56482910826634
3.34879027987801
3.5063601507481
3.58751557840946
3.26271402223423
3.52797120745003
3.40359188509703
3.56204054594482
3.39820820712579
3.30948828016834
3.7469046886516
3.47231961852487
3.48656581200521
3.2776618956483
3.29851880713349
3.46199439535152
3.30205011617516
3.6396768071614
3.55386435558519
3.51629538872852
3.54540883096159
3.46262190747674
3.05398069377272
3.53663359968456
3.61540148827841
3.54259447892257
3.14446538227972
3.56588686499825
3.53363786919614
3.58536781256975
2.95226047514296
3.38472156117138
3.40094263671911
3.45351500827556
3.13549551945231
3.4239811452747
3.37687760831083
3.59329265462607
3.50588431183301
3.58266107385426
3.40006946828419
3.49583996565216
3.33187955432406
3.47431627559478
3.47519939780066
3.31103040860484
3.39725335312618
3.5909966289984
3.16274935569466
3.24889997549488
3.43970748382432
3.45125450534775
3.50926488702179
3.54506480793588
3.39499810404733
3.22838662481887
3.30265073961347
3.49348191008543
3.2935765658112
3.32494107874996
3.25388688818337
3.25788743711338
3.54717853458451
3.41006169252097
3.31485302528389
3.6011495404049
3.37256253287993
3.51529592019199
3.47865088801029
3.3635161463036
3.5416234936384
3.3986528827382
3.45871926511122
3.40277164039906
3.49103720377999
3.3488605795978
3.34981833054225
3.60374160102708
3.40971348798141
3.62471829248829
3.53946342912806
3.37245703609584
3.55681665625467
3.41796309784685
3.53661450704093
3.52961709528898
3.36478154999093
3.28740697660459
3.60770437045862
3.67317448751139
3.66463852147434
3.58553538522653
3.68051882931191
3.40920313142959
3.65682634654004
3.51596766072758
3.47939260319791
0.320602148775101
0.0360002322821303
0.0195182649307985
3.05228142538664
3.62410811981271
3.42186813868681
3.20954646705968
3.25821754599081
3.59278120583472
3.37714434529031
3.83426032637028
3.60518705690558
3.43262755613309
3.34934231143787
3.46954905632664
3.3820143583934
3.4347234580765
3.11721717579407
3.29878086944362
3.49334589665302
3.48460756678944
3.30689148184609
3.45555359371536
3.80413454312315
3.69000858933224
3.60806797370106
3.54663287026803
3.52895002880267
3.33049516747969
3.51006690995762
3.66284216702516
3.61011806176161
3.48869905207148
3.60960089419223
3.47854092841429
3.40282224616361
3.4655888914627
3.73400387959829
3.52886761967624
3.50964038056394
3.49315617291575
3.54350104279505
3.44471565611549
3.22090098982244
3.38477429971804
3.23592815534392
3.54741462055826
3.4567687238068
3.37796430547113
3.3776509555508
3.46201886120135
0.338281728385168
0.0363574704488256
0.0195393795757526
1.64965696015477
2.66687720275638
3.22517488515184
3.44124671386072
3.55945260725519
3.68501691368161
3.36819861042064
3.53945616147088
3.67187412228109
3.23329744493565
3.27427958595323
3.62509819433926
3.35779138434037
3.72939586042651
3.61868084526486
3.6530751071886
3.42386910254359
3.46527328480309
3.76714400331648
3.79857413802573
3.43174686288221
3.9254456653257
3.71008252276827
3.30053413268097
3.32202089378821
3.3709523974752
3.26479928130506
3.37845600972491
3.40446605202417
3.51050070968479
3.65016116312328
3.70875455629908
3.48144991874837
3.44114857106515
3.56558625654931
3.1460152198843
3.31221735874337
3.36149009751901
3.27445372387122
3.35632681825391
3.24972192799921
3.12639478298878
3.56071715823172
3.38889309599299
3.57821262164151
3.64960204498554
3.39900641856827
3.15917683289671
3.34539031265903
3.40418446115365
3.61511520649901
3.48568675792002
3.29857078446947
3.36241921901668
3.33311678779237
3.42951233453031
3.40401787721198
3.31186244181313
3.80420317538204
3.5058777117563
3.36357428658346
3.56467144952445
3.37343202847464
3.40913311148708
3.37369220874488
3.2114373703059
3.28267933532713
3.67845363600409
3.28949525289829
3.57675368686455
3.58717932809089
3.21591479039573
3.54561752653038
3.19786497568474
3.21829869917776
3.46947997333858
3.54723429005491
3.56036077893943
3.66880815690005
3.71611823799981
3.54441437325697
3.59309546427736
3.57475051169364
3.46274165259092
3.3413320144043
3.3756178383566
3.47373291651104
3.50116638661204
3.52704289895915
3.4231239800433
3.5363286664699
3.70266463027191
3.60157147761375
3.57557832947307
3.1363440368499
3.17527859707339
3.49530204454108
3.60603198568974
3.33783175451097
3.37959402732866
3.32436648082778
3.16235983048385
3.5686257437848
3.52844393321647
3.60519887592966
3.56314595717254
3.29760949671605
3.3505615329549
3.44588843286389
3.48910027994656
3.41226556812883
3.27838649970849
3.41191211989953
3.28274688071902
3.51881760388179
3.29349848565348
3.42617010476522
3.47333103416904
3.41882466182823
3.60261998609706
3.15257517828626
3.23341233934261
3.48386566259864
3.79415773329463
3.51906915432057
3.54267228655468
3.43130755315923
3.40830916353514
3.30851589254107
3.21588694174394
3.30983716341197
3.72367631225089
3.61045970895939
3.4446403733235
3.50628239467233
3.65960594937223
3.54355685184264
3.52057514587204
3.21588179048987
2.3674845874812
3.36961630473589
3.44256832893753
3.70255437438966
3.66995476799182
3.73257645598141
3.36108594917365
3.45650534236293
3.40804556836744
3.53312743421117
3.60655193632792
3.73071644991529
3.34715013435357
3.70019795352253
3.65164343094646
3.42193543253759
3.3815052514674
3.51749695992027
3.53435485163725
3.51075231800406
3.40821528960977
3.70026683649113
3.52880441369108
3.61890280281611
3.70390218106071
3.603730716705
3.53000610543753
3.72736069517925
3.21610335445603
3.51749658731115
3.31762599340346
3.61403352170916
3.37019543225688
3.51663164690321
3.67213752226501
3.49604095120249
3.62007528181574
3.48901789879403
3.46345219958223
3.62315796405435
3.48787610719253
3.48957833458002
3.52457938136577
3.61307872205029
3.33775661376663
3.64224074068191
3.57391601040635
3.41899580529974
3.28870052478925
3.48284188214324
3.21131675991585
3.07926445978251
3.30393834851755
3.39998252300068
3.55362185393863
3.50086549459837
3.57561582024017
3.44025642609632
3.44310556707489
3.91645920851386
3.71158242171548
3.44773871007138
3.42794990229929
3.4568265098916
3.48854663949682
3.57292975609669
3.42368191165604
3.51675001910509
3.37578616722336
3.37799897450255
3.60194636052205
3.50369668709342
3.27814084800577
3.52927652201583
3.32601186942474
3.61490299414159
3.46945439660876
3.63332615415331
3.45893245369533
3.49929029916223
3.63504723363084
3.94768113738266
3.92935328555786
3.97038991493993
3.87703221945283
3.51943117355036
3.6761263936359
3.6623606270258
3.96231585332157
3.96721552010438
3.56758277836422
3.74316413730811
3.11271974474045
3.65476458618099
3.65423906882084
3.4509767431203
3.60257300636541
3.57884568272294
3.59290273590306
3.58032008715457
3.70322214675606
3.48302660238521
3.35943610585565
3.48858842034218
3.42805443783981
3.39282251827981
3.68828183037754
3.62223470020286
3.4472830533593
3.24038710953548
3.38442013361427
3.30401648999237
3.3530585849368
3.32426342215959
3.19889933532824
3.385819287786
3.52499824372337
3.39840400416502
3.51793829848184
3.50290718861809
3.13656338570011
3.31945805614446
3.12483709103356
3.23878343197281
3.42978656338279
3.6055722630616
3.52645152022216
3.45280669449472
3.41911033957957
3.42760753920266
3.51854281622688
3.49264130122155
4.22373686374579
3.72082339528618
3.76710044660204
3.61643784788962
3.43796200494043
3.49970372267754
3.4842611321877
3.50398230392092
3.40791002053703
3.62442591229631
3.7752512692024
3.59520408075727
3.63766392759544
3.60828082945488
3.48625443408074
3.32559464632324
3.53579235877431
3.56463985316246
3.41678713037202
3.35921108991095
3.46117561191819
3.4732774124582
3.33501432437045
3.3007650292629
3.50570691408599
3.2599870750635
3.44953458949794
3.15131111327876
3.51087860724256
3.53016673040788
3.45372163536304
3.33181206484007
3.51852543639881
3.48335026674055
3.68321455313863
3.57160701908518
3.4073852182725
3.96476080705682
3.60178661753674
3.28895530890585
3.30062565072092
3.23050276029769
3.31204252590183
3.51626309088095
3.91971314979955
3.7176648737088
3.92229150559423
3.82857570549778
4.0166704043298
3.78937697317788
3.59462993997826
3.83271123589755
3.42077766414329
3.55571644173227
3.59417988169911
3.33168622239869
3.62261926101576
3.61310413814155
3.5485420631364
3.74331387184228
3.90248478684766
3.41768189850596
3.83351611130196
4.13050278255531
3.85664977169853
4.01138275717958
3.97436860271916
3.80409381417305
3.68795514659121
4.12949711142446
3.72382090168197
3.93338315516868
3.84361042247097
3.77058230435955
3.89112858359325
4.27454072020193
4.04623649757992
3.90168823323886
3.91819091707312
4.185075175955
3.62375659804183
3.5373356418874
3.75514721942572
3.82889117144658
3.52878429888977
3.67820006394315
3.69578769520686
3.56400705607823
3.46567828394369
3.56254344350647
3.66463728179448
3.69159726864513
3.73053982915258
3.7241879053632
3.53373386497408
3.56949078178841
3.81001448571626
3.57848638025503
3.39294707097555
3.51204813773431
3.38051300298683
3.7084274355677
3.58158098141254
3.43359153379247
3.73688807067914
3.63132435689373
3.59343863956396
3.50542532031739
3.64351131718308
3.53591699598943
3.37528613974506
3.31725381192458
3.51648056226092
3.36733138358857
3.67164626873462
3.60363413395493
3.61029380100845
3.70822950926763
3.55875391172407
3.47702599099436
3.52158924373576
3.4324828947322
3.37958535850181
3.5591646256491
3.3817409807717
3.51000261302873
3.39685087067156
3.41161980390819
3.83370769701657
3.41206883621302
3.32859889456395
3.24524998228957
3.10815946445324
3.48284031530984
3.0318317306332
3.52121154747698
3.44302125020924
3.61760923602724
3.28430684952761
3.25175826095458
3.35547542898347
3.54412793440482
3.28005411307769
3.46627597865132
3.554707657029
3.28785015775245
3.42381637625539
3.31330991391281
3.48527553035931
3.44870503999718
3.26583949547427
3.41962606273456
3.58727010324247
3.37733524185192
3.0998072520207
3.72835513149404
3.71655011761604
3.52644890974191
3.30028769287696
3.63476206336999
3.57820946257048
3.2909865493035
3.42391317806385
3.60620601515605
3.42256497903477
3.22924240918982
3.49387475028208
3.50021470227312
3.25146342759499
3.30078950684371
3.53512238719966
3.33736203062834
3.57682835720601
3.36535659149243
3.60121481654575
3.35900042877534
3.23160075337141
3.3216391382318
3.68443999150935
3.65812235317599
3.31527485714037
4.03359733166601
3.2798632107895
3.09116515944308
3.33367982691854
3.41564697822152
3.29676264259122
3.34834915559951
3.46522620964151
3.5511799723689
3.4917753320874
3.67209136900331
3.3359782770272
3.47426364293796
3.70541992080094
3.41902872239575
3.50448296172222
3.17103689686942
3.4899319548854
3.41727389377977
3.31741495540957
3.30329210296915
3.62820889089654
3.51892484574569
3.55402518684401
3.59546167727591
3.49935567554728
3.44634858080659
3.73842062232841
3.61825667054338
3.46754163028492
3.19397791504124
3.2588343887474
3.46990629563756
3.45917680573575
3.38733584513065
3.40949113621168
3.51802356454351
3.29420914356837
3.23804142687115
3.39842623261903
3.39027895761706
3.40125916445717
3.44647581877254
3.37678652387045
3.44150002135353
3.30535569060815
3.27401268191829
3.41013528824125
3.44000622065822
3.57716411879764
3.43367930766392
3.47816512657038
3.45137641412225
3.61371698619817
3.49001074321515
3.60759652426927
3.53372279286068
3.67013448548189
3.5658249063209
3.37802085141458
3.59462902287591
3.49650437267914
3.57766121389109
3.52129894399022
3.63427726415406
3.11583294075898
3.25990342967928
3.02113169384731
3.56993483336651
3.66121387904847
3.61419096714373
3.45058907492207
3.46034288698085
3.53047120247664
3.47312558247312
3.37251222021739
3.37896231457127
3.54373865493131
3.5174174718988
3.65349729309537
3.70089007906674
3.79117771294823
3.65437908075816
3.58781627343139
3.63034349296545
3.53549412160483
3.54280283941239
3.57095622095095
3.42890264288127
3.50072202916177
3.45477092134054
3.43560083051991
3.48662059184913
3.5636652709034
3.46805237599375
3.63859105493991
3.37140090203884
3.67948692945412
3.42379630902115
3.58859994487273
3.78938553429917
3.47919776200317
3.65936657657772
3.75941515168987
3.70403358016891
3.56513273924058
3.33409245422109
3.70356334171824
3.47351565275252
3.5165118932018
3.17484814046343
3.47171266353674
3.65301217426627
3.62889892612572
3.50853084762513
3.28611485391552
3.35680387585669
3.53814321944208
3.73738515805037
3.30462086573335
3.39452228308112
3.34764206028233
3.43231242032033
3.27563801379308
3.59610326161591
3.44823248148327
3.26484443221508
3.12217800882932
3.44349718628395
3.48308511061205
3.56089318535633
3.27924926059237
3.2611398060972
3.71913418144863
3.50278546690517
3.50067296961606
3.27660343702521
3.18466125566511
3.43360688354999
3.51400646531541
3.34623875640719
3.58233372604353
3.34800312015467
3.60157939794556
3.60215874059555
3.51833144207434
3.38853450026732
3.06415449868064
3.5967867912042
3.55361783339021
3.18494054848211
3.3889774849844
3.54891052399839
3.55054428594972
3.29768605867889
3.3057431293258
3.44498365424125
3.66968730545778
3.52343700748323
3.2689869413265
3.60315719007491
3.30286490793983
3.33839305403868
3.39297042006469
3.52744725860109
3.36068690322557
3.530074590517
3.52152115486184
3.45353222905027
3.26227371916438
3.45311802335406
3.61587092156157
3.381885371936
3.37666244718085
3.42423457111248
3.2860723808351
3.3779002325293
3.18757936566732
3.46276383152475
3.27374459971695
3.16640143701838
3.29237982288793
3.29485354498279
3.38556781276253
3.3386920648096
3.46066214385215
3.37128911983003
3.73076370065985
3.68876075013821
2.96462219149117
3.17668301538967
3.43257555359467
3.85664015384585
3.48889010105107
3.65073826512008
3.25779440545512
3.48428817260637
3.59938163568802
3.88838913470363
3.58599861302896
3.74514854522338
3.54611032146758
3.50865005299406
3.69256590787145
3.5219652445892
3.65569086230233
3.74151264376325
3.62359620008285
3.59068095555652
3.49509347038954
3.64232322781629
3.77077009606682
3.5665622479461
3.82920366220687
3.44028995871294
3.27018652169302
3.59647842575993
3.55867634111362
3.92993516549543
3.56967338537794
3.47321504586836
3.63687150773825
3.63560898481841
3.72809774936062
3.62430676689855
3.67345440949414
3.79434508933267
3.30295728080581
3.47367240926096
3.73379673159842
3.30396034173488
3.37518324943948
3.57459506056893
3.31443971146651
3.48618966048331
3.55462897826516
3.46640376934645
3.61060674831436
3.3923402282966
3.51574753255092
3.68205112178673
3.37660424447269
3.83739846092478
3.49044990819722
3.50377313152847
3.26871770232094
3.69538820877899
3.59201425348277
3.70347204930343
3.14870570754348
3.63627651736983
3.74886095573673
3.70047688891255
3.472023315395
3.43805245630367
3.64552103593379
3.38148523441665
3.43945504081022
3.48304063762687
3.50236846013399
3.24065613489472
3.64945424595893
3.53315689910532
3.55002332928011
3.68284688260543
3.54169131321907
3.68894390123742
3.16036530534391
3.33775688576687
3.60617770173519
3.62825182098608
3.77619215533036
3.57186681113802
3.68081589397045
3.42503097064746
3.66937091194144
3.77701955563497
3.6279466511378
3.49961162137703
3.46666310080703
3.6306212488613
3.70928106029268
3.62939133157004
3.65458362152396
3.48934235976933
3.39276536193869
3.68597388933513
3.43521681295149
3.59386443442504
3.44002004850122
3.53127480743189
3.52710752543533
3.60919162110394
3.60195984296881
3.55358960414565
3.6739485232196
3.56492263420459
3.33850857777555
3.46198638055356
3.18402827298364
3.4610157227911
3.52039214825024
3.56887956128267
3.42782999232886
3.18018705582894
3.52593043285238
3.57884415919098
3.29960347815579
3.63080305638304
3.42589711810937
3.65889352349789
3.36266565957765
3.35591582646541
3.25054878952309
3.25651510472076
3.45732568768385
3.73980924769633
3.61658228199837
3.16450385459874
3.10655597111259
3.33111015478693
3.36749131449266
3.4158398397331
0.334634006172496
0.0363182616354544
0.0195345364960138
2.8002156321699
3.42242020735464
3.27440905691546
3.37715620796107
3.25971303269253
3.54409322420519
3.52071070511769
3.59012626890343
3.4872239739904
3.4968277790101
3.53367584538913
3.35467916095639
3.1385272227476
3.49745511054129
3.40205460201814
3.55068386278376
3.21933072870775
3.32865043244092
3.56106643290735
3.48941517557158
3.52414387867854
3.60970009109878
3.68938096576016
3.4082097734481
3.58412976339321
3.57230300272569
3.79436262218245
3.27115119690707
3.32964456852215
3.42091646384608
3.43907477399523
3.32899601571056
3.5307540422406
3.58001892764816
3.48091989001314
3.54775874903456
3.39199788725773
3.32824712242123
3.57526533967257
3.4689944185864
3.77284308003405
3.5917880440644
2.75316611590119
3.73161117120103
3.5345853521824
3.66837718920646
3.33022924249929
3.52494905796525
3.49769269881923
3.40225301287542
3.4470585547329
3.43223052285744
3.45442813307938
3.55299555057966
3.71968935851567
3.77685148455813
3.46353581978777
3.38872784370636
3.39678817731528
3.70606608373018
3.33416310965398
3.49442985428483
3.5609026273397
3.58438239441369
3.69099254002103
3.63471271835421
3.33711761964841
3.33538086151085
3.29410240438708
3.14450722222944
3.34945046321955
3.35432004093804
3.20718959853121
3.36388539904594
3.34235344891897
3.25226004004355
3.56653231856067
3.66756721253408
3.53700941150418
3.60151468204725
3.33824444966026
3.37371112448328
3.32393518940154
3.51365976334026
3.48638068091162
3.28448313549426
3.2509559820699
3.40821741897683
3.73688363292802
3.40983060383382
3.43734487993103
3.50127864457172
3.54625165063481
3.72987015317727
3.56767790837636
3.66743166546514
3.54375647583304
3.41239407632491
3.42108944867917
3.34507625673254
3.51236254001331
3.24052831700885
3.3671479576476
3.57994609923503
3.39017601955442
3.49554579951199
3.89733110976798
3.45417843553366
3.45015390097741
3.41996593781249
3.17504078356509
3.35504133893202
3.38840629357776
3.47643942653352
3.58874433114243
3.46417015179737
3.61928926522647
3.56965922002281
3.49497745117683
3.30627960538815
3.4520601667766
3.63590115087404
3.51530361239347
3.39815815007822
3.57991301400239
3.36186071070574
3.42185309456677
3.54498280429438
3.25569898382013
3.65768432888433
3.55141245938537
3.23555065500435
3.5807047200083
3.55808762612028
3.34200914927438
3.59454070935583
3.51584547347733
3.51414683324272
3.42697175988316
3.72378630141723
3.4557507497544
3.51414564120632
3.5729011995531
3.43460462817793
3.56944102248636
3.22244953920728
3.61744163042198
3.76793369800354
3.66844576438266
3.54301167561366
3.26442831081969
3.14868085121708
3.56275133245593
3.57168891840624
3.65087915371592
3.71549539162596
3.42711406116341
3.49026493470046
3.49572554930357
3.50963073292798
3.21798887540995
3.33093885915848
3.19813671372536
3.4741164378248
3.43975237097197
3.74381013600479
3.4457214986987
4.2689202656183
3.34614472789948
3.45155093789749
3.29550818968176
3.55862590723458
3.60553202300528
3.59715978494899
3.69786445955068
3.55856231627973
3.50552599606073
3.66101741393103
3.30280202844026
3.50845782339048
3.42666825078936
3.21133750027539
3.14907316605923
3.3959823559918
3.28751576240893
3.46836268721404
3.38699151678685
3.8614816230899
3.36864494535248
3.53075789228912
3.48167928772301
3.55629895997068
3.4214571744222
3.70596739225413
3.67541979887768
3.43999187295278
3.48490331665658
3.25696299619135
3.22570307682562
3.60982268357499
3.52294218082778
3.32789580877781
3.44721743076543
3.55585579763504
3.74866301211629
3.60136118593918
3.28660632331038
3.29784447115603
3.68616375399712
3.4840782624529
3.37926586993724
3.46010056255904
3.84561772036243
3.57463651392128
2.44909519872472
3.23648337336328
3.40356273243517
3.41505090421645
3.61936989418366
3.42156504216116
3.52803495590813
3.17165853340318
3.75965719177263
2.32581591683525
3.555892589555
3.49245027944985
3.50179388886732
3.29007082009902
3.3094651266035
3.58486993493347
3.40923348332399
3.66159505074165
3.32939321034085
3.52273783484692
3.27762445277258
3.17078277486177
3.2351346049908
3.31664211374624
3.38633493663569
3.43902032359523
3.57323968917534
3.49000461597793
3.30831303441103
3.584244797518
3.58501322696181
3.84752888053186
3.68460732215622
3.27857767933014
3.48717267013543
3.35149318967188
3.25896234015458
3.64028580204793
3.26419426238737
3.05629614405124
3.72317398705805
3.53498459462449
3.65046222977752
3.35958809307045
3.40862729444335
3.23282277112888
3.49185430016492
3.3944567192933
3.36375482669879
3.4539407786564
3.25671320690991
3.44696380356841
3.57643797111534
3.68347354968541
3.44665436776939
3.63500101828535
3.34604865932067
3.22484193552388
3.50172846661446
3.60000250357992
3.28058543086515
3.50548277807768
3.44791011770961
3.67915759914463
3.63458883577332
3.52836938073768
3.46806023836772
3.55465129731505
3.62946630580966
3.67412688621631
3.56622273058755
3.54072453975465
3.55369672822957
3.41163350599982
3.58885412145518
3.64084522602792
3.5879564014986
3.60478223136478
3.52459928494833
3.68439401950368
3.16539897130289
3.43681289668607
3.66247981430682
3.4370634312514
3.42629614484624
3.77431988244125
3.73125330394778
3.69470859238835
3.51510291993042
3.33850351267205
3.45062227566306
3.62077913432952
3.59554569426155
3.53447368366758
3.85205466984026
3.47050661513938
3.48430788327496
3.56488845860746
3.39655626317524
3.39907302781237
3.61027375446904
3.8077667529467
3.62646988433759
3.6650848558032
3.56279027266642
3.40945171484487
3.34504340573699
3.2077994507217
3.48987621579158
3.3297294235957
3.29227385206055
3.28496807837421
3.45712099905206
3.72700297530367
3.50367143441418
3.5281882475449
3.5987971492125
3.22900110545056
3.30931498379401
3.48794870476821
3.22141372744579
3.51158356056625
3.56288053909815
3.00693852349891
3.39124412573912
3.39508091027171
3.28393731784204
3.47181795267422
3.59403023328065
3.62079579252468
3.25799093018173
3.45809569014136
3.38720205406804
3.27093605571375
2.9033428676843
3.35878252764915
3.45358040542763
3.65548916899106
3.54930331602805
3.3226138570768
3.09119067924838
3.6591435091414
3.48849459985691
3.33375311022428
3.45132253681146
3.42057372797938
3.51010360251961
3.51936984474885
3.55182448574601
3.81450274056094
3.63535849087294
3.53471431417096
3.73160797186692
3.37808687080716
3.41075562497145
3.56367827879206
3.18905856950565
3.62299712747216
3.55047240890915
3.51937651210072
3.62473118258546
3.77265646653832
3.75283656993853
3.54486556278335
3.24193513871098
3.35233873907279
3.77565260876045
3.50566462115893
3.38735519371532
3.32683603479688
3.29475744752523
2.94456921015992
2.79891804387659
3.48187420170019
3.00170398060825
3.55217526810283
3.38186890122551
3.03464391428577
3.17523020475806
3.43759603365538
3.43662936149973
3.82375098384735
3.40391325669397
3.47583009175904
3.55255373544267
3.42547624725648
3.42012236162586
3.63409193629055
3.53610941684051
3.30235114539778
3.23467398578573
3.65353782764884
3.64144228254285
3.2812431560799
3.34349481291114
3.42518958559219
3.50354307681712
3.72149989837691
3.68512937663436
3.41531466049514
3.5799391614838
3.29512403970323
3.66726652777199
3.43265753473325
3.45841118588909
3.451025047099
3.38969364773579
3.61297013282631
3.8896150821921
3.45410318772204
3.33037012851708
3.4676623751154
3.3249323135501
3.89618512261731
3.54898626461135
3.55381475219123
3.5859855270948
3.40512244441389
3.15448050778976
3.56413783170939
3.28660727957036
3.49965023804726
3.60742720516515
3.56938490970506
3.72914982402858
3.62942960235728
3.593907858646
3.79598105408105
3.4432093799127
3.61387225279689
3.59347928069399
3.71508619354643
3.51220327585029
3.53817818639187
3.65456671889576
3.60026684513531
3.79896988279591
3.85795376061064
3.80409769533963
3.62952072695538
3.51685417242682
3.59703443795916
3.59516192400354
3.69991341276421
3.50713708367153
3.45372790755555
2.80439112708467
3.58354052068223
3.62941434616206
3.82165679007873
3.72928170324952
3.85116813947388
3.60479627935088
2.99052222825918
3.34607122054822
2.31333825910644
3.17522804462795
3.48893018505426
3.47322848702718
3.54363417251738
3.7442514983853
3.40765826431425
3.47227160829808
3.57903193113677
3.42023333967885
3.3855323831594
3.34611488193721
3.69638482714914
3.37825348723939
3.34587431649403
3.819263662327
3.47458354758674
3.53556717533755
3.41904577869309
3.56885993328542
3.39988652032136
3.55433015664924
3.63830194058465
3.56262131654217
3.51948803287557
3.74272951310854
3.67561454490444
3.49485077084698
3.56166147358074
3.72579764454566
3.09791663721462
3.55243485393097
3.17714766881966
3.57120746588881
3.31092491859493
3.74163112769511
3.47207440816618
3.76319312206478
3.84382883060426
3.78587417954875
3.6022255658822
3.59925585151275
3.43017806428001
3.34859695129124
3.64068741603692
3.62237863915074
3.70300147311461
3.3556664150029
3.3968445163508
3.73833931148622
3.82766903092394
3.87317408902715
3.36881848644943
3.07982848388509
3.44824105279052
3.46649059905335
3.38341373191708
3.46185839373014
3.65540331992888
3.30492819486844
3.77689227747516
3.43491968269666
3.89805211939955
3.47892669836402
3.60618752848692
3.24636751177173
3.51887322245212
3.74653398758997
3.7156845954623
3.61394299350008
3.46024689053866
3.53463267182237
3.37959718164095
3.53423928494478
3.19191568548365
3.35564399180049
3.31892391980037
3.71008396433273
3.49497592588884
3.64981368985758
3.2675254888475
3.46681092349569
3.26144662992447
4.07389867759344
3.51559170878647
3.37511214606261
3.73051089887733
3.60689229070542
3.29817826934473
3.54297803672474
3.53170693782585
3.45847902323319
3.1419733069332
3.48288119487756
3.5066072150881
3.46484294411774
3.54339345064971
3.51964705728483
3.2554590002866
3.46861886569407
3.34721023837992
3.80437750469345
3.81988052102152
3.60001763442365
3.62060822194042
3.62273631622696
3.1677387059572
3.5088967040964
3.20610602502042
3.22109067567027
3.36760409583692
3.39019962556426
3.45591621875835
3.16273704690447
3.45893989028388
3.54926030019829
3.39890746126867
3.31524735710858
3.46274574576817
3.47532721577891
3.19721027614131
3.44304137881349
3.4792181411302
3.38654083553754
3.69064809391728
3.82921380391356
3.92234499317061
3.65167291300909
3.29148611732451
2.97766499431207
3.55984454995096
3.44159217234214
3.32338546776795
3.74029572200806
3.81640008826924
4.03559093773183
3.77236177927169
3.49174198781869
3.72379698316703
3.27337618899475
3.68154177788136
3.66468312425587
3.36767880312537
3.62686527703091
3.66859907249818
3.57683678916447
3.48440580801221
3.32474064075448
3.44896719773983
3.52878249174949
3.4529863434405
3.46932908623156
3.40518731216568
3.45821050829998
3.47771037368955
3.6107947055053
3.35527059653967
3.15493604814507
3.51541123272978
3.43214371735943
3.54699757061644
3.34115534769714
3.08158591158601
3.24753299763882
3.23559973530045
3.36229409538819
3.52305862069378
3.47433820301046
3.4160397339474
3.42082324698704
3.51139606623392
3.48498924790803
3.69553298103292
3.42636882139376
3.26532741519607
3.58128814867803
3.62354436993565
3.51455930567723
3.04891310010912
3.34862935398482
3.41580121353776
3.35540665540798
3.71334752468291
3.67745318786671
3.78140262785484
3.62311161005303
3.64110432440615
3.58474397331346
3.35989711156251
3.30803822064071
3.39306791219906
3.01162429944291
2.87950243242614
3.47984086596437
3.65418137069511
3.69203621166405
3.6346688792167
3.49436442572757
3.40408846990749
3.48013755024201
3.59256450363368
3.43339313398447
3.59742551470027
3.57712617491649
3.56154066528835
3.52727903292922
3.76182336677851
3.52428506503149
3.32705806097165
3.64794523022696
3.36442930780596
3.6290072896234
3.87239361787535
3.23860205457348
3.55599902074526
3.54028216391144
3.4126107292948
3.5396414766218
3.56485441395512
3.39481506407427
3.48394394768125
3.3989388583549
3.26111934900007
3.56790321868888
3.71673900808224
3.69085626564452
3.5237453649312
3.6741719210231
4.00615243244374
3.54733870591021
3.63010866688093
3.55302883890075
3.39046333149007
3.84496232205337
3.80602547883334
3.40350969665905
3.49390093004007
3.51396542334923
3.5315756632075
3.99393483534417
3.62110215424497
3.48471199250111
3.48052802570894
3.5657607984335
3.63117678654231
3.44147910613648
3.35842189257801
3.66710324960089
3.53038057188386
3.51320484674069
3.38718124074127
3.54405548992994
3.48090886092389
3.49597120751482
3.07995017421418
3.33342312982679
3.39761694238099
3.66732664973831
3.61490237787425
3.40212637702963
3.49814690945949
3.65751608494972
3.30974753021827
3.33181129012985
3.56912129430417
3.36872696195101
3.18557235068603
3.45233128415537
3.40698657168261
3.71583893499366
3.40622295654725
3.39776579442864
3.43911359948322
3.38662979555757
3.34257006296192
3.53302236867907
3.23982810139932
3.45589734110651
3.51671024746613
3.43339397377366
3.65354056265826
3.49911845116516
3.48790007410674
3.49651356337502
3.32352065974385
3.42527240325349
3.54084608015431
3.4654670814961
3.32746177152917
3.50599607910257
3.27043867215182
3.4095914234203
3.40548117651187
3.17005126896464
3.3590911399383
3.456887762821
3.5767644891695
3.54906209212609
3.48227937077207
3.43348329701234
3.29543061948607
3.29642775590625
3.50874961899673
3.42941384365106
3.64164580780381
3.49071426254362
3.43650568190865
3.51005972211678
3.51370912408762
3.34907155338611
3.61858498013091
3.40926271361793
3.62951881199051
3.77874295977355
3.46641560583938
3.61453372720463
3.6269052977683
3.64793264705511
3.42520424127438
3.53661802907604
3.44174045682762
3.66169603929025
3.46964738541308
3.73186956348603
3.52767962542763
3.56854563079814
3.76791822337653
3.82503361056028
3.58198314176332
3.58904017817319
3.26087584740421
3.33286828645245
3.46713709958143
3.21818764614138
3.25792327240255
3.14873529317
2.94418936076259
3.48958004396086
3.17254812333272
3.26168934917813
3.48249073843533
3.38266215412198
3.38542254008746
3.40712074464396
3.48393633182915
3.39205656365488
3.4043108193837
3.53555029506026
3.27222160327726
3.50068400661131
3.34531830494453
3.24924886973882
3.73910602479633
3.41126184854605
3.2292754293785
3.42593020629473
3.60850212309621
3.56442029615386
3.42298045608899
3.4446033417281
3.38657449166642
3.30257435386333
3.18272336632842
3.54670574853414
3.47352084863775
3.38189352298644
3.64809181971653
3.51700762835499
3.48575824488958
3.53996837540861
3.28561580863228
3.50082077729551
3.19568602469252
3.53659878854343
3.42187969845608
3.66780679776465
3.52740649764345
3.62206074524273
3.48304408513412
3.61342590741018
3.63172430165579
3.2589183013291
3.09558914314201
3.46858402477848
3.65080293978016
3.66330646205565
3.59354654655861
3.59724351383964
3.29651740360453
3.5120597423803
3.44215463304345
3.68500699424958
3.57335408193223
3.12541900583134
3.60191519530375
3.4749698873618
3.33709431421443
3.55383166024241
3.55636175932335
3.6026536200361
3.42031159028631
3.4800060398007
3.53622854995032
3.2934230803304
3.74790299505996
3.28873798202326
3.4870760259767
3.77304044865968
3.47064576715785
3.11443435017638
3.85035761726547
3.65319660027831
3.466404078983
3.32851320736446
3.3031778881802
3.37820436857614
3.48800300997788
3.69509411188975
3.5961470187181
3.54228607792047
3.56877516120073
3.76598134975767
3.70926452334122
3.45360936332864
3.67450921728578
3.40995445819691
3.33211556696392
3.84150017305041
3.62674252210816
3.64379073442242
3.64625612982065
3.47770537721465
3.46582961692412
3.09056444198869
2.72385476179525
3.64124707106404
3.60164807671466
3.61298631194987
3.58689533336107
3.53440700287796
3.57562360334624
3.11981473273681
3.28615220308182
3.23711676375997
3.51834771496814
3.55597544521749
3.53945219233052
3.45469989650874
3.58579872783385
3.45920949692854
3.6918598249205
3.6346761602079
3.70079582540663
3.779442834148
3.67565693758969
3.44570847165696
3.5576357090692
3.60848887241149
3.64821398975276
3.48128362042823
3.62856526982484
3.80736297187466
3.60434868896197
3.6068382698772
3.51018778648819
3.35307422955305
3.78405636460134
3.75450909494336
3.94379130859591
3.72867099009371
3.374836361118
3.53409149907498
3.41625997922473
3.34478221127366
3.54747050938208
3.65390064087729
3.30576363946204
3.35656917856387
3.2302727846328
3.56364953203727
3.13423469371805
3.52031832126243
3.05958482522904
3.55230306684009
3.31603517671716
3.24258958366619
3.3968415693882
3.42671438163131
3.2282395752124
3.62994699835997
3.76737299364621
3.47598322761001
3.40666851443133
3.26994412956564
3.50509270313229
3.57151003813663
3.55553141670535
3.5013774904959
3.53064012612669
3.54973960626822
3.69337597413115
3.74516902239697
3.36037560026924
3.55281596268256
3.47392475451114
3.12097595583176
3.15504687428077
3.4715219995686
3.44523648230811
3.4333174137897
3.41591513357715
3.59910343672678
3.61669778467137
3.62960519134247
3.56619279354989
3.51868524420187
3.68271756915814
3.50628812624053
3.33688109074765
3.37593866723947
3.4943847117369
3.23084733233188
3.60022495848702
3.51527449829178
3.39684774788223
3.65652116262583
3.73986950749077
3.64649477839215
3.52828089904439
3.64943807957222
3.90361666470759
3.63068573956143
3.54551487259438
3.59170688498323
3.69863426170775
3.49159735758528
3.50696909643801
3.60565205514017
3.61781786392561
3.59598601308307
3.52569678182733
3.17844597102874
3.36627129001123
3.45031781071732
3.30993517761089
3.40808547950611
3.58082232845335
3.46292462529843
3.55513790103995
3.54555392845763
3.43108869913113
