6.13232785394836
4.95930697893922
4.86502715086213
4.95013534499881
4.90870149785424
4.92929231536495
4.88405003403366
4.76426051391512
4.86884413054624
4.87463070374093
4.80229053260166
4.83158154333412
4.85518420118046
4.77352352055991
4.90847811809171
4.83119604097949
4.90186171063823
4.90585171420692
4.87171120220249
4.80103006207048
4.70702793789925
4.88137454877095
4.90906111114395
4.92967374802388
4.84005322858032
4.85073468244131
4.89497559337553
4.81930881297269
4.88958268535734
4.90061217088392
4.7899524382775
4.81859120116939
4.95417307744362
4.85801755377422
4.95180353750197
4.95602855453111
4.86214381969742
4.86855339517206
4.97211842317938
4.95708762248871
4.83939575202409
4.83653972223748
4.8796517227575
5.03774644897614
4.90869097610401
4.98476311592759
4.90687484449406
4.94793095870676
4.87189200397859
4.94308986690403
4.8805017367704
4.92716833609917
4.8787380530797
5.0124993329845
4.97208010187672
4.96186944239894
5.00888399326748
5.04272986710224
5.05696546165967
5.04196763787598
4.9831906350465
5.1462477319762
5.15935752817338
5.39429791055835
5.9162131545775
3.65024138852717
11.0354232632213
4.50053833688336
10.0745897669625
3.48219528748653
10.5445103567266
