17.9270210743173
18.3181732639763
17.5511624968053
16.8874941034723
17.1398657238247
17.3444109969398
17.5770837602691
16.979681589047
17.1687757949912
16.4532358525146
16.7393526599202
16.8292743118936
16.4423837805694
16.8604711846573
16.6077872005705
17.1234138405283
16.5359605448715
16.2314696347332
16.5170123731451
16.065321002296
16.027469550457
15.5778381207926
15.3401496506876
14.7889581703596
15.7228655850237
14.4488519191583
16.8645070826393
16.3095054447923
15.5472326760499
16.9909679324557
15.7029793970428
16.9752014232367
16.0333825611238
15.3320517523982
15.5613663467317
17.7415715388992
15.798448017
15.1281702748472
16.8650749978836
13.8303453919487
14.3210487662002
15.8540861254738
16.1861849342952
15.0057234401917
17.5623092292662
14.9013858322488
14.8549964049766
15.6984182436783
18.8106190104764
13.1989938378988
18.7511752348272
15.840951166309
15.8339698724922
13.5426984039249
14.0894387348503
8.61118930347157
10.3580767381867
17.6486987671804
13.6676417463198
