6.2417141812902
6.14962724553715
6.11564993286604
6.11568995214575
6.06601770649519
6.06320344596663
6.08956712773019
6.0994865410799
6.04802437121735
6.04638982744039
6.01161667327058
6.02228557255742
6.03391005084102
5.98711104183495
6.0212432449964
6.00691778873852
6.04338826995691
5.99434387424791
5.98503753423657
6.01837389933296
5.96421521507028
5.96871456938282
5.99959335761714
5.9294555331208
5.9142998794669
5.93796547622765
5.92561023812668
5.98241528090701
6.00306289367386
5.90469244890173
6.04334644466575
5.95622412497549
6.03805489009824
5.99597070473666
5.9115471780242
5.93202040797508
5.94953076340253
6.01838148907813
5.89440830899575
5.97735626977692
5.75463090198494
5.78929441257255
5.98311984729363
5.98534704054812
5.83759130359755
6.04641429606501
5.82479634600272
5.92524702239114
6.00064922212916
5.9927223908486
5.79804536919598
5.87043420982987
6.08564067283667
6.04448320260221
5.78761813009662
6.01290992649492
5.55715251408861
6.13478082824047
6.20739538126861
