8.14533345156465
5.69142561735026
5.54485746220826
5.41389179110687
5.45446121800213
5.80664055270697
6.22110403623483
6.17050432256688
5.74027987748628
5.91464681363707
5.46047110900131
6.03281638921699
5.71919722800247
6.21912140166069
6.27949610814458
6.32592365989241
6.15973636474584
6.03818740250984
5.9386267317593
5.75286277283894
6.03065842779066
6.16959895600823
6.258794365416
6.39211534516229
6.29791547573929
6.2868138765539
5.89535412443852
5.8450115991672
6.21525851694134
6.29255844676405
6.04758005767008
5.86693318083868
6.04487153782376
6.24860704738689
6.20772081239372
5.76220358622889
6.07142246584944
6.25904467365518
5.97248010782724
5.86427086508012
6.27328563254935
5.91208865131046
6.1179051425802
5.69288976001321
5.91470863664629
5.89244553222879
6.01346068427583
5.77283965733799
5.6644478782339
5.86514447205936
5.67203411576322
5.97440639486712
5.85290430792358
6.05840774274952
6.24340734872079
6.26844259567897
6.14281699290828
6.3491200302345
6.43615620755896
6.22032726906097
6.29023522363791
6.38327868421411
6.03354654908205
6.17827475179142
6.20630299827729
6.23335269565663
6.30610961481502
6.06987094595404
6.3277520224548
6.22388104844916
6.2127668877023
6.2589213035498
6.1160109466363
6.17433405867175
6.05416445158519
5.7920132421113
5.7548689165013
6.09570541566724
6.15875272817497
6.24934745229506
6.04468887625562
6.19581061864877
6.23348698100393
6.27505817771651
5.90919066816208
3.48318179486694
5.71783454254123
6.09220839898617
5.92533323397194
6.25508812982422
6.31683864918088
6.3319340139812
6.27750052658695
6.35639592608958
6.37545459060956
6.34590369828686
6.38083903267945
6.3684139073893
6.05548504059862
6.0277875540866
5.9496807650661
6.22553023805379
6.321823206629
6.38656503533826
6.41636755790204
6.43207515147089
6.34574079841789
6.2699107845415
6.0800824299862
5.98497045365769
5.93967948861255
5.96543857854393
5.78071745107943
5.83045522733125
6.013692973602
6.20172025137227
6.27497636471427
6.20956141323903
6.0695810149446
6.27759935394589
6.27432136314102
6.33892202771435
6.20486409847248
6.35178919626628
6.26697270729982
5.66576438678646
6.00224578813648
5.30081025740022
5.92121031635113
6.01639955933245
6.12645106704346
6.03347635223848
6.24999741646769
6.39019622497234
6.41751043203726
5.39379127279409
5.98907407684447
5.56774700656696
6.21622400826193
6.02093150399963
5.43531812191284
5.76977023656359
6.18864547093172
6.10362613458643
6.31609757408364
6.32158211699097
5.86800445400759
6.09455508743625
6.04132872523717
6.00419660938874
6.25922804783584
6.22911093535815
6.14301608339291
6.31747202575314
5.82670459779811
5.40584579580433
5.80794580878143
6.02880639050578
5.25327179406753
6.0298899910586
5.64136465484606
5.89443054973007
6.19763597805528
6.31492992121137
6.43385654274997
6.20539740767097
6.28422440520753
6.20225384448889
6.32733039495519
6.3681110649389
6.37639807981957
6.38456404495648
6.00140417337659
6.10767683290339
5.92973981026663
6.15006319346046
6.26880457396769
6.24790592087748
6.19958155991449
6.36525300751318
6.3874964991223
6.41646568182761
6.2315563376782
6.27031147099323
6.29775121297875
6.24694422794538
6.33219286544497
5.74927941210075
6.06606829590672
5.95997255154518
6.03778321550613
6.26642520991052
5.90908322041317
6.09221641529555
5.11528886416252
6.2044481870876
6.16235872811524
6.04677196520168
6.02129807568259
6.13469540326517
6.26090928525042
6.1368463247765
6.26288500580037
6.22446753766094
6.39803743757753
5.44751351177376
6.03342318877608
6.206242554888
6.26995759508502
6.00409259719508
6.25138803010874
6.05457424369645
6.26527937748448
6.18650689565605
6.01465861547731
6.19042671112684
6.1412408463805
6.25603435181254
6.28830911869293
5.58414034005453
6.11501017321476
6.10233380510001
6.3257271140055
6.08878444712829
6.05059494369211
6.10067104435277
6.06913868328764
6.10264308550606
5.99862547698979
5.92177479024125
6.18326555691542
6.33495672290613
6.3471397369114
6.01911595135588
5.81557010157196
6.09162639462906
5.88344747899839
5.99491086230256
6.26096335312653
6.19660811009037
6.32441169662722
6.31181530478867
5.97664210761509
5.86374938496874
6.07385758172634
6.31274070559262
6.2599519838004
6.14789301202498
6.24150099458648
5.59660143715259
5.95909861185552
5.63138668949462
5.96679078150088
6.10782357700686
6.22873323109997
6.32487701723851
6.27521519360659
6.23867844082665
6.2523441267646
6.10484684445085
6.2739986223936
6.15737747189527
5.78687612907949
6.00415603184583
6.23176289075856
5.95218933594614
5.92588707098086
6.08939971593789
6.15019732410523
6.22747630364579
6.05972117381963
6.29553190229808
6.33428566964785
6.2404953420048
6.35965175167399
6.2187354637756
6.22165566823068
6.06564668367516
6.21620794240965
5.47653729164105
5.97335454318202
5.62353599366847
5.84136878062567
5.68441943430328
6.14391109699205
6.18016065163543
6.12953630076949
6.303326759492
6.15253070099036
6.20322883020176
6.08973478147845
6.06024376722374
6.35287274900648
6.38428808200135
6.40525842366738
6.32601913651102
5.78454801230502
5.98484433707666
6.10236753206658
5.95982040868851
6.09112118654588
6.02560266011814
5.9355976652439
6.2001630765237
6.02444006320137
5.97405531783225
6.23655809916508
5.85037677971225
5.85458076592535
6.16005341085843
6.41178425112094
5.9141256326408
6.12205543410487
5.91010274489075
6.20068076062873
6.27637816755532
6.06918451300541
6.30510551929312
6.35815187528907
6.36778875664525
6.27486484839922
6.32941681797236
6.24345663087863
6.12809558528499
6.31418166823107
6.31554171671949
6.15605500528562
6.33714693642069
6.23506401230773
6.26395722610998
6.21698419555901
5.68979416103017
5.99849198721466
6.06027644769841
6.20106220447443
6.03310068849518
6.23836121206089
6.24663785614171
6.31941983713542
6.23084681661293
6.19361957239481
6.21896475895001
6.323681533547
6.31017434152797
6.42317549712265
6.35296422624978
6.34655354266975
4.98382744998279
6.10527487656373
6.30953404688138
5.97544710772929
6.09912219864855
6.25888994978239
6.29673154015302
6.26108771574706
6.28360194578841
6.30006950435482
6.22705375208394
6.31775910651998
6.29268139177088
6.20919162340502
6.02280695231276
6.31447131587625
6.29852479426536
6.13127590457901
5.71038714376296
5.74256673641874
5.89209795874043
6.05706362760189
6.02078731555795
6.29821655189476
6.14793463671844
6.09745889058905
5.74863488219919
6.09584539210434
5.68450854953704
6.15592677953643
6.2301260019119
6.01732774052075
6.21815458879513
5.84508585834683
6.04321606704955
6.14176270886924
6.24076946306273
6.19555726018229
5.8753567237117
6.01922382721954
5.77389654239039
6.06484417510172
5.99318159749803
6.09575319488308
5.96433784121921
6.09846872357806
6.13180702116251
6.27660909412297
6.268353274869
6.28212416723546
5.93225910241308
6.16856936024603
6.30952909030387
6.26672585965592
6.35638712085175
5.8124499086577
6.0290987098986
6.20933007353151
5.86917751529755
6.05509898000876
6.22367132170058
6.14488240383557
6.04258235687031
6.27535953145633
6.33482344779231
5.87735034073812
6.21197255858023
6.05154497768804
6.14731190340307
6.26719463726536
5.73117524808227
5.65549391011351
5.4944055550972
5.90223208146639
6.06232489551611
5.9223511359701
6.19249322202016
6.26485400399289
6.37513542771183
6.39827332194717
6.42500024412351
6.14608032664016
6.29960696019942
5.99008222997789
6.29526406687919
6.32761634684316
6.39349167213813
6.35105617126997
6.44316080502992
6.29459825959196
5.62967193245872
6.30026827618112
6.15854489903437
6.28282612823686
6.29725810079456
6.3287416742555
6.09407452405507
6.2557167185562
6.12771071776561
6.10057329923594
6.15427518686813
5.80702060067463
6.27124581711035
6.07085376350328
6.1536872452255
6.29836790352142
6.33660116259428
6.26582873830494
6.14220121945434
6.17764562629297
6.06600299644162
6.08300490507265
5.75892421353492
6.22083577866335
5.77033680004034
6.27282796127632
6.32687154762392
6.31163020615134
6.21024746033237
5.79727584201491
6.29552495100454
6.19724934734327
5.91554817488619
6.12087069450825
6.05546746251671
5.54879193420665
6.03028625491767
6.03939973717503
5.96384315900685
6.20678306419251
5.95890097430985
5.97589286201585
6.04669530681347
5.98738194028994
5.71053283300613
6.07673594152133
5.97006149575457
6.12085786732104
6.22805949052222
6.23312952129813
6.02738085346117
5.92038723147408
6.08381943736203
6.26401048929247
6.32904935904576
5.85421832350852
6.15069676047991
6.19910364003359
5.84428039758035
5.94798695345763
6.05105472849792
5.66440701315443
5.87734116016426
6.04332645251635
6.26596073544896
6.15083137219331
6.12000628332559
6.23751803611878
5.98690722124027
5.8823054226323
6.1979979057889
6.11030375067761
5.89421919492031
6.04663362423542
6.15578140752424
5.92162972216583
5.95079580819229
5.81024095999977
5.94323117074157
6.08366353650552
6.0265141515947
5.72994295128013
6.17084410539292
6.11377675956009
6.29025091850329
6.28640997709222
6.36487769331946
6.39005287509302
6.43288739477063
6.19590843344792
6.16620110018866
6.26385510999671
6.25141177647507
6.14514333755862
6.07736390256251
5.98961213047548
5.52877338676819
6.02492562040359
6.32290009168996
6.32694137013233
6.36271175276693
6.3990469529189
5.97723574982973
5.90461499328593
5.95370793501786
6.25126537148955
6.26386276401947
6.31019826438452
5.85239514857836
5.94010502019298
6.20805521995453
6.01584837620892
6.23343833234643
6.1924515308181
6.29901554551982
6.34358904123455
6.38941249445956
6.24113918184981
6.40546464287466
6.29298460624718
6.17638428539942
6.34090887607611
6.22711136536936
5.77485805361953
6.05507240140713
6.02193109216647
5.74082314689999
5.9022356700695
6.24547072511812
6.27039402901814
5.65140056765741
6.0747587535903
6.26850834465697
5.89612004487242
6.14622281914401
6.16780591457869
6.14530137057022
5.6902812125508
5.92248415587062
6.10373727416529
6.1463605218763
6.26007303070102
6.21773131995853
6.24772896727495
6.34738156294026
6.32043465464899
6.35176209641603
6.11848948207237
6.30962468544797
6.33939479428112
6.37864228362208
6.03685826901896
6.17029261559128
6.27196677073502
6.34479155992538
6.30273997155907
6.40779043308931
6.10407570560379
6.00595104947279
6.08224945422006
6.03286427065507
6.06114217503639
6.26306268154194
6.00001416489363
6.06768760885075
6.10588950428172
6.11980524645809
5.84304304822559
5.9109688399293
5.35605140981821
5.98368691886343
6.26005136656995
6.10176459989334
6.0292069703212
5.5943184355898
6.02588498609149
6.31022696537781
6.23383106394015
6.16104209215403
6.3124252362617
6.34711597855891
6.25034511098388
6.1421760198151
6.28129425360419
6.31637553133127
6.05966023056084
5.87151821703575
6.19513877733112
5.96590044953846
6.21819583829972
6.27339291440262
6.30219924620788
6.33230101030522
6.20252197235051
6.03079642184346
6.32001685651862
6.13079751746589
6.01178237294288
6.28128825775947
6.15912065129136
6.12127204903275
6.3331442665178
6.18764903093748
5.46582884671649
5.78020118823978
6.21078071886978
6.14390831720233
5.96554323776725
6.13388393286173
6.25117756813101
6.24211471315856
6.3632877494731
6.25299507111022
6.28221815078069
6.0946779682095
6.27139678713229
6.08911395215218
6.18215222694081
5.99429314810655
6.03963585467887
6.15087809911169
6.23680103442701
6.29783455947043
6.35124271864048
6.25349011912811
6.22142656259562
6.30833293448784
5.87750469166056
6.23817062584784
6.25559443654876
6.20927065401567
6.14151632483422
6.31165297081637
6.38127904329813
5.82612664991687
5.95150724724949
6.15337179411357
5.84560907569814
5.21068043124936
5.93212211999511
5.94960667277582
5.91296831820532
6.12219990043953
6.26619827948961
6.3702985270751
6.39078428106195
6.26390573617413
6.03434785143253
6.25453198790985
6.1883737430687
6.05058526794391
6.22491140460651
5.79960141656938
5.9162352096473
6.19494896272627
6.05461125094324
6.13952062458923
5.85942491911335
6.20541503238964
6.22806594745675
6.10718461664261
6.18930582775263
5.53313270900577
5.67408265837631
6.13342232083848
6.1986733345861
5.93259848114493
6.15400077559714
5.98916227116118
6.05643292600838
6.26361423794164
6.00088169893009
5.81821551357693
5.9479232770887
5.26696001153076
5.9070816424191
5.77378466076682
5.11759703129729
5.75237658118763
5.44288094863839
5.83533046099804
5.92116428226134
5.8534354810891
6.07748358543803
5.98691467661017
6.16074998784458
5.6885719561394
6.03841550749874
5.86530572930156
5.98308685582188
5.99833194521026
5.96742056865928
6.02761160204493
6.10310913858381
5.84485540806292
6.16237074445035
6.06694188258908
6.25441689973592
6.13994479113367
6.05818010018819
6.24148946269347
6.26407168661947
6.30057370324161
5.94003910583485
5.92971767615141
6.04193029844946
5.90138499693647
5.02472518128092
6.04460831201037
6.2769435346452
5.89711756606144
6.262744133999
5.42265440932511
6.04219226703814
6.26911352188446
6.36169598298109
6.34843404827515
6.38893831373835
6.11734219465714
6.25888081674302
6.19396046583831
6.28156567427698
5.64811843405443
5.85538899958676
6.06999794916623
6.23293512480639
6.02176917721369
6.07295851541405
6.23506385153127
6.14631998615831
5.89222982324522
6.21047488040509
6.16661254241321
6.02092596230405
5.74434630779587
6.05592700634785
5.76289835626544
6.09129350546818
5.85820312311338
6.2979920219283
6.28057657963802
6.33685013145546
6.30582703642163
6.37841372173883
6.26870140336508
6.04715515582503
6.22435950217167
6.13796974199241
6.0822421650361
6.00663544083161
6.22460545623504
6.02296155269145
5.87400784845854
6.1928336957263
6.26963664597191
6.32312954642818
6.04383832212212
5.84618098910818
6.16035109663589
6.21620146545811
5.92600704336104
5.98484903269517
6.055524651898
6.31966635614325
6.43009630135853
6.30475061504421
5.991680722234
6.09203558220522
6.23259042420234
6.1283314965741
6.05811558388213
6.16935135225556
6.12788594057636
6.12202600280912
6.05402133898678
5.99966229070471
6.23739130073969
6.33684149008853
5.99075315109051
5.80285176907555
5.8717255816863
5.91161723974172
6.05593891048206
5.85366009743651
6.00320831779111
6.05150090441292
5.43929258899171
5.59851163943532
5.96304723729533
6.05929778631601
6.21751049677221
6.41354821207106
6.17465682497827
6.38110335532109
6.37014803119389
5.7817173393157
5.9897963448461
5.78340846865045
5.79154322849395
6.04566215652965
6.0680632274902
6.26624862202179
5.60284915084617
5.91603588543804
5.64600564356245
6.01211953112554
5.8453935978829
5.87690651725878
5.92486070580557
6.22116552561909
6.26217879583023
6.04294811721101
6.21671223489201
6.20525198765861
5.95027860195785
6.13770554399028
6.16185824705654
5.68628077421791
6.1017881003013
6.05751647788497
6.16379533874145
6.18832236156885
6.35564263375136
6.29330953316481
6.23949910494351
5.71450533369338
5.97787460206753
6.232886915301
5.93485960456812
6.09905507035905
6.22848139266751
5.8661892951463
6.12985324348033
6.02702187776685
6.01593689390951
6.19981743202639
6.03970373750654
6.20664677571983
6.15248824840438
6.04867313143876
6.1420271319384
6.25173519487156
5.90757917417262
6.10613130309325
6.14536476453651
5.92150357795716
5.70451818109732
5.87683649829917
6.07599096919374
6.12420824456876
5.8550492511474
6.13993894548392
6.0178274629205
5.96234804225723
5.91451278610679
6.13380281342489
6.16480217809002
6.3020806410382
6.33009840276392
6.35209667314571
6.18432969840402
6.30125505429948
6.34443310745226
6.39510456746306
6.31800771610539
6.10703204191431
6.12226477353245
6.21786481368042
6.0274634345111
5.80783701952703
5.92461861444826
6.15091568148171
6.22084140461168
6.05158129914632
5.79891356164361
6.16407649784725
6.25634072519172
5.8849298391907
6.19187946816854
6.18396155650631
6.26060763411245
6.25844665709366
6.05684803353806
6.31510293524904
6.38086426966671
6.33778669484437
5.84866948304619
5.88904871033809
6.00168941580267
5.99226836552226
6.19668943989335
6.14178048046204
6.12013303875458
6.13917208455026
6.03750619873544
6.05738430374194
5.75259553616246
6.23916973949459
6.25039067149943
6.23186967276358
6.01117373431257
5.85738569660853
5.93887678854148
5.7309606245893
6.02289075951285
6.21269444282921
5.84903941805371
6.05425296587007
6.21060351962586
6.18009656048372
6.25350997182885
5.97996505468203
6.04899283913614
5.75685256004145
5.98295718279005
6.03972588838694
6.02267202253366
6.23103316600501
6.2739548169776
6.38581162685409
6.22466944077183
6.38848586737335
6.29928822477809
6.39110595826188
6.32544519257219
6.34413280938609
5.99686474913602
6.215960266231
6.2607980969114
6.40526015642756
5.84182513166579
6.12557108418697
6.33793189457384
6.12428323977011
5.8327145213304
5.99819884221738
5.71851583249914
5.90336624428468
5.84980825606812
6.17750852757213
6.30781029490423
6.12901050105643
6.35254549811774
6.23597774601439
5.87109210327769
5.92285571916131
5.89430122911546
6.14671869959604
5.89260170813388
6.09157063548313
6.09371526837736
6.18100816118225
6.20501257162658
5.47229662455039
6.03363231774591
5.94035237329336
6.13632605619657
6.32944200156573
5.94713502741507
6.15392414325186
6.18766617007394
5.74533204972403
5.87687569196173
