-0.001
0.998
1.987
2.972
3.911
3.673
5.577
5.76
3.647
3.914
8.444
6.785
8.005
6.373
5.796
5.158
5.172
6.902
6.11
7.32
6.425
8.013
6.674
5.323
6.602
6.499
6.376
6.468
6.68
5.497
5.965
6.868
6.943
7.101
6.367
6.711
6.09
6.415
6.608
6.46
6.784
6.66
6.773
6.573
6.455
6.684
6.729
6.649
6.453
6.7997997997998
6.65465465465465
6.64864864864865
6.54654654654655
6.50950950950951
6.6976976976977
6.69369369369369
6.50650650650651
6.45445445445445
6.58258258258258
6.6016016016016
6.61384152457372
6.58575727181545
6.50200803212851
6.57429718875502
6.38430583501006
6.32560483870968
6.53589484327604
6.59063136456212
6.49846153846154
6.54984583761562
6.41975308641975
6.40946502057613
6.30103092783505
6.44318181818182
6.34057971014493
6.43937823834197
6.45586708203531
6.46298227320125
6.56993736951983
6.52251308900524
6.47015706806283
6.61530398322851
6.53959873284055
6.55543822597677
6.37539766702015
6.50636942675159
6.23855165069223
6.28495197438634
6.65277777777778
6.33547008547009
6.43790149892934
6.20793140407288
6.52467811158798
6.47956989247312
6.65301724137931
6.58899676375405
6.55459459459459
6.65800865800866
6.69305856832972
6.60477741585233
6.70915032679739
6.61395856052345
6.70665212649945
6.71084337349398
6.7710843373494
6.68530701754386
6.53457738748628
6.68101545253863
6.72062084257206
6.48337028824834
6.56696428571429
6.65810055865922
6.58295964125561
6.69031531531532
6.62937853107345
6.51927437641723
6.51535836177474
6.49488054607508
6.59339407744875
6.48916761687571
6.45952109464082
6.46048109965636
6.51261467889908
6.50229885057471
6.48275862068965
6.38850574712644
6.38665132336018
6.49712313003452
6.44380069524913
6.54756380510441
6.46736596736597
6.46252927400468
6.54107981220657
6.40775558166863
6.52307692307692
6.37633136094675
6.49406175771971
6.54946364719905
6.39234449760766
6.56422569027611
6.54819277108434
6.43667068757539
6.53743961352657
6.46973365617433
6.38787878787879
6.48422330097087
6.55176613885506
6.44132029339853
6.45387453874539
6.38546798029557
6.46658415841584
6.38785625774473
6.33333333333333
6.50931677018634
6.64837905236908
6.43375
6.5206508135169
6.4642409033877
6.40050377833753
6.42658227848101
6.32192648922687
6.50698856416773
6.30484693877551
6.43367346938776
6.49935979513444
6.2866323907455
6.32901554404145
6.5234375
6.39346405228758
6.50065876152833
6.49208443271768
6.39285714285714
6.65246338215712
6.60374832663989
6.44979919678715
6.55093833780161
6.46702557200538
6.57937584803256
6.57142857142857
6.52861035422343
6.58823529411765
6.48153214774282
6.63424657534247
6.59147180192572
6.50068965517241
6.47302904564315
6.44382801664355
6.36122733612273
6.41176470588235
6.57464788732394
6.44209039548023
6.64922206506365
6.52765957446809
6.50499286733238
6.5316091954023
6.53956834532374
6.6917510853835
6.48833819241982
6.39736070381232
6.30825958702065
6.4112426035503
6.4406528189911
6.62686567164179
6.44377811094453
6.39274924471299
6.3793626707132
6.24582701062215
6.49160305343511
6.29294478527607
6.43846153846154
6.31733746130031
6.45116279069767
6.36236391912908
6.340625
6.52895148669797
6.40220820189274
6.34126984126984
6.3504
6.21829855537721
6.32528180354267
6.41867954911433
6.5453074433657
6.5
6.47626841243863
6.33934426229508
6.42244224422442
6.40894039735099
6.31281198003328
6.30653266331658
6.34006734006734
6.35521885521886
6.35532994923858
6.42006802721088
6.54623287671233
6.46655231560892
6.5632582322357
6.36111111111111
6.39267015706806
6.36252189141856
6.36140350877193
6.38028169014085
6.39752650176678
6.28368794326241
6.42375886524823
6.14716312056738
6.36720142602496
6.25
6.43727598566308
6.27289048473968
6.4990990990991
6.49189189189189
6.502722323049
6.41970802919708
6.32780847145488
6.46210720887246
6.54814814814815
6.39405204460967
6.2546468401487
6.20934579439252
6.32897196261682
6.29831144465291
6.4202626641651
6.3219696969697
6.35619047619048
6.3735632183908
6.36538461538461
6.42967244701349
6.37231968810916
6.23091976516634
6.33791748526523
6.42406311637081
6.40755467196819
6.30722891566265
6.40524193548387
6.2
6.34343434343434
6.3130081300813
6.35802469135802
6.4680412371134
6.4504132231405
6.69022869022869
6.56394129979036
6.40210526315789
6.42827004219409
6.41437632135307
6.34745762711864
6.42250530785563
6.46284501061571
6.31702127659574
6.54893617021277
6.43710021321962
6.50749464668094
6.53763440860215
6.25
6.63636363636364
6.59523809523809
6.43167028199566
6.52391304347826
6.20087336244541
6.44175824175824
6.45374449339207
6.38495575221239
6.39777777777778
6.42093541202673
6.31614349775785
6.36179775280899
6.23370786516854
6.19101123595506
6.5
6.26018099547511
6.26757369614512
6.44874715261959
6.49199084668192
6.32413793103448
6.24249422632794
6.09744779582367
6.2803738317757
6.14485981308411
6.28504672897196
6.3849765258216
6.44811320754717
6.43026004728132
6.31666666666667
6.26190476190476
6.16428571428571
6.34047619047619
6.3436754176611
6.15789473684211
6.11483253588517
6.21052631578947
6.48803827751196
6.42344497607655
6.43645083932854
6.32451923076923
6.56490384615385
6.36473429951691
6.5752427184466
6.59168704156479
6.32029339853301
6.39364303178484
6.45049504950495
6.30423940149626
6.2781954887218
6.14646464646465
6.4126582278481
6.470737913486
6.39795918367347
6.31969309462916
6.39641943734015
6.25384615384615
6.51025641025641
6.36246786632391
6.22422680412371
6.4375
6.1282722513089
6.18897637795276
6.24603174603175
6.5186170212766
6.37333333333333
6.49333333333333
6.35466666666667
6.36997319034853
6.61290322580645
6.46756756756757
6.49322493224932
6.63858695652174
6.31232876712329
6.11232876712329
6.41873278236915
6.37465564738292
6.25895316804408
6.15193370165746
6.42222222222222
6.34818941504178
6.59888579387187
6.42415730337079
6.46910112359551
6.52407932011331
6.35795454545455
6.47863247863248
6.65811965811966
6.55555555555556
6.49714285714286
6.31700288184438
6.38550724637681
6.18023255813953
6.32267441860465
6.36443148688047
6.50437317784257
6.26979472140762
6.26764705882353
6.44705882352941
6.24852071005917
6.44082840236686
6.45074626865672
6.42089552238806
6.52537313432836
6.13432835820895
6.47747747747748
6.5045045045045
6.53753753753754
6.75602409638554
6.54078549848943
6.80428134556575
6.60736196319018
6.53538461538462
6.64923076923077
6.55246913580247
6.601246105919
6.50467289719626
6.49532710280374
6.409375
6.1692789968652
6.53291536050157
6.58176100628931
6.65714285714286
6.56369426751592
6.78980891719745
6.61022364217252
6.6025641025641
6.64423076923077
6.7491961414791
6.50161812297735
6.50809061488673
6.52597402597403
6.5359477124183
6.59344262295082
6.26732673267327
6.29042904290429
6.13531353135314
6.28571428571429
6.36666666666667
6.17056856187291
6.40939597315436
6.28282828282828
6.34915254237288
6.37627118644068
6.36271186440678
6.28668941979522
6.57679180887372
6.51877133105802
6.42955326460481
6.54295532646048
6.3598615916955
6.40625
6.7595818815331
6.22456140350877
6.3169014084507
6.22968197879859
6.51245551601424
6.39857651245552
6.50533807829181
6.27046263345196
6.68817204301075
6.2831541218638
6.52158273381295
6.25818181818182
6.3978102189781
6.23722627737226
6.40808823529412
6.42435424354244
6.34814814814815
6.36296296296296
6.53531598513011
6.60966542750929
6.67910447761194
6.50746268656716
6.50561797752809
6.18352059925094
6.27443609022556
6.30566037735849
6.38490566037736
6.19245283018868
6.15151515151515
6.06818181818182
6.17110266159696
6.24427480916031
6.47892720306513
6.36015325670498
6.46153846153846
6.25482625482625
6.28185328185328
6.37837837837838
6.49612403100775
6.40466926070039
6.4453125
6.36862745098039
6.48616600790514
6.50396825396825
6.34126984126984
6.41269841269841
6.44
6.55421686746988
6.48192771084337
6.54032258064516
6.25506072874494
6.44308943089431
6.28571428571429
6.50819672131148
6.48148148148148
6.36363636363636
6.32365145228216
6.32217573221757
5.90794979079498
6.45798319327731
6.27004219409283
6.36170212765957
6.38723404255319
6.34334763948498
6.25974025974026
6.44347826086956
6.2304347826087
6.05652173913044
6.06550218340611
6.21929824561404
6.35526315789474
6.60352422907489
5.9295154185022
6.49777777777778
6.56444444444444
6.67410714285714
6.51339285714286
6.75336322869955
6.73423423423423
6.56306306306306
6.33181818181818
6.54794520547945
6.47222222222222
6.76168224299065
6.53738317757009
6.6588785046729
6.39719626168224
6.35514018691589
6.74178403755869
6.57276995305164
6.4037558685446
6.4811320754717
6.8047619047619
6.48803827751196
6.41346153846154
6.57487922705314
6.51207729468599
6.29951690821256
6.27804878048781
6.05911330049261
6.08955223880597
6.05970149253731
5.93939393939394
6.14141414141414
6.16666666666667
6.32323232323232
6.31472081218274
6.29081632653061
6.53571428571429
6.45128205128205
6.04102564102564
6.46666666666667
6.51794871794872
6.28205128205128
6.52849740932642
6.51041666666667
6.46875
6.15104166666667
6.50520833333333
6.29166666666667
6.625
6.390625
6.33854166666667
6.65104166666667
6.62303664921466
6.44502617801047
6.6544502617801
6.45263157894737
6.71578947368421
6.56842105263158
6.33684210526316
6.48947368421053
6.84210526315789
6.28947368421053
6.50531914893617
6.23404255319149
6
6.55135135135135
6.33152173913043
6.66847826086957
6.31147540983607
6.47252747252747
6.56906077348066
6.33701657458564
6.62777777777778
6.05586592178771
6.21787709497207
6.2247191011236
6.14606741573034
6.50282485875706
6.53409090909091
6.44
6.76
6.50574712643678
6.5028901734104
6.43352601156069
6.3757225433526
6.73410404624277
6.93023255813953
6.83139534883721
6.4593023255814
6.57558139534884
6.4593023255814
6.55232558139535
6.84883720930233
6.5
6.69186046511628
6.07602339181287
5.92397660818713
6.04705882352941
6.23529411764706
6.07692307692308
6.28571428571429
6.11976047904192
6.02409638554217
6.2710843373494
6.03012048192771
6.37951807228916
6.48795180722892
6.26506024096386
6.36144578313253
6.31325301204819
6.46987951807229
6.54819277108434
6.18292682926829
6.59146341463415
5.8109756097561
6.09146341463415
6.21472392638037
6.33742331288344
6.57668711656442
6.61111111111111
6.24691358024691
6.39506172839506
6.25308641975309
6.31055900621118
6.3416149068323
6.20496894409938
6.3375
6.31875
6.25625
6.11875
6.10625
6.45625
6.3375
6.03125
6.28125
6.2
6.2125
6.44375
6.76875
6.65
6.59119496855346
6.34591194968553
6.20253164556962
6.40127388535032
6.70700636942675
6.19108280254777
6.40127388535032
6.62420382165605
6.64331210191083
6.4140127388535
6.61290322580645
6.8
6.27096774193548
6.51612903225806
6.43870967741935
6.31818181818182
6.34415584415584
5.95454545454545
6.04575163398693
6.33986928104575
6.37254901960784
6.24183006535948
5.71052631578947
6.56578947368421
6.22368421052632
6.47368421052632
5.89403973509934
6.33112582781457
5.98666666666667
6.20666666666667
6.46666666666667
6.44666666666667
6.40268456375839
6.63087248322148
6.69798657718121
6.08724832214765
6.42567567567568
6.04761904761905
6.14383561643836
6.2
6.51724137931035
6.36111111111111
6.35664335664336
6.26573426573427
6.38461538461539
6.51748251748252
6.60839160839161
6.27272727272727
6.21678321678322
6.55244755244755
6.19718309859155
6.47887323943662
6.04255319148936
6.77142857142857
6.39285714285714
6.86428571428571
6.44285714285714
6.20143884892086
6.40287769784173
6.36231884057971
6.18978102189781
6.56934306569343
6.46715328467153
6.36496350364964
6.42335766423358
6.56934306569343
6.10294117647059
6.64705882352941
6.45588235294118
6.79411764705882
6.63235294117647
6.76296296296296
6.63703703703704
6.51111111111111
6.08148148148148
6.4
6.23703703703704
6.22962962962963
6.61481481481481
6.6044776119403
6.41044776119403
6.43283582089552
6.06716417910448
6.43283582089552
6.54477611940298
6.35820895522388
6.69402985074627
6.94776119402985
6.85820895522388
6.94776119402985
6.59398496240602
6.54135338345865
6.2781954887218
6.35338345864662
6.35338345864662
6.6015037593985
6.55639097744361
6.36842105263158
6.7218045112782
6.18045112781955
6.65909090909091
6.14393939393939
6.18181818181818
6.17424242424242
6.16666666666667
6.13636363636364
6.37121212121212
6.09848484848485
6.82575757575758
6.35114503816794
6.16030534351145
6.09160305343511
5.9618320610687
6
6.29770992366412
6.3206106870229
6.55725190839695
6.46564885496183
6.01526717557252
6.40458015267176
6.27480916030534
6.24427480916031
6.52671755725191
6.3206106870229
6.51538461538462
6.32307692307692
6.68992248062016
6.21705426356589
6.49612403100775
6.26356589147287
6.54263565891473
6.46511627906977
6.51937984496124
6.65891472868217
6.21705426356589
5.72868217054264
6.55813953488372
6.49612403100775
6.70542635658915
6.09302325581395
6.18604651162791
6.578125
6.3359375
6.7265625
6.3046875
6.18110236220472
6.18110236220472
6.45669291338583
6.28346456692913
6.34645669291339
6.50393700787402
6.17322834645669
6.19047619047619
6.14285714285714
5.94444444444444
5.6984126984127
6.31746031746032
6
6.328
6.464
6.52
6.648
6.61788617886179
6.32786885245902
6.41803278688525
6.52459016393443
6.0327868852459
6.35537190082645
6.28925619834711
6.27272727272727
6.14876033057851
5.89256198347107
6.20661157024793
6.23140495867769
6.42148760330578
6.2396694214876
6.09090909090909
6.1900826446281
6.34710743801653
6.22314049586777
6.275
6.17647058823529
6.34453781512605
6.01680672268908
5.48739495798319
6.00840336134454
6.08403361344538
6.09243697478992
6.33613445378151
6.51694915254237
6.07627118644068
6.10169491525424
6.00847457627119
6.03389830508475
6.17796610169492
6.00847457627119
6.27118644067797
6.50847457627119
6.58119658119658
6.18803418803419
6.05128205128205
6.46153846153846
6.41025641025641
6.27350427350427
6.67521367521368
6.35897435897436
6.5042735042735
6.47008547008547
6.42735042735043
6.38461538461539
6.23931623931624
6.17094017094017
6.69230769230769
6.3448275862069
6.12068965517241
6.46086956521739
6
6.10526315789474
6.47368421052632
6.15789473684211
6.16666666666667
6.6283185840708
6.32743362831858
6.38053097345133
6.43362831858407
6.32142857142857
6.39285714285714
6.11607142857143
6.35714285714286
6.09009009009009
6.18918918918919
6.57657657657658
6.40540540540541
5.83783783783784
6.10810810810811
6.04504504504505
6.05405405405405
6.14414414414414
6.08108108108108
6.39090909090909
6.15454545454545
6.50909090909091
6.36363636363636
6.39090909090909
6.00909090909091
5.89908256880734
6.88073394495413
6.46788990825688
6.43119266055046
6.22935779816514
6.43119266055046
6.24770642201835
6.12844036697248
6.14814814814815
6.54205607476636
6.4392523364486
5.93457943925234
6.07547169811321
6.21698113207547
6.13207547169811
6.64150943396226
6.07619047619048
6.55238095238095
6.22857142857143
6.67619047619048
6.40952380952381
6.53333333333333
6.61904761904762
6.63809523809524
6.36190476190476
6.58095238095238
6.31730769230769
6.19230769230769
6.2156862745098
6.3921568627451
6.50980392156863
6.04901960784314
6.51960784313725
6.61764705882353
6.72549019607843
6.45098039215686
6.34313725490196
6.27450980392157
6.38235294117647
6.38235294117647
6.48514851485149
6.31313131313131
6.35353535353535
6.70707070707071
6.12121212121212
6.28282828282828
6
6.71717171717172
6.2020202020202
6.28282828282828
6.64646464646465
6.3265306122449
6.62244897959184
6.49484536082474
6.38541666666667
6.58333333333333
6.55208333333333
6.125
6.0625
6.13541666666667
5.97872340425532
6.13978494623656
6.06451612903226
6.44565217391304
6.14130434782609
6.19565217391304
6.15217391304348
6.27173913043478
6.35869565217391
5.89010989010989
6.12087912087912
6.08791208791209
6.36263736263736
6.31868131868132
5.96703296703297
6.34065934065934
6.24175824175824
6.43820224719101
6.20454545454545
6.625
6.90909090909091
6.09411764705882
6.22352941176471
6.17857142857143
6.52380952380952
6.28571428571429
6.34523809523809
6.70238095238095
6.40476190476191
6.30952380952381
6.70238095238095
6.58333333333333
6.59523809523809
6.40476190476191
6.64285714285714
6.07142857142857
6.32142857142857
6.48809523809524
5.98809523809524
6.30952380952381
6.41666666666667
6.57142857142857
6.5
6.90476190476191
6.40476190476191
6.59523809523809
6.39285714285714
6.30120481927711
6.48192771084337
6.33734939759036
6.27710843373494
6.20481927710843
6.39024390243902
6.4320987654321
6.41975308641975
6.39506172839506
6.17721518987342
6.67088607594937
6.48101265822785
6.29113924050633
6.46835443037975
6.84615384615385
6.84615384615385
6.77922077922078
6.77922077922078
6.62337662337662
6.68421052631579
7.03947368421053
6.59210526315789
6.67105263157895
6.48684210526316
6.52631578947368
6.89473684210526
6.64473684210526
6.85526315789474
6.84210526315789
6.71052631578947
7.09210526315789
7.07894736842105
6.71052631578947
6.30263157894737
6.64473684210526
6.71052631578947
6.75
6.56578947368421
6.59210526315789
6.71052631578947
6.82894736842105
6.71052631578947
6.46052631578947
6.44736842105263
6.30263157894737
6.36842105263158
6.80263157894737
6.48684210526316
6.38157894736842
6.37333333333333
6.72
6.32
6.01333333333333
6.33333333333333
6.44
6.31081081081081
6.2027027027027
6.3013698630137
6.31506849315068
6.47945205479452
6.52054794520548
6.46575342465753
6.76712328767123
6.47887323943662
6.45070422535211
6.30985915492958
6.64788732394366
6.6056338028169
6.3943661971831
6.66197183098592
6.38571428571429
6.60869565217391
6
6.05882352941176
6.53731343283582
6.59090909090909
6.8030303030303
6.42424242424242
6.77272727272727
6.60606060606061
6.54545454545455
7.01515151515152
6.62121212121212
6.87878787878788
6.46969696969697
6.83333333333333
6.31818181818182
6.46969696969697
6.42424242424242
6.42424242424242
6.42424242424242
6.13636363636364
7.09090909090909
6.60606060606061
6.3030303030303
6.60606060606061
6.75757575757576
6.25757575757576
6.04545454545455
6.33333333333333
6.5
6.6969696969697
6.62121212121212
5.89393939393939
6.45454545454545
6.8
6.63076923076923
6.70769230769231
6.66153846153846
7.21538461538462
6.18461538461538
6.27692307692308
7
6.73846153846154
7
6.63492063492064
6.40322580645161
7
6.7258064516129
6.7741935483871
6.96774193548387
6.7258064516129
6.09677419354839
5.90322580645161
6.53225806451613
6.83870967741935
6.56451612903226
5.85483870967742
6.0327868852459
6.55737704918033
6.73770491803279
6.45901639344262
6.81967213114754
6.55737704918033
6.34426229508197
6.5
6.20338983050847
6.22033898305085
6.22033898305085
6.05084745762712
6.45762711864407
6.40677966101695
6.20338983050847
6.6271186440678
6.74576271186441
6.50847457627119
6.47457627118644
7.11864406779661
6.28813559322034
6.67241379310345
6.3448275862069
6.74137931034483
6.25862068965517
6.36206896551724
6.58620689655172
6.5
7.10344827586207
7.12068965517241
6.75862068965517
6.86206896551724
6.21052631578947
6.91228070175439
7.15789473684211
7.24561403508772
6.45614035087719
6.80701754385965
7.35087719298246
6.66666666666667
6.57894736842105
6.08771929824561
6.52631578947368
6.01754385964912
6.15789473684211
7.14035087719298
6.14035087719298
6.85714285714286
6.66071428571429
6.67857142857143
6.48214285714286
6.80357142857143
6.32727272727273
6.31481481481481
6.88888888888889
6.88888888888889
6.69811320754717
7
7.19230769230769
6.67307692307692
7.15384615384615
7.03921568627451
6.33333333333333
6.3921568627451
6.74509803921569
6.03921568627451
6.88235294117647
6.09803921568627
6.76470588235294
6.80392156862745
6.43137254901961
6.50980392156863
6.50980392156863
6.52941176470588
6.64705882352941
6.58823529411765
5.76470588235294
6.07843137254902
6.52941176470588
6.52
6.52
6.14
6.42857142857143
6.42857142857143
7
6.57142857142857
7.22448979591837
6.85714285714286
6.16326530612245
6.08163265306122
6.48979591836735
6.57142857142857
6.89583333333333
6.66666666666667
6.8125
6.375
6.08333333333333
6.25
6.20833333333333
6.16666666666667
6.22916666666667
5.85106382978723
6.72340425531915
6.63829787234043
6.82978723404255
6.46666666666667
6.02272727272727
5.75
6.06818181818182
6.63636363636364
6.47727272727273
6.54545454545455
6.47727272727273
6.63636363636364
5.68181818181818
5.79545454545455
6.15909090909091
5.72727272727273
6.18181818181818
6.13953488372093
6.62790697674419
6.30232558139535
6.67441860465116
6.81395348837209
6.69047619047619
6.66666666666667
6.07142857142857
6.76190476190476
6.73809523809524
6.52380952380952
6.47619047619048
6.69047619047619
6.90476190476191
6.76190476190476
6.71428571428571
7.21428571428571
6.66666666666667
6.73809523809524
6.28571428571429
6.28571428571429
6.47619047619048
6.40476190476191
6.30952380952381
6.71428571428571
6.30952380952381
6.66666666666667
6.59523809523809
6.57142857142857
6.33333333333333
6.11904761904762
6.90476190476191
5.61904761904762
5.78571428571429
6.5
6.54761904761905
6.21428571428571
6.65853658536585
6.8780487804878
6.46341463414634
6.90243902439024
5.90243902439024
5.8780487804878
6.70731707317073
7.025
6.6
7.025
6.85
6.65
5.975
6.625
6.45
6.375
6.525
5.8
7.15
6.575
6.575
6.5
6.025
6.425
6.5
6.85
5.925
6.375
6.075
6.9
6.375
7.15
6.75
5.675
5.9
6.35
6.3
6.325
5.95
6.975
6.55
5.8
6.15
6.15
5.375
6.225
5.6
6.125
6.025
6.075
6.675
6.35
5.8
5.975
6.05128205128205
5.97435897435897
6.05128205128205
5.76923076923077
6.35897435897436
6.74358974358974
6.35897435897436
6.69230769230769
6.66666666666667
6.15384615384615
6.97435897435897
6.48717948717949
6.35897435897436
6.58974358974359
6.25641025641026
6.41025641025641
6.97435897435897
6.76923076923077
5.94871794871795
6.38461538461539
6.48717948717949
6.76923076923077
6.47368421052632
6.26315789473684
6.52631578947368
6.28947368421053
6.44736842105263
6.63157894736842
6.94594594594595
6.35135135135135
6.64864864864865
6.72972972972973
5.83783783783784
6.52777777777778
6.19444444444444
6.47222222222222
6.25714285714286
6.57142857142857
6.74285714285714
6.34285714285714
6.11428571428571
6.51428571428571
6.57142857142857
7
6.11428571428571
7.25714285714286
6.51428571428571
6.51428571428571
5.4
6.62857142857143
6.62857142857143
5.25714285714286
5.97058823529412
5.5
6
6.02941176470588
6.23529411764706
7
6.48484848484848
5.96969696969697
6.36363636363636
6.1875
6.90625
6.96875
6.21875
6.65625
5.875
6.375
6.3125
6.125
5.90625
6.3125
6.25
6.78125
6.28125
6.84375
7.25
6.90625
6.65625
5.71875
5.34375
6.4375
6.9375
6.6875
5.9375
6.40625
7.4375
6.5
6.75
6.9375
6.03125
6.53125
7.25
5.78125
6.5
6.84375
6.90625
7.09375
7.03125
7.15625
6.15625
7.09375
7.34375
6.5
6.6875
6.75
6.54838709677419
7.25806451612903
6.38709677419355
6.32258064516129
6.67741935483871
5.70967741935484
6.54838709677419
5.83870967741935
6.58064516129032
6.96774193548387
6.58064516129032
6.19354838709677
6.58064516129032
6.64516129032258
6.93548387096774
6.3
6.4
6.8
7.56666666666667
6.96666666666667
6.43333333333333
6.2
6.93333333333333
6.2
6.86666666666667
6.76666666666667
6.63333333333333
7.03333333333333
6.06666666666667
7.16666666666667
6.33333333333333
6.73333333333333
7.03333333333333
6.53333333333333
6.16666666666667
6.31034482758621
6.27586206896552
6.27586206896552
6.17857142857143
6.14285714285714
6.71428571428571
6.5
5.92857142857143
6.60714285714286
5.92857142857143
6.10714285714286
6.82142857142857
6.35714285714286
5.96428571428571
6.25
6.60714285714286
6.85714285714286
6.28571428571429
6
6.17857142857143
6.21428571428571
6.03571428571429
6.81481481481481
5.80769230769231
6.5
5.84615384615385
5.92307692307692
6.57692307692308
6.34615384615385
6.5
6.38461538461539
6.84
6.48
6.88
8.04
6.92
7.08
7.08
7.44
7.16
6.72
7.24
7.48
7.28
6.36
6.84
6.8
7.32
6.48
6.54166666666667
6.75
6.70833333333333
7.04166666666667
7.125
7.08333333333333
6.70833333333333
5.91666666666667
6.41666666666667
7.375
6.66666666666667
6.33333333333333
6.5
6.16666666666667
6.91666666666667
6.375
6.16666666666667
6.875
7.1304347826087
5.78260869565217
7
6.47826086956522
5.47826086956522
6.69565217391304
6.82608695652174
7.04347826086957
6.1304347826087
5.78260869565217
6.60869565217391
5.82608695652174
6.82608695652174
6.34782608695652
6.78260869565217
6
5.27272727272727
6.68181818181818
6.72727272727273
6.63636363636364
6.59090909090909
6.68181818181818
7.31818181818182
6.40909090909091
6.23809523809524
6.14285714285714
6.14285714285714
7
6.57142857142857
6.61904761904762
7.23809523809524
6.85714285714286
6.66666666666667
7.1
7.25
7.2
5.8
6.65
6.05
6.9
7.3
6.05
6.7
7.05
5.95
6.6
6.5
6.4
6.45
5.95
5.9
6.9
6.4
6.4
6.85
6.85
6.6
6.2
7.15
7.4
6.35
6.05
6.05
6.95
6.05263157894737
6.21052631578947
7.47368421052632
5.63157894736842
6.36842105263158
6.31578947368421
6.15789473684211
6.63157894736842
7
6.47368421052632
7.73684210526316
6.21052631578947
6.42105263157895
6.94736842105263
6.89473684210526
6.42105263157895
7.57894736842105
6.31578947368421
7.94736842105263
6.89473684210526
7.57894736842105
7.05263157894737
7.15789473684211
7.31578947368421
5.94736842105263
7.10526315789474
6.57894736842105
7
7.52631578947368
7.05263157894737
6.63157894736842
7.05263157894737
7.10526315789474
7.94736842105263
7.68421052631579
7.63157894736842
6.21052631578947
6.94736842105263
6.10526315789474
6.78947368421053
6.73684210526316
6.36842105263158
6.52631578947368
6.31578947368421
6.15789473684211
6.42105263157895
6.26315789473684
6.36842105263158
6.94736842105263
5.26315789473684
5.89473684210526
6.42105263157895
5.94736842105263
6.26315789473684
6.26315789473684
5.57894736842105
6.42105263157895
7.21052631578947
6.63157894736842
5.63157894736842
6.42105263157895
6.68421052631579
6.52631578947368
6.84210526315789
6.05263157894737
6.05263157894737
6.84210526315789
6.26315789473684
5.84210526315789
6.94736842105263
7.36842105263158
6.57894736842105
6.68421052631579
6.26315789473684
7.10526315789474
6.05263157894737
6.05263157894737
6.31578947368421
6.42105263157895
6.21052631578947
6.21052631578947
6.42105263157895
6.52631578947368
6.55555555555556
6.66666666666667
6.05555555555556
6.11111111111111
6.22222222222222
5.77777777777778
6.88888888888889
6.94444444444444
7.5
7.22222222222222
7.16666666666667
6.55555555555556
5.83333333333333
5.77777777777778
5.61111111111111
6.44444444444444
5.88888888888889
5.88888888888889
5.94444444444444
6.5
5.33333333333333
6.27777777777778
6.35294117647059
6.11764705882353
6.11764705882353
5.70588235294118
5.58823529411765
5
5.58823529411765
5.23529411764706
5.23529411764706
6.64705882352941
6.82352941176471
5.88235294117647
7.23529411764706
7
6.23529411764706
7.17647058823529
6
6.82352941176471
6.58823529411765
6.17647058823529
7.23529411764706
6.47058823529412
6.94117647058824
6.58823529411765
6.64705882352941
7.17647058823529
7.11764705882353
7.35294117647059
7.11764705882353
6.23529411764706
5.76470588235294
6.17647058823529
6.35294117647059
5.88235294117647
7.82352941176471
7.35294117647059
7.29411764705882
6.41176470588235
7.11764705882353
5.88235294117647
7
6.17647058823529
7.70588235294118
7.41176470588235
6.41176470588235
6.52941176470588
6.76470588235294
6.70588235294118
6.23529411764706
7.82352941176471
7.11764705882353
8.11764705882353
6.76470588235294
6
5.47058823529412
7.41176470588235
5.76470588235294
6.23529411764706
5.88235294117647
5.94117647058824
6.05882352941176
5.41176470588235
5.64705882352941
6.29411764705882
6.52941176470588
6.05882352941176
6.76470588235294
5.94117647058824
7.23529411764706
7.23529411764706
7.17647058823529
7.58823529411765
7.52941176470588
6.23529411764706
7.05882352941176
6.76470588235294
6.5
5.625
7.125
6.625
7.5625
7.75
6.625
5.5625
6.5625
6.3125
6.0625
5.1875
6.1875
7
6.6875
6.3125
7.0625
7.125
7.25
6.6875
7.3125
6.625
7
5.875
5.6875
5.5625
5.875
4.875
5.875
5.25
5.9375
5.75
6.125
6.0625
5.625
6.6875
6.375
5.9375
6.6875
6
6.0625
6.1875
6.5
5.8125
6.9375
4.9375
5.4375
5.375
6.0625
5.4375
5.25
6.125
5.625
5.3125
6.625
7.25
6.75
5.4375
6.5
6.0625
6.6875
7
7.0625
6.8125
6.5625
6.625
7.1875
5.4375
5.9375
6.375
5.9375
6.25
4.5625
6.6875
6.0625
6.1875
6.5
5.75
5.5
7.25
6.875
6.625
5.4375
6
6.1875
6.1875
6.875
5.9375
6.125
6.1875
6.875
6.625
6.6875
6.4375
5.25
5.4375
6.5625
5.5
6.6875
6.875
7.125
6.3125
7.375
6
5.9375
5.9375
5.75
5.375
6.0625
6.8125
6.625
6.25
6.75
4.25
6.1875
6.125
6.875
6.1875
6.375
5.5
7.1875
6.375
6.125
7.3125
7.75
5.375
7.25
7.375
7.125
7.375
5.5625
6.1875
7
6.5
7.0625
6.0625
6.375
7.375
6.25
6.6875
5.9375
5.6875
5.6875
6.3125
5.625
6.5625
7.0625
7.25
6.5625
6.1875
5.0625
5.375
6.125
6.5625
5.9375
6.0625
6.8125
6.25
6.25
5.875
6.8125
6.875
6.4
7.07142857142857
7
6.92857142857143
7.57142857142857
6.42857142857143
6.92857142857143
6.78571428571429
5.64285714285714
7.07142857142857
7.42857142857143
7.28571428571429
6.64285714285714
7.07142857142857
6
5.92857142857143
5.85714285714286
6.92857142857143
6.92857142857143
7.42857142857143
6.5
7.21428571428571
6.78571428571429
6.78571428571429
7
7.07142857142857
7.5
6.92857142857143
5.57142857142857
6.5
5.92857142857143
4.85714285714286
6.5
6.14285714285714
6.85714285714286
6.07142857142857
7.07142857142857
7
7.07142857142857
5.64285714285714
5.78571428571429
5.71428571428571
6.21428571428571
6.71428571428571
6.57142857142857
6.57142857142857
6.21428571428571
5.14285714285714
4.92857142857143
4.92857142857143
5.21428571428571
6.28571428571429
6
6.64285714285714
6.92857142857143
6.78571428571429
6.57142857142857
6.28571428571429
6.21428571428571
6.92857142857143
5.64285714285714
6.57142857142857
6.64285714285714
6.71428571428571
5.85714285714286
7.28571428571429
6.92857142857143
7.07142857142857
5.07142857142857
6.28571428571429
5.92857142857143
6.5
6.5
6.64285714285714
6.42857142857143
6.14285714285714
6.42857142857143
6.85714285714286
5.64285714285714
6.71428571428571
5.21428571428571
6.21428571428571
5.92857142857143
7.21428571428571
6.42857142857143
6.14285714285714
6.71428571428571
7.42857142857143
6.5
6.78571428571429
6.21428571428571
6.42857142857143
6.28571428571429
6.21428571428571
7.35714285714286
7.28571428571429
6.35714285714286
6.35714285714286
6.14285714285714
6.28571428571429
5.71428571428571
6.21428571428571
5.71428571428571
6
6.92857142857143
5.21428571428571
5.38461538461539
5.23076923076923
5
6.23076923076923
6.15384615384615
5.53846153846154
6.53846153846154
6.61538461538461
6.30769230769231
6.23076923076923
6.07692307692308
6
5.92307692307692
6.92307692307692
6.53846153846154
6.53846153846154
5.15384615384615
5.84615384615385
5.61538461538461
5.76923076923077
6.15384615384615
6.76923076923077
5.30769230769231
7.15384615384615
6.53846153846154
6.07692307692308
6.07692307692308
6.46153846153846
5.76923076923077
5.84615384615385
6.76923076923077
6.92307692307692
7.23076923076923
5.92307692307692
6.15384615384615
5.46153846153846
5.84615384615385
7.07692307692308
6.23076923076923
6.84615384615385
7.15384615384615
6
5.23076923076923
6.15384615384615
6.07692307692308
6.07692307692308
5.46153846153846
6.15384615384615
6.84615384615385
7.23076923076923
7.23076923076923
6.61538461538461
6.46153846153846
5.84615384615385
7.07692307692308
7.38461538461539
7.61538461538461
7.53846153846154
6.76923076923077
6
6.76923076923077
6
6
6.15384615384615
6.38461538461539
6.69230769230769
7.07692307692308
7.38461538461539
7
6.84615384615385
6.53846153846154
6.30769230769231
5.92307692307692
6.76923076923077
6.23076923076923
7.07692307692308
5.53846153846154
7.07692307692308
5.92307692307692
6.84615384615385
7.61538461538461
6.53846153846154
6.84615384615385
5.15384615384615
5.76923076923077
6.15384615384615
5.61538461538461
6.23076923076923
6.84615384615385
6.15384615384615
7
7.46153846153846
6
7.07692307692308
6.92307692307692
6
6.15384615384615
6.76923076923077
7.76923076923077
7.84615384615385
6.38461538461539
6.76923076923077
6.84615384615385
6.84615384615385
6.61538461538461
6.30769230769231
7.46153846153846
6.76923076923077
7.23076923076923
6.76923076923077
7.46153846153846
7.30769230769231
7.38461538461539
6.30769230769231
6.07692307692308
6.84615384615385
6.92307692307692
6.46153846153846
6.38461538461539
6.38461538461539
6.84615384615385
5.84615384615385
6.30769230769231
7.07692307692308
5.53846153846154
6.23076923076923
5.23076923076923
5.15384615384615
6.38461538461539
5.53846153846154
5.46153846153846
6.76923076923077
5.92307692307692
5.92307692307692
6.38461538461539
6.23076923076923
5.23076923076923
7.46153846153846
5.84615384615385
6.30769230769231
6.84615384615385
6.38461538461539
6
7
6.23076923076923
5.84615384615385
5.84615384615385
6.23076923076923
5
6.53846153846154
6
6.15384615384615
5.38461538461539
5.76923076923077
5.69230769230769
5.30769230769231
5.69230769230769
6.61538461538461
6.53846153846154
6.23076923076923
6.61538461538461
6.15384615384615
6
6.30769230769231
6.15384615384615
5.38461538461539
7
6.23076923076923
6.61538461538461
6.46153846153846
5.23076923076923
5
6.76923076923077
5.92307692307692
5.30769230769231
6.38461538461539
5.92307692307692
5.23076923076923
6
5
6.69230769230769
5.07692307692308
7.30769230769231
6
6.76923076923077
6.53846153846154
6.61538461538461
6.69230769230769
6.38461538461539
4.53846153846154
5.38461538461539
5.30769230769231
5.61538461538461
5.92307692307692
5.76923076923077
4.76923076923077
5.46153846153846
5.76923076923077
5.38461538461539
5.61538461538461
6.07692307692308
6.69230769230769
6.38461538461539
5.53846153846154
6.61538461538461
6.46153846153846
6.61538461538461
6.61538461538461
7.23076923076923
6.15384615384615
5.84615384615385
5.38461538461539
6
6.46153846153846
7.07692307692308
6.69230769230769
7
6.84615384615385
6.23076923076923
7.46153846153846
6.53846153846154
7
5.61538461538461
6.53846153846154
6
6.15384615384615
7
7.30769230769231
6.23076923076923
6.23076923076923
6.92307692307692
7
6.84615384615385
6.84615384615385
7.53846153846154
7
5.84615384615385
6.46153846153846
7.46153846153846
7.61538461538461
6.69230769230769
6.61538461538461
7.15384615384615
7.53846153846154
7.07692307692308
6.92307692307692
8.23076923076923
6.46153846153846
7.92307692307692
6.69230769230769
6.92307692307692
6.53846153846154
5.92307692307692
5.84615384615385
6
6.23076923076923
7.15384615384615
6.76923076923077
6.46153846153846
7
6.46153846153846
6.46153846153846
6.46153846153846
7.07692307692308
7.46153846153846
6.07692307692308
6.53846153846154
7.07692307692308
6.61538461538461
5.23076923076923
7
7.92307692307692
6.53846153846154
5.46153846153846
6.07692307692308
5.69230769230769
6.61538461538461
6.23076923076923
5.61538461538461
7.30769230769231
5.61538461538461
6.76923076923077
4.46153846153846
5.92307692307692
6.38461538461539
6.38461538461539
7.76923076923077
7.23076923076923
7.23076923076923
7.76923076923077
7.46153846153846
6.76923076923077
6.38461538461539
6.38461538461539
5.46153846153846
7.30769230769231
7.46153846153846
6.23076923076923
5.84615384615385
6.92307692307692
6.92307692307692
6.69230769230769
6.30769230769231
7.61538461538461
5.61538461538461
6.30769230769231
8
6.46153846153846
7.15384615384615
5.69230769230769
6.38461538461539
6.76923076923077
6.46153846153846
7.38461538461539
7.46153846153846
8.61538461538461
6.69230769230769
7.38461538461539
7.84615384615385
6.92307692307692
7
7.38461538461539
6.23076923076923
6.76923076923077
6.15384615384615
7.07692307692308
6.76923076923077
7.30769230769231
7
5.76923076923077
5.92307692307692
7.15384615384615
6.69230769230769
5.15384615384615
6.07692307692308
5.92307692307692
6.84615384615385
5.84615384615385
6.53846153846154
5.84615384615385
5.69230769230769
6.46153846153846
4.69230769230769
6.46153846153846
6.53846153846154
5.38461538461539
6.15384615384615
6
5.84615384615385
5.46153846153846
6.38461538461539
5.92307692307692
6.15384615384615
5.38461538461539
5
6.84615384615385
6.69230769230769
5.92307692307692
6.92307692307692
7.53846153846154
6.76923076923077
6.23076923076923
6.61538461538461
6.15384615384615
6.30769230769231
6.46153846153846
6.23076923076923
7.23076923076923
7.15384615384615
7.23076923076923
6.30769230769231
6.53846153846154
7.07692307692308
6.53846153846154
8.23076923076923
5.92307692307692
7.23076923076923
7.23076923076923
6.53846153846154
8.38461538461539
6.92307692307692
6.15384615384615
6.76923076923077
6.15384615384615
7.69230769230769
7.46153846153846
6.53846153846154
6
6.69230769230769
6.53846153846154
6.61538461538461
6.15384615384615
6.23076923076923
6.84615384615385
6
6.23076923076923
7
6.76923076923077
7.30769230769231
6.84615384615385
5.92307692307692
6.15384615384615
6.46153846153846
6.15384615384615
5.38461538461539
6.07692307692308
6.69230769230769
7.69230769230769
6.30769230769231
6.69230769230769
6.38461538461539
7.38461538461539
6.38461538461539
6.61538461538461
7.07692307692308
7.07692307692308
6.84615384615385
6.15384615384615
6.84615384615385
7.15384615384615
6.61538461538461
6.38461538461539
6.76923076923077
6.53846153846154
6.61538461538461
5.46153846153846
6.46153846153846
5.84615384615385
6.38461538461539
7.53846153846154
5.76923076923077
6.07692307692308
7.23076923076923
7.92307692307692
7
5.76923076923077
6.07692307692308
5.69230769230769
7.23076923076923
6.07692307692308
5.38461538461539
6.38461538461539
6.76923076923077
6.53846153846154
7.15384615384615
6.53846153846154
6.69230769230769
5.84615384615385
7.23076923076923
6.84615384615385
7.23076923076923
6.30769230769231
6.69230769230769
5.92307692307692
6.53846153846154
5.61538461538461
5.84615384615385
6
7.92307692307692
6.76923076923077
7.15384615384615
7
5.76923076923077
6.46153846153846
7.53846153846154
7.15384615384615
6.46153846153846
6.61538461538461
7
6.53846153846154
5.53846153846154
5.92307692307692
6.53846153846154
6.46153846153846
6.69230769230769
7.30769230769231
7.15384615384615
6.38461538461539
6.84615384615385
6.30769230769231
6.84615384615385
5.84615384615385
6.76923076923077
6.92307692307692
6.53846153846154
6.92307692307692
6.61538461538461
6.38461538461539
6.07692307692308
7.15384615384615
6.46153846153846
7.61538461538461
5.53846153846154
7.84615384615385
5.92307692307692
6.61538461538461
6.53846153846154
6.76923076923077
5.69230769230769
5.07692307692308
5.23076923076923
5.53846153846154
5.07692307692308
6.69230769230769
7.16666666666667
5.91666666666667
5.33333333333333
5.16666666666667
6.25
5.5
5.16666666666667
6.5
5.83333333333333
4.83333333333333
5.91666666666667
6
6.5
5.41666666666667
4.91666666666667
4.08333333333333
5.41666666666667
5.25
6.33333333333333
5.58333333333333
7.08333333333333
6.5
6.16666666666667
5.83333333333333
6.25
5.91666666666667
6.08333333333333
5.58333333333333
6.66666666666667
5.16666666666667
5.33333333333333
6.83333333333333
5.41666666666667
4.16666666666667
5.75
5.41666666666667
5.16666666666667
6.5
6.25
6.08333333333333
6.66666666666667
5.83333333333333
7.25
6.66666666666667
6.91666666666667
5.25
6.08333333333333
5.58333333333333
6.33333333333333
4.83333333333333
5.58333333333333
6.16666666666667
6.08333333333333
5.91666666666667
6.08333333333333
6.58333333333333
6
6
6.83333333333333
6.83333333333333
6.33333333333333
5.16666666666667
5.5
6.5
4.83333333333333
5.41666666666667
6.16666666666667
5.08333333333333
6.91666666666667
6.5
7.75
6.25
6.16666666666667
5.66666666666667
5.25
6.41666666666667
7.41666666666667
6.08333333333333
6.33333333333333
6.66666666666667
6.5
7.41666666666667
6.33333333333333
7.08333333333333
7.08333333333333
6.08333333333333
5.58333333333333
6.08333333333333
6.83333333333333
6.33333333333333
5.91666666666667
6.41666666666667
6.58333333333333
5.25
5.83333333333333
6.41666666666667
6.33333333333333
5.58333333333333
6.33333333333333
5.25
5.41666666666667
7.41666666666667
6.33333333333333
5.25
5.41666666666667
6.33333333333333
7.16666666666667
5.75
6.58333333333333
7.25
6
6.25
5.75
6.25
5.5
6.08333333333333
5.91666666666667
6.41666666666667
6.33333333333333
7.16666666666667
6.91666666666667
6.33333333333333
7
6
5.72727272727273
5.45454545454545
4.90909090909091
7
7.63636363636364
6.72727272727273
7.36363636363636
7.36363636363636
7.18181818181818
6.27272727272727
6.27272727272727
5.72727272727273
6.18181818181818
6.27272727272727
6.90909090909091
6.63636363636364
6.45454545454545
6
7
7.36363636363636
7.27272727272727
7.54545454545455
7.27272727272727
6.54545454545455
6.54545454545455
5.72727272727273
6
5.90909090909091
6.09090909090909
6.72727272727273
5.72727272727273
5.45454545454545
6.45454545454545
6.90909090909091
6.09090909090909
5.63636363636364
5.72727272727273
5.72727272727273
6.27272727272727
5.90909090909091
6.63636363636364
6.45454545454545
6.81818181818182
6.09090909090909
5.45454545454545
5
6.36363636363636
5.36363636363636
5.72727272727273
6.8
6.3
6.2
5.5
7.4
7.1
6.5
6.9
6.1
6.3
7.3
7.5
6.5
7.5
5.7
6.2
7.1
6.7
6.8
7
7.4
7
6.1
6.6
6.5
6.2
7.9
7.7
6.6
7.1
7.9
5.7
5.2
5.7
5.7
6.8
7.6
5.4
6.6
6.4
7.1
5.3
6.9
6.6
5.8
7.3
4.9
5.6
6.5
6.2
7.1
6.6
5.9
6.1
6.3
7.4
6.4
7.5
7.7
5.7
7.4
6
5.1
6.9
6.1
6.1
5.6
6.2
6.9
5.8
7
7.6
7.2
6.5
4.4
5.3
6.8
5.6
5.1
6.1
6.2
5.8
4.7
5.4
5.2
6.4
5
6.7
5.2
5.8
7.2
5.6
6.8
6.9
6.8
7.3
6.7
5.1
6
6.5
6.3
6.4
5.7
4.8
4.6
6.2
5.3
5.7
4.7
5.5
6.2
5.7
6.5
5.2
6.4
5.8
6.2
5.3
6.3
5.8
5.4
6
6.8
7
6.9
6.6
6.8
6.1
6.4
5.7
6.4
5.8
5
4.9
5.7
5.5
5
6.3
5.4
5.1
7.5
6.3
8
6.9
7.5
6.8
6.2
7
7.6
7.5
6.3
6.5
6.4
7.3
4.2
5.8
5.8
6
5.6
5.7
6
5.9
6.2
5.2
6.5
5.5
4.7
5
6.1
6.1
4.6
6.2
5.8
5
5.4
5.3
5.2
6.1
7
6.7
6.6
7.6
6.6
6.7
6.4
6.8
4.9
6.5
6.8
7.3
7.3
7.8
7
6.6
6.4
6.2
7.2
5.2
6.6
5.5
6.8
5.2
7.4
6.8
6.9
7.7
7.7
7.1
6
7.1
6
6.3
6.4
7.5
6.2
6.7
7
7.6
5.7
7.9
6.8
6.7
6.9
5.3
5.8
5.5
5.1
7.2
6.6
6.4
7.1
6.9
6
5.9
6.4
6.7
6.9
6.9
6
6.3
6.7
4.6
5.8
5.6
6
6.3
7.2
6.7
6.2
5.7
8.6
6.7
5.9
6.6
5.5
4.9
6.4
6.4
6.9
6.6
6.2
6
6.7
6.4
7
5.7
4.5
6.1
5.7
6
6
5.3
5.7
6
6
6.4
7.5
6.2
6.2
5.3
7
6.6
6.3
6.7
5.2
6.6
6.4
7.5
7
5.4
6.3
6.7
6.7
6.1
6.3
7.4
7.6
5.6
5.7
7.5
6.8
8.4
6.6
5.4
7.6
6.6
5.5
6.2
4.6
6.1
6.3
5.3
5.6
6.8
7.3
7
6.4
6.9
6.7
6.1
7
7.5
6.2
6
6.5
7
7.2
6.4
5.3
6.7
5.5
6.1
6
6.9
6.9
6.8
5.6
6.2
5.4
6.1
6.7
7
8
5.9
4.8
5.4
6.1
6.7
7.1
6.8
5.9
5.9
6.4
6.2
7.3
6.8
7
5.9
4.8
5
5
6.6
5.4
6.5
7.2
7.8
6.5
7.4
7.3
8.4
7.1
7.6
6.7
7
4.9
7
6.7
7.1
6.3
6.9
6.7
5.8
6.7
6.6
6.7
7.4
7.2
8
7.6
6.9
7.9
7.1
8.5
5.8
6.2
7.6
6.3
6.8
5.4
6.3
7
5.8
8.1
6.6
7.1
7.9
4.8
6.8
5.6
7
7.5
6.9
7
5.4
6.2
5.8
5
5.4
7
6.3
6
5.9
5.8
6.5
6.9
7.1
7.9
7.1
6.7
6.3
6
5
6.2
6.7
6.4
6.6
6.5
6.3
6
8
6.3
6.2
5.8
6.1
5.6
6.9
6.5
5
6.5
6.2
4.9
7.3
6.1
6.5
6.6
5.4
7.2
7.5
6.4
7.7
6.8
7.1
6
6.7
7.4
7.4
7.8
7
6.7
6.6
6.5
6.4
6.5
7
6.6
5.66666666666667
7
6.44444444444444
7.11111111111111
6.77777777777778
7.22222222222222
7.77777777777778
8.11111111111111
7.22222222222222
7.44444444444444
8
7.11111111111111
6
7.33333333333333
6.77777777777778
7.44444444444444
7.77777777777778
5
6.11111111111111
7.44444444444444
6.22222222222222
7.88888888888889
4.88888888888889
5.11111111111111
5.88888888888889
6.88888888888889
5.77777777777778
7.44444444444444
6.55555555555556
6.22222222222222
5.88888888888889
5.66666666666667
6.11111111111111
6.11111111111111
5.55555555555556
6.33333333333333
5.77777777777778
6.55555555555556
6.66666666666667
5.88888888888889
5.33333333333333
6.33333333333333
6.22222222222222
6.33333333333333
7.55555555555556
5.22222222222222
7.22222222222222
6.33333333333333
6
6.88888888888889
6.88888888888889
4.88888888888889
6.22222222222222
4.33333333333333
6.88888888888889
6.44444444444444
5.88888888888889
7.22222222222222
6.33333333333333
7.55555555555556
6.66666666666667
5.44444444444444
5.33333333333333
3.33333333333333
4.22222222222222
5.44444444444444
5
5
6.22222222222222
6.55555555555556
6.44444444444444
7.77777777777778
7.66666666666667
7.77777777777778
6.77777777777778
7.44444444444444
5.77777777777778
6.88888888888889
7
6
6.22222222222222
5.77777777777778
7.33333333333333
6.88888888888889
5
6.33333333333333
6.77777777777778
6.77777777777778
7.33333333333333
5.55555555555556
7.77777777777778
6.33333333333333
6
6.77777777777778
7.22222222222222
5.88888888888889
5.11111111111111
5.77777777777778
5.77777777777778
5.33333333333333
6.55555555555556
5.33333333333333
7.22222222222222
6.33333333333333
7.11111111111111
5.55555555555556
5.88888888888889
5.22222222222222
5.66666666666667
5.66666666666667
5.88888888888889
6.44444444444444
6.77777777777778
7.88888888888889
7.22222222222222
5.88888888888889
7.22222222222222
7.22222222222222
5
6.55555555555556
7
6.22222222222222
6
5.77777777777778
5.22222222222222
5.44444444444444
5.77777777777778
6.55555555555556
6.44444444444444
6.77777777777778
6.88888888888889
6.66666666666667
7.22222222222222
6.33333333333333
6.22222222222222
7
5.88888888888889
6
6
6.22222222222222
6.66666666666667
7.11111111111111
6.22222222222222
6.22222222222222
6.66666666666667
6.11111111111111
6.22222222222222
7.55555555555556
7.55555555555556
7.375
6.875
4.25
4.71428571428571
5.14285714285714
5.42857142857143
5.71428571428571
6.85714285714286
7.57142857142857
6
6.57142857142857
6.42857142857143
8
7.14285714285714
7.71428571428571
7
5.14285714285714
5.71428571428571
6
6.42857142857143
6.85714285714286
6.71428571428571
6.57142857142857
8.14285714285714
6.85714285714286
6.57142857142857
6.85714285714286
6
6.42857142857143
7
5.14285714285714
7.28571428571429
6.85714285714286
6.71428571428571
8.14285714285714
5.28571428571429
6.57142857142857
6.71428571428571
5.28571428571429
6.57142857142857
6.28571428571429
6.14285714285714
5.57142857142857
7.71428571428571
6.28571428571429
4.57142857142857
6.85714285714286
5.85714285714286
6.14285714285714
6.28571428571429
3.71428571428571
6.57142857142857
6.14285714285714
7
7.28571428571429
5.71428571428571
7.14285714285714
7.42857142857143
6.71428571428571
6.71428571428571
6.57142857142857
6.28571428571429
6.71428571428571
5
5
7.42857142857143
7.42857142857143
6.28571428571429
6.57142857142857
8.14285714285714
8.71428571428571
7.71428571428571
8.57142857142857
7.28571428571429
5.85714285714286
5.57142857142857
6.42857142857143
7
7.42857142857143
5.85714285714286
7
6.71428571428571
6.85714285714286
7.14285714285714
7.28571428571429
6.57142857142857
6
6
6.71428571428571
5.57142857142857
7
6.57142857142857
6.42857142857143
6.42857142857143
5.14285714285714
7.57142857142857
6.71428571428571
7
4.28571428571429
6.71428571428571
6.85714285714286
5.85714285714286
6.71428571428571
7.28571428571429
6.42857142857143
6.42857142857143
7.14285714285714
5.71428571428571
5.85714285714286
7.14285714285714
8
5.85714285714286
6
5.28571428571429
7.71428571428571
6.57142857142857
7.42857142857143
4.42857142857143
7.28571428571429
5.42857142857143
6.57142857142857
5.42857142857143
6.14285714285714
6.14285714285714
6
5.14285714285714
6.71428571428571
6.85714285714286
7.42857142857143
7.14285714285714
7.57142857142857
5.14285714285714
6.85714285714286
6.28571428571429
6.71428571428571
6
7
5.28571428571429
6.85714285714286
7.42857142857143
7
6.57142857142857
6
6.57142857142857
8
6
6.57142857142857
6.28571428571429
7
5
6.42857142857143
7.14285714285714
5
5.28571428571429
6.28571428571429
5.28571428571429
6.57142857142857
6.14285714285714
5.57142857142857
5.42857142857143
5
6.14285714285714
4.42857142857143
5.71428571428571
5
5.71428571428571
5.42857142857143
4.85714285714286
5.85714285714286
6.28571428571429
6.71428571428571
7.14285714285714
7
7
5.85714285714286
6.85714285714286
6.28571428571429
6.28571428571429
5.85714285714286
5.85714285714286
6
6.28571428571429
6.71428571428571
5.42857142857143
5.85714285714286
7
6.42857142857143
5.28571428571429
5.71428571428571
6.14285714285714
7.28571428571429
6.14285714285714
6.14285714285714
6
5.14285714285714
6
6.42857142857143
6.42857142857143
6.42857142857143
7.71428571428571
7.85714285714286
8.14285714285714
6.28571428571429
8.14285714285714
7.14285714285714
7.57142857142857
6.85714285714286
7.57142857142857
7.14285714285714
8.28571428571429
7.28571428571429
7.42857142857143
8.57142857142857
5.85714285714286
5.28571428571429
5.57142857142857
5.57142857142857
7.57142857142857
6.42857142857143
6.14285714285714
8.42857142857143
7.14285714285714
7
7.14285714285714
7.42857142857143
6.85714285714286
7.57142857142857
6.71428571428571
6.28571428571429
5
6.28571428571429
5.28571428571429
6
6.57142857142857
6.85714285714286
6.71428571428571
7
6.28571428571429
6.57142857142857
7.57142857142857
7.14285714285714
6.71428571428571
8.42857142857143
7.71428571428571
5.14285714285714
5.71428571428571
5.85714285714286
7.57142857142857
6.42857142857143
6.85714285714286
7
5.28571428571429
5.57142857142857
4.85714285714286
4.85714285714286
5
5.14285714285714
4.85714285714286
4.42857142857143
4.85714285714286
6.14285714285714
6.57142857142857
6.42857142857143
5.85714285714286
6
6.57142857142857
6.57142857142857
3.71428571428571
6
6.14285714285714
6.42857142857143
6.42857142857143
6.42857142857143
5.85714285714286
5.28571428571429
5.85714285714286
4.57142857142857
6.28571428571429
5.71428571428571
6.57142857142857
7
6.57142857142857
5.85714285714286
6.57142857142857
4.28571428571429
5.14285714285714
6
6.28571428571429
7
6.42857142857143
8.28571428571429
6.42857142857143
7.57142857142857
6.71428571428571
6.14285714285714
4.85714285714286
4.85714285714286
6
5.85714285714286
6.85714285714286
4.71428571428571
5.85714285714286
5.85714285714286
5.85714285714286
7.42857142857143
6
7.28571428571429
7.42857142857143
7.85714285714286
7
7.42857142857143
6.71428571428571
5.71428571428571
6.28571428571429
7.57142857142857
5.42857142857143
6
6.28571428571429
5.85714285714286
6.14285714285714
4.85714285714286
5
6.14285714285714
6.14285714285714
6.33333333333333
6.33333333333333
7.33333333333333
5.83333333333333
6.66666666666667
4.83333333333333
5.16666666666667
3.5
5.66666666666667
6
6.16666666666667
6.66666666666667
8.33333333333333
6
6
5.33333333333333
6.83333333333333
6.33333333333333
7.16666666666667
7.66666666666667
5.83333333333333
3.8
5.4
7.8
7.2
6.8
8
6.6
5
6.4
6.8
5.6
6.6
5.2
5
4.8
7.6
6.6
6.4
4.4
5.2
5.4
7
7.2
5.8
4.2
6.4
6.6
6.4
5.8
7.6
7.4
8.6
8
7.4
6.8
6.2
6
5.6
7.2
8.4
7.8
7.6
5
6.2
7.6
7.2
8.8
6.8
6
8.8
5
7.2
7.8
5.2
6.8
5.2
4.8
4.2
5.4
6.4
7.2
5
6
6.2
5.6
5.4
6.6
3.8
6
6.4
5.8
6.6
5.6
4.6
5.8
5
5.4
5.4
4.6
5
5
6.2
4.8
6.2
5
5.6
6.6
7.2
4.4
7
6.6
6.8
5.4
7.4
7.2
7.8
6.6
7.6
6.6
6
6.8
5.4
5.8
6.2
5
5.6
6.6
6
6
5.4
6
6
6.2
5.8
7.6
5.6
7.6
7.4
8.2
6.4
8.6
4.4
7.4
7.6
5.8
5.4
4.8
5.6
5.6
4.2
5.2
6.8
3.6
4.6
4.4
4.4
4.8
6.4
5
6.8
6.4
4.8
4.8
4.6
5.2
5.2
4.8
4.4
5.2
5.2
7.4
6.2
5.2
4.4
5.2
7.6
5.8
5
6.6
4.8
5.2
6.8
4.6
5.4
5
5.6
5.8
4.6
5.6
7
7.8
5.4
6.4
4.8
4.8
5.8
6.2
6.8
7.4
7.4
4.8
6.2
4.2
4.8
5.8
5.6
5.8
4.8
5.2
5.2
5.4
6
5.6
3
4.6
4.6
7
7
4.8
6.4
5.8
7.6
7.4
7.6
5.6
5.8
6.2
5.8
7.2
8.2
7.4
6.6
6.6
6
6.2
7.4
6
7.6
7
7.4
5.8
7
7.2
5.8
5.8
7
5
6.4
6.2
6.8
7
6.8
5.8
7.2
6.4
8.6
8.8
7
7
7.8
6.4
7.4
4.6
6.4
5.6
6.6
6.4
6.2
6.4
6.4
5.6
6.6
7.2
6.8
5.4
6
8.4
7
5.4
5.6
6.8
7.6
7.2
5.8
7.2
8.2
8.6
6
8
4.8
7.2
5
7
5.6
6.4
5.2
4.4
5.6
6.8
6
4.6
5.4
7.8
6.6
5.4
5
5
6
6.2
6.2
4.4
7.4
5.2
6
5.8
5.4
5
4
6
6.2
6.6
5
5.2
6.8
6.4
5.6
5.8
6.4
7
8.4
6.4
7
8.4
8
7.6
7.2
6.8
7.6
7
7.2
7.2
7.2
4.4
5.6
3.8
4
5.8
4.2
5.8
5.8
6.4
5.6
5.2
7.6
4.8
5.8
6
6.8
6.6
3.4
5
4.6
5.4
5.4
5.2
5.4
4.8
5.4
4
6.6
7.2
6.4
6
4.4
5.6
5.4
4.4
5.8
4.8
6
6.6
6.2
5.6
6.6
4.6
6
6.4
6.5
5.25
6.25
5
5.25
5.5
4.25
6
3.75
6.75
7
7
7
6.5
6.5
4.25
6.75
7
6.5
6.5
5.5
4.75
7
7.25
9.25
8
5.25
7
7.75
8
9.75
7.5
8.75
7.25
8
9
8.25
9
6
7.75
7.75
7.5
8.5
8
7.25
5.75
7.5
6.5
5.25
5.5
6.75
6.5
5.75
5.25
8.5
7.75
7.25
6.5
4.5
5
3.75
7.75
6.75
4.5
5
5.75
6
5.25
6.5
5.5
6
5.75
5.5
6.25
5.25
4
8
7
8
9
6
8.25
7.25
6.75
7.25
8.25
7.5
8
8
6.25
7
7
8.5
6.25
7.5
5.5
6
6.75
6
7.25
6.75
6.75
7
6
7.25
6.75
4.25
6
8.5
8
8.25
8.5
8
7.5
7.5
5.75
8.5
6.25
8.5
7.25
5.75
7
6
7
8
8
8.75
5.25
8.5
7.5
6.5
5.5
6.75
4.75
6.5
5.75
4.25
4.25
8.5
6.25
4.75
8.25
8.25
7.25
6
7
7.5
4.75
6.25
5.5
7.25
6.25
7.25
4.25
5.5
7.25
8.5
7.25
6.75
5
5
6.75
5.25
5.75
7.5
5.75
7.25
6
6.75
7.25
7.5
8.25
6.25
7
5.75
5.5
6
8.25
6
6.75
4.75
3.5
5.75
6.25
3.75
7
6
6.75
7.25
6.25
5.25
5
4
5.75
4.75
7.5
7
6.25
4
7
6.25
7.25
7.5
9
8.5
5.25
6.25
7.25
8
6.5
8.25
9
8.25
7
6.5
6
8
7.5
9.25
6.25
9
8.75
5.5
7.75
7.5
6
7.5
7
8
5.75
8.75
7
7.5
5.5
8.25
8
9
4.5
6.5
7.5
9
8.75
8.75
5.25
4.75
5.75
7
3
6.75
7.75
7
6.75
6
7.75
5.25
4.5
5.25
7.75
6.25
7
6.5
6.75
7.75
6
7.75
8.25
6.75
6.25
7.75
7.5
8
7.5
5
6.25
5.75
4.75
6
8.25
8.25
8.25
6.25
7.5
9.75
8
6.75
6
6.5
7.25
7.75
5.25
5.75
7.25
5.75
8.5
6.5
6.25
8.5
7.75
9
7.25
3
7.5
9
7.5
9
7.75
9.25
6
6.5
8.25
9.25
5.5
8.25
7.75
9.5
7.25
8.5
8.75
6.25
6.5
6.75
7.25
4.75
8.5
6.25
7
8.5
7.75
8
8.25
7.75
7.75
7.25
7
8.5
5.75
7.25
7
7
7
8.25
5.25
8.25
7
6
6.25
7.25
8.75
6.75
9.5
6.25
8.25
7
7
6.5
5.25
7.5
7.75
8.5
4.25
6.5
8.5
6.25
7.5
7.25
6.25
8.5
7.25
8.5
7.25
5.5
6.5
6
8
5.5
6.25
7.25
6
6.5
6.5
6.5
5.25
6
6.75
6.25
5
6.5
5.75
5
5.75
6
5.25
7
5.25
4.75
2
5
6.25
6.75
5.5
5.75
5.25
6
6.75
7.75
6.5
7.25
7.75
7
6.5
5
3.5
5
5.5
5.5
6.25
7.25
6.25
4
7.75
5.25
6.25
6
6.5
4.5
7.25
3.75
5.25
4
6.5
6.25
6.75
4.75
4
4.75
6.75
3.75
8
4.5
6
4.5
5.25
2.75
7
7
5.75
7.75
7.25
6.5
7
9
7.75
7.25
6.25
6.75
7.5
8.5
6.75
4.25
8.75
6
3
6.5
4.75
7.5
3.75
7.5
6.75
5.5
7.5
8
7
7.5
7
5.5
6
8
8
6.25
6
6
5.25
5.25
5.75
6
6.25
7.75
7
4.75
6.75
6.5
6.75
6
6.5
6.25
7
5.75
6.75
5.75
5.75
6.25
4.25
6
6.25
4.75
7.75
7.75
5
7.5
4.5
9.5
7
5.25
6.75
5.75
7
5.25
7.75
8.75
6.75
6.5
5.75
6
6
5.75
6.5
6
9
5.5
5.75
5.5
4.5
6.5
7.5
5.25
7.25
7.5
5
5
8
6.5
5.75
4.25
4.5
6.5
6.25
5.5
4.25
6.5
7
7.25
7
7.75
7
7
6.75
7
6.75
6.75
8
8
9.25
6.5
8
6.5
6.75
7.25
6
6.5
6
5.75
7.25
6.25
6
3.75
4.5
5.25
3.25
4.5
3.75
6.25
6.5
5.75
6.75
7.25
6.25
7.5
7.75
8
6.75
9
8.5
6.5
6
8.5
8
9.75
7.75
7.5
9.25
8.25
6
5.75
7
8.75
9.25
6.25
7.5
9
4.5
6
4.5
8.25
5.5
6.75
4.75
5.5
5.25
6
7
5.5
7
3.25
6.25
6.5
6
7
9.25
6.75
7.25
8.25
6.75
7.25
7.25
7.5
7.75
7
9.25
6.5
9.75
6.25
6.5
7.25
7.75
7.5
7.25
6.25
7.25
5.75
6.5
4
4
8.25
7.25
4.25
6.75
6
7
8.75
7.75
7.25
6.5
6.5
7.75
7.25
4.75
7.75
9.25
6.25
8.25
9.75
6.75
7
8.5
8.25
7.25
6.75
7
6
7.5
8.5
5.25
7.25
5
6.5
8.25
6.25
8
7.75
8.25
8.25
9
6.5
8.75
5.75
6.25
7.5
7.75
8.25
8
9.5
8.5
8.25
8
8.25
7.75
7.75
6.25
7.75
6.5
7.25
6.25
8.25
7.5
8
5.75
6.25
6
8
7
6.25
5.75
5.5
6.25
8.5
9
9
7
8
6.25
7
6.75
8.5
8.75
9.25
7.25
10
10
8.75
6.5
8.25
8.75
9
7.25
8.25
9
8.5
6.5
6.5
8
5.5
8.25
8.75
7.25
7
8.75
8.5
9.75
7.75
8.5
8.75
10
9.25
8.25
8.5
8
9.75
8.75
8
8.75
7.5
8.75
8.25
7.5
8.75
9.25
6.5
7.75
5
7.75
7.75
6.75
5.75
5.25
6.75
5
6
7.75
6
7.25
6
7.25
5.5
7.25
7
8.5
6.25
6
7.25
8
8
8.25
8.5
8.25
7.75
7.5
6.75
8
8.75
9
9.75
7.5
7.75
4.5
7.75
8
7.5
8.5
7.75
7.5
7.75
8.5
9.25
10
7.25
6
7
8.5
7
6.75
7.75
8
7.5
8.5
7.25
5.25
5.75
5.75
6.25
6.75
6.75
7.5
7.25
7.5
7
6.75
6.25
6.25
4.75
6
7.75
4.5
6
6.75
5
5.25
6.75
8.25
8
3
6.75
8.75
5.25
7.25
6.5
8.25
8.75
9
6.75
8
7.75
6.75
8.75
8.5
8.75
7.5
8.25
8.5
7.5
5
7.25
7.5
6.75
9
7.5
5.25
6.25
7.75
6.5
6.5
4.75
6.25
5.5
6.5
5
6
7.25
6.5
8.25
8.25
8.75
8.75
9.25
9.5
8.25
9.25
6.75
10
8
5
8.25
9.25
7
6.5
6.5
7
8.5
8.75
8
6.5
7
4.25
5.75
6.5
8.75
7
8.75
8
6.5
6.25
6.25
6.25
5
8
7.75
6.75
8.5
8.25
7.75
8.5
7
6.5
6
5
7
6.75
5.5
6
6.5
6.25
4.5
6.25
7.5
8.25
6.5
8.5
7.5
6.25
5
6.75
6
6.75
4.5
5.75
4.75
7.5
6
3.25
7
6.75
5.5
7.25
4.75
7.25
7.5
7.25
7.25
5.75
5.5
5.75
6
6.75
7.5
6.5
8.75
7
5.5
6
5.5
6.5
5.5
6.5
7
6
7.25
6.5
5.5
5.75
6
5.75
8
7.75
9
7.75
7
7.75
7
7
6.75
7.5
7
7
7.75
6.25
9
5.75
7.75
6.75
5.75
6
8.25
7.25
6.25
6.5
5.5
6
7.25
5.75
6
7
8
8.25
8.25
8.25
6.5
8.25
8.25
8.5
9
9
9
9
8
7.25
6.75
7.5
7.25
7
9.25
9
8
9.75
9
8.25
8.5
7.5
6
5.5
8.5
7.5
8.75
7.75
7.5
8.5
6.5
7.75
9
7.75
9.75
5.75
6.75
6.75
8.25
6.5
7.5
5.75
8
8.75
8.75
8
7.25
5.75
7.5
8
7.75
7.5
7
7.25
8
7
7.5
7.5
5.75
6.25
8
9.5
6.25
8.25
6.25
6.25
7.25
8.25
7.5
7.5
5.5
6.75
6
8
8.5
5.75
6
5.25
8
6.25
8
6.75
7.5
8
6.75
6.5
6.25
6.25
8.5
7
7.75
4.75
6
6
6
6.25
6.5
7.5
7
7.25
6.25
7.25
7.75
7
7.25
6.25
6.25
5.25
8
6
6.5
7.25
9
7.75
5.75
4.5
6.75
6.75
7
7.75
7.75
7
7
7.25
7.75
9
5.5
9
9
7.25
7.25
9
5.75
8.25
7.25
8
8.5
9.5
7.75
6.5
7.75
7.5
4.25
7
6.5
7.5
6.5
6.75
7.75
7.75
7.5
6
6
5.5
5.5
7.5
8.25
8
8.75
5.75
9.5
5.25
8.5
7.25
8
6.75
7.5
7.5
7.25
8
8.5
8.5
8.75
5.75
8.75
7.25
6.25
5.5
8
7
8
5.5
6.75
5.75
8.25
8
5.25
7.25
8.5
6.5
6
6.75
8
6.75
6
7.5
8.25
7.5
5.25
6.5
7.25
9
8.5
8.5
7
6.75
8.75
9
5
7.25
9.5
8
8.5
7.25
5
8
8.25
7.75
7.25
6.75
9.25
7.25
7
6.5
6.5
7.75
8
9
8
7.5
8.5
7.25
8
6.75
6.25
8.25
8.5
6.75
7
5.25
7
7.5
6
6.75
5.25
8.5
8.75
6.75
7
4.25
7.5
10
7
8.25
5.75
9
9.75
8
7.25
5.25
7.5
8.75
10
6.75
7
7.25
7.5
7.5
5.25
7
5.25
5.75
5.25
6.5
5.5
7.25
7.25
8
6.25
6.75
6.75
8.5
6.25
8.25
8.75
8.5
5.5
7.5
8.75
5.5
4
5.75
6.25
6
6.75
8.25
6.5
7.75
6
6.5
5
7.25
7.5
6
6.5
6
7
7.25
8
5.75
5.25
5.75
6.25
6.5
6.5
6
6.5
8.25
7.25
7.5
5.25
6
6
5.25
5
6.5
5.5
7
7.25
5.5
6
6.25
7
6.5
6.5
3.5
7.25
7.75
7
6
5.5
6
5.25
4.75
7
7.5
4
6
5.75
6.5
5.75
5.75
7
6
4.75
5.5
4.25
5.5
6.75
5.5
5.75
7.5
6.25
7.5
8
5.25
7.75
4.25
6.5
6
4.5
7.5
6.5
5.75
8.5
7
4.5
6.75
7.25
7.5
7
6.75
7.75
5
6.25
5.75
5.75
7.75
6.25
5.25
6.75
6
8
6.75
5
9
9.25
7
7.25
7.25
7.25
9
8.25
7
7.25
6
6
6
7.25
6.25
7
7.5
7.5
5.75
5.5
6.5
8
5.5
8.75
7.75
8.25
8.5
7.25
6.5
6.5
4.5
7.25
6.75
8
6
6.25
6.25
7.5
7.75
7.5
7.25
7.5
7
6.25
7.5
5.25
5.5
8
8.25
6.5
7.5
7.75
5.25
7.25
8
7.5
5.5
5.25
4.75
3.75
5
4
5.25
6.25
5.5
5.25
6.5
5.75
5.5
6.25
5.75
5.5
7
6
5.75
3.5
6
8
7.5
6.75
9.25
6
7.75
9.25
8
8.5
8.75
8.75
6.25
7.5
5.75
5.5
8.5
6.25
7
7.25
7
6.25
4
7
5.5
7
2.75
5.75
6
6.75
6.75
3.75
5
6.25
5.75
7
1.75
6.5
4.75
8
5.75
5.5
6.5
6.75
8
8.5
4.25
8
4.5
5
6.75
6
7.25
6.25
5.75
5.5
7
8.25
5.25
8
5.25
6
4.5
7.25
7.75
7.25
6
8
6.5
8
7.75
6.5
6.75
8
5.5
7.25
6.75
6.25
7.75
6.75
5
7.5
7.75
8.75
7.75
8.25
5.75
7.25
8
6.75
6.75
8.5
8
6.5
7.5
7.5
7.25
7.5
6.5
7.5
6
8.25
5
5.75
4.75
5
5.5
5.25
7
5
4.25
6.5
3.75
7.25
8
7.5
8.5
8.25
8.5
6.25
6.75
7.75
7.75
8.25
8.25
7.25
5.25
6.25
6.5
6.75
4.25
6.5
8.5
6.25
7
7.5
6.25
6.75
5
8
8.25
6.5
7.5
7.25
8.25
7.75
5.25
7.25
4.75
8
5
3
5.66666666666667
6
7
5
7.66666666666667
8.66666666666667
7.66666666666667
8.33333333333333
8.33333333333333
8
6.66666666666667
5
9
8.33333333333333
5
8
8
8.66666666666667
9
6
5.33333333333333
6.33333333333333
6
6.66666666666667
2.66666666666667
6.33333333333333
6.33333333333333
6.33333333333333
4.33333333333333
6
8
2
5.66666666666667
4.33333333333333
8.33333333333333
7.33333333333333
8
5.33333333333333
7
6.66666666666667
5
4.66666666666667
5.33333333333333
8.33333333333333
8.33333333333333
5.33333333333333
4.66666666666667
4.33333333333333
8.33333333333333
8.33333333333333
6.66666666666667
8.66666666666667
8.66666666666667
7
9.33333333333333
9.33333333333333
8
4.33333333333333
7.66666666666667
6.33333333333333
8.66666666666667
8.33333333333333
5.33333333333333
8.33333333333333
7.66666666666667
7.66666666666667
9.66666666666667
9.33333333333333
9
7.33333333333333
8.66666666666667
5.33333333333333
7.33333333333333
7
6.66666666666667
6.33333333333333
6.66666666666667
5.66666666666667
8.66666666666667
9.33333333333333
9
7
6.66666666666667
8.33333333333333
8
8.33333333333333
8.66666666666667
9.66666666666667
6.66666666666667
7.33333333333333
7.66666666666667
9.33333333333333
6.66666666666667
7.33333333333333
7
7.33333333333333
5.33333333333333
8
8
6.66666666666667
7
8
6.66666666666667
8.33333333333333
7
6.66666666666667
6.33333333333333
6.66666666666667
3.33333333333333
6.33333333333333
3.33333333333333
3.66666666666667
6
5
5
4.66666666666667
5.33333333333333
4.66666666666667
5.66666666666667
4.33333333333333
4.33333333333333
5.33333333333333
4.66666666666667
5.66666666666667
6.66666666666667
5.33333333333333
5.66666666666667
8
7.66666666666667
5
7.33333333333333
6.33333333333333
9
7.66666666666667
7
6.66666666666667
7.33333333333333
7.66666666666667
6.33333333333333
4.66666666666667
6
7.33333333333333
6.33333333333333
4.33333333333333
6
4
7.66666666666667
6.66666666666667
5.66666666666667
7
6.66666666666667
6
6
7
8.66666666666667
9.33333333333333
8.33333333333333
6
8.66666666666667
7.66666666666667
4.33333333333333
7.33333333333333
9.33333333333333
8
8.33333333333333
5.66666666666667
9
8.66666666666667
2.66666666666667
6
4.33333333333333
6.66666666666667
9
9
6.66666666666667
7
7.33333333333333
8
6.66666666666667
5.33333333333333
5.33333333333333
5.66666666666667
6
5.66666666666667
6
6
4.66666666666667
6.66666666666667
7
4.33333333333333
5.33333333333333
5.33333333333333
7.33333333333333
6.33333333333333
6.66666666666667
6.66666666666667
6.66666666666667
9
9.33333333333333
6
6.33333333333333
5.66666666666667
6.66666666666667
5.66666666666667
8
3.33333333333333
5.33333333333333
6.33333333333333
7
8.33333333333333
7.66666666666667
5.33333333333333
6.66666666666667
6.5
7
9.5
9
6
7
6
8
9
5.5
9.5
9.5
8
8
5.5
6.5
8
6.5
6
9
5.5
8
3.5
4.5
7.5
6
7
7
7.5
7.5
6
7
7.5
3.5
7
3
8
8.5
7
5.5
6.5
7
5.5
5.5
4.5
6
5.5
4.5
5
5
5.5
5
5.5
4.5
4
4.5
4
5
6
6
6
5
6
5
10
4
5
6
7
5
5
4
4
5
6
6
6
5
6
5
10
6
7
5
6
6
5
5
4
5
6
6
6
5
6
5
10
6
10
5
6
7
4
4
4
5
1
5
6
5
3
8
5
6
5
6
4
5
5
7
6
6
7
8
8
8
6
6
7
4
7
6
6
6
5
6
5
10
6
6
7
10
7
8
7
6
5
4
7
6
6
6
5
6
5
10
5
6
7
8
5
8
7
6
7
4
7
6
6
6
5
6
5
10
5
6
7
10
8
8
9
6
5
4
10
5
1
6
6
4
3
6
5
8
6
7
5
6
5
8
6
6
7
10
8
5
4
4
6
6
6
6
5
6
5
10
5
6
7
10
8
5
4
4
6
6
6
6
5
6
5
10
6
10
5
7
8
6
7
4
7
6
6
6
5
6
5
10
6
10
5
7
8
6
5
4
10
6
6
6
6
2
8
9
4
10
6
10
2
9
8
4
10
10
4
5
6
6
7
6
8
9
3
10
10
10
10
2
4
7
1
5
5
5
6
3
8
6
8
3
3
3
5
3
6
6
7
7
5
5
3
3
4
4
5
5
6
7
8
6
4
2
4
7
6
3
4
5
6
6
7
8
2
10
5
5
4
5
6
7
7
8
9
10
10
4
4
4
6
4
2
6
5
8
1
8
9
10
5
6
8
10
10
10
5
10
6
6
5
8
6
7
6
7
9
10
1
10
10
4
6
5
6
10
10
4
10
4
5
10
7
1
6
7
7
9
9
10
10
10
10
10
10
5
10
10
1
10
10
7
10
9
10
10
10
10
10
10
5
10
10
1
10
10
4
10
5
6
10
10
4
10
4
5
10
1
5
3
4
3
4
4
5
5
4
4
3
3
4
4
3
5
5
5
6
5
5
2
7
7
4
8
10
10
3
2
5
5
10
1
8
9
10
5
6
8
10
10
10
7
10
7
8
7
8
10
8
5
10
5
5
1
5
5
6
8
9
10
10
10
10
5
4
5
10
10
8
8
6
2
3
3
5
4
3
2
3
2
3
2
3
4
5
5
5
5
4
3
5
6
4
3
4
3
4
3
4
5
4
4
5
2
7
7
4
8
10
10
3
2
5
5
10
7
4
6
4
6
9
5
10
1
9
7
7
5
6
10
10
10
10
3
10
5
5
5
7
8
8
1
2
3
4
5
6
3
1
2
3
4
5
8
4
1
2
3
4
5
8
8
1
6
6
6
5
3
7
3
6
3
3
3
3
3
5
2
3
4
1
5
6
3
1
5
6
4
5
4
6
5
6
6
2
7
7
8
1
2
3
4
5
3
7
4
9
6
5
7
6
5
2
7
5
9
1
8
9
10
5
6
8
10
10
4
3
10
6
10
6
10
8
10
8
10
1
2
10
10
10
5
7
4
8
10
5
10
1
10
7
9
9
10
10
10
10
10
10
10
10
10
10
10
10
1
10
10
10
10
10
10
6
10
9
1
4
5
6
7
8
9
10
10
10
10
3
4
5
6
5
5
6
7
4
3
4
5
5
6
6
6
6
1
6
5
4
5
5
6
7
7
5
5
6
5
6
5
5
5
5
1
5
5
4
7
8
7
8
9
9
6
2
7
8
9
1
4
9
8
10
8
6
3
2
5
5
10
8
5
8
9
9
1
7
7
9
5
6
9
10
10
1
1
2
3
4
1
2
3
4
4
4
5
5
6
7
7
8
9
10
1
6
5
6
5
6
7
10
4
3
2
3
4
6
6
6
5
8
9
8
10
9
6
6
2
7
8
4
8
10
5
2
6
5
8
1
8
9
10
5
6
8
10
10
5
2
7
6
6
5
8
9
8
1
2
3
4
5
9
4
1
2
3
4
5
10
4
1
2
3
4
5
10
4
5
5
5
2
7
5
9
7
7
4
5
4
6
5
6
7
5
9
8
9
4
7
5
4
6
6
6
6
8
5
4
3
4
6
7
6
6
7
5
8
3
4
7
8
9
6
8
5
9
3
4
7
8
9
6
8
5
9
3
4
7
8
9
6
8
5
9
3
4
7
8
9
6
8
5
9
3
4
7
8
9
6
8
5
9
3
4
7
1
6
7
7
5
6
10
10
10
4
3
10
6
10
6
10
8
10
8
10
1
2
10
10
9
5
6
7
6
5
8
7
8
6
7
7
8
5
9
10
10
1
5
6
7
8
9
10
10
10
10
10
10
10
10
10
10
10
1
10
10
6
4
3
3
4
5
6
6
8
9
9
8
4
5
5
4
4
5
5
6
6
8
9
10
10
6
6
6
6
8
8
8
6
8
10
10
10
5
5
6
4
4
4
4
7
6
7
6
8
10
3
3
3
3
4
5
5
7
6
6
8
8
9
6
8
10
10
10
10
10
7
2
10
7
4
8
10
10
3
2
5
5
10
1
8
9
10
5
6
8
10
10
5
2
10
7
7
5
9
10
10
1
2
5
4
5
10
