-5e-04
0.999
1.9935
2.986
3.9555
4.0855
5.78
6.1055
4.572
4.3725
9.098
7.661
8.818
7.1965
6.7675
5.7245
6.055
7.4455
6.343
7.8085
6.871
8.631
7.3765
6.2305
6.939
7.009
6.641
7.159
7.125
5.8465
7.1405
7.626
7.6225
7.716
7.214
7.6385
7.0985
7.184
7.254
7.008
7.47
7.4255
7.43
7.3365
7.283
7.47623811905953
7.3711855927964
7.30865432716358
6.97848924462231
7.48773159739609
7.34251377065598
7.30545818728092
7.32464929859719
7.31162324649299
7.42585170340681
7.39749373433584
7.19526925012582
7.02418136020151
7.27671370967742
7.35249621785174
7.27084386053562
7.15949367088608
7.15380710659898
7.22194007110208
7.13167259786477
7.01628498727735
7.11111111111111
7.18974358974359
7.08311822405782
7.1008794619762
7.03264248704663
7.06386292834891
6.98751950078003
7.01146430432517
7.01359832635983
7.03408495018353
7.035244608101
7.1702688455456
7.06818181818182
7.10780669144981
7.05475810738969
7.15093333333333
7.22353573347663
7.14577729962345
6.99513513513514
7.15763813651138
6.87928221859706
6.95136612021858
7.21491228070175
7.02693787795492
7.09800664451827
6.92884936075598
7.07850779510022
7.20413870246085
7.12725225225225
7.15554298642534
7.11875
7.15288077581289
7.18771526980482
7.12435233160622
7.19664545980335
7.13433700057904
7.25159420289855
7.18822843822844
7.24355971896956
7.13687315634218
7.07100591715976
7.23049434187016
7.1508078994614
7.08168168168168
7.09134906231095
7.18480243161094
7.1020782396088
7.11623616236162
7.16913580246914
7.09514925373134
7.02685821361649
7.03381340012523
7.13953488372093
6.91361916771753
6.99303797468354
6.96490108487556
7.01470588235294
6.93966623876765
7.00192926045016
6.84506132989025
6.82372002592353
6.87760416666667
7.02360655737705
6.90639419907713
6.94834437086093
6.97736351531292
7.02813127930342
6.91430499325236
6.89448604492852
6.82730375426621
6.88203017832647
6.97720994475138
6.86278586278586
6.88788300835655
6.93356643356643
6.92145862552595
6.91760563380282
6.84653465346535
6.84882895670688
6.97222222222222
6.9326164874552
6.86278735632184
6.86758321273517
6.83985507246377
6.90021849963583
6.81652046783626
6.78419897585955
6.87362233651727
6.82005899705015
6.73649148778682
6.82653817642698
6.80164056674124
6.76888556469708
6.75056348610068
6.73624717407687
6.8843537414966
6.79757391963609
6.80106302201974
6.88608562691132
6.67996930161167
6.7530959752322
6.8222049689441
6.69633099141296
6.86388670338316
6.84530386740331
6.76782884310618
6.99361532322426
6.87309236947791
6.87851971037812
6.8910411622276
6.93668831168831
6.89370400654129
6.90484003281378
6.92174629324547
6.91728701406121
6.81757877280265
6.84525790349418
6.93467336683417
6.86543313708999
6.78293918918919
6.78492802709568
6.79761904761905
6.78272027373824
6.92439862542955
6.76384083044983
6.86060606060606
6.91296779808529
6.81189851268591
6.84771126760563
6.88702559576346
7.01063829787234
6.75223613595707
6.77947794779478
6.67934782608696
6.80563124432334
6.79124886052871
6.90892364305428
6.75092592592593
6.81919850885368
6.75865294667914
6.66478873239437
6.85930122757318
6.68595825426945
6.76167778836988
6.69193857965451
6.79018286814244
6.74274661508704
6.68252427184466
6.79961089494163
6.81256133464181
6.68177339901478
6.72249752229931
6.65572139303483
6.656
6.8008008008008
6.78994974874372
6.78809283551968
6.78556910569106
6.70468431771894
6.72876151484135
6.68859198355601
6.72256728778468
6.67674661105318
6.66387434554974
6.70828961175236
6.72526315789474
6.78941798941799
6.91471215351812
6.72620320855615
6.82112068965517
6.66054054054054
6.80130293159609
6.64596949891068
6.70229007633588
6.61842105263158
6.71067106710671
6.63756906077348
6.74778761061947
6.57760532150776
6.75055679287305
6.70391061452514
6.84434490481523
6.6123595505618
6.79594137542277
6.72881355932203
6.78246013667426
6.66247139588101
6.64705882352941
6.67167630057804
6.77520278099652
6.67715617715618
6.55425904317386
6.63423212192263
6.57882352941176
6.65011820330969
6.75
6.71650717703349
6.68072289156626
6.5995145631068
6.56934306569343
6.8136419001218
6.56826568265683
6.5252774352651
6.60794044665012
6.77431421446384
6.68844221105528
6.59873417721519
6.69309462915601
6.55897435897436
6.67994858611825
6.64129032258065
6.72431729518856
6.72323759791123
6.76047120418848
6.81159420289855
6.89139072847682
6.6844207723036
6.67379679144385
6.61208053691275
6.63257065948856
6.67476383265857
6.71524966261808
6.65223274695535
6.83085250338295
6.70963364993216
6.76430517711172
6.87140902872777
6.61813186813187
6.89793103448276
6.88259668508287
6.70124481327801
6.75138888888889
6.50698324022346
6.57784011220196
6.7373595505618
6.60845070422535
6.71448863636364
6.67425320056899
6.64469914040115
6.61262553802009
6.48057553956835
6.51152737752161
6.73265895953757
6.66763425253991
6.64919941775837
6.69106881405564
6.62241887905605
6.55341246290801
6.61400894187779
6.42215568862275
6.66114457831325
6.51208459214502
6.47583081570997
6.61060606060606
6.64831804281346
6.68098159509202
6.56856702619414
6.5108024691358
6.55023183925811
6.57739938080495
6.58164852255054
6.48442367601246
6.40654205607477
6.51794071762871
6.69327073552426
6.69014084507042
6.59561128526646
6.54788069073783
6.67189952904239
6.64094488188976
6.75
6.76788553259142
6.5691573926868
6.68630573248408
6.74718196457327
6.55987055016181
6.4650406504065
6.39542483660131
6.59344262295082
6.68204283360791
6.73597359735974
6.61487603305785
6.61920529801325
6.61194029850746
6.79933665008292
6.66944908180301
6.56448911222781
6.60406091370558
6.38370118845501
6.45996592844974
6.55154639175258
6.75172413793103
6.64248704663212
6.61830742659758
6.70639032815199
6.63368055555556
6.73344947735192
6.58566433566434
6.66842105263158
6.73637961335677
6.48672566371681
6.41592920353982
6.67495559502664
6.57651245551601
6.46263345195729
6.38859180035651
6.64695340501792
6.49460431654676
6.84532374100719
6.64737793851718
6.6871609403255
6.69090909090909
6.60036496350365
6.64468864468865
6.84954128440367
6.76697247706422
6.67771639042357
6.56851851851852
6.60223048327138
6.40595903165736
6.52611940298507
6.63738317757009
6.66666666666667
6.63345864661654
6.53207547169811
6.66603773584906
6.64962121212121
6.76136363636364
6.76952380952381
6.7447619047619
6.81453154875717
6.52390057361377
6.63915547024952
6.75192307692308
6.81730769230769
6.86705202312139
6.77413127413127
6.95136186770428
6.77582846003899
6.83757338551859
6.79647749510763
6.76424361493124
6.76633663366337
6.75992063492064
6.68263473053892
6.61923847695391
6.45983935742972
6.75100401606426
6.76209677419355
6.83299389002037
6.71165644171779
6.87909836065574
6.73868312757202
6.74586776859504
6.79668049792531
6.91268191268191
6.65062761506276
6.60587002096436
6.66386554621849
6.69620253164557
6.73940677966102
6.53632478632479
6.52777777777778
6.44871794871795
6.45922746781116
6.57849462365591
6.51939655172414
6.6414686825054
6.62770562770563
6.58169934640523
6.57080610021787
6.62527233115468
6.55798687089715
6.79212253829322
6.77024070021882
6.63736263736264
6.69450549450549
6.52654867256637
6.58980044345898
6.83296213808463
6.44742729306488
6.50448430493274
6.41797752808989
6.54853273137697
6.56207674943567
6.5823927765237
6.52941176470588
6.74141876430206
6.40045766590389
6.65596330275229
6.5953488372093
6.68691588785047
6.5175644028103
6.69575471698113
6.64691943127962
6.56769596199525
6.58432304038005
6.78468899521531
6.72727272727273
6.77937649880096
6.66426858513189
6.63221153846154
6.47342995169082
6.53268765133172
6.56553398058252
6.61313868613139
6.44525547445255
6.40975609756098
6.38292682926829
6.46699266503667
6.47665847665848
6.72167487684729
6.69950738916256
6.66253101736973
6.4675
6.4
6.57644110275689
6.7713567839196
6.6272040302267
6.68686868686869
6.73924050632911
6.64376590330789
6.74234693877551
6.63520408163265
6.625
6.67352185089974
6.65544041450777
6.75388601036269
6.84675324675325
6.63020833333333
6.67015706806283
6.74015748031496
6.68601583113456
6.71164021164021
6.52127659574468
6.46133333333333
6.5656836461126
6.12332439678284
6.62533692722372
6.35230352303523
6.62021857923497
6.54794520547945
6.5828729281768
6.51666666666667
6.59497206703911
6.39944134078212
6.53631284916201
6.40449438202247
6.65536723163842
6.44067796610169
6.62889518413598
6.22662889518414
6.64672364672365
6.8034188034188
6.66571428571429
6.66857142857143
6.7621776504298
6.79597701149425
6.66666666666667
6.4231884057971
6.63848396501458
6.70882352941176
6.75147928994083
6.7189349112426
6.83136094674556
6.56804733727811
6.53550295857988
6.85373134328358
6.61194029850746
6.5045045045045
6.63855421686747
6.9209726443769
6.73475609756098
6.67584097859327
6.8179012345679
6.8297213622291
6.59752321981424
6.61370716510903
6.4937106918239
6.53164556962025
6.48417721518987
6.53035143769968
6.48397435897436
6.42948717948718
6.59485530546624
6.52258064516129
6.62662337662338
6.8538961038961
6.63725490196078
6.4640522875817
6.68300653594771
6.70261437908497
6.47712418300654
6.72277227722772
6.50830564784053
6.64451827242525
6.49501661129568
6.62126245847176
6.57475083056478
6.81063122923588
6.66112956810631
6.64666666666667
6.76333333333333
6.80936454849498
6.51505016722408
6.69230769230769
6.60738255033557
6.92953020134228
6.7248322147651
6.5503355704698
6.76174496644295
6.90939597315436
6.53691275167785
6.74324324324324
6.56081081081081
6.24232081911263
6.71917808219178
6.30927835051546
6.74570446735395
6.50865051903114
6.72222222222222
6.59233449477352
6.52613240418119
6.7027972027972
6.42456140350877
6.51056338028169
6.46996466431095
6.51943462897527
6.73404255319149
6.75714285714286
6.6594982078853
6.92086330935252
6.81159420289855
6.66181818181818
6.69454545454545
6.68978102189781
6.86861313868613
6.93382352941176
6.76102941176471
6.68382352941176
6.77941176470588
6.61254612546125
6.76296296296296
6.83333333333333
6.8
6.78888888888889
6.4907063197026
6.19330855018587
6.34328358208955
6.52611940298507
6.44569288389513
6.49624060150376
6.36501901140684
6.54789272030651
6.45977011494253
6.42911877394636
6.60536398467433
6.57692307692308
6.51923076923077
6.59459459459459
6.41312741312741
6.51737451737452
6.6937984496124
6.44921875
6.75
6.390625
6.51171875
6.36220472440945
6.64173228346457
6.66403162055336
6.82539682539683
6.576
6.66
6.688
6.60642570281125
6.68273092369478
6.45161290322581
6.59919028340081
6.59514170040486
6.49392712550607
6.48987854251012
6.53036437246964
6.70325203252033
6.73170731707317
6.36178861788618
6.67073170731707
6.53658536585366
6.42682926829268
6.73360655737705
6.77868852459016
6.90983606557377
6.69834710743802
6.54132231404959
6.48132780082988
6.575
6.84518828451883
6.38493723849372
6.50627615062761
6.64016736401674
6.55648535564854
6.46861924686193
6.84388185654008
6.92827004219409
6.54237288135593
6.51271186440678
6.72033898305085
6.62820512820513
6.54273504273504
6.31196581196581
6.34763948497854
6.63519313304721
6.52789699570815
6.36909871244635
6.08189655172414
6.64655172413793
6.44396551724138
6.6551724137931
6.33766233766234
6.61904761904762
6.34782608695652
6.46521739130435
6.76419213973799
6.70305676855895
6.57894736842105
6.72687224669604
6.59030837004405
6.43612334801762
6.58407079646018
6.45333333333333
6.22321428571429
6.24663677130045
6.40358744394619
6.44594594594595
6.3393665158371
6.38914027149321
6.64253393665158
6.80090497737557
6.65610859728507
6.47511312217195
6.46153846153846
6.72272727272727
6.42009132420091
6.6027397260274
6.25229357798165
6.79723502304148
6.59447004608295
6.99539170506912
6.76497695852535
6.56279069767442
6.54883720930233
6.39719626168224
6.49765258215962
6.6150234741784
6.5868544600939
6.44131455399061
6.3943661971831
6.77934272300469
6.42452830188679
6.77251184834123
6.74407582938389
6.71090047393365
6.77619047619048
6.7799043062201
6.69856459330144
6.58851674641148
6.29326923076923
6.4375
6.44660194174757
6.48543689320388
6.51456310679612
6.62439024390244
6.49268292682927
6.5
6.3448275862069
6.64851485148515
6.57920792079208
6.58910891089109
6.70792079207921
6.93069306930693
6.81683168316832
6.88118811881188
6.56716417910448
6.75124378109453
6.515
6.59798994974874
6.40909090909091
6.67171717171717
6.84263959390863
6.52791878172589
6.86294416243655
6.47715736040609
6.92857142857143
6.32142857142857
6.54081632653061
6.46428571428571
6.29081632653061
6.30102040816327
6.39285714285714
6.38265306122449
6.76020408163265
6.52307692307692
6.20103092783505
6.33505154639175
6.28865979381443
6.33678756476684
6.47668393782383
6.51295336787565
6.68062827225131
6.62303664921466
6.25130890052356
6.40837696335079
6.3979057591623
6.3717277486911
6.59685863874346
6.60732984293194
6.60526315789474
6.39473684210526
6.82010582010582
6.45502645502645
6.66666666666667
6.42328042328042
6.75132275132275
6.51851851851852
6.74468085106383
6.70744680851064
6.25133689839572
5.97326203208556
6.64171122994652
6.57754010695187
6.71122994652406
6.36363636363636
6.42780748663102
6.77837837837838
6.62162162162162
6.82702702702703
6.52972972972973
6.3551912568306
6.22527472527473
6.53846153846154
6.42857142857143
6.5
6.58241758241758
6.37912087912088
6.32222222222222
6.38333333333333
6.25
6.05027932960894
6.52513966480447
6.25139664804469
6.52247191011236
6.68539325842697
6.66292134831461
6.81460674157303
6.59659090909091
6.46285714285714
6.64
6.67428571428571
6.21714285714286
6.56896551724138
6.59770114942529
6.38505747126437
6.29310344827586
6.08045977011494
6.28901734104046
6.5028901734104
6.58381502890173
6.44508670520231
6.35838150289017
6.33526011560694
6.38728323699422
6.35838150289017
6.58720930232558
6.45029239766082
6.60818713450292
6.35672514619883
5.97076023391813
6.38011695906433
6.50877192982456
6.41764705882353
6.66863905325444
6.57738095238095
6.25
6.24404761904762
6.29761904761905
6.23952095808383
6.45508982035928
6.24550898203593
6.59880239520958
6.62275449101796
6.81927710843374
6.46987951807229
6.34939759036145
6.52409638554217
6.47590361445783
6.56626506024096
6.70909090909091
6.56363636363636
6.53333333333333
6.67272727272727
6.4969696969697
6.61818181818182
6.36969696969697
6.50909090909091
6.66666666666667
6.47852760736196
6.41104294478528
6.88271604938272
6.22360248447205
6.47826086956522
6.53416149068323
6.26708074534162
6.3167701863354
6.5875
6.4625
6.41509433962264
6.57861635220126
6.6687898089172
6.6624203821656
6.41666666666667
6.63461538461539
6.36774193548387
6.47741935483871
6.55483870967742
6.49677419354839
6.1741935483871
6.32903225806452
6.50967741935484
6.24516129032258
6.36129032258065
6.51612903225806
6.47402597402597
6.48051948051948
6.64285714285714
6.52597402597403
6.77272727272727
6.37012987012987
6.33333333333333
7.09803921568627
6.6797385620915
6.58169934640523
6.44444444444444
6.66013071895425
6.64052287581699
6.5359477124183
6.47368421052632
6.70198675496689
6.64238410596027
6.37748344370861
6.48666666666667
6.53333333333333
6.34
6.75333333333333
6.30201342281879
6.7248322147651
6.40939597315436
6.73154362416107
6.43624161073826
6.59060402684564
6.61744966442953
6.54362416107383
6.64429530201342
6.60402684563758
6.29054054054054
6.34459459459459
6.49315068493151
6.49315068493151
6.49315068493151
6.36986301369863
6.64383561643836
6.84246575342466
7
6.48275862068965
6.59722222222222
6.56944444444444
6.51388888888889
6.40277777777778
6.3006993006993
6.31205673758865
6.46808510638298
6.59574468085106
6.24113475177305
6.56737588652482
6.17730496453901
6.70921985815603
6.40425531914894
6.67857142857143
6.77142857142857
6.50359712230216
6.79136690647482
6.6231884057971
6.71532846715328
6.53284671532847
6.76642335766423
6.47445255474453
6.39416058394161
6.45985401459854
6.3037037037037
6.58208955223881
6.43181818181818
6.76923076923077
6.43076923076923
6.63076923076923
6.41860465116279
6.61240310077519
6.69291338582677
6.23015873015873
6.28
6.44
6.688
6.488
6.184
6.496
6.728
6.60975609756098
6.4016393442623
6.69672131147541
6.84426229508197
6.3781512605042
6.47058823529412
6.30508474576271
6.66101694915254
6.48305084745763
6.66949152542373
6.61864406779661
6.52542372881356
6.63559322033898
6.77966101694915
6.86440677966102
6.77966101694915
6.44067796610169
6.83898305084746
6.27118644067797
6.41525423728814
6.58474576271186
6.15254237288136
6.22033898305085
6.59322033898305
6.55084745762712
6.49152542372881
6.90677966101695
6.56779661016949
6.76271186440678
6.55084745762712
6.53846153846154
6.54700854700855
6.52991452991453
6.51282051282051
6.41880341880342
6.28448275862069
6.59130434782609
6.57391304347826
6.39130434782609
6.38938053097345
6.90265486725664
6.69911504424779
6.32743362831858
6.73451327433628
7.04464285714286
6.84821428571429
6.74774774774775
6.93693693693694
6.77272727272727
6.8348623853211
6.92660550458716
6.99082568807339
7.05504587155963
6.76635514018692
6.87735849056604
6.87735849056604
6.67924528301887
7.0188679245283
7.00943396226415
6.76415094339623
7.23584905660377
7.12264150943396
6.89622641509434
6.79245283018868
6.87735849056604
6.88679245283019
7.0377358490566
6.90476190476191
6.75238095238095
6.92380952380952
6.93333333333333
6.93333333333333
6.58095238095238
6.85714285714286
6.80952380952381
6.53333333333333
6.86666666666667
6.62857142857143
6.8
6.50961538461539
6.875
6.59615384615385
6.46153846153846
6.5631067961165
6.75728155339806
6.34313725490196
6.47058823529412
6.56435643564356
6.55
6.45
6.62
6.57
7.13
6.42857142857143
6.66326530612245
6.44897959183673
6.63265306122449
6.73469387755102
6.85714285714286
6.59183673469388
6.4020618556701
6.57291666666667
6.18085106382979
6.13829787234043
6.81720430107527
6.67391304347826
6.97802197802198
6.71428571428571
7.01098901098901
6.76923076923077
6.42857142857143
7.02197802197802
6.81318681318681
6.96703296703297
6.43956043956044
6.89010989010989
6.54945054945055
6.7032967032967
6.67032967032967
6.51648351648352
6.6043956043956
6.45054945054945
7.01098901098901
6.75824175824176
6.59340659340659
6.85714285714286
7.13186813186813
6.65555555555556
6.43333333333333
6.62222222222222
6.74157303370786
6.47191011235955
6.66292134831461
6.30337078651685
6.64044943820225
6.70454545454545
6.64772727272727
6.93181818181818
6.86363636363636
7.27272727272727
6.48863636363636
6.32954545454545
7.10227272727273
6.70454545454545
7.06896551724138
6.67441860465116
6.50588235294118
6.90588235294118
6.74117647058824
6.84705882352941
6.90588235294118
6.85714285714286
6.42857142857143
6.27710843373494
6.52439024390244
6.75609756097561
6.76829268292683
6.21951219512195
6.12345679012346
6.54320987654321
6.75308641975309
6.65432098765432
6.71604938271605
6.67901234567901
6.50617283950617
6.475
6.3974358974359
6.55128205128205
6.33333333333333
6.24358974358974
6.55128205128205
6.56410256410256
6.34615384615385
6.70512820512821
6.91025641025641
6.71794871794872
6.88461538461539
7.06410256410256
6.38461538461539
6.49350649350649
6.45454545454545
6.80519480519481
6.23376623376623
6.4025974025974
6.55844155844156
6.53246753246753
7.16883116883117
7.16883116883117
6.83116883116883
7.05194805194805
6.31578947368421
7.06578947368421
6.94736842105263
7.25
6.53947368421053
6.71052631578947
7.21052631578947
6.5
6.67105263157895
6.42105263157895
6.56578947368421
6.25
6.52631578947368
7.06578947368421
6.40789473684211
6.93333333333333
6.49333333333333
6.72
6.58666666666667
6.77333333333333
6.59459459459459
6.57534246575342
6.67123287671233
6.61643835616438
6.69444444444444
6.88888888888889
6.92957746478873
6.7887323943662
6.85915492957746
6.95714285714286
6.73913043478261
6.59420289855072
6.92753623188406
6.56521739130435
7
6.49275362318841
7
7.14492753623188
6.82608695652174
6.76811594202899
6.46376811594203
7.07246376811594
6.95652173913043
6.73913043478261
6.33333333333333
6.60869565217391
6.91304347826087
6.58823529411765
7.01470588235294
6.48529411764706
6.59090909090909
6.37878787878788
6.83333333333333
6.57575757575758
7.15151515151515
6.86363636363636
6.43939393939394
6.21212121212121
6.66666666666667
6.65151515151515
7.10769230769231
6.76923076923077
6.96923076923077
6.69230769230769
6.16923076923077
6.2
6.23076923076923
6.27692307692308
6.56923076923077
6.140625
6.8125
6.9375
6.875
6.93548387096774
6.32786885245902
6.18032786885246
6.60655737704918
6.77049180327869
6.59016393442623
6.65573770491803
6.68852459016393
6.49180327868852
6.0655737704918
6.40983606557377
6.62295081967213
6.31147540983607
6.52459016393443
6.6
6.88333333333333
6.33333333333333
6.68333333333333
6.86666666666667
6.74576271186441
6.69491525423729
6.55932203389831
6.8135593220339
6.76271186440678
6.76271186440678
6.59322033898305
6.72881355932203
7.05084745762712
6.8135593220339
6.86440677966102
6.84745762711864
6.76271186440678
6.71186440677966
6.25423728813559
6.33898305084746
6.45762711864407
6.61016949152542
6.30508474576271
6.74576271186441
6.50847457627119
6.67796610169492
6.50847457627119
6.66101694915254
6.42372881355932
6.50847457627119
6.6271186440678
5.67796610169492
6.10169491525424
6.40677966101695
6.44067796610169
6.54237288135593
6.67241379310345
6.92982456140351
6.35087719298246
6.71929824561404
6.01754385964912
6.29824561403509
6.29824561403509
6.94642857142857
6.58928571428571
6.76785714285714
6.875
6.875
6.23214285714286
6.83636363636364
6.36363636363636
6.76363636363636
6.67272727272727
6.01818181818182
6.89090909090909
6.69090909090909
6.41818181818182
6.6
5.87272727272727
6.54545454545455
6.67272727272727
6.78181818181818
6.05454545454545
6.69090909090909
6.36363636363636
7.16363636363636
6.54545454545455
7.12727272727273
6.81818181818182
6.05454545454545
6.25454545454545
6.69090909090909
6.58181818181818
6.58181818181818
6.41818181818182
7.12727272727273
6.38181818181818
6.09090909090909
6.41818181818182
6.2
5.56363636363636
6.05454545454545
5.90909090909091
6.23636363636364
6.47272727272727
6.09090909090909
6.65454545454545
6.43636363636364
5.92727272727273
5.98181818181818
6.62962962962963
6.38888888888889
6.48148148148148
6.11111111111111
6.44444444444444
6.87037037037037
6.61111111111111
6.72222222222222
6.61111111111111
6.31481481481481
6.61111111111111
6.37037037037037
6.33333333333333
6.5
6.55555555555556
6.40740740740741
6.48148148148148
6.66666666666667
6.03703703703704
6.42592592592593
6.35185185185185
6.68518518518519
6.66037735849057
6.24528301886792
6.77358490566038
6.16981132075472
6.75471698113208
6.58490566037736
7
6.44230769230769
6.80769230769231
6.84615384615385
6.07692307692308
6.66666666666667
6.17647058823529
6.62745098039216
6.54
6.74
6.72
6.44
6.42
6.34
6.72
6.86
6.24
7.3
7.02
6.26
6.14
6.8
6.76
6
6.12244897959184
5.95918367346939
6.04081632653061
6.28571428571429
6.36734693877551
7.10204081632653
6.95833333333333
6.29166666666667
6.64583333333333
6.34042553191489
6.87234042553191
6.65957446808511
6.27659574468085
6.65957446808511
5.80851063829787
6.06382978723404
6.14893617021277
6.42553191489362
6.23404255319149
6.38297872340426
6.31914893617021
6.5531914893617
6.58695652173913
6.65217391304348
7.19565217391304
6.58695652173913
6.6304347826087
6.08695652173913
5.73333333333333
6.2
6.42222222222222
6.6
6.17777777777778
6.44444444444444
7.13333333333333
6.48888888888889
6.71111111111111
6.93333333333333
6.11111111111111
6.48888888888889
6.84444444444444
6.28888888888889
6.35555555555556
6.77777777777778
6.57777777777778
6.95555555555556
7.02222222222222
6.97777777777778
6.33333333333333
6.71111111111111
6.8
6.48888888888889
6.28888888888889
6.6
6.40909090909091
7.22727272727273
6.43181818181818
6.34090909090909
6.52272727272727
6.09090909090909
6.61363636363636
6.27272727272727
6.63636363636364
7.11363636363636
6.65909090909091
6.54545454545455
6.63636363636364
6.68181818181818
6.93181818181818
6.6046511627907
6.48837209302326
6.69767441860465
7.3953488372093
7.02325581395349
6.23255813953488
6.46511627906977
6.83720930232558
6.58139534883721
6.86046511627907
6.69767441860465
6.83720930232558
7.02325581395349
6.18604651162791
7.02325581395349
6.3953488372093
7
7.06976744186047
6.88372093023256
6.44186046511628
6.38095238095238
6.61904761904762
6.21428571428571
6.24390243902439
6.31707317073171
7
6.92682926829268
6.04878048780488
7.21951219512195
6.19512195121951
6.21951219512195
6.48780487804878
6.41463414634146
5.92682926829268
6.65853658536585
6.8780487804878
7.07317073170732
6.4390243902439
6.68292682926829
6.5609756097561
6.65853658536585
6.34146341463415
6.925
5.8974358974359
6.69230769230769
6.05263157894737
6.15789473684211
6.42105263157895
6.52631578947368
6.73684210526316
6.31578947368421
6.86486486486486
6.81081081081081
6.89189189189189
8.08108108108108
6.94594594594595
7.16216216216216
6.94594594594595
7.51351351351351
7.10810810810811
6.89189189189189
7.21621621621622
7.18918918918919
6.75675675675676
6.08108108108108
6.75675675675676
6.75675675675676
7.10810810810811
6.83783783783784
6.66666666666667
6.97222222222222
7.08333333333333
7.11111111111111
7.08333333333333
7
6.88888888888889
5.88888888888889
6.80555555555556
7.66666666666667
6.82857142857143
6.85714285714286
6.71428571428571
6.4
6.85714285714286
6.37142857142857
6.51428571428571
7.28571428571429
7.11764705882353
5.96969696969697
7.54545454545455
6.72727272727273
5.66666666666667
6.6969696969697
6.84848484848485
7.36363636363636
6.27272727272727
5.66666666666667
6.93939393939394
5.6969696969697
6.54545454545455
6.36363636363636
6.45454545454545
6.18181818181818
5.71875
6.90625
6.625
6.53125
6.78125
6.34375
6.875
6.5625
6.41935483870968
6.29032258064516
6.7741935483871
6.80645161290323
6.32258064516129
6.51612903225806
7.35483870967742
6.64516129032258
6.7741935483871
7.03333333333333
7.1
7
6.2
6.76666666666667
6.33333333333333
7
7.43333333333333
6
6.4
6.7
6.3
6.5
6.9
6.4
6.73333333333333
6.33333333333333
6.2
6.96666666666667
7.03333333333333
6.73333333333333
7.3
6.96666666666667
6.83333333333333
6.23333333333333
7.33333333333333
7.16666666666667
6.4
6.3
6.4
6.8
6.06896551724138
6
7.37931034482759
5.96551724137931
6.89655172413793
6.13793103448276
6.20689655172414
6.27586206896552
6.44827586206897
5.93103448275862
7.24137931034483
6.10344827586207
6.41379310344828
6.75862068965517
6.79310344827586
6.27586206896552
7
6.62068965517241
8.06896551724138
6.72413793103448
7.58620689655172
6.75862068965517
6.93103448275862
7.62068965517241
5.82758620689655
6.62068965517241
6.17241379310345
6.86206896551724
7.17241379310345
6.75862068965517
6.41379310344828
6.89655172413793
6.82758620689655
7.68965517241379
7.44827586206897
7.31034482758621
6.41379310344828
7.10344827586207
6.48275862068965
6.58620689655172
6.55172413793103
6.31034482758621
6.51724137931035
6.3448275862069
5.96551724137931
6.86206896551724
6.44827586206897
6.79310344827586
7.10714285714286
5.67857142857143
6.57142857142857
6.60714285714286
6.32142857142857
6.78571428571429
6.5
6
6.53571428571429
7.21428571428571
7.07142857142857
5.85714285714286
6.67857142857143
7.28571428571429
6.53571428571429
6.42857142857143
6.03571428571429
6.35714285714286
6.82142857142857
6.78571428571429
5.89285714285714
6.96428571428571
6.96428571428571
6.67857142857143
7.07142857142857
6.40740740740741
7
6.59259259259259
6.33333333333333
6.14814814814815
6.25925925925926
6.25925925925926
6.2962962962963
6.37037037037037
6.92592592592593
7.15384615384615
6.80769230769231
6.42307692307692
6.26923076923077
6.42307692307692
6.07692307692308
7.15384615384615
6.80769230769231
7.34615384615385
6.73076923076923
7.23076923076923
6.76923076923077
6.34615384615385
6.07692307692308
6.19230769230769
6.73076923076923
6.23076923076923
6.15384615384615
6.80769230769231
6.69230769230769
5.84615384615385
6.38461538461539
6.48
6.12
6.04
5.8
6.36
5.6
6.36
5.92
5.96
6.2
6.44
5.84
6.875
6.75
6.625
7.25
6.375
7.08333333333333
6.79166666666667
6.33333333333333
7.16666666666667
6.20833333333333
6.75
6.79166666666667
6.33333333333333
7.25
7.125
7.125
7.16666666666667
5.83333333333333
6.04166666666667
5.79166666666667
5.91666666666667
6
7.16666666666667
6.875
6.875
6.41666666666667
7.08333333333333
6.29166666666667
7.04166666666667
6.58333333333333
7.45833333333333
6.70833333333333
6.54166666666667
6.66666666666667
6.29166666666667
6.875
6.29166666666667
7.58333333333333
7.16666666666667
7.79166666666667
6.91666666666667
5.75
5.79166666666667
7.20833333333333
6.16666666666667
6.95833333333333
6.125
6.5
6.5
6.20833333333333
6.25
6.75
6.95833333333333
6.41666666666667
6.5
6.29166666666667
7.29166666666667
6.91666666666667
6.70833333333333
7.5
7.41666666666667
6.625
7.33333333333333
7.33333333333333
6.73913043478261
5.47826086956522
6.95652173913043
6.78260869565217
7.34782608695652
7.73913043478261
6.73913043478261
5.73913043478261
6.52173913043478
6.26086956521739
5.95652173913043
5.34782608695652
5.95652173913043
7.04347826086957
7.21739130434783
6.69565217391304
6.95652173913043
7.43478260869565
6.91304347826087
7.04347826086957
7.43478260869565
6.91304347826087
6.82608695652174
5.95652173913043
6.43478260869565
6.21739130434783
6.47826086956522
5.82608695652174
5.8695652173913
5.30434782608696
6.17391304347826
5.95652173913043
6.39130434782609
6.21739130434783
6.34782608695652
7
6.82608695652174
6.52173913043478
6.91304347826087
6.73913043478261
6.60869565217391
6.17391304347826
6.65217391304348
6.47826086956522
7.04347826086957
5.47826086956522
5.95652173913043
5.8695652173913
6.08695652173913
5.60869565217391
5.47826086956522
6.65217391304348
6.1304347826087
5.82608695652174
7.17391304347826
7.21739130434783
6.69565217391304
6
6.17391304347826
6.26086956521739
6.95652173913043
6.95652173913043
6.82608695652174
6.47826086956522
7.04347826086957
7.04347826086957
7.1304347826087
6
6.56521739130435
6.69565217391304
6.17391304347826
6.78260869565217
5.26086956521739
7.1304347826087
6.1304347826087
5.8695652173913
6.21739130434783
6.08695652173913
5.82608695652174
7.17391304347826
6.69565217391304
6.39130434782609
5.95652173913043
6.65217391304348
6.78260869565217
6.30434782608696
6.69565217391304
6.26086956521739
6.34782608695652
6.39130434782609
7.17391304347826
6.78260869565217
6.34782608695652
6.34782608695652
5.73913043478261
6.1304347826087
6.95652173913043
6.17391304347826
6.65217391304348
6.47826086956522
6.90909090909091
6.36363636363636
6.77272727272727
5.63636363636364
6.22727272727273
5.63636363636364
5.90909090909091
5.40909090909091
5.81818181818182
7.04545454545455
6.45454545454545
6.13636363636364
6.36363636363636
4.81818181818182
6.22727272727273
6.36363636363636
7
6.18181818181818
6.18181818181818
6.04545454545455
7.40909090909091
6.86363636363636
6.36363636363636
7.09090909090909
7.36363636363636
5.22727272727273
7.04545454545455
7.31818181818182
7.13636363636364
7
5.77272727272727
6.22727272727273
6.45454545454545
6.77272727272727
7.04545454545455
6.40909090909091
6.72727272727273
7.18181818181818
6.54545454545455
6.68181818181818
6.40909090909091
6
6.18181818181818
6.13636363636364
6.27272727272727
7.13636363636364
7.18181818181818
7.22727272727273
6.68181818181818
6.63636363636364
5.77272727272727
6.18181818181818
6.45454545454545
6.18181818181818
6.04545454545455
5.95454545454545
6.68181818181818
5.86363636363636
6.72727272727273
6.09090909090909
6.59090909090909
6.63636363636364
6.28571428571429
6.8
6.8
7.25
7.45
6.4
6.75
6.7
5.6
6.95
7.1
7
6.45
6.75
5.95
6.15
5.95
7.2
6.75
7.15
6.55
7.3
7.05
6.55
7.5
6.45
7.3
7.35
5.7
6.65
6.2
5.45
6.85
5.9
6.55
6.3
6.85
6.7
6.95
5.95
5.95
5.75
6.05
6.8
6.25
6.7
6.05
5.6
4.95
5.6
5.45
6.15
5.75
5.8
6.55
6.6
6.4
5.5
5.9
6.55
5.95
6.3
6.3
6.35
5.6
6.25
6.55
6.85
5.25
5.7
5.8
6.25
6.15
6.45
6.25
6.55
5.8
6.85
5.6
6.15
5.35
6.5
6.55
7.25
6.9
5.95
6.9
7
6.4
7.15
6.05
5.95
6.3
5.9
7
6.7
6.65
6.45
6.45
6.5
6.65
6.25
6.6
6.3
6.8
6.05
6.21052631578947
5.73684210526316
6.05263157894737
6.42105263157895
6.10526315789474
5.84210526315789
6.63157894736842
6.15789473684211
6.47368421052632
6.26315789473684
6.15789473684211
6.15789473684211
6.10526315789474
7.31578947368421
6.84210526315789
6.26315789473684
5.68421052631579
6.57894736842105
6.05263157894737
6.15789473684211
5.63157894736842
6.31578947368421
5.68421052631579
6.36842105263158
6.78947368421053
5.68421052631579
5.89473684210526
5.94736842105263
6.36842105263158
5.57894736842105
6.47368421052632
6.21052631578947
7
5.89473684210526
6.15789473684211
5.73684210526316
5.78947368421053
6.94736842105263
6.47368421052632
6.36842105263158
6.89473684210526
6.21052631578947
5.26315789473684
6.31578947368421
6.31578947368421
6.42105263157895
6
6.36842105263158
6.47368421052632
7.05263157894737
7.26315789473684
6.68421052631579
7.10526315789474
6
7.26315789473684
7.31578947368421
7.89473684210526
7.57894736842105
6.26315789473684
6.42105263157895
7.57894736842105
6.57894736842105
6.52631578947368
6.47368421052632
6.73684210526316
6.63157894736842
7.10526315789474
7
7.10526315789474
6.73684210526316
5.84210526315789
6.78947368421053
5.89473684210526
6.31578947368421
5.94736842105263
6.15789473684211
5.63157894736842
6.42105263157895
6.05263157894737
6.84210526315789
7.15789473684211
6.78947368421053
7
5.52631578947368
6.10526315789474
6
6.15789473684211
6.78947368421053
6.78947368421053
6.31578947368421
6.68421052631579
7.10526315789474
6.10526315789474
6.73684210526316
7.05263157894737
6.15789473684211
5.89473684210526
7.31578947368421
8.05263157894737
8.26315789473684
7.05263157894737
7.73684210526316
7.21052631578947
7.26315789473684
6.36842105263158
6.42105263157895
7.10526315789474
6.89473684210526
7.36842105263158
6.73684210526316
6.52631578947368
6.94736842105263
6.89473684210526
6.47368421052632
6
6.68421052631579
6.84210526315789
6.57894736842105
6.15789473684211
6.26315789473684
6.84210526315789
6.10526315789474
6.47368421052632
7.31578947368421
5.47368421052632
6.63157894736842
6.05263157894737
5.78947368421053
6.63157894736842
6.52631578947368
5.52631578947368
6.21052631578947
5.84210526315789
6.15789473684211
6.63157894736842
5.89473684210526
5.42105263157895
6.73684210526316
6
6.26315789473684
6.94736842105263
6.68421052631579
6.26315789473684
6.68421052631579
5.68421052631579
6.21052631578947
6.15789473684211
6.68421052631579
5.94736842105263
6.57894736842105
6.52631578947368
5.73684210526316
5.68421052631579
6.10526315789474
6.15789473684211
6.21052631578947
6.63157894736842
7.15789473684211
6.94736842105263
6.68421052631579
6.63157894736842
6.21052631578947
6.52631578947368
6.47368421052632
6.52631578947368
5.68421052631579
6.94736842105263
6.73684210526316
6.31578947368421
6.42105263157895
5.57894736842105
5.94736842105263
7.26315789473684
6.63157894736842
5.73684210526316
6.68421052631579
6.15789473684211
5.52631578947368
6.26315789473684
5.31578947368421
6.36842105263158
5.36842105263158
7.36842105263158
5.68421052631579
6.73684210526316
6.73684210526316
6.89473684210526
6.63157894736842
6.26315789473684
4.89473684210526
5.68421052631579
5.68421052631579
6
6.47368421052632
6.15789473684211
5.52631578947368
5.73684210526316
6.36842105263158
5.78947368421053
5.68421052631579
6.15789473684211
6.84210526315789
6.26315789473684
6.42105263157895
6.52631578947368
6.57894736842105
6.73684210526316
6.78947368421053
7.31578947368421
6.31578947368421
5.78947368421053
5.78947368421053
6.31578947368421
6.36842105263158
7.10526315789474
6.89473684210526
6.89473684210526
6.63157894736842
6.47368421052632
7.26315789473684
5.94736842105263
6.94736842105263
5.89473684210526
6.26315789473684
5.89473684210526
5.84210526315789
7
6.78947368421053
6.26315789473684
6.84210526315789
7.47368421052632
6.84210526315789
6.78947368421053
6.73684210526316
7.57894736842105
6.94736842105263
5.26315789473684
6.94736842105263
7.42105263157895
7.10526315789474
6.78947368421053
6.21052631578947
7.52631578947368
7.36842105263158
6.57894736842105
6.89473684210526
7.47368421052632
6.78947368421053
8
6.78947368421053
6.89473684210526
6.63157894736842
6.63157894736842
6.31578947368421
6.63157894736842
6.68421052631579
7.26315789473684
6.73684210526316
6.68421052631579
7
6.68421052631579
6.78947368421053
6.78947368421053
7.21052631578947
7.42105263157895
6.63157894736842
6.52631578947368
6.89473684210526
7.21052631578947
5.89473684210526
6.89473684210526
7.84210526315789
7
5.26315789473684
6
5.47368421052632
6.63157894736842
6.31578947368421
5.89473684210526
7.36842105263158
5.94736842105263
6.21052631578947
5.84210526315789
6.15789473684211
7.10526315789474
5.63157894736842
7.84210526315789
7.26315789473684
7.36842105263158
6.89473684210526
7.47368421052632
7
6.68421052631579
6.94736842105263
5.84210526315789
7.05263157894737
7.26315789473684
6.26315789473684
5.78947368421053
6.89473684210526
7.26315789473684
6.63157894736842
6.52631578947368
6.89473684210526
5.15789473684211
7
6.94736842105263
6.47368421052632
6.68421052631579
5.63157894736842
6.63157894736842
7.10526315789474
6.05263157894737
6.84210526315789
6.47368421052632
8.1578947368421
7.21052631578947
7.31578947368421
8.1578947368421
7.15789473684211
7.63157894736842
7.05263157894737
6.89473684210526
7.21052631578947
6.57894736842105
6.89473684210526
7.26315789473684
7.15789473684211
7.15789473684211
6.57894736842105
6.42105263157895
6.84210526315789
6.57894736842105
5.94736842105263
6.78947368421053
6.15789473684211
6.89473684210526
5.68421052631579
6.47368421052632
6
6.36842105263158
6.84210526315789
5.52631578947368
6.84210526315789
6.94736842105263
6.26315789473684
6.73684210526316
6.73684210526316
5.73684210526316
6.05263157894737
7.05263157894737
6.10526315789474
6.15789473684211
5.73684210526316
5.42105263157895
6.57894736842105
6.15789473684211
5.94736842105263
6.47368421052632
7.57894736842105
6.26315789473684
6.47368421052632
6.21052631578947
6.36842105263158
6.36842105263158
6.26315789473684
5.94736842105263
6.47368421052632
6.94736842105263
6.84210526315789
6.78947368421053
6.10526315789474
6.78947368421053
6.84210526315789
7.63157894736842
5.42105263157895
7.15789473684211
7.05263157894737
6.68421052631579
7.78947368421053
6.52631578947368
6.26315789473684
6.36842105263158
6.36842105263158
7.42105263157895
7.42105263157895
7
5.78947368421053
7.36842105263158
6.10526315789474
6.73684210526316
6.26315789473684
6.68421052631579
6.47368421052632
6.42105263157895
6
6.68421052631579
6.47368421052632
6.89473684210526
6.52631578947368
6.10526315789474
6.52631578947368
6.73684210526316
6.94736842105263
6
6
7
8.10526315789474
6.57894736842105
7.05263157894737
6.94736842105263
6.89473684210526
7.26315789473684
6.21052631578947
7.21052631578947
7.31578947368421
6.94736842105263
5.89473684210526
7.26315789473684
6.47368421052632
6.84210526315789
5.52631578947368
7.05263157894737
6.05263157894737
6.63157894736842
5.15789473684211
6.84210526315789
5.73684210526316
6.05263157894737
7.05263157894737
6
6.21052631578947
6.89473684210526
7.89473684210526
6.73684210526316
5.68421052631579
6.31578947368421
5.84210526315789
6.68421052631579
6.26315789473684
5.10526315789474
6.73684210526316
6.73684210526316
5.94736842105263
6.52631578947368
7.21052631578947
6.52631578947368
5.47368421052632
6.89473684210526
6.47368421052632
7
6.10526315789474
7
6.31578947368421
6.84210526315789
5.68421052631579
6.31578947368421
5.21052631578947
7.89473684210526
6.78947368421053
7
6.89473684210526
6.05263157894737
6.52631578947368
7.52631578947368
7.36842105263158
6.84210526315789
6
6.42105263157895
6.47368421052632
5.84210526315789
5.84210526315789
6.84210526315789
6.36842105263158
6.31578947368421
7.31578947368421
7.42105263157895
6.52631578947368
7.21052631578947
6.26315789473684
6.89473684210526
6
7
6.52631578947368
6.26315789473684
6.36842105263158
7.05263157894737
6.26315789473684
6.05263157894737
6.94736842105263
6.26315789473684
7.47368421052632
6.10526315789474
7.31578947368421
6
6.57894736842105
6.52631578947368
6.68421052631579
6
5.36842105263158
5.52631578947368
5.94736842105263
5.36842105263158
6.78947368421053
6.88888888888889
6.44444444444444
5.33333333333333
5.61111111111111
6
6.27777777777778
5.44444444444444
5.55555555555556
6.44444444444444
5.72222222222222
6.16666666666667
5.55555555555556
6.55555555555556
6.16666666666667
5.44444444444444
4.33333333333333
6.05555555555556
5.77777777777778
6.5
5.77777777777778
7.05555555555556
5.94444444444444
6.61111111111111
5.61111111111111
6.38888888888889
5.66666666666667
6.11111111111111
5.66666666666667
6.83333333333333
5.66666666666667
5.94444444444444
6.27777777777778
5.61111111111111
4.83333333333333
6.05555555555556
5.66666666666667
5.88888888888889
6.72222222222222
6.94444444444444
6.05555555555556
6.55555555555556
6.66666666666667
7
6.61111111111111
7.11111111111111
6.11111111111111
6.55555555555556
5.94444444444444
6.55555555555556
5.55555555555556
6.61111111111111
6.11111111111111
6.27777777777778
5.77777777777778
6.22222222222222
6.11111111111111
5.94444444444444
5.22222222222222
6.38888888888889
6.94444444444444
6.5
6.22222222222222
6.38888888888889
6.11111111111111
5.77777777777778
6.05555555555556
6.88888888888889
5.22222222222222
7.05555555555556
6.94444444444444
7.55555555555556
6.66666666666667
6.38888888888889
5.77777777777778
6.27777777777778
6
7.16666666666667
6.5
5.55555555555556
6
6.33333333333333
6.72222222222222
6.38888888888889
6.88888888888889
7.44444444444444
6.11111111111111
6.22222222222222
6.44444444444444
7.22222222222222
6.16666666666667
6.33333333333333
6.61111111111111
7
5.77777777777778
6.33333333333333
6.77777777777778
6.44444444444444
5.77777777777778
6.61111111111111
6.11111111111111
5.44444444444444
7.55555555555556
6.61111111111111
5.66666666666667
5.94444444444444
6.61111111111111
7.38888888888889
5.88888888888889
6.66666666666667
7.22222222222222
6.88888888888889
6.44444444444444
6.33333333333333
6.05555555555556
5.44444444444444
5.72222222222222
6
5.94444444444444
6.66666666666667
6.66666666666667
6.94444444444444
6.33333333333333
7.41176470588235
6.05882352941176
5.64705882352941
6.23529411764706
5.70588235294118
6.29411764705882
7.52941176470588
6.82352941176471
6.88235294117647
6.94117647058824
6.70588235294118
6.41176470588235
5.94117647058824
6.47058823529412
6.05882352941176
6.47058823529412
6.29411764705882
6.82352941176471
6.88235294117647
6.82352941176471
6.29411764705882
6.76470588235294
7.29411764705882
7.58823529411765
7.23529411764706
6.76470588235294
6.82352941176471
6.47058823529412
5.94117647058824
6.11764705882353
6.29411764705882
6.76470588235294
6.29411764705882
6
6.64705882352941
6.88235294117647
6.52941176470588
6.41176470588235
6.41176470588235
6.64705882352941
6.64705882352941
5.76470588235294
6.82352941176471
6.58823529411765
7.29411764705882
6.76470588235294
6.23529411764706
5.76470588235294
6.82352941176471
5.35294117647059
6
6.9375
6.3125
6.4375
6.5
7.375
6.875
6.75
7.25
5.75
6.5625
7.25
7
6.375
7.375
5.625
5.5625
6.75
6.5625
6.5625
6.6875
7.5
7.0625
6.3125
6.875
7.375
6.375
7.8125
6.875
5.9375
6.4375
7.5
5.75
5.75
6.375
6.875
6.8125
7.6875
6.25
6.625
6.375
7.5
6.625
6.625
6.875
6.5
7.8125
5.9375
6.5625
5.5
5.75
6.75
6.4375
6.25
6.5
6.4375
6.9375
6.625
6.875
7.6875
5.875
7.0625
5.3125
5.9375
6.625
5.6875
6
6
6.5
6.6875
5.375
6.3125
7.125
7.375
6.6875
5.375
5.625
6.5
6.125
5
6.4375
7.0625
6.5
5.8125
6.0625
6.25
6.6875
6.3125
6.6875
6.3125
6
6.4375
5.8125
6.8125
6.125
6.625
7.4375
6.9375
5.625
6.375
6.375
6.5625
6.5
5.3125
5.8125
5.625
6.125
6.1875
6.4375
5.5
5.625
6.1875
6.0625
6.5
5.9375
7.3125
6.125
6.5
6.375
6.75
6.25
6.3125
6.9375
6.375
6.6875
6.9375
6.6875
6.25
6.625
6.4375
6.25
6.75
6.375
6.25
5.375
6.3125
6
5.9375
7
5.8125
6.3125
7
6.375
7.375
7.125
7.6875
6.9375
6.5625
7.4375
7.6875
7.5
6.75
6.625
6.125
7.75
5.25
6.1875
6.5
5.8125
6.3125
6
6.625
5.5
6.5625
6.0625
7.1875
5.9375
5.125
6.0625
6.875
6.125
6.25
6.4375
6.375
5.8125
6.375
6
5.625
6.375
7.5625
7.4375
7
7.25
7.125
6.125
6.25
6.4375
5.5
6.625
6.75
6.9375
7.6875
7.625
6.625
7.25
6.9375
6.75
7.125
6.0625
7.125
6.375
7.4375
6.125
7.4375
6.5625
6.8125
8.375
7.8125
7.625
6.375
6.9375
6.8125
6.75
6.9375
7.1875
6.8125
7.25
7.4375
7.375
6.75
7.25
7
5.9375
6.625
6.25
6.875
5.8125
5.5
6.8125
6.875
6.5
7.1875
6.8125
6.125
6.5
6.375
6.125
7.3125
7.375
6.625
6.6875
6.875
5.0625
6.5
5.9375
6.3125
6.8125
7.3125
6.8125
6.9375
5.625
8.5
6.4375
6.5625
6.875
5.3125
6.0625
6.875
6.1875
6.75
6.625
5.75
6.25
6.4375
6.1875
7
6.0625
4.9375
5.625
5.875
6.0625
6.1875
6.125
5.8125
6.5
6.3125
6.75
6.375
6.6875
6.25
5.25
7.625
6.375
6.5625
7.4375
6
6.5625
6.625
7.5
6.875
6.1875
6.875
6.8125
7.1875
6.125
7
7.625
7.8125
6.1875
6.3125
7.4375
7.125
7.1875
6.375
5.9375
7.625
6.1875
5.625
6.0625
5.1875
6.375
6.6875
6.4375
6
7.3125
7.25
6.9375
5.8125
7.4375
7.0625
6.4375
6.75
7.5625
6.5625
6.375
7
7.1875
7.375
6.5625
6
7.125
6.5625
6.6875
6.4375
7.5
7.3125
6.9375
6.25
7.0625
6.625
6.5
7
7.125
7.625
6.375
5.8125
6
6.9375
6.8125
7.4375
7.4375
6.75
6.5625
7
6.75
7.3125
7.25
6.6875
6.375
4.8125
5.375
6
6.625
6.375
6.75
7.6875
7.625
5.75
6.9375
6.625
7.4375
6.25
6.75
6.6875
6.875
5.4375
6.3125
6.6875
7
6.625
6.8125
7
5.8125
7.25
6.6875
6.5
7.8125
6.625
7.6875
7.5625
6.5
7.875
7.5625
8
6.0625
6.6875
7.6875
6.9375
6.9375
6.5
6.5
6.6875
6.5625
7.8125
6.0625
6.9375
7.5625
5.5625
6.9375
6.0625
7.0625
7.4375
7.375
7.6875
6.4375
6.3125
5.9375
6
6.25
7.25
7.125
6.8125
6.25
6.5625
6.375
7.6875
6.875
7.625
7.3125
6.6875
6.5
6.25
4.9375
6.375
6.875
6.5
6.875
7
7.0625
6.875
8.1875
6.0625
7
6.125
6.0625
6.0625
7.0625
6.6875
6.4375
7.4375
6.6875
6
7.375
6.875
6.25
6.9375
6
6.8125
7.5
5.875
6.8125
7.25
7.5
6.6875
7.125
7.0625
6.9375
7.4375
6.8125
6.875
6.125
6.4375
6.8125
7.3125
7.125
7.125
6.8
7.6
7.6
7.13333333333333
6.8
7.33333333333333
7.73333333333333
8.13333333333333
7.33333333333333
7.46666666666667
8
7.66666666666667
7.06666666666667
7.2
7.33333333333333
8.06666666666667
7.46666666666667
6.66666666666667
6.86666666666667
7.73333333333333
6.26666666666667
8
6.6
5.73333333333333
6.86666666666667
7.2
6.06666666666667
6.73333333333333
6.73333333333333
6.33333333333333
6.06666666666667
5.4
6.4
5.93333333333333
6.26666666666667
6.53333333333333
6.53333333333333
7.26666666666667
6.6
6.93333333333333
6.33333333333333
6.26666666666667
6.86666666666667
7.26666666666667
6.6
5.66666666666667
6.6
6.4
6.2
6.86666666666667
7
5.66666666666667
6.66666666666667
5.93333333333333
7
7
6.4
7.53333333333333
6.66666666666667
7.26666666666667
6.73333333333333
5.33333333333333
5.26666666666667
4.86666666666667
5.46666666666667
6.53333333333333
5
5.8
6.46666666666667
6.86666666666667
7.2
7.66666666666667
7.06666666666667
7.6
6.86666666666667
7.46666666666667
6.73333333333333
7.26666666666667
7.66666666666667
7
6.53333333333333
6.4
6.86666666666667
6.93333333333333
6
6.8
7.46666666666667
6.8
7.33333333333333
6.53333333333333
8.33333333333333
7
6.4
7.13333333333333
7.6
6.8
5.53333333333333
6.06666666666667
6.46666666666667
5.93333333333333
6.66666666666667
6
7.53333333333333
6.93333333333333
7.53333333333333
6.86666666666667
7.06666666666667
6.26666666666667
7
6.93333333333333
6.73333333333333
6.33333333333333
7.46666666666667
7.73333333333333
7.6
6.66666666666667
7.46666666666667
7.06666666666667
6.33333333333333
6.66666666666667
7.46666666666667
7.06666666666667
5.33333333333333
6.6
5.8
6.33333333333333
6.26666666666667
7.33333333333333
7
7.4
7.8
6.73333333333333
7
6.93333333333333
6.46666666666667
6.73333333333333
6.4
6.86666666666667
7.06666666666667
7.06666666666667
6
7.33333333333333
7.13333333333333
6.13333333333333
6.6
5.53333333333333
5.86666666666667
7
6.73333333333333
6.78571428571429
6.21428571428571
4.78571428571429
5.84615384615385
5.30769230769231
6.23076923076923
6.30769230769231
6.61538461538461
7.61538461538461
5.38461538461539
6.53846153846154
6
7.69230769230769
7.53846153846154
7.15384615384615
7.61538461538461
6.07692307692308
6.38461538461539
7.15384615384615
7.07692307692308
6.53846153846154
6.53846153846154
6.46153846153846
6.76923076923077
6.92307692307692
6.30769230769231
7.15384615384615
6.69230769230769
7.07692307692308
7.15384615384615
5.61538461538461
7.46153846153846
7.23076923076923
6.23076923076923
6.69230769230769
5.53846153846154
6.61538461538461
6.46153846153846
6.46153846153846
7
6.92307692307692
6.46153846153846
6.30769230769231
7.30769230769231
6.30769230769231
5.38461538461539
6.84615384615385
6.15384615384615
6.38461538461539
6.61538461538461
5.15384615384615
7.23076923076923
6.61538461538461
6.69230769230769
7.07692307692308
5.92307692307692
6.84615384615385
7
6.30769230769231
6.84615384615385
7
6.69230769230769
6.76923076923077
5.84615384615385
5.84615384615385
7.76923076923077
7.30769230769231
6.30769230769231
6.76923076923077
6.92307692307692
8.84615384615385
7.53846153846154
8.30769230769231
7.69230769230769
7.38461538461539
6.38461538461539
6.84615384615385
6.46153846153846
7.61538461538461
6.92307692307692
6.46153846153846
7.92307692307692
7.07692307692308
7.84615384615385
7.38461538461539
6.84615384615385
6.53846153846154
6.15384615384615
6.23076923076923
6
7.15384615384615
7.23076923076923
6.38461538461539
6.92307692307692
5.38461538461539
7.15384615384615
6.15384615384615
6.53846153846154
5.69230769230769
6.30769230769231
7
6.07692307692308
6.76923076923077
7.46153846153846
7
6.61538461538461
7.30769230769231
6.30769230769231
6.07692307692308
7.07692307692308
6.84615384615385
6.38461538461539
6
5.76923076923077
6.69230769230769
6.92307692307692
7.30769230769231
5.61538461538461
7.30769230769231
5.69230769230769
6.15384615384615
5.76923076923077
5.92307692307692
6.30769230769231
6.61538461538461
6.53846153846154
5.84615384615385
6.46153846153846
7.15384615384615
6.69230769230769
8.07692307692308
5.61538461538461
6.15384615384615
6.61538461538461
6.38461538461539
6.46153846153846
6.84615384615385
6.07692307692308
6.76923076923077
7.38461538461539
7.15384615384615
7.15384615384615
6.53846153846154
6.30769230769231
7.76923076923077
7.30769230769231
7.38461538461539
6.53846153846154
6.69230769230769
5.46153846153846
6.84615384615385
7.23076923076923
5.76923076923077
5.53846153846154
7
6.38461538461539
7.23076923076923
6.07692307692308
6
6.23076923076923
6.07692307692308
6.38461538461539
5.53846153846154
6.76923076923077
5.84615384615385
6.66666666666667
6.16666666666667
5.25
6.08333333333333
6.41666666666667
6.5
7
6.66666666666667
6.33333333333333
5.91666666666667
6
5.16666666666667
5.91666666666667
5.83333333333333
5.83333333333333
6.16666666666667
6.75
6.41666666666667
5.58333333333333
6.33333333333333
6.83333333333333
7.08333333333333
4.83333333333333
6.08333333333333
6.66666666666667
7.66666666666667
6.08333333333333
7.16666666666667
6.33333333333333
5.58333333333333
6.08333333333333
6.58333333333333
6.83333333333333
7.33333333333333
7.58333333333333
7.66666666666667
8
6.16666666666667
7.66666666666667
7
7.16666666666667
6.66666666666667
6.41666666666667
6.75
7.75
6.25
6.83333333333333
7.83333333333333
6
6.25
6.08333333333333
5.58333333333333
7
6.25
6.5
7.16666666666667
6.83333333333333
6.91666666666667
7
7.33333333333333
7
7.33333333333333
6.91666666666667
6.16666666666667
6.16666666666667
6.08333333333333
6.33333333333333
6
6.16666666666667
6.33333333333333
6
7
6.16666666666667
7
7.58333333333333
6.33333333333333
7.08333333333333
8.33333333333333
7.75
6
6.25
6.58333333333333
7.66666666666667
7.25
6.25
7.66666666666667
5.83333333333333
6.83333333333333
5.58333333333333
5.58333333333333
5.66666666666667
5.41666666666667
6.5
5.33333333333333
6.08333333333333
7
6.83333333333333
7
6.08333333333333
6.91666666666667
6.33333333333333
6.41666666666667
5.58333333333333
6.41666666666667
6.16666666666667
6.08333333333333
6.41666666666667
6.33333333333333
6.66666666666667
5.58333333333333
5.83333333333333
5.5
6.75
6.58333333333333
7
7.33333333333333
7.41666666666667
6.83333333333333
7.25
5
6.41666666666667
6.08333333333333
6.66666666666667
6.75
5.66666666666667
8.33333333333333
7.08333333333333
7.58333333333333
6.33333333333333
6.08333333333333
5
5.08333333333333
6.66666666666667
6.5
6.83333333333333
5.66666666666667
7
5.5
6.25
7.25
6
7.5
7.58333333333333
7.91666666666667
7.41666666666667
7.91666666666667
7.33333333333333
6.58333333333333
6.75
7.41666666666667
6.5
6.41666666666667
6.33333333333333
5.91666666666667
6.41666666666667
5
6.16666666666667
6.5
6.41666666666667
7
7
6.81818181818182
7.18181818181818
6.81818181818182
6.18181818181818
5.45454545454545
5.18181818181818
6
6.09090909090909
6.81818181818182
7.09090909090909
7.54545454545455
6.09090909090909
6.45454545454545
5.63636363636364
7.72727272727273
6.54545454545455
7.09090909090909
7.54545454545455
6.36363636363636
5.8
5.3
5.6
7.4
6.6
7.6
6.5
6
6.2
7.2
6.7
6.8
6.1
6.1
5.1
7
6.5
6.2
4.5
5.6
6.2
7.3
6.8
7.3
6.1
7.3
6.7
6.3
6.6
7.4
7
7.2
6.6
7.5
6.9
5.9
5.4
6.1
6.8
8.3
7.3
6.5
5.9
6.3
6.6
5.2
7.7
6.9
6.8
7.2
6.5
7.7
7.8
6.1
6.8
6.5
6.5
6.6
6.6
6.7
7.6
5.2
5.8
6
7
6.22222222222222
7.11111111111111
4.77777777777778
5.66666666666667
7
6.77777777777778
7.33333333333333
7.33333333333333
6.44444444444444
6.11111111111111
5.88888888888889
5.66666666666667
6.77777777777778
5.55555555555556
6.77777777777778
5.66666666666667
7.33333333333333
6.33333333333333
6.44444444444444
6.55555555555556
6.77777777777778
7.77777777777778
7.66666666666667
6
7.33333333333333
6.55555555555556
7.22222222222222
7.11111111111111
6.77777777777778
7.22222222222222
7.66666666666667
5.22222222222222
7.11111111111111
6.66666666666667
6.44444444444444
7
5.44444444444444
6.44444444444444
7.22222222222222
5.66666666666667
5.11111111111111
6.55555555555556
6.88888888888889
6.66666666666667
6.77777777777778
6.66666666666667
7.33333333333333
6.44444444444444
7.66666666666667
7.44444444444444
7.11111111111111
8.66666666666667
7.11111111111111
7.88888888888889
6.66666666666667
8.11111111111111
6.22222222222222
6.11111111111111
7.66666666666667
5.88888888888889
6.55555555555556
5.44444444444444
6.11111111111111
5.33333333333333
5.33333333333333
6.11111111111111
6.55555555555556
5
5.88888888888889
5.33333333333333
4.77777777777778
4.88888888888889
7.11111111111111
5.33333333333333
6.88888888888889
7
6.55555555555556
6.22222222222222
6.44444444444444
6.22222222222222
7
6.11111111111111
6.22222222222222
6.11111111111111
6.77777777777778
8.11111111111111
6
6.66666666666667
5.44444444444444
6.44444444444444
8.33333333333333
6.22222222222222
6.44444444444444
6.66666666666667
6.22222222222222
6.55555555555556
6.44444444444444
5.55555555555556
5.55555555555556
6.22222222222222
6.33333333333333
6.55555555555556
5.66666666666667
6.22222222222222
6.88888888888889
7.33333333333333
6.77777777777778
7
5.88888888888889
5.88888888888889
7.22222222222222
6.88888888888889
7.11111111111111
7.33333333333333
8.22222222222222
6.11111111111111
7.66666666666667
5.11111111111111
7
7.44444444444444
5.88888888888889
7.11111111111111
6.66666666666667
6.66666666666667
6.88888888888889
5.77777777777778
6.88888888888889
5.44444444444444
4.22222222222222
5.55555555555556
5.33333333333333
5.77777777777778
7
5.55555555555556
6.22222222222222
6.55555555555556
7.11111111111111
6.44444444444444
6.33333333333333
5.22222222222222
6.22222222222222
5.66666666666667
6
7.44444444444444
8.33333333333333
7.33333333333333
7.11111111111111
6.88888888888889
6.66666666666667
6.44444444444444
7.77777777777778
5.88888888888889
7.33333333333333
7.66666666666667
7
6.22222222222222
6.88888888888889
7.66666666666667
7.66666666666667
5.55555555555556
7.88888888888889
5.22222222222222
7.11111111111111
7
7.22222222222222
7.11111111111111
6.77777777777778
6.55555555555556
5.77777777777778
7.22222222222222
7.77777777777778
7.66666666666667
7.66666666666667
7
7.33333333333333
7
7.55555555555556
5.66666666666667
6.77777777777778
6
6.55555555555556
7.44444444444444
7.33333333333333
6.22222222222222
6.88888888888889
6.55555555555556
7.22222222222222
7.55555555555556
6.77777777777778
5.11111111111111
5.77777777777778
6.33333333333333
6.55555555555556
5.66666666666667
6.22222222222222
6.77777777777778
7.44444444444444
6.88888888888889
7.33333333333333
8.11111111111111
7.22222222222222
7.77777777777778
6.55555555555556
6.33333333333333
5.77777777777778
6.88888888888889
5.33333333333333
6.55555555555556
6.44444444444444
7.11111111111111
6.88888888888889
5
6.22222222222222
5.88888888888889
7.33333333333333
5.22222222222222
7.22222222222222
7.55555555555556
6.88888888888889
6.77777777777778
5.88888888888889
5.44444444444444
6.22222222222222
7
6.66666666666667
5
7.11111111111111
5.44444444444444
6.66666666666667
4.88888888888889
5.44444444444444
5
5.22222222222222
6.55555555555556
6.66666666666667
6.77777777777778
5.11111111111111
5.88888888888889
6.77777777777778
5.77777777777778
5.22222222222222
5.55555555555556
6.33333333333333
7.55555555555556
7.11111111111111
6.22222222222222
6.33333333333333
6.22222222222222
6.22222222222222
6.22222222222222
6.22222222222222
6.22222222222222
6.66666666666667
5.44444444444444
6.66666666666667
6.22222222222222
6.44444444444444
5.66666666666667
5.55555555555556
5.11111111111111
6.11111111111111
6.11111111111111
6.11111111111111
6.44444444444444
6.88888888888889
7.11111111111111
7
6.44444444444444
8.11111111111111
5.88888888888889
6.88888888888889
7.77777777777778
7.33333333333333
7
4.66666666666667
5.66666666666667
5.44444444444444
6.22222222222222
6.44444444444444
6.11111111111111
6.33333333333333
5.44444444444444
6.44444444444444
5.77777777777778
5.77777777777778
7.44444444444444
6.77777777777778
5.77777777777778
5.22222222222222
5.55555555555556
5
5
5.88888888888889
5.44444444444444
6
6.22222222222222
6.77777777777778
5.77777777777778
6.33333333333333
5.55555555555556
7
6.55555555555556
6.25
6
5.5
6.5
6.875
6.25
6
6.125
5.75
6.75
7
6.875
8.125
6.875
5.5
4.25
5.25
6.5
6.125
6.375
5.25
5.75
7.375
6.75
8
7.375
7
7.375
6.125
7.5
8.625
6.625
8.5
6.5
8.5
8.25
8.5
8.5
7.125
8
7.375
8.125
8.75
6.375
8
6.75
7.625
7.375
7.125
5.375
6.75
6.375
7.125
5.875
8.25
8
6.875
7.25
6.25
6.625
5.75
8.25
7
5.125
5.5
6.625
6.25
6.5
6.125
5.125
5.625
5.625
5.125
7
6.75
5.125
7.625
7.375
8
8.5
6.375
8
8
7.5
8.5
6.75
8.25
8.75
7.25
6.25
6.625
8
8.875
6.75
6.875
5.5
6.875
6.75
6.875
7.375
7.125
6.875
7.125
6.875
6.75
7.25
5.625
6
8.375
7.625
7.25
7.875
8.125
6.375
6.75
7.125
8.25
6.25
7.5
7.25
6.125
6.5
6
6.5
7.625
7.5
8
5.875
7.375
7.25
7.125
5.625
5.875
6
7.71428571428571
6.85714285714286
5.71428571428571
4.42857142857143
7.57142857142857
6.85714285714286
5.85714285714286
8.42857142857143
7.85714285714286
7.14285714285714
7.28571428571429
6.85714285714286
8.57142857142857
7
6.85714285714286
6.28571428571429
7.85714285714286
7.28571428571429
8
5.85714285714286
6.14285714285714
7.14285714285714
7.57142857142857
7.57142857142857
7.42857142857143
6.57142857142857
5.71428571428571
7
6.42857142857143
6.85714285714286
7.42857142857143
6
7
6.28571428571429
6.42857142857143
6.14285714285714
5.57142857142857
7.14285714285714
4.42857142857143
5.28571428571429
4.71428571428571
5
5.42857142857143
6.42857142857143
6
5.57142857142857
6.14285714285714
4.28571428571429
6.28571428571429
6.57142857142857
4.71428571428571
7.71428571428571
7.42857142857143
7.28571428571429
8.14285714285714
5.85714285714286
6.28571428571429
5.28571428571429
4.85714285714286
7.14285714285714
6.28571428571429
7.71428571428571
6.57142857142857
7.28571428571429
6.28571428571429
7.71428571428571
7.28571428571429
6.42857142857143
8
8.85714285714286
8.14285714285714
6.28571428571429
6.14285714285714
7.14285714285714
7.28571428571429
6.42857142857143
8.42857142857143
7.85714285714286
8.14285714285714
8
6.28571428571429
7.14285714285714
7.42857142857143
7.85714285714286
7.85714285714286
7.57142857142857
9
7.85714285714286
6.42857142857143
7.57142857142857
5.14285714285714
5.71428571428571
7.14285714285714
6.85714285714286
6.85714285714286
5.85714285714286
7.14285714285714
6.71428571428571
6.71428571428571
6.28571428571429
7
7
7.71428571428571
6.28571428571429
6.71428571428571
8
7.85714285714286
7
7.85714285714286
5.57142857142857
5.85714285714286
6.57142857142857
7
4.57142857142857
7.71428571428571
8.71428571428571
7.85714285714286
7.57142857142857
7.14285714285714
8.28571428571429
6.71428571428571
6.42857142857143
6.85714285714286
8
7.28571428571429
7
7.28571428571429
7.71428571428571
6.14285714285714
7.42857142857143
8.42857142857143
8.85714285714286
8
6.85714285714286
7.85714285714286
6.85714285714286
6.57142857142857
7.28571428571429
6
6.28571428571429
5.85714285714286
5.57142857142857
5.71428571428571
7.28571428571429
7
7
5.57142857142857
7
7.85714285714286
6.71428571428571
6.28571428571429
5.85714285714286
6
6.42857142857143
6.28571428571429
5.14285714285714
5.14285714285714
6.71428571428571
6
8
7.28571428571429
6.85714285714286
8.57142857142857
6.85714285714286
7.57142857142857
7.14285714285714
4.71428571428571
7.14285714285714
7.85714285714286
6.14285714285714
7.71428571428571
7.28571428571429
8.42857142857143
7.14285714285714
6.85714285714286
8.14285714285714
8.85714285714286
6
7.71428571428571
7.42857142857143
8.57142857142857
6.71428571428571
8.28571428571429
8.14285714285714
5.85714285714286
6.14285714285714
6.57142857142857
6.85714285714286
5.71428571428571
7.57142857142857
7.28571428571429
7.57142857142857
8
8
8
8.14285714285714
8.71428571428571
7.71428571428571
7.57142857142857
7.57142857142857
8.14285714285714
6
7.14285714285714
8.14285714285714
7.71428571428571
7.85714285714286
8.57142857142857
6
9
7.85714285714286
7
7.71428571428571
7.57142857142857
9.28571428571429
6.57142857142857
8.71428571428571
6.57142857142857
7.57142857142857
7.85714285714286
8
7.57142857142857
6.28571428571429
8.14285714285714
7.71428571428571
8.85714285714286
5.28571428571429
6.42857142857143
8
6.85714285714286
7.71428571428571
7.14285714285714
7.28571428571429
8
7.85714285714286
8.71428571428571
7.14285714285714
6.71428571428571
6.28571428571429
7.28571428571429
8.14285714285714
6.14285714285714
7.14285714285714
6.85714285714286
6.42857142857143
6.42857142857143
6.42857142857143
7.57142857142857
6.71428571428571
7.42857142857143
7
5.57142857142857
5.85714285714286
7.14285714285714
5.71428571428571
6.71428571428571
6.85714285714286
7.28571428571429
6.85714285714286
7.28571428571429
5.57142857142857
6
4.42857142857143
6.57142857142857
7
6.42857142857143
4.85714285714286
6.85714285714286
6.71428571428571
6.71428571428571
6.42857142857143
7.71428571428571
7
7.42857142857143
8.71428571428571
8.14285714285714
7.28571428571429
6.57142857142857
5.85714285714286
6.28571428571429
6.71428571428571
6.85714285714286
7.42857142857143
8
7.57142857142857
5.42857142857143
7.57142857142857
6.14285714285714
6.85714285714286
6.85714285714286
7
5.57142857142857
7.42857142857143
4.42857142857143
5.42857142857143
4.57142857142857
6.57142857142857
6.28571428571429
6
4.42857142857143
4.71428571428571
6.71428571428571
7.14285714285714
5
7.28571428571429
4
5.42857142857143
3
3.85714285714286
2.85714285714286
5.71428571428571
5.85714285714286
5.28571428571429
6.71428571428571
5.71428571428571
6.42857142857143
6
6.85714285714286
6.71428571428571
5.28571428571429
6.85714285714286
7
7.71428571428571
7.57142857142857
5.28571428571429
5.57142857142857
8
6.28571428571429
4.85714285714286
6.42857142857143
5.57142857142857
8
4.71428571428571
7.71428571428571
7.42857142857143
6.28571428571429
7.85714285714286
8
7.57142857142857
7.71428571428571
7.42857142857143
6.57142857142857
6.71428571428571
8
8.14285714285714
7.28571428571429
6.71428571428571
5.57142857142857
5.57142857142857
5.42857142857143
6.28571428571429
6.71428571428571
7.28571428571429
7.85714285714286
7.14285714285714
5.42857142857143
6.14285714285714
6.85714285714286
6.71428571428571
6.42857142857143
7
7
7
6.85714285714286
6.71428571428571
6
6.14285714285714
6.28571428571429
5.14285714285714
6.57142857142857
6
6.28571428571429
7.14285714285714
6.71428571428571
5.71428571428571
7
5.14285714285714
8.28571428571429
7.14285714285714
6.57142857142857
5.14285714285714
6.14285714285714
7
5.71428571428571
7.28571428571429
6.85714285714286
5.71428571428571
6.14285714285714
4.42857142857143
5
4.71428571428571
4.85714285714286
5.57142857142857
5.28571428571429
7
4.71428571428571
5.85714285714286
6
4.71428571428571
6.28571428571429
6.28571428571429
5.14285714285714
6.85714285714286
7.14285714285714
5.71428571428571
4
7.42857142857143
6.71428571428571
6.42857142857143
5.42857142857143
4.71428571428571
6.71428571428571
6.42857142857143
4.85714285714286
5.28571428571429
7
6.71428571428571
7.14285714285714
7.42857142857143
6.57142857142857
7
6.28571428571429
7
7.14285714285714
6
7.42857142857143
8.14285714285714
7.85714285714286
6.71428571428571
7.14285714285714
8
6.71428571428571
7.42857142857143
8.28571428571429
7.14285714285714
7.71428571428571
6.71428571428571
6.28571428571429
7.57142857142857
6.71428571428571
6.42857142857143
5
5
5.42857142857143
4.28571428571429
5
4.85714285714286
6.57142857142857
6.85714285714286
6.57142857142857
7.14285714285714
7.57142857142857
6.71428571428571
7
7
7.57142857142857
7
8.28571428571429
9.14285714285714
5.85714285714286
6.42857142857143
7.14285714285714
7.85714285714286
8.85714285714286
7.28571428571429
7.14285714285714
9.14285714285714
7.14285714285714
5.28571428571429
4.71428571428571
5.28571428571429
7.42857142857143
7
5.71428571428571
6.14285714285714
7.28571428571429
4.42857142857143
6
4.85714285714286
6.85714285714286
5.85714285714286
5.85714285714286
5.85714285714286
6
5.85714285714286
7
6
5.85714285714286
6.85714285714286
4.85714285714286
6.71428571428571
6.71428571428571
5.42857142857143
8.14285714285714
8.28571428571429
7.14285714285714
8
8.28571428571429
7.28571428571429
7.71428571428571
7.85714285714286
7.85714285714286
7.28571428571429
6.85714285714286
8.85714285714286
6.42857142857143
8.85714285714286
6
6.28571428571429
5.57142857142857
7
7.28571428571429
6.71428571428571
6.71428571428571
7.42857142857143
7.28571428571429
7
5.28571428571429
5
7.57142857142857
7.28571428571429
5
7.42857142857143
5.71428571428571
6.85714285714286
8
7.57142857142857
6.57142857142857
7
7.28571428571429
7.85714285714286
7.14285714285714
4.57142857142857
7.42857142857143
8
6.42857142857143
7.85714285714286
8.71428571428571
7.14285714285714
7.71428571428571
8.57142857142857
7.42857142857143
7.28571428571429
6.85714285714286
8
6.14285714285714
5.42857142857143
8
5.57142857142857
6.57142857142857
4.42857142857143
6.28571428571429
7.14285714285714
5.42857142857143
7.42857142857143
7.42857142857143
7.28571428571429
8.28571428571429
7.71428571428571
6.28571428571429
8.71428571428571
7.14285714285714
6.42857142857143
7.14285714285714
7.14285714285714
7.57142857142857
6.57142857142857
7.28571428571429
7.42857142857143
6.71428571428571
6
6.85714285714286
6.57142857142857
7.28571428571429
6.14285714285714
6.71428571428571
5.71428571428571
7
6.71428571428571
8.42857142857143
8.14285714285714
8
6.85714285714286
7
6.42857142857143
6.85714285714286
6.42857142857143
6.42857142857143
6.57142857142857
4.5
5.5
7.16666666666667
7.33333333333333
7.66666666666667
5.66666666666667
7.33333333333333
6.33333333333333
6.5
6.66666666666667
8
8.16666666666667
8.66666666666667
7.5
8
8.66666666666667
8.33333333333333
5.66666666666667
7.66666666666667
8.5
9.33333333333333
7.16666666666667
8
8.66666666666667
8.5
5.83333333333333
6.16666666666667
7.5
6.33333333333333
7
7.66666666666667
7
6.5
8.5
8.5
8
8.33333333333333
8.5
8
8.83333333333333
9.5
8.33333333333333
7.66666666666667
6
7.16666666666667
6.83333333333333
7.66666666666667
8.33333333333333
7.5
8.5
7.16666666666667
6.66666666666667
7.33333333333333
7.33333333333333
6
6.83333333333333
4.83333333333333
8
7.5
6.33333333333333
5
5.33333333333333
6.5
5.83333333333333
6.66666666666667
7.16666666666667
6.5
6.33333333333333
5.16666666666667
6.66666666666667
5.16666666666667
6.83333333333333
7.33333333333333
7
7.33333333333333
7.33333333333333
8
7.83333333333333
7.66666666666667
8
7.83333333333333
7.83333333333333
7.5
6.83333333333333
6.66666666666667
7.66666666666667
6.83333333333333
8.5
8
5.83333333333333
7.33333333333333
4.16666666666667
6.66666666666667
8
7.83333333333333
8.16666666666667
7.83333333333333
7.83333333333333
7.66666666666667
8
8.83333333333333
8.66666666666667
7.33333333333333
6.5
6.33333333333333
8.66666666666667
7.33333333333333
6.83333333333333
7.5
8
6.66666666666667
7.16666666666667
6.66666666666667
5.5
6.5
4.5
5.66666666666667
6.33333333333333
6.33333333333333
7.16666666666667
7.33333333333333
7.33333333333333
6.33333333333333
7
5.66666666666667
5.83333333333333
4.33333333333333
5.66666666666667
6.16666666666667
5
5.16666666666667
6.33333333333333
4.66666666666667
5.16666666666667
6.33333333333333
7.66666666666667
7.66666666666667
4.66666666666667
7.16666666666667
8.16666666666667
4.16666666666667
7
5.5
7
7.66666666666667
8.33333333333333
6.16666666666667
7.33333333333333
5.66666666666667
5.33333333333333
7
8.16666666666667
8.5
7.83333333333333
8.5
8.16666666666667
7.16666666666667
5.83333333333333
7.83333333333333
6.16666666666667
7
7.33333333333333
6.5
5.33333333333333
6.33333333333333
7.66666666666667
5.66666666666667
6.83333333333333
5.83333333333333
6.66666666666667
6.66666666666667
7.33333333333333
5.66666666666667
6.16666666666667
6.16666666666667
6.16666666666667
6.83333333333333
7
9.16666666666667
8.66666666666667
7.5
7.66666666666667
7.16666666666667
8.16666666666667
7
8.33333333333333
7.16666666666667
5.66666666666667
8.16666666666667
7.66666666666667
6.33333333333333
5.33333333333333
5.16666666666667
5.66666666666667
6.66666666666667
7.5
7.33333333333333
6.33333333333333
7
5.5
6.16666666666667
6.5
8.16666666666667
6.83333333333333
8.16666666666667
7.33333333333333
6.66666666666667
6.83333333333333
6.5
6.5
4.16666666666667
7.16666666666667
6.16666666666667
5.66666666666667
6.83333333333333
7
6.66666666666667
7.5
6.16666666666667
5.83333333333333
5.33333333333333
5.16666666666667
6.5
6
5.5
6
6
6.16666666666667
4.66666666666667
6
6.5
7.33333333333333
5.33333333333333
7.66666666666667
7.16666666666667
6.66666666666667
5.33333333333333
6
6.16666666666667
5.5
4.16666666666667
4.83333333333333
5.33333333333333
7.33333333333333
6.33333333333333
4.5
6.5
7
5.5
7.5
5.33333333333333
7.16666666666667
7.5
7.5
7
6.5
6.83333333333333
5.66666666666667
6.66666666666667
7.33333333333333
6.16666666666667
6.66666666666667
8
6.33333333333333
5.16666666666667
5.33333333333333
5.66666666666667
6.33333333333333
5.5
6.16666666666667
6.66666666666667
6.5
7.16666666666667
6.66666666666667
6.33333333333333
6
5.66666666666667
5.33333333333333
7.83333333333333
7.33333333333333
7
7.5
6.33333333333333
6.5
6.33333333333333
6.16666666666667
6.66666666666667
7.33333333333333
7.33333333333333
7.5
7.66666666666667
5.83333333333333
7.16666666666667
5.83333333333333
6.66666666666667
6.66666666666667
5.33333333333333
5.83333333333333
7.16666666666667
6.83333333333333
6.5
6.5
5.5
6.5
7.83333333333333
6.66666666666667
6.83333333333333
6.5
8.66666666666667
6.83333333333333
6.83333333333333
6.66666666666667
6.83333333333333
7.33333333333333
7.33333333333333
7
8
7
8
7.83333333333333
6.83333333333333
6.33333333333333
6.33333333333333
7.5
6.66666666666667
6.83333333333333
7.66666666666667
7.5
7
8.5
7.5
8
7.5
6.83333333333333
6
5
8.16666666666667
6.16666666666667
6.83333333333333
6.5
6.83333333333333
7.66666666666667
6.5
7.5
7.83333333333333
7
8.66666666666667
6.33333333333333
6.66666666666667
6.83333333333333
8.16666666666667
7
8
6.16666666666667
7.66666666666667
8.16666666666667
8.33333333333333
7.16666666666667
7
6.5
6.16666666666667
8.16666666666667
8.16666666666667
7.83333333333333
6.5
7.16666666666667
7.16666666666667
6.66666666666667
7
6.5
5.33333333333333
6.16666666666667
7.5
8.83333333333333
6.5
6.83333333333333
6
6.33333333333333
7.33333333333333
6.16666666666667
7.16666666666667
7
6.16666666666667
7.16666666666667
6.16666666666667
6.83333333333333
7.83333333333333
5.16666666666667
6.16666666666667
4.33333333333333
6.5
5.66666666666667
6.33333333333333
6.5
8
6.66666666666667
6.83333333333333
6.16666666666667
6.66666666666667
7.16666666666667
7.5
7.83333333333333
7.83333333333333
6.33333333333333
7
6.33333333333333
6.5
6.83333333333333
7.33333333333333
7.33333333333333
6.5
7.16666666666667
6.66666666666667
7
7.33333333333333
6.83333333333333
6.5
5.66666666666667
5.83333333333333
5.16666666666667
7
5.33333333333333
6.5
7.16666666666667
8.66666666666667
7.66666666666667
5.16666666666667
5.33333333333333
7.5
6.33333333333333
6.83333333333333
7.33333333333333
7.5
7
6.83333333333333
7.83333333333333
7.33333333333333
8.16666666666667
6
8.33333333333333
8.5
7
6.66666666666667
8
5.66666666666667
8
7.33333333333333
8.33333333333333
8.66666666666667
9.5
8.16666666666667
7.5
7.83333333333333
8.33333333333333
6
6.66666666666667
5.66666666666667
7
6.66666666666667
7.16666666666667
6.66666666666667
7.66666666666667
6
6.5
7
6.33333333333333
5.5
6.66666666666667
8.33333333333333
6.5
6.5
6
8.83333333333333
5.5
8.16666666666667
7.83333333333333
8
6.33333333333333
7.66666666666667
8.33333333333333
7.66666666666667
8.33333333333333
8.83333333333333
8.83333333333333
9.16666666666667
7.16666666666667
9.16666666666667
8.16666666666667
7.5
6.5
8.5
8
7.16666666666667
6.83333333333333
7.83333333333333
6.83333333333333
7.83333333333333
8.5
6.5
8.16666666666667
8.66666666666667
6
5.66666666666667
7.5
7.5
7.33333333333333
6.33333333333333
7.5
7.83333333333333
8
6.66666666666667
4.66666666666667
7.33333333333333
9.16666666666667
8.5
9
7.33333333333333
6.83333333333333
8.5
8.16666666666667
6.66666666666667
6.66666666666667
8.33333333333333
7.5
8.16666666666667
7.33333333333333
6.66666666666667
7.16666666666667
8.33333333333333
6.83333333333333
7.5
7.66666666666667
8
8.16666666666667
7.33333333333333
7.66666666666667
7.33333333333333
7.5
7.83333333333333
8.66666666666667
7.5
7
7.5
6.83333333333333
7.5
6
6.16666666666667
7.5
7.5
5.66666666666667
6
5.66666666666667
6.33333333333333
6
6
6
6.33333333333333
8
7.83333333333333
6.66666666666667
7
4.66666666666667
5.83333333333333
8.66666666666667
6.83333333333333
7.33333333333333
5.66666666666667
9
8.66666666666667
7.66666666666667
7.33333333333333
6
7.66666666666667
8.16666666666667
8.5
6.5
6.83333333333333
7.33333333333333
7.5
8.33333333333333
6.16666666666667
7.83333333333333
6.5
6.66666666666667
6.16666666666667
7.33333333333333
6
7.16666666666667
7.33333333333333
7
6
6.66666666666667
6.83333333333333
8
7
7.5
7.33333333333333
7
7
7.16666666666667
8.16666666666667
6
5.33333333333333
6.66666666666667
7.5
6.66666666666667
7.16666666666667
7.5
7.33333333333333
8.33333333333333
7
6.5
6.33333333333333
7.83333333333333
7.33333333333333
6
7.16666666666667
7
7.33333333333333
7.66666666666667
8.33333333333333
7
6.16666666666667
5.83333333333333
7.5
6.16666666666667
6.16666666666667
7.33333333333333
6.83333333333333
7.5
6.5
6.66666666666667
5.66666666666667
6.33333333333333
5.4
5
4.6
6.4
5.4
6.8
6.2
6.2
6
6.2
6.6
6.4
6.6
3
7.2
8.2
7
6.4
6.2
6.6
6.2
5.8
7.6
8
5.2
6.8
6.6
7.2
6.6
6.6
7.6
6.4
5.8
6.4
5
6.4
7
5.2
5.6
7.6
6.2
7.4
7.8
6
7.8
5.4
7.2
5
4.8
8
6.6
6.6
8.6
7.6
5.6
7.4
7.8
8
7.6
7.4
8.2
6
7
6.6
6.6
7.8
7
6.2
7.4
6.8
8.4
7.4
6
9.2
9.4
7.6
6.8
6.2
7.8
8.6
7.4
6.2
6.6
5.6
5.8
5.8
6.6
5.6
6.6
7
7.2
5
6.2
6.8
7.2
5.8
8.2
7.6
6.8
8.2
7.8
6.6
6.8
5.4
7.6
7.4
8.4
6.8
7
7
8
8.2
8
7.8
8
7.6
6.6
8
6.2
6
8.4
8.2
6
7
7.8
5.4
7.2
7.8
7.8
6
6.2
5.8
3.2
5.2
5.2
5.6
7
6.2
6.2
7.2
6.6
6.4
7
6.6
6.4
7.6
6.8
6.6
4.8
6.8
8
8
7.4
9.4
6.8
8.2
9.4
8.4
8.8
9
9
6
6.4
6.6
6
8.6
5.6
7.4
6.8
7
6.2
4
7.2
4.8
6.6
2.8
6
6.4
6.8
6.8
4.4
5.6
6.8
5.8
6
3
6.6
5.4
7
6
5.8
5.8
6
7
7.8
3.8
7.4
4.2
5.4
7
6.6
7.4
6.6
6.4
6.4
7
7
6
7.6
5.6
5.4
4.6
6.6
6.6
6.4
5.4
7.4
5.6
7.4
6.8
6.6
7
8.2
6
7.4
7.2
7
7.6
5.8
6
7.2
7.4
7.6
7.2
7.4
5
6.4
7
6.4
5.8
7.8
7
6.6
7.6
7.8
7.4
7.6
7
8
6.2
7
6
6.2
5.6
4.6
6.2
4.8
7
4.8
5.4
6.4
3.8
7.4
6.6
7.2
8.6
7.6
7.4
6.2
6
6.8
6.8
7.4
7.6
7
5.4
6.4
6.8
6.8
5.2
7.2
8.8
6
6
8
6.8
7.2
4.6
8.2
7.2
6.4
6.8
6.6
7.4
6.8
5.4
6
5
7.6
5
3
5.25
5.5
6.25
4.75
7
8
7.5
8
8.25
8.25
6.75
6
9.25
8.75
5
6.5
8.5
8.75
9
5.25
6.25
5.5
6
6.5
2.75
5.75
5.5
6.25
3.5
5.75
7
2.5
5
4.25
7.25
6.5
7
5.25
6.75
6.75
5.5
5.5
6.25
8
8.5
6.5
6
4.5
6.75
8.75
7.25
8.75
7.25
7.5
7.75
8.25
7.5
4
6.75
5.5
8
6.5
5.5
7.5
6.75
6.5
8.5
8
7.75
6.5
7.75
5.5
7.25
7
7
7
6.75
6.5
9
9.5
8
5.75
7.5
8.75
8.5
7
9
8
6.75
6.25
7.5
8.25
6.5
7
6.25
7.75
4.25
7.5
8.5
7.5
6
7.5
5.75
7.75
6
6
5.75
6.25
4
6.5
4.25
4.75
6.75
5.5
6
6
6.5
4.75
4.75
5.75
5.75
6.5
4.25
6.75
5.75
5.75
5
7.75
7.25
5
6.5
5.5
8.75
6
7.25
6.75
7
6.5
6
4.25
6
6.5
5.75
4.25
5.75
4.5
7.5
6.75
6.25
7.5
6.75
6.75
7
7.75
7.75
7.5
8.75
7
9
6.5
5.75
6.25
8.75
6.75
8
6.25
7.5
7.5
2.75
6.5
3.5
6.5
8.5
8
5.75
6.5
6.25
7.5
6
5
5
5.5
6
6
6.25
6.5
5.75
6.75
7.5
5.75
6.5
5.25
6
7.25
7.5
7.5
5.75
9.25
7.75
6
5.5
6
7
5
7
3.25
6
5
7.25
7.75
7
4.75
6.5
5.33333333333333
6.66666666666667
7.66666666666667
7.33333333333333
5.33333333333333
6.33333333333333
6
7.66666666666667
8.33333333333333
6.33333333333333
9.33333333333333
8.66666666666667
8.33333333333333
8.66666666666667
7
6.33333333333333
7.33333333333333
6.33333333333333
5.66666666666667
7
5.66666666666667
5.66666666666667
3
4
6.33333333333333
5.33333333333333
6
6
6.66666666666667
7
5
7
7.33333333333333
4.33333333333333
7
5
8.33333333333333
7
6
4.33333333333333
5.33333333333333
6
5.33333333333333
5
3
4.33333333333333
4.33333333333333
4
4.33333333333333
5
5.66666666666667
5.66666666666667
6
4.33333333333333
4.33333333333333
4.66666666666667
4.5
5
5.5
5.5
6
5.5
3
3
6
3.5
4
5.5
6.5
3
3.5
3
3.5
4
5
5.5
5.5
5.5
6.5
6
6.5
6.5
7
4
6.5
7.5
4.5
5
4.5
5
6
6
6.5
6.5
7.5
6.5
10
8
8
5
4.5
5.5
4.5
5
4.5
3
2
3.5
4.5
4.5
4
7
6
6.5
4.5
7
5
5.5
5.5
6.5
6
6.5
7
4.5
5
5
4.5
5
6
5
4
4.5
4.5
5
4.5
5.5
5.5
7.5
6
6.5
6.5
6.5
7
7.5
5
6.5
5.5
3.5
4.5
4.5
5
5.5
5
4.5
6
7.5
3.5
4
5.5
6
4.5
6.5
5
5
5
4
6
6
5.5
4.5
4
5
5
7.5
2.5
3.5
4.5
6.5
6
6.5
7.5
4.5
6.5
2.5
9
7.5
4.5
7.5
8
7
6.5
8
4.5
9
7.5
8.5
5
5
5
4.5
4
4
5
7
6.5
5.5
5
5
5.5
6
6
6
4.5
5.5
4.5
7.5
5.5
5.5
6.5
8
6
4.5
3.5
5
6.5
5.5
6
5
4.5
5
5
8
6.5
8
4
7.5
4
3.5
4.5
3.5
5.5
5.5
6
5
6.5
7
7
6.5
7.5
7.5
5.5
4.5
8.5
8
4.5
4.5
9
7.5
7
7.5
5
6
9
7
7
5.5
6.5
10
5
9.5
9
7
10
10
7
7.5
8
8
8.5
8
9
9.5
6.5
10
8
10
9
5.5
4
6
3
6
6.5
5
6
3.5
6.5
5.5
6.5
4.5
3.5
5.5
7
5.5
6.5
6.5
3.5
4
3.5
4
3.5
4
5
5.5
6.5
6.5
7.5
6.5
9
4
7
4.5
7
8.5
6
3.5
4
5
4.5
6.5
6.5
7
4.5
8.5
6.5
5
6
3
7.5
8
8
4.5
8.5
7.5
8.5
7
7
5
6
4.5
4
6.5
6.5
7.5
5
9
5
10
7
6.5
8
9.5
9.5
7
4.5
7
5.5
5
2.5
4.5
4
5
5
6
7.5
8.5
2.5
9
9
6
3.5
3.5
4.5
7
7
4.5
8
5
6
8
7.5
4
6.5
8
8.5
7.5
5
6
6
6.5
6.5
7.5
8
3
6
6.5
2.5
7
7.5
6.5
8.5
8.5
8.5
8
8.5
8.5
8.5
5
3
6
6.5
2
7.5
7
4
7.5
4
5.5
7
7
4.5
7.5
4.5
6
8
2.5
4.5
4
3
3
4
4
4.5
4.5
3
3
4.5
4.5
6
6.5
6
7
3.5
5
6
6
6.5
2
6
5
6
8.5
10
9.5
5
6
6.5
6
8.5
1.5
7.5
8
9
6.5
4
6.5
6.5
9.5
9
8.5
9
7.5
9
8.5
8
7
7.5
6.5
7.5
7.5
6.5
3.5
7
6
7
8
8.5
7
6.5
7.5
7.5
5
5
3
7.5
8
7.5
8
7.5
6
6.5
6.5
7.5
7
5.5
6
6.5
6
6.5
6
6.5
7
7.5
7.5
7.5
7.5
4.5
6.5
5.5
5.5
6
5
5.5
4.5
5
4
4.5
5.5
5.5
4
5
4
7
7.5
4.5
7
7.5
9
4.5
3.5
7.5
6.5
9
4
5.5
7
5.5
8
9.5
5.5
9.5
4.5
9.5
6.5
6
6
7
7.5
10
10
10
4
10
6
6.5
7
8
8
6.5
3
4
4.5
6
5.5
6.5
4
3
4
4.5
5
5.5
7.5
6
1.5
4.5
5
6.5
7.5
7.5
5
4
7
4.5
5
5
4.5
7
4.5
7
6.5
3.5
6.5
2
6.5
7.5
5
4.5
6
3.5
5.5
5.5
6.5
5.5
3
6.5
6
6.5
5.5
6.5
6.5
6
7.5
6
7.5
6.5
6.5
3
4
4.5
5
4.5
5.5
4
4.5
7.5
6
6
7.5
7
3
4
6.5
6
8.5
1
7.5
7
8.5
7.5
7.5
6
5
5.5
3
3
7
4
8
6.5
8.5
8
9
7
8
4
4
8.5
5.5
5.5
3.5
5
4
4.5
5.5
3.5
6.5
2.5
7.5
4
5.5
5.5
6.5
7
7.5
8
8.5
7
6
6.5
6.5
7
7
7.5
3
8
8.5
8.5
9
9
9
7
8.5
7.5
1
6
7
6
4.5
5
5.5
6.5
7
7.5
8
5
3.5
5.5
6
3
5.5
5.5
6.5
5
4.5
5
6
7
8
8
3.5
4
2
4.5
4.5
4.5
5.5
6
6
5
5
4.5
4.5
5
5
5.5
4.5
5
5.5
6
4
6.5
5.5
2.5
4.5
5
5
6
7
7.5
6
3
6
6
7
3.5
4.5
6.5
7.5
7.5
6.5
6
5
2.5
4.5
5
7.5
7
5.5
7
8
7.5
4.5
8.5
5.5
9.5
3
8
9.5
10
8
5
3.5
4
4
7
5.5
1.5
5.5
6.5
6.5
5.5
6
7.5
6.5
8.5
8.5
9
8.5
8
3.5
6.5
6
6
4.5
7.5
7
8
4
5
3.5
4
5
6.5
7
6
5.5
6
7
7
7.5
7.5
6.5
6
3.5
6.5
6.5
4.5
6.5
8
6
3
7.5
7.5
9
4
5.5
6.5
7
5
6
7
7.5
6.5
4.5
3.5
6.5
6.5
5.5
5.5
7.5
7
5.5
3
3.5
6.5
7
7.5
8.5
6.5
4
5
6
5.5
7.5
9.5
5.5
5.5
5.5
5
6
6
8
5
4
4.5
5
4
6
5
7.5
6.5
6
6.5
4.5
4
5.5
5.5
6.5
7.5
7
9.5
9
9.5
7
5.5
7.5
7
8
8
6.5
7
8
6.5
6
6
6.5
4.5
5.5
4
4.5
5.5
5
7
5
4.5
6
7
8
7
8.5
7.5
9.5
6.5
7
8.5
9
7
5
5.5
5.5
7
4.5
5.5
7
8
9
8
8.5
7.5
9.5
6
7
7
7.5
8.5
7
7.5
6
7.5
4
5
7
8
9
8
9
7.5
9.5
6.5
7
7
3
4.5
8.5
8.5
5
6
8.5
9
9.5
7
6
10
8
7
5.5
6.5
6
7.5
7
8
4
4
7.5
8
8
6.5
7.5
8.5
8
7.5
9
8.5
9
6
5.5
5
5.5
4.5
6
8
8.5
3.5
6
6.5
8
8.5
9.5
9.5
10
10
10
10
10
9.5
10
10
9
6
5
9.5
9.5
7.5
6.5
6.5
6.5
7
7.5
8
8
9
9.5
7.5
9
4.5
4.5
5
3.5
5.5
5
5.5
6.5
6.5
8.5
9.5
6
10
6
8
6
8
5
9
7
8
7
10
6
10
5.5
7.5
6
7
3
7
5
8.5
6
8.5
4
9
8
6.5
4.5
6.5
5
7
5.5
5
6
5.5
6
6.5
6.5
7
5.5
7.5
9
7
10
10
8.5
7
6
10
8.5
6
6
9
7.5
4
4
5.5
5
7.5
3.5
7.5
8.5
9.5
7.5
6
7.5
6.5
8
6
4.5
7
7.5
6
5.5
7.5
8.5
9
5.5
6
7.5
7
5
10
10
10
10
5
10
8
10
10
10
10
10
3
8
7
8
4
10
6
10
8
10
5
10
10
10
10
5
10
8
4
9
10
10
8
10
10
10
3
3
4
5
6
6
8
9
9
10
10
10
10
10
4
10
10
9
6
3
4
5
6
6
6
5
4
4
5
6
6
6
5
4
5
4
5
6
5
6
7
7
8
7
7
8
6
6
7
8
9
5
8
7
9
5
10
7
10
9
10
9
7
8
9
7
6
6
7
8
6
10
7
6
7
8
7
6
9
10
7
5
5
9
10
9
10
5
6
6
5
5
9
10
9
10
5
5
6
7
8
9
10
10
5
7
8
7
8
9
9
6
10
7
7
6
7
4
3
5
4
5
4
3
5
5
6
5
3
6
5
6
5
7
6
6
7
8
9
9
5
3
4
4
3
3
3
5
5
6
6
7
8
9
2
10
10
10
10
10
2
10
10
10
10
10
2
10
10
10
10
10
7
9
10
7
6
7
5
9
7
8
10
8
8
9
5
10
1
9
9
7
10
10
9
10
10
10
10
8
10
10
10
10
10
10
10
10
10
10
10
10
7
10
9
8
7
10
10
9
10
10
10
7
10
10
1
9
7
7
6
8
8
9
7
6
6
6
7
7
5
5
7
8
6
7
7
7
8
8
10
10
1
7
7
7
8
8
6
6
7
8
8
5
5
7
10
6
10
8
7
8
8
10
10
10
9
10
8
9
9
6
7
8
5
5
7
10
6
10
8
7
8
8
10
10
10
8
8
4
2
8
7
10
1
10
6
10
8
9
10
10
8
7
7
8
6
9
10
1
7
6
7
6
9
8
10
8
10
7
9
6
9
10
10
9
7
8
9
10
10
10
10
6
5
6
7
8
8
6
10
10
5
10
8
10
10
10
4
5
5
7
5
9
8
9
10
10
10
6
2
10
10
10
10
7
7
3
9
6
5
6
7
8
9
10
10
10
10
10
10
10
10
7
10
6
2
8
8
10
9
10
9
9
6
9
10
10
9
8
7
5
3
5
5
10
10
10
7
8
6
10
5
5
6
4
5
6
6
7
8
9
10
7
7
3
8
5
6
8
8
9
10
2
10
10
10
10
10
2
10
10
10
10
10
10
4
5
10
8
4
10
10
7
7
10
10
10
10
4
10
6
6
6
6
5
5
6
7
8
9
10
8
4
2
10
7
10
8
8
9
9
8
6
10
10
6
9
9
10
6
10
5
6
3
5
5
5
6
5
6
7
6
6
3
5
5
0
1
2
3
4
5
6
7
7
8
5
10
10
7
3
6
1
2
2
3
4
5
6
6
6
4
8
9
8
6
8
6
9
4
9
10
2
10
7
10
10
1
1
2
3
4
2
6
7
8
5
5
2
3
4
5
5
1
7
8
9
10
9
9
10
10
10
10
10
10
10
10
10
10
1
5
5
5
6
5
7
7
6
6
5
5
5
1
2
3
3
2
3
4
5
6
6
6
6
5
6
6
7
7
8
8
8
6
7
7
1
7
7
6
6
5
8
9
7
7
6
5
7
7
6
7
3
3
4
5
4
5
6
6
7
1
2
2
3
3
4
5
6
7
4
5
5
3
4
4
4
5
5
6
6
6
7
8
5
4
1
1
2
3
