6.80352525465376
4.53868254227035
3.20191112569301
2.4924374833034
2.46708412194652
2.51020954277337
1.80998227384255
1.90650904709313
1.60142990194954
1.75453803002676
2.09481630169642
1.31235336684043
1.35435677948748
2.70119151455287
1.34705383183319
2.64231510427994
1.57817832078624
3.14011015920939
1.69830534817548
1.13813321968429
2.00195904349685
1.1674577075806
1.11597231085404
1.25619122216267
1.00267493865974
1.01046568667853
1.13401467566617
1.81481289499135
1.06650642099582
2.64869562287124
3.0041789614591
3.31039762387373
2.37199589145334
3.01139180949281
1.95499082261999
2.39303165746565
2.11365541077621
1.91168713197109
1.49301987178407
2.23783945026458
2.52284227259676
2.49728032215056
1.5508502268361
2.61958374962664
2.86439938907835
2.1602035047585
2.64276139024451
2.15075946618483
2.47195514649326
2.00917419192915
2.12677919425736
2.74199382183262
3.0760938267631
2.62860999855044
1.81012665371565
3.31349524560522
2.30967216624843
2.66241710943686
2.10533769417887
2.19458239282311
2.18630309895665
1.62488985367819
2.48920887360807
2.34448039436543
2.39514398450614
2.59717522010784
2.27666245218825
2.37500682308297
2.45951643184341
2.2370377022928
2.14524726652365
2.75085015672302
2.60752296597757
2.43129531134483
2.16747180663261
2.52435413767338
2.83552230646845
2.76181291229317
2.33423971634505
2.03586593157591
2.52965639352741
2.36633791027698
2.07471866343888
2.23294606945981
2.52591516008752
1.81973424263817
1.88795486680477
1.73533746053978
2.37851868754883
1.87553744186091
1.48917954051389
1.69457541140169
2.16967899177782
2.46600738491171
2.5672083289828
2.68357039735931
2.12854117358291
1.85223024303775
2.19266312710608
2.41003343152759
2.47577632298254
2.21421978912442
1.9029359495138
1.79502074506164
1.74702533343288
1.67308623501385
2.30512932637218
1.95547230057426
1.77327712547552
2.42841050244362
2.23141410296961
2.14216598940453
2.03770189098521
2.19559268041724
2.09405558508729
1.85743410675958
2.0290538000072
1.99989852624015
1.85591859306454
1.69986990821006
1.55875807526508
1.45928082774135
2.03638104917974
1.59839211773812
1.56678655082726
1.45568133454541
1.37537865199869
1.51347054079941
1.55052286633666
1.87337914997126
2.44713971782927
2.13557473687343
2.08220508956803
2.06912004619926
2.16091507322162
2.10721527170284
2.15148361160265
3.10032700245476
1.76713438902319
2.10121924130703
1.75989394624568
2.17765591527819
2.47305986501658
2.18615926618324
2.44171732465172
2.40489910327331
2.41411101902935
2.09360451006405
2.02748642893127
2.45116739524878
2.28485685439026
2.22762343213957
2.3691462391852
2.19657145195583
2.09360143762919
1.46677069488156
1.41877939540111
1.79900520560957
1.52404218670421
2.1979959778451
1.74931941259101
1.75960967258194
1.95555216002765
1.53922100218245
1.46915826344844
1.7649041866557
1.54295822799361
1.36786178818466
2.10347810102094
1.37861945445645
1.59399222449655
1.64705353534801
1.81853946231073
1.70634776210793
1.63767641672114
2.53631277145586
1.72744114212597
1.37113597789585
1.67171255638315
2.03567347813422
1.92510089658728
1.8419613981012
1.93327799997345
1.96051431875422
1.74285104420781
2.1819430290956
2.20213524549754
1.84457009356813
2.34726216517176
1.74347639614959
1.97564442099562
1.79015521682808
1.89709257412466
2.0054792517709
1.742342389825
2.03857599536889
2.05452494511684
1.75710328821423
2.03804343285924
1.88183061944781
1.85056291566
2.42536999150519
2.44899809722909
2.01700061691608
1.86703473764805
1.91065019217444
2.30695446408612
2.09813561434776
2.40668872561271
1.90314625334933
1.75409154191774
1.80526753170311
1.84882850211664
2.08486663239113
2.12606279585477
1.81279137523912
2.80291079186534
2.24193605850749
2.03876142035658
1.84342241648562
1.71255289797764
2.22849562979212
1.82105379647279
1.9736439545883
1.89973225232702
2.44870084068023
2.30695373853046
2.10518311861148
2.30511879037134
2.24880997928836
2.26415595055804
2.2663507973397
2.42493229688351
2.35914410055282
2.35610055724972
2.45163166660252
2.21086469403709
2.26252572168111
2.20942946747063
2.10330889430838
1.97086881398658
1.95150357564095
2.39049237629604
2.08427748873528
1.75980105010937
2.13389282845056
1.84653320789294
2.10310456038629
1.90224429340688
1.97141344928622
2.08399934599765
1.97810540840111
2.290675329789
2.24125476750911
2.360468318924
2.0960157140009
2.43868928514061
2.07617350369768
1.98897585372954
2.20440201686145
1.99710526155602
2.20679499964153
2.32266028355474
2.23895094573361
2.16685092391502
2.25635544741717
2.20185058406142
2.10302998816639
1.94175353477555
2.11411990469805
2.01786921412691
2.29637141187867
2.13744415133513
1.7579527519449
1.95268675270564
2.05809292401405
2.05701215945309
2.36842400037005
2.12456364724054
1.8997642511453
1.96397716898145
2.30502922030734
2.04917846173987
1.71337193844986
2.30547734358541
2.74010791134223
1.75468916355697
1.6780164659001
1.60542836510676
1.75657788916702
1.65397500803673
2.13972710952511
2.21461619970023
1.60692382742896
1.81753715005892
2.07308640724336
2.34220211154025
2.20229041800064
2.61868220540623
2.15401623991528
2.04676342716312
2.21310197263299
2.29267234022777
2.02225203130996
2.11068198919593
1.92698480637048
1.72854708471576
1.97564589177324
2.49061398352738
1.74315373793916
2.49178862449517
1.81632594155962
2.03463049506728
2.39677519842931
2.32245358377923
2.03617431784428
1.748833358473
2.31580356272346
2.10714884410318
2.12946789440968
2.06939434284617
2.17945263134272
1.93633799121708
2.32316451296109
1.98275581093017
2.198380838109
1.9856248293454
2.16573178967087
1.8845408442107
2.00124870950736
1.98389884763834
2.30633474071304
2.35630725880459
2.01903325687891
2.05198938112762
1.85080593355506
2.55650698320937
2.4901818418229
2.03943718927368
1.97127529465945
2.05460002149728
2.51363687489002
1.93085112595947
1.78338533193773
2.25416770826864
2.08785943254557
2.07706682235078
1.56675031396517
1.48536430024592
2.41700068877199
1.73110095145064
1.79848254265822
2.18849576134057
1.81925729758581
2.0221312365139
2.0988937821024
1.94929518666473
2.17057640500963
2.5875652073511
2.22227290779005
2.55412008149951
2.74800228176336
2.58546755544798
2.69666038985682
1.64864625433498
2.08074384337602
2.04006895556003
1.81618071846059
1.87824970764079
1.70567086132971
2.00143371532915
2.05568116138423
2.15073859413596
2.06513391408268
2.11794111619211
1.5513944153542
2.19790331918725
2.2018383987253
2.46841087006855
1.91018034720553
2.14090491979004
2.03800135761145
2.0077687040245
1.79309499403462
1.97162466542106
1.9626926127761
2.15543116254282
1.73983256672811
1.90483562729977
1.76779600590189
1.99325511310253
2.02427783649943
2.01813441571026
2.52468348816865
2.26738294021951
2.10492537054168
2.24104639552954
1.41085737614139
1.49522608309519
2.0207689022447
1.8460613765866
2.12579242174713
2.42433242731676
2.1358422689242
2.5433932893662
2.00980278210485
2.11446444207079
2.03989763250797
0.985601207401884
2.46805599138845
2.36662775455362
2.26034253901468
2.25779932896025
1.91011135146981
2.02904007174429
2.27576162187254
2.42533415040377
2.26062121440407
2.30878388522403
2.17007986335212
2.10943641263618
2.24324420012216
2.1703857352813
3.01236408967705
2.24306163488963
2.20047489695218
2.0577465650316
2.04349951546884
1.95791650352558
2.08601273485921
1.86478677758855
2.44476003496075
2.59822916877422
2.27193115961589
2.47451178661754
2.50116231317653
1.74516300432137
2.15394571072225
2.37202420833162
1.92711256099971
1.94599135564866
1.75395849565344
2.24995293099173
1.96788172248043
2.09527666288693
2.04986701561843
2.32236551142071
2.28105383374886
2.16445191437905
2.23137609149238
2.42453766355527
2.23841871706192
2.37392172406151
1.66150713347592
2.0278574350905
2.07253021219307
2.17739557944441
2.19000534552914
1.86504898168727
2.15719366712624
2.20621689979518
2.32699434707806
1.99215964447409
2.2928586823914
2.20281230746747
2.04411036579212
1.88866568935486
2.1914626712494
1.93168782871852
1.976683414575
1.79318835956053
2.01768399562853
1.94208062237261
2.13776423518624
1.98588326787131
2.22200337387392
2.35701179220385
1.86016000271489
2.54664003717112
2.38204733009891
2.19909440391723
2.09334969031634
2.01294857298886
1.89921502389156
2.01154477700291
2.07101257468164
1.77014856995423
2.06448620781095
1.92368435321927
1.9568752119174
2.34554500245126
1.99738881541802
2.03043245043331
2.10031242168586
1.97614801723874
2.44470477385549
2.37919382330206
2.2020959590457
2.36882552057285
1.77622334259913
2.2057795901272
1.95302251732728
2.20465741523784
1.91244991907965
2.09188816079225
1.82308986951777
1.99351144676627
2.25524784972262
2.12342317061686
2.24891533186579
2.31172030450622
2.39872564104515
2.24312881297519
1.9578384086808
2.05205802400484
1.93241265322558
1.95942719881199
1.89164719217965
2.39757476438149
2.27896261873587
2.10248790503489
2.23340565169385
1.91100202737149
1.84442198426164
1.86773589568226
1.69813525456239
2.20302940085854
1.74422457357232
1.53915813834079
1.83422746369681
2.12941226710705
2.21277620130709
2.10246179234043
1.80027998727205
1.90509286806654
1.87291462799434
1.6558155331326
2.14821398244103
2.12803030960796
1.62735653746405
1.63172026417832
2.18660514018001
2.27158280383582
1.97719061308466
2.00951691614197
2.03185575766083
1.47324129281612
1.78975354960146
1.73613893731189
1.70802974529887
1.53596887434836
1.66162578962648
1.93748310894965
1.84795474372796
1.75798400451524
2.22145261143607
1.68118049574521
1.69286358804128
1.6156259101231
2.25302451949149
1.92819387225361
2.38540044629565
2.38401691548188
1.89662255567235
1.91269203287753
1.35741156868193
2.48056774553412
1.84837016635015
1.73491184474356
1.75679757305878
2.23432032455317
2.17085313392727
2.11840619580433
2.15526897798378
1.90556731526229
2.0388440134411
1.60910314488127
2.08689826080558
2.00922716967283
2.46993866186181
1.57923522455853
2.22767606765451
2.01009678387631
1.69041737813105
1.76433924941288
1.58003678325462
1.53666195912953
1.62358684570927
1.78814974732315
2.83263579468837
1.85993848966548
2.17431512426451
1.98053560886951
1.81821703123358
2.00954532366149
1.85012372414665
1.99267237290893
1.93175114548321
2.13829875124179
1.78227470446591
2.01660299731044
1.99279593227971
2.56695359602167
2.11658560823204
2.28764686086624
2.34479773345056
2.24848338258607
2.52817023828747
1.71367960320531
1.59959989839056
1.63909826151338
1.51789515444508
1.41412214501566
2.11890632672292
2.03036131048291
1.98252688665615
1.96360237067655
1.76596506588776
1.74057524051228
1.99578183623858
1.77392345460826
1.81642330076502
1.83737093128322
2.07615860399526
2.49640976161618
2.1331535975873
2.00511639481321
1.89801312032702
1.92398870685469
2.21116601855794
2.08677069142306
1.75749772784156
2.12281628784186
1.94427923776608
2.16815422170978
1.96316018668005
2.08774192072879
2.00480222325901
2.03225439896245
2.35798286725064
2.1914866159708
1.99885852978775
2.21041833688719
2.29915516861801
2.32991445125563
2.49416127925467
1.92646598875227
1.88499386013351
2.28097145574193
2.21078108359773
2.09784674094093
2.0872757559109
2.1148525784281
2.1868127789546
2.26091200484665
1.99445941144328
2.32355182283294
2.07376459113944
1.69651206136539
2.0990014614616
1.927785504541
1.95003619083378
2.09769123212085
2.2383058722079
1.9687004480107
1.68271832931166
1.73579951800494
1.66326307029649
1.62733640053462
1.87410094376362
2.36841878169133
2.22945328799875
2.01199388933198
1.79845803403556
1.9650193252993
1.60545926964674
1.97782308756122
1.9340612982697
2.22897923089693
1.96878054219061
1.71209026513127
2.56335510285545
1.75044812198122
2.20093704418932
1.82470803014613
1.8521150559344
2.21723444814526
2.27806719016544
1.55020218727753
1.5197406099516
1.61331898557061
1.55552997384791
2.73184158548857
2.21677489021243
2.05237313400091
1.92592774328069
1.70593156907315
1.81607596695179
1.70732785985125
2.09530255200574
1.85685763097628
1.74051818093072
2.07765337732907
2.27562426913712
2.0239017898857
2.1069543458319
1.61796995834605
2.18733085215386
2.14059621097568
2.21292391570481
2.16518079461897
2.36266385717974
1.91639952748623
2.2777023583115
2.49210232131453
2.23047153883754
1.98954943307566
2.29212928036216
2.26309760847862
2.23234168202585
2.02507651783561
2.18209140518805
1.98085344385891
1.81451235148116
1.92974908042064
2.33867430315863
1.74409147010074
1.91925283246445
1.86093946670908
2.15515860289637
1.96919563973069
2.26378966958376
2.17271178096274
2.19804536214388
2.02077416550804
2.33879380227486
2.08481179468726
2.3462323688979
1.98388440397694
2.36612678443305
2.26390710797264
2.13981933056278
2.24999190003774
2.01324761460245
1.94821194685562
2.07864129087899
2.23127073769781
2.12458078007213
2.17051395355419
2.00700121139372
2.22527649969854
2.25092781317702
2.09031620671411
2.20281995133172
2.41845780655618
2.06925885570401
2.18655540266824
1.9401741759162
1.99488620031022
1.91706984736743
1.94945470380687
2.21404773541115
2.36778488173817
1.70841270121907
2.49986005713862
2.07909411294793
1.92409882025629
2.38511853672225
2.32656613115583
2.15625541513462
2.01174154895108
1.84076961721229
2.29608212989924
2.16945178318813
2.08599228423949
1.99175794710866
2.02676611400994
1.89438265530048
1.9340134418304
2.31926061768467
1.89987264657332
2.17102585779974
2.09508217785619
2.06368723788132
1.96192088717436
2.08545740443657
2.11062157463457
2.30242975648218
1.96011480526083
2.02866065530696
2.17201492797912
1.90794726856971
1.92863957248852
2.11689596602114
2.39071132763283
2.18522396707151
2.00511076826401
2.00704017578101
2.18580433459154
2.15323465901747
2.12471829914546
2.49856355490075
1.95271447768743
2.0065848873471
2.04489211060464
2.23158700319555
2.17205979802615
2.07004945181001
2.08693185730845
1.96883132007893
2.21632305917912
2.37273339620643
2.22322257562982
2.10154990943872
2.39036003252221
1.97922166796961
2.30837187006285
2.13329696065119
2.10149787273854
2.09038362825822
2.31678513024301
2.04117531298091
1.94765571743823
2.03709732979449
2.41783312681055
2.32842867211476
1.86198440562571
2.34621138981148
1.90733947020645
2.22894000747468
2.31808388511821
1.85461961879002
1.971490980431
2.46946359801918
1.91226932953165
2.32715505752578
2.00881151275023
1.79629227579043
2.42159066084773
2.06578854563417
2.1581526730469
1.89626028801651
2.29038514234628
2.0647656739123
1.95284560549382
2.41463759213043
2.2345890856266
1.93015531598973
2.3911308977958
2.30259170568023
1.89610431199678
1.87742093400792
2.34272598074297
1.65266128362969
2.12890046927294
2.29403442748678
1.79065906884583
1.78381096916148
1.78197511791927
1.69468465195029
1.8601390260908
1.89725439099419
2.24341272514824
1.99928229761349
1.66086897056181
2.0094587515763
2.1466388605095
1.82219407272337
1.71916320200069
2.08201073053913
1.75555867053701
1.98726085738727
2.18818810479542
1.88491394930333
1.72050415385799
2.61360033910331
2.06718968692763
2.1880819886389
1.79121142302135
2.08465670320932
1.68404793999773
1.85984708564258
2.28913188121653
1.76165664439694
1.93950905545778
1.79751618582243
2.30346586688881
1.94400047962977
1.65869665368114
1.91200569820363
1.74156131881042
1.78496279983306
1.6233218933422
1.80633564156309
2.20700758214753
2.1436582920363
2.45584333867013
1.94516248206372
1.99000371387964
1.93459505209224
1.97977130995008
2.0946897646241
2.36392949211788
2.41288213506071
2.26509157369151
1.89117034385044
2.38254425760816
2.09546621081176
1.98158888496323
2.03972739135662
1.88436338238593
1.87113346065229
2.00368262878204
2.35306732115319
1.69667920026482
1.96046413878727
1.86502144402177
1.70777327604264
2.0869707904527
1.85552372449745
2.15946824809724
2.46262284167319
1.96361731291084
1.8122556038329
1.85070311532885
2.03180033565289
1.76050663930466
2.10951927831541
2.11846731550945
1.7590266811829
1.96880006135191
2.24833869952545
2.2193809914384
1.931880284983
1.98217602160911
1.74008917959039
1.9854307854089
2.02094768411546
1.88339117517217
1.89455865401964
2.15907732572671
1.76585294386064
2.26309009777212
2.05858309442505
2.17237049644864
1.40365980858067
1.68294867397831
1.62916559352871
1.70772076827714
1.9567386856042
2.30966655320457
2.10008944819244
2.22417185897937
2.00824010897265
2.11159677086996
1.50074540047744
2.21344953546016
1.92656854937467
2.24831552597821
2.2658316171355
1.71693393290453
1.89518207556332
1.71725324937291
2.21007180794187
1.50949020467153
2.23784651471444
2.18084069204058
2.16764108933113
2.13731676303578
1.74330915769948
2.14666067043155
1.850712823359
2.46497905830741
1.97266932446129
1.70562544923362
1.71388751483123
2.25442410619655
1.99750762683035
2.11841340544352
1.88851569583062
1.85327968422839
2.15520100010369
1.53162728504706
2.2976866270462
2.35042595435914
2.24057366185679
2.15593935501304
2.28179246477971
2.1849931258123
2.16129309078527
1.33861980996032
1.54172969201842
2.14883318374945
1.54097019911335
1.98563680319897
2.1166014585676
1.62883036483644
1.48267655935675
2.07442209219926
1.94312702485398
