6.80352525465376
4.53868254227035
3.20191112569301
2.4924374833034
2.46708412194652
2.51020954277337
1.80998227384255
1.90650904709313
1.60142990194954
1.75453803002676
2.09481630169642
1.31235336684043
1.35435677948748
2.70119151455287
1.34705383183319
2.64231510427994
1.57817832078624
3.14011015920939
1.69830534817548
1.13813321968429
2.00195904349685
1.1674577075806
1.11597231085404
1.25619122216267
1.00267493865974
1.01046568667853
1.13401467566617
1.81481289499135
1.06650642099582
2.64869562287124
3.0041789614591
3.31039762387373
2.37199589145334
3.01139180949281
1.95499082261999
2.39303165746565
2.11365541077621
1.91168713197109
1.49301987178407
2.23783945026458
2.52284227259676
2.49728032215056
1.5508502268361
2.61958374962664
2.86439938907835
2.1602035047585
2.64276139024451
2.15075946618483
2.47195514649326
2.00917419192915
2.12677919425736
2.74199382183262
3.0760938267631
2.62860999855044
1.81012665371565
3.31349524560522
2.30967216624843
2.66241710943686
2.10533769417887
2.19458239282311
2.18630309895665
1.62488985367819
2.48920887360807
2.34448039436543
2.39514398450614
2.59717522010784
2.27666245218825
2.37500682308297
2.45951643184341
2.2370377022928
2.14524726652365
2.75085015672302
2.60752296597757
2.43129531134483
2.16747180663261
2.52435413767338
2.83552230646845
2.76181291229317
2.33423971634505
2.03586593157591
2.52965639352741
2.36633791027698
2.07471866343888
2.23294606945981
2.52591516008752
1.81973424263817
1.88795486680477
1.73533746053978
2.37851868754883
1.87553744186091
1.48917954051389
1.69457541140169
2.16967899177782
2.46600738491171
2.5672083289828
2.68357039735931
2.12854117358291
1.85223024303775
2.19266312710608
2.41003343152759
2.47577632298254
2.21421978912442
1.9029359495138
1.79502074506164
1.74702533343288
1.67308623501385
2.30512932637218
1.95547230057426
1.77327712547552
2.42841050244362
2.23141410296961
2.14216598940453
2.03770189098521
2.19559268041724
2.09405558508729
1.85743410675958
2.0290538000072
1.99989852624015
1.85591859306454
1.69986990821006
1.55875807526508
1.45928082774135
2.03638104917974
1.59839211773812
1.56678655082726
1.45568133454541
1.37537865199869
1.51347054079941
1.55052286633666
1.87337914997126
2.44713971782927
2.13557473687343
2.08220508956803
2.06912004619926
2.16091507322162
2.10721527170284
2.15148361160265
3.10032700245476
1.76713438902319
2.10121924130703
1.75989394624568
2.17765591527819
2.47305986501658
2.18615926618324
2.44171732465172
2.40489910327331
2.41411101902935
2.09360451006405
2.02748642893127
2.45116739524878
2.28485685439026
2.22762343213957
2.3691462391852
2.19657145195583
2.09360143762919
1.46677069488156
1.41877939540111
1.79900520560957
1.52404218670421
2.1979959778451
1.74931941259101
1.75960967258194
1.95555216002765
1.53922100218245
1.46915826344844
1.7649041866557
1.54295822799361
1.36786178818466
2.10347810102094
1.37861945445645
1.59399222449655
1.64705353534801
1.81853946231073
1.70634776210793
1.63767641672114
2.53631277145586
1.72744114212597
1.37113597789585
1.67171255638315
2.03567347813422
1.92510089658728
1.8419613981012
1.93327799997345
1.96051431875422
1.74285104420781
2.1819430290956
2.20213524549754
1.84457009356813
2.34726216517176
1.74347639614959
1.97564442099562
1.79015521682808
1.89709257412466
2.0054792517709
1.742342389825
2.03857599536889
2.05452494511684
1.75710328821423
2.03804343285924
1.88183061944781
1.85056291566
2.42536999150519
2.44899809722909
2.01700061691608
1.86703473764805
1.91065019217444
2.30695446408612
2.09813561434776
2.40668872561271
1.90314625334933
1.75409154191774
1.80526753170311
1.84882850211664
2.08486663239113
2.12606279585477
1.81279137523912
2.80291079186534
2.24193605850749
2.03876142035658
1.84342241648562
1.71255289797764
2.22849562979212
1.82105379647279
1.9736439545883
1.89973225232702
2.44870084068023
2.30695373853046
2.10518311861148
2.30511879037134
2.24880997928836
2.26415595055804
2.2663507973397
2.42493229688351
2.35914410055282
2.35610055724972
2.45163166660252
2.21086469403709
2.26252572168111
2.20942946747063
2.10330889430838
1.97086881398658
1.95150357564095
2.39049237629604
2.08427748873528
1.75980105010937
2.13389282845056
1.84653320789294
2.10310456038629
1.90224429340688
1.97141344928622
2.08399934599765
1.97810540840111
2.290675329789
2.24125476750911
2.360468318924
2.0960157140009
2.43868928514061
2.07617350369768
1.98897585372954
2.20440201686145
1.99710526155602
2.20679499964153
2.32266028355474
2.23895094573361
2.16685092391502
2.25635544741717
2.20185058406142
2.10302998816639
1.94175353477555
2.11411990469805
2.01786921412691
2.29637141187867
2.13744415133513
1.7579527519449
1.95268675270564
2.05809292401405
2.05701215945309
2.36842400037005
2.12456364724054
1.8997642511453
1.96397716898145
2.30502922030734
2.04917846173987
1.71337193844986
2.30547734358541
2.74010791134223
1.75468916355697
1.6780164659001
1.60542836510676
1.75657788916702
1.65397500803673
2.13972710952511
2.21461619970023
1.60692382742896
1.81753715005892
2.07308640724336
2.34220211154025
2.20229041800064
2.61868220540623
2.15401623991528
2.04676342716312
2.21310197263299
2.29267234022777
2.02225203130996
2.11068198919593
1.92698480637048
1.72854708471576
1.97564589177324
2.49061398352738
1.74315373793916
2.49178862449517
1.81632594155962
2.03463049506728
2.39677519842931
2.32245358377923
2.03617431784428
1.748833358473
2.31580356272346
2.10714884410318
2.12946789440968
2.06939434284617
2.17945263134272
1.93633799121708
2.32316451296109
1.98275581093017
2.198380838109
1.9856248293454
2.16573178967087
1.8845408442107
2.00124870950736
1.98389884763834
2.30633474071304
2.35630725880459
2.01903325687891
2.05198938112762
1.85080593355506
2.55650698320937
2.4901818418229
2.03943718927368
1.97127529465945
2.05460002149728
2.51363687489002
1.93085112595947
1.78338533193773
2.25416770826864
2.08785943254557
2.07706682235078
1.56675031396517
1.48536430024592
2.41700068877199
1.73110095145064
1.79848254265822
2.18849576134057
1.81925729758581
2.0221312365139
2.0988937821024
1.94929518666473
2.17057640500963
2.5875652073511
2.22227290779005
2.55412008149951
2.74800228176336
2.58546755544798
2.69666038985682
1.64864625433498
2.08074384337602
2.04006895556003
1.81618071846059
1.87824970764079
1.70567086132971
2.00143371532915
2.05568116138423
2.15073859413596
2.06513391408268
2.11794111619211
1.5513944153542
2.19790331918725
2.2018383987253
2.46841087006855
1.91018034720553
2.14090491979004
2.03800135761145
2.0077687040245
1.79309499403462
1.97162466542106
1.9626926127761
2.15543116254282
1.73983256672811
1.90483562729977
1.76779600590189
1.99325511310253
2.02427783649943
2.01813441571026
2.52468348816865
2.26738294021951
2.10492537054168
2.24104639552954
1.41085737614139
1.49522608309519
2.0207689022447
1.8460613765866
2.12579242174713
2.42433242731676
2.1358422689242
2.5433932893662
2.00980278210485
2.11446444207079
2.03989763250797
0.985601207401884
2.46805599138845
2.36662775455362
2.26034253901468
2.25779932896025
1.91011135146981
2.02904007174429
2.27576162187254
2.42533415040377
2.26062121440407
2.30878388522403
2.17007986335212
2.10943641263618
2.24324420012216
2.1703857352813
3.01236408967705
2.24306163488963
2.20047489695218
2.0577465650316
2.04349951546884
1.95791650352558
2.08601273485921
1.86478677758855
2.44476003496075
2.59822916877422
2.27193115961589
2.47451178661754
2.50116231317653
1.74516300432137
2.15394571072225
2.37202420833162
1.92711256099971
1.94599135564866
1.75395849565344
2.24995293099173
1.96788172248043
2.09527666288693
2.04986701561843
2.32236551142071
2.28105383374886
2.16445191437905
2.23137609149238
2.42453766355527
2.23841871706192
2.37392172406151
1.66150713347592
2.0278574350905
2.07253021219307
2.17739557944441
2.19000534552914
1.86504898168727
2.15719366712624
2.20621689979518
2.32699434707806
1.99215964447409
2.2928586823914
2.20281230746747
2.04411036579212
1.88866568935486
2.1914626712494
1.93168782871852
1.976683414575
1.79318835956053
2.01768399562853
1.94208062237261
2.13776423518624
1.98588326787131
2.22200337387392
2.35701179220385
1.86016000271489
2.54664003717112
2.38204733009891
2.19909440391723
2.09334969031634
2.01294857298886
1.89921502389156
2.01154477700291
2.07101257468164
1.77014856995423
2.06448620781095
1.92368435321927
1.9568752119174
2.34554500245126
1.99738881541802
2.03043245043331
2.10031242168586
1.97614801723874
2.44470477385549
2.37919382330206
2.2020959590457
2.36882552057285
1.77622334259913
2.2057795901272
1.95302251732728
2.20465741523784
1.91244991907965
2.09188816079225
1.82308986951777
1.99351144676627
2.25524784972262
2.12342317061686
2.24891533186579
2.31172030450622
2.39872564104515
2.24312881297519
1.9578384086808
2.05205802400484
1.93241265322558
1.95942719881199
1.89164719217965
2.39757476438149
2.27896261873587
2.10248790503489
2.23340565169385
1.91100202737149
1.84442198426164
1.86773589568226
1.69813525456239
2.20302940085854
1.74422457357232
1.53915813834079
1.83422746369681
2.12941226710705
2.21277620130709
2.10246179234043
1.80027998727205
1.90509286806654
1.87291462799434
1.6558155331326
2.14821398244103
2.12803030960796
1.62735653746405
1.63172026417832
2.18660514018001
2.27158280383582
1.97719061308466
2.00951691614197
2.03185575766083
1.47324129281612
1.78975354960146
1.73613893731189
1.70802974529887
1.53596887434836
1.66162578962648
1.93748310894965
1.84795474372796
1.75798400451524
2.22145261143607
1.68118049574521
1.69286358804128
1.6156259101231
2.25302451949149
1.92819387225361
2.38540044629565
2.38401691548188
1.89662255567235
1.91269203287753
1.35741156868193
2.48056774553412
1.84837016635015
1.73491184474356
1.75679757305878
2.23432032455317
2.17085313392727
2.11840619580433
2.15526897798378
1.90556731526229
2.0388440134411
1.60910314488127
2.08689826080558
2.00922716967283
2.46993866186181
1.57923522455853
2.22767606765451
2.01009678387631
1.69041737813105
1.76433924941288
1.58003678325462
1.53666195912953
1.62358684570927
1.78814974732315
2.83263579468837
1.85993848966548
2.17431512426451
1.98053560886951
1.81821703123358
2.00954532366149
1.85012372414665
1.99267237290893
1.93175114548321
2.13829875124179
1.78227470446591
2.01660299731044
1.99279593227971
2.56695359602167
2.11658560823204
2.28764686086624
2.34479773345056
2.24848338258607
2.52817023828747
1.71367960320531
1.59959989839056
1.63909826151338
1.51789515444508
1.41412214501566
2.11890632672292
2.03036131048291
1.98252688665615
1.96360237067655
1.76596506588776
1.74057524051228
1.99578183623858
1.77392345460826
1.81642330076502
1.83737093128322
2.07615860399526
2.49640976161618
2.1331535975873
2.00511639481321
1.89801312032702
1.92398870685469
2.21116601855794
2.08677069142306
1.75749772784156
2.12281628784186
1.94427923776608
2.16815422170978
1.96316018668005
2.08774192072879
2.00480222325901
2.03225439896245
2.35798286725064
2.1914866159708
1.99885852978775
2.21041833688719
2.29915516861801
2.32991445125563
2.49416127925467
1.92646598875227
1.88499386013351
2.28097145574193
2.21078108359773
2.09784674094093
2.0872757559109
2.1148525784281
2.1868127789546
2.26091200484665
1.99445941144328
2.32355182283294
2.07376459113944
1.69651206136539
2.0990014614616
1.927785504541
1.95003619083378
2.09769123212085
2.2383058722079
1.9687004480107
1.68271832931166
1.73579951800494
1.66326307029649
1.62733640053462
1.87410094376362
2.36841878169133
2.22945328799875
2.01199388933198
1.79845803403556
1.9650193252993
1.60545926964674
1.97782308756122
1.9340612982697
2.22897923089693
1.96878054219061
1.71209026513127
2.56335510285545
1.75044812198122
2.20093704418932
1.82470803014613
1.8521150559344
2.21723444814526
2.27806719016544
1.55020218727753
1.5197406099516
1.61331898557061
1.55552997384791
2.73184158548857
2.21677489021243
2.05237313400091
1.92592774328069
1.70593156907315
1.81607596695179
1.70732785985125
2.09530255200574
1.85685763097628
1.74051818093072
2.07765337732907
2.27562426913712
2.0239017898857
2.1069543458319
1.61796995834605
2.18733085215386
2.14059621097568
2.21292391570481
2.16518079461897
2.36266385717974
1.91639952748623
2.2777023583115
2.49210232131453
2.23047153883754
1.98954943307566
2.29212928036216
2.26309760847862
2.23234168202585
2.02507651783561
2.18209140518805
1.98085344385891
1.81451235148116
1.92974908042064
2.33867430315863
1.74409147010074
1.91925283246445
1.86093946670908
2.15515860289637
1.96919563973069
2.26378966958376
2.17271178096274
2.19804536214388
2.02077416550804
2.33879380227486
2.08481179468726
2.3462323688979
1.98388440397694
2.36612678443305
2.26390710797264
2.13981933056278
2.24999190003774
2.01324761460245
1.94821194685562
2.07864129087899
2.23127073769781
2.12458078007213
2.17051395355419
2.00700121139372
2.22527649969854
2.25092781317702
2.09031620671411
2.20281995133172
2.41845780655618
2.06925885570401
2.18655540266824
1.9401741759162
1.99488620031022
1.91706984736743
1.94945470380687
2.21404773541115
2.36778488173817
1.70841270121907
2.49986005713862
2.07909411294793
1.92409882025629
2.38511853672225
2.32656613115583
2.15625541513462
2.01174154895108
1.84076961721229
2.29608212989924
2.16945178318813
2.08599228423949
1.99175794710866
2.02676611400994
1.89438265530048
1.9340134418304
2.31926061768467
1.89987264657332
2.17102585779974
2.09508217785619
2.06368723788132
1.96192088717436
2.08545740443657
2.11062157463457
2.30242975648218
1.96011480526083
2.02866065530696
2.17201492797912
1.90794726856971
1.92863957248852
2.11689596602114
2.39071132763283
2.18522396707151
2.00511076826401
2.00704017578101
2.18580433459154
2.15323465901747
2.12471829914546
2.49856355490075
1.95271447768743
2.0065848873471
2.04489211060464
2.23158700319555
2.17205979802615
2.07004945181001
2.08693185730845
1.96883132007893
2.21632305917912
2.37273339620643
2.22322257562982
2.10154990943872
2.39036003252221
1.97922166796961
2.30837187006285
2.13329696065119
2.10149787273854
2.09038362825822
2.31678513024301
2.04117531298091
1.94765571743823
2.03709732979449
2.41783312681055
2.32842867211476
1.86198440562571
2.34621138981148
1.90733947020645
2.22894000747468
2.31808388511821
1.85461961879002
1.971490980431
2.46946359801918
1.91226932953165
2.32715505752578
2.00881151275023
1.79629227579043
2.42159066084773
2.06578854563417
2.1581526730469
1.89626028801651
2.29038514234628
2.0647656739123
1.95284560549382
2.41463759213043
2.2345890856266
1.93015531598973
2.3911308977958
2.30259170568023
1.89610431199678
1.87742093400792
2.34272598074297
1.65266128362969
2.12890046927294
2.29403442748678
1.79065906884583
1.78381096916148
1.78197511791927
1.69468465195029
1.8601390260908
1.89725439099419
2.24341272514824
1.99928229761349
1.66086897056181
2.0094587515763
2.1466388605095
1.82219407272337
1.71916320200069
2.08201073053913
1.75555867053701
1.98726085738727
2.18818810479542
1.88491394930333
1.72050415385799
2.61360033910331
2.06718968692763
2.1880819886389
1.79121142302135
2.08465670320932
1.68404793999773
1.85984708564258
2.28913188121653
1.76165664439694
1.93950905545778
1.79751618582243
2.30346586688881
1.94400047962977
1.65869665368114
1.91200569820363
1.74156131881042
1.78496279983306
1.6233218933422
1.80633564156309
2.20700758214753
2.1436582920363
2.45584333867013
1.94516248206372
1.99000371387964
1.93459505209224
1.97977130995008
2.0946897646241
2.36392949211788
2.41288213506071
2.26509157369151
1.89117034385044
2.38254425760816
2.09546621081176
1.98158888496323
2.03972739135662
1.88436338238593
1.87113346065229
2.00368262878204
2.35306732115319
1.69667920026482
1.96046413878727
1.86502144402177
1.70777327604264
2.0869707904527
1.85552372449745
2.15946824809724
2.46262284167319
1.96361731291084
1.8122556038329
1.85070311532885
2.03180033565289
1.76050663930466
2.10951927831541
2.11846731550945
1.7590266811829
1.96880006135191
2.24833869952545
2.2193809914384
1.931880284983
1.98217602160911
1.74008917959039
1.9854307854089
2.02094768411546
1.88339117517217
1.89455865401964
2.15907732572671
1.76585294386064
2.26309009777212
2.05858309442505
2.17237049644864
1.40365980858067
1.68294867397831
1.62916559352871
1.70772076827714
1.9567386856042
2.30966655320457
2.10008944819244
2.22417185897937
2.00824010897265
2.11159677086996
1.50074540047744
2.21344953546016
1.92656854937467
2.24831552597821
2.2658316171355
1.71693393290453
1.89518207556332
1.71725324937291
2.21007180794187
1.50949020467153
2.23784651471444
2.18084069204058
2.16764108933113
2.13731676303578
1.74330915769948
2.14666067043155
1.850712823359
2.46497905830741
1.97266932446129
1.70562544923362
1.71388751483123
2.25442410619655
1.99750762683035
2.11841340544352
1.88851569583062
1.85327968422839
2.15520100010369
1.53162728504706
2.2976866270462
2.35042595435914
2.24057366185679
2.15593935501304
2.28179246477971
2.1849931258123
2.16129309078527
1.33861980996032
1.54172969201842
2.14883318374945
1.54097019911335
1.98563680319897
2.1166014585676
1.62883036483644
1.48267655935675
2.07442209219926
1.94312702485398
3.15921792267149
1.85519491875332
2.00594813719761
2.50182135971863
2.34935316496534
1.9031511062979
1.87763273608393
1.54330517347753
2.04585983336417
1.61492522854004
1.8951141561742
1.59697984804795
2.03960293004715
2.03062064073245
1.7891095308924
1.82507661842622
1.85539056801311
1.92597507337926
1.83049665481101
2.16954706685626
1.26900454984919
1.97661329340424
1.92721831901219
1.95588638615371
2.02050793687014
2.02433951117108
2.26147133690127
1.99056433648141
2.20300692747988
1.7362080003628
1.97881231266506
1.75914781063199
1.65575451981739
2.13280534602932
1.86642948918489
1.56135135187336
1.77106672726917
2.24928665725218
2.12642781501139
2.06064898177215
2.17701118388448
2.27103799369392
1.97510725351927
2.13633032160227
2.04689918657865
1.3819269027557
2.30450748236003
1.8049714091146
2.2767666694286
1.87089979560768
2.2497280469087
2.23481145877263
2.12644455643601
1.92817844268624
1.87273149161256
1.51196730873828
2.23965892699076
1.86237204075674
1.82482699251371
1.61704147072889
1.95320588736741
2.07964619851736
1.88119465138133
1.83909385726822
1.80919473860898
1.82935185416384
1.82883720144021
2.07846626835389
1.83566999619714
1.82476718776878
2.10176543643972
1.8981943457186
1.87224035296709
1.89183823799196
1.62761618937742
1.49594816123832
1.55901799809103
1.72666901475724
1.72441698593098
1.89955497085866
2.04063711101851
1.91569293258563
1.73914200870575
2.44961106172024
1.74577484939971
1.50556185782524
1.83979643100922
1.88987431363841
1.93386402765933
1.57707206385999
1.38663365671979
1.83234777249678
1.97388962575232
2.22564901975533
2.20550471648679
1.80030292064441
1.93749260466072
1.97085081542705
2.13018953956072
1.54249765325476
1.94990122328893
2.01739803941262
2.01807838792827
1.83873190351217
1.81760630983759
1.73234261052661
1.83748425215747
1.6763726530545
1.97620220645488
1.83880542789829
1.98295101145996
1.79252310115236
1.85158258825877
1.80799747262258
1.93652709210477
1.61953122320555
1.67092028828827
1.61928586432697
1.94255375051124
1.80141845728805
1.98194786029198
1.89237966290414
1.80193964677584
1.76849527519585
1.96285040249407
2.03359040452325
1.82331840843924
1.84970356535901
1.74614221652116
1.88434649736426
1.74708969014073
1.80054079974021
1.63813872128048
1.62476492468409
1.76528258780423
1.9424112744361
1.67479123134997
1.81609205739233
1.84250405711029
1.96841559589907
2.36697037913409
2.10457492214826
2.03819272780513
2.082883688207
2.2038772270118
1.98781137230745
1.93024810125404
1.88120879409766
2.05690254251242
2.23296700980411
1.86014029288436
2.23284867540587
2.10427654335636
2.14612416124243
2.20421329469269
1.92512147282461
2.35120876746215
2.14439329867785
2.13171369625082
1.85613604372832
1.82832810703927
1.77046724897889
1.92497338888235
2.27647795768027
2.24851528818041
1.92017436218725
2.34828476571844
2.35458300261263
2.1899096641021
2.11615875571296
2.21626226337922
2.06296380407067
2.08247113039053
2.13869431962131
2.37486596290912
2.082698303471
1.93862327870373
2.22945057782476
1.79814606757724
1.68983651495246
2.41683254414869
2.31736591589843
1.63644629593393
2.31183873255965
2.30807412548756
2.11188651710258
2.40048126684932
2.3886936717187
1.76670418630727
2.28931344071973
1.75442959266207
1.33709419793278
2.09312401912302
1.71770900606708
1.52054529927921
1.93933097631228
1.94677916924298
2.05391147038347
1.71300053868998
2.27215354849899
1.93015279599966
2.03526218347467
1.90396092498833
1.45357628764223
1.72668590782421
1.55751641598587
2.06258743188515
1.81677435813334
1.50039219649274
1.85611017369844
2.2186959222964
1.56694619178483
1.66634827617968
1.75004988918542
2.2125196619217
1.60333678003902
1.89142892812556
1.77752315584171
1.64748257645321
1.99075351070901
1.90426543398345
1.54560986707608
1.64074878409532
2.08224787605045
1.93263939041953
2.00895166585783
1.7627940406282
1.79980719520056
1.83911241994207
1.84291479373923
1.84145221076225
1.93850989401905
2.16123731729969
1.69615400265061
1.99764268861179
2.17139046536398
2.14447247230302
2.19655853163363
2.18459185637205
1.93968706612304
2.07184589155036
1.85604562467351
2.02690642916636
2.29202383587752
2.09056749500131
2.00426940215976
1.88996375217729
1.93245363528149
1.93098931417073
1.95357715381674
1.79693956110065
2.24137156534963
2.1651809655086
2.24505548369283
2.04094274341333
2.10103412488492
2.09087098920909
1.81540325074806
2.54634759321062
2.24627032331411
2.41489467211542
2.31127959686255
2.37637549962325
2.34950645405618
2.03245146623851
1.93308848083371
2.0371632405827
2.08805456022655
1.80244785398072
2.57096230700572
2.32364417481109
2.36926291135918
2.22432296919407
2.27411918724833
2.41144062304724
2.4258667598917
2.36388960165675
2.41325843702974
2.38317736874161
2.50665165688032
2.34740910157166
2.41728276880438
2.04815535632711
2.05154635286131
1.91406986927738
2.01115609230112
2.2172196959082
1.91064344685878
2.096525111284
2.05410781034242
2.05657339830513
2.01424577733095
1.90634121280159
2.42402250461874
2.18551913833207
1.96701133009058
2.23618950991757
2.30695226172307
1.78263190065321
2.31471110075867
1.92573143752016
1.28430328224221
1.14391090350904
2.34613582959262
1.94767923267638
1.8966984765648
1.77427587233281
1.66169824310954
1.16973832274653
2.18595978123954
2.55058560759985
2.05321020383223
2.05280904800644
1.56948252972819
1.78367180724474
2.22605944809509
1.43237072686928
2.04300785204205
2.38150129060947
1.96669189739564
2.24329586665379
2.44332682786384
2.10153362920588
2.5179485201675
2.4157679434066
2.23679324990411
2.0619543687524
2.25355350531973
2.26042546024221
2.39944290272396
1.70310200770182
1.84638136126471
2.03387437607052
1.67776282259204
1.56884179571253
2.19063027398896
2.11489326163626
1.79158741944284
2.13191852303537
2.0883435100067
1.96245398502176
1.94557276006578
2.35822784261151
2.00661610053156
1.49284499344485
1.64114766340043
1.7457189386352
1.78686076281684
1.89146714046675
1.84082064383463
1.64031740474049
1.94389131374731
1.77450974278054
2.17987060399645
1.87069193340811
2.10772931848347
1.84331842119171
2.03097156668803
1.73643197157411
1.61910525718858
1.76496707686537
2.12049048600453
1.84850952312845
2.06506970320242
2.09134461193355
2.21039786928537
2.00495154274117
1.86847757983125
1.84896600925004
2.08513068084702
1.82842493512324
1.66927576002728
1.8722109711131
1.80584117009277
1.86659184262823
1.89651939032376
1.88157880248596
1.75936401210036
2.06338090305944
1.83793945611951
1.87601464812567
1.7404940325573
1.76343248316992
1.69536987790304
1.72615062904708
1.95104113607208
1.70936880037506
1.59505693230481
1.73614015047537
1.42468548239084
1.91516325455323
1.511250129667
2.06317344288129
2.12250433221065
1.90286736055387
2.15474564366081
2.45965291694987
2.09790752899072
1.74206203284975
1.75668535830094
2.10378088760873
1.94703514459057
1.94767435867735
1.93279223774869
1.63606635615939
1.67287689108681
1.89906004034769
2.05518051195425
1.57639457479843
1.78696649135556
2.32284619566903
1.95533116050775
2.48078158855705
1.68596922895241
1.48174616403355
1.76234664217619
1.84948910721906
1.90785193301511
1.78659315542085
1.78583775772417
1.81532719847943
2.18538894289282
1.38381835909389
1.87088294389214
1.37915718096055
1.69156432466866
1.3733933336653
1.40780914829775
1.36502348371739
1.52974873491633
2.34009595057626
1.37603251362551
1.32352906310728
2.33535186535037
1.42355775914653
1.48796492989266
1.42098313729386
2.071128243954
1.31381042987987
1.34372275318879
1.53652004849652
1.69379900332706
1.53006813996125
1.75984361188447
1.31888660799897
1.67380485004704
1.27014196556844
1.31055970490479
1.59569512773765
1.18048051616122
1.18852822711403
1.43756298076685
1.15918775385563
1.51768443581702
1.71589866775314
1.66300640531262
1.21301836027121
1.71249492291721
1.2673606260412
1.13606455065211
1.21939617208027
1.43589135089316
1.14211982648586
1.51532569774776
1.12922882675194
1.11955482188903
1.28281221235171
1.13802084354375
1.09670693946058
1.07840837113997
1.33802994811037
1.7375116285832
1.05122295006151
1.1009964258497
1.09325091713959
1.11222064266931
1.95443649763904
1.99728504401986
1.57935502823178
1.42958139437055
1.73955432189031
1.66311205951265
1.76568492092357
1.70883316839776
2.14982094123621
1.44835591045224
1.5526033281284
2.38066894359378
1.39532476771082
1.89059652794689
1.5289133135585
1.53424406969248
1.65804106329535
2.04434860396889
1.52298305663603
1.4329179393345
1.82325149771793
1.4665308982859
1.41169490953575
1.3762222292744
1.36996782922516
1.65569559689407
1.65765771572763
1.33113349761503
1.5288092270349
1.40676267003137
1.42214519999883
1.369961422461
1.20575686223185
1.75223768860234
1.340245934885
1.73124115567232
1.64581380437901
1.82268256972131
1.45777835505516
1.27184524095954
1.23801917946194
1.65499314528623
1.44850566708593
1.36399186455599
1.25180038122816
1.55711782191708
1.39390375911839
2.0049159424318
1.26536011324986
2.02958742590044
1.6904294143121
2.13750147063
1.77348557764197
1.92191894087701
2.19818885352863
1.87032924779102
2.01825825151004
1.54943887243984
1.81788410841365
1.87077483396394
1.64419102990762
1.79222607726262
1.93038103561552
1.8670395015052
1.78920026844792
1.38583784825554
1.99251178750466
1.66337113315736
1.66344064809435
1.52598882665612
1.33063529688609
1.75198542980423
1.31786610056887
2.56570349530016
1.73922602501331
1.50491898640655
1.49302091844136
1.29242147007919
2.06386048474244
2.04690250960042
1.41953552837299
1.41537987956539
1.50392529702636
1.45224605870606
1.3644172130649
1.19399282449225
1.69144408183365
1.54524701813959
1.74188379888904
2.02865147016159
1.61537770789185
1.40310093863801
1.59960308319052
1.40014823866745
1.11223765338789
1.35938034111776
1.58680790500219
1.77705317286634
1.59421894364082
1.15625410028915
1.1430365314975
1.36196197849608
1.21354870322772
1.23442221892669
1.571144675433
1.25712748783748
1.30968760470759
1.752344112191
1.18478484186566
1.59939705842501
1.16647345679716
1.54441960142933
1.261292211281
0.986925503940359
1.13103821435265
1.38426192296803
1.39965697782372
1.2970754552561
1.58349986960988
1.1083392710604
1.12639631461994
1.223431655298
1.30344807722594
1.29338775427062
1.91595584551226
1.29718041287268
1.2334880963247
1.93703538403576
1.25384586560911
1.23871692690353
1.10317019086681
1.69298491150123
1.15457932821291
0.99058691553465
1.33740440563725
1.04307536680675
1.57763234521771
1.13261020408111
1.64181796841232
1.06966631076843
1.40797411851926
1.89481694271976
0.991835618632954
1.33878483702792
1.13855858716796
1.49629414641425
1.11557502455022
1.14244238501783
1.06878885413783
1.03105684073412
1.44267347001572
0.966257899331479
1.56889784240328
1.09760600273029
1.04202036615013
1.38676127796811
1.77706376851619
1.725486562291
1.55755686901784
1.6292181136275
1.73451684009556
1.71098402147825
1.52913393646132
2.09961619468983
1.61106868031733
1.68469824004361
1.98051213981755
2.03081993139916
1.34284895322982
1.72039200984075
1.59948194543657
1.38416115661088
2.06544266322103
1.41148012005017
1.21167093744094
1.60997002563215
1.23304531376905
1.28308969802028
1.33033695898362
1.50978505161408
1.52281573437882
1.41638897098448
1.67337689111578
1.46334832005443
1.40429048344317
1.21842558571483
1.3311114986604
1.57549041044857
1.75590110674252
1.42286303817289
1.25647619466104
1.84563944365573
1.1970501991638
1.55625105324419
1.70002997021948
1.61683680432275
2.14160459589187
1.54087781212652
1.37837140491087
1.26832694628451
1.90450757072662
1.42435318871235
1.64820092006257
1.27063595853821
1.54393654027705
1.23505428595884
2.05350652759647
1.49044404667255
1.47197880271273
1.80341965824513
1.36106718148069
1.44858276716588
1.44932066756979
1.77932848100206
1.63294748353792
1.88085056879117
1.69310633515543
1.33201202407657
1.27418900276874
1.19542195886515
1.44005202812261
1.71800294137838
1.15138314958166
1.2850276957502
1.62522928770125
1.49594019613409
2.11277494193249
1.74144258520715
1.55289836988104
2.05609213335718
1.64969260169813
1.61199455385106
1.52144402911605
1.64702777551046
1.59214633701202
1.56608175923105
1.45765703678465
1.47056278822672
1.88349020449427
1.54527725215869
1.81540258786968
1.35770726065431
1.719248944491
2.5726097111879
2.08772650813411
1.36374129317281
1.46699808633277
1.46801392156367
1.3787596630578
1.55182353374361
1.67030382292999
1.73469716950265
1.52038774280646
1.60857784665608
1.80824647920145
1.2896818228679
1.77834776744432
1.54454535204599
1.4867368237645
1.40668315786975
1.36630056696144
1.86759622759563
1.39274101508439
1.56275526017922
1.6353229492952
1.52251182282712
1.57508102958506
1.63405106037686
1.54223736687998
1.25301347608143
1.87166020508681
1.3880423347797
1.40299717268778
2.21658758032993
1.91462404361644
1.59230656052261
1.3384730469069
1.6079436991336
1.34462450664797
1.57651917183791
1.66066907465356
1.52056282355826
1.50287810517402
1.33169259262968
1.27902467619807
1.74758929701202
1.24040999084783
1.48219968357568
1.28833371088689
1.89263611710276
1.63364179170585
1.22084359020091
1.38806804710619
1.4153109379786
1.1648118122602
1.23026203299181
1.37659866562305
1.44507225934126
1.84079473533793
1.26188024312661
1.36610582885831
1.29968653206575
1.45740162062868
1.6767957656651
1.67466746710022
2.18111026193017
1.37425199981273
1.35939528722629
1.24128779809782
1.62630423101358
1.96644920160932
1.41416939754305
1.23787811161755
1.59615300576771
1.61655913845975
1.52724090817553
1.21551141294707
1.31763742579673
1.28614560547272
1.15150981515393
1.54929355370204
1.72700006874677
1.65441802677715
1.16660680169948
1.12779246942846
1.52320087309056
1.11266538261568
1.40448380286043
1.36609005991706
1.58643662711671
1.22226011550612
1.30105772133211
1.32471808398903
1.65671146306615
1.67631983595055
1.47610217260076
1.32795276510822
1.58886429870299
1.49917139293519
1.99993795118423
1.48168843640547
1.69551133261185
1.68251683417198
1.64382666389574
1.95519019156879
1.48675085773091
2.50881739533986
1.67778934471276
1.48360522891898
1.78942218342168
1.61581364459728
1.37497094608634
1.85981328514555
1.40295723050697
1.52160018278972
1.76524355385988
1.20059880940786
1.26857311173179
1.09721150298782
1.27113397459658
1.62968520488207
1.40817376619181
1.64715703008072
1.68225299670809
1.57233423829386
2.08271803477446
2.36705571800323
2.92439913041967
1.81824582602297
1.83561143506686
1.68272310138389
1.83821130266935
1.5134571200589
1.68922072554221
1.5609567932431
1.63158896101521
1.75949282303777
1.36168402206867
1.40530780517335
1.7583080987194
1.57447972831827
1.51614931436223
1.41691330726954
1.38501292378736
1.69571829882581
1.57028730567009
1.34226834848083
1.29746284924836
1.81049995846993
1.92930607152465
1.89214998197602
1.83451755489313
1.51700665522898
1.50903377336381
1.37857915453295
1.72858111889863
1.7042322406957
1.63321390401813
1.85958427130866
1.69915443938975
1.48532192483413
1.89302532446823
1.54036316659546
1.76764769690427
1.98295326855922
2.09598208349322
1.74744165813181
1.76060448670933
1.81154793815143
1.32789055151459
1.51843165153542
1.47901505093026
1.42399645226672
1.82886499169011
1.45300146386714
1.66637537612919
1.77879148712879
1.72653334401914
1.90451473974727
1.72496183210821
1.59687065290187
1.44089923531485
1.51325011079466
1.80665669383196
1.74579569240331
1.60833469433884
1.70875087565615
1.57729817167505
1.65596682919854
1.50702961482025
1.55702936220198
1.51079199878234
1.3453448225968
1.60929031898384
1.78965581932775
1.49450449246128
1.23386389292313
1.31962799189405
1.26229545997231
1.3270594317564
1.33788241630984
1.69002134946712
1.53311239097019
1.04737040544939
1.18602784720815
1.39941943256939
1.2055282032721
1.0889344207172
1.29784608380083
1.76141278993269
1.14405848452992
1.16721550652827
1.13414686795067
1.71127614751125
1.05540758317392
1.36708548185128
1.34570077300563
1.95491204181109
1.50848281669754
1.54108229697958
1.88719848409915
1.66270747663374
1.79074770980784
2.15585449382651
1.31102249392023
1.91968600570878
1.34082744534415
1.75537164995206
1.90759965927683
1.9554590010556
1.53374104203211
1.3883971410371
2.38163144084515
1.29959774581281
1.41974706419935
1.54564275115752
1.69215054669316
1.48731284463711
1.66097316959461
1.54117123017216
1.43747404725658
1.43132958261227
1.30129817317414
1.31788336494297
1.34441005328211
1.26056542287218
1.71892510707116
1.64163261744588
1.63525730934221
1.68048069605161
1.6155300145742
1.80052025657237
1.37573798548914
1.1857474664974
1.25736845320751
1.12169768579005
1.53137997852506
1.33578269204243
2.18853915351249
1.88487915623028
1.7562120106569
1.77703578151451
1.69357860324696
1.86897046443712
1.72942902136522
1.66360525295491
2.09375044351058
1.53686343442046
1.49002641070902
1.72952795947297
1.63257936886477
1.54643336148934
1.50925737624882
1.69678971165202
1.58565068217936
1.32567482754197
1.72907954333944
1.21557765266307
1.45017813400774
1.71477419556046
1.47974846153859
1.48594231500446
1.51722033794064
1.47454856225275
1.56116589245886
1.44618771756045
1.84168960329739
1.57366232956857
1.61968944478297
1.46837041241415
1.23727211759459
1.66602418077456
1.60905113486855
1.8017348152122
1.73210234226069
1.78575835813574
2.08757554428876
1.58428703855072
1.67585500145662
1.74435668126681
1.96729258075381
2.19700753628937
1.77387331284232
1.78363257730924
1.70851937952701
1.61621598696137
1.85257800935064
1.77634119924346
1.71377366219831
1.70221836832085
1.58958113282923
2.00330148709308
1.67687794785306
1.79349936926952
1.56489863612123
1.42936661157538
1.33266212600359
1.35523309456256
1.387085316425
1.86436373436445
1.58052032718891
1.36452923632503
1.52962623648289
2.21547203384789
1.27477216674554
1.5843976143436
1.68776972295087
1.25352277145819
1.18179612019267
1.22855468820284
1.93081027035674
2.00641281627476
1.66189334288733
2.0385558630994
1.46168430808009
2.02248623364336
1.8748136525817
1.68229104929212
1.99822096014548
1.36074174152033
1.52375552099709
1.62734848386036
1.35778313426423
1.96351236310145
1.49194979025276
1.50996754828604
1.23832584013146
1.32298184703267
1.41645310869933
1.43731623935204
1.93422348715812
1.91526962817421
1.3970748833613
1.45320272216742
1.85964262411373
1.78828333226341
1.62074558032297
1.75850728809466
1.64434499889806
1.43447034122982
2.00578108130446
1.98300075517227
1.58487377011331
2.21134297139396
1.63197467400586
1.61317456585511
1.65575030148728
1.56557059354079
1.43311751258182
1.42976145158052
2.09164017648934
1.58094944321676
1.60652514546149
1.40308523515851
1.65576856763058
1.40255585960825
1.56074681758272
1.44001246824161
1.73144679345097
1.59400402995017
1.62133961260347
1.77918987786001
1.53395254509663
1.64918051499674
1.62456131278756
1.4532435915965
2.0272487252317
1.43601889609669
1.41305436719234
2.0816984255832
1.57136488503848
1.70751934608107
1.37883649189076
1.28570520830325
1.27383348265359
1.2847230836551
1.4014442820596
1.80893381515782
2.14314412492469
2.10190030441001
1.87438851448609
1.95309254157829
1.93030776470514
1.78125689235734
1.76839633831877
2.16951341112751
2.06904733361065
1.95479960282547
1.76176420241979
1.87743328716837
1.90935788582124
1.92224676524586
2.21449464698367
1.88136591056285
1.71820461138271
2.19345653618053
1.56729257721485
1.63557638292897
1.74060538929137
1.74309373782215
1.70559207736049
1.58043788381949
1.43603574212676
1.68542568845493
1.77753315313644
1.57558866427315
1.63406646864305
1.52161873565261
1.76679387128247
1.67413367850118
1.65357590883467
1.69061420208072
2.16839987129583
1.79514378608974
1.96315504137771
1.66577269606705
1.62846629072801
1.83699574585912
1.81118103835687
1.9934805379121
1.79971065794737
1.78807328012423
1.90588863336072
1.49492101643558
1.92796769222702
1.84654659166509
1.67462695143444
2.12075054505987
2.03199810880807
1.7528500567916
1.96096444965228
1.75339506570109
1.95845317357547
1.5314763922536
1.88334261963245
1.99038983331359
2.08564899905617
1.81741752098131
2.08765520789043
1.80209112586907
1.49114441618647
1.83258368094484
1.73315407868714
1.68422504487598
1.68103884965913
1.90414364133751
1.68784235804413
2.09566497831313
2.03898029563706
1.81487723622868
1.63624941755544
1.54599720311013
1.9696711871774
1.9144947931639
1.94875590746088
1.78933677282879
1.82061606436294
1.76945617944423
1.75398174097669
1.90503660563192
2.18559688220211
1.80091208625811
1.62769122402111
1.89115737100394
1.93179248575446
1.84316598493136
1.86100272563051
2.07913860439613
1.81986545107012
1.63717263598689
2.11743381550072
1.54058129132015
1.74617484399711
2.26395132114814
1.39695758422979
1.70335361841734
1.62672278995615
2.02604631957413
1.69798044625752
1.96701124857504
1.58162862620539
2.0073022918417
2.22654272901539
1.92561827946781
1.82377439854904
1.93331989151087
2.17912700784298
2.04101028942811
1.76383057250912
2.10948397034967
1.69960300006
1.73294874521762
1.86765417040011
2.1613914392789
1.99293945612304
2.22981364098887
1.79235841963019
1.89832554665775
2.14466288811405
1.91322206092755
1.97802115025513
1.91964660064088
1.9703949637665
1.21439639807684
1.64788027704854
1.59864030231847
1.45162134081216
1.83128879275228
2.13740671637917
2.09348974971682
2.01110869989609
1.58404241320559
1.5963249711949
1.81665444461276
1.69532947032401
1.89840196622612
1.98206142563445
1.21773874138812
1.67686184452366
2.30708006746975
2.01691056650858
1.63960469114256
1.68789765587396
1.39694514894822
1.52070801723966
1.25398998789193
1.62034161602679
1.74643809054585
1.80320664743923
1.63139185097795
1.2345684689681
1.140339579566
1.53955334352393
1.62281848528807
1.42575851097298
1.01041229172093
1.02934728936471
1.13971996117987
1.5024422061671
1.28391114660164
1.20908231225178
1.20203409220315
1.2581317612374
1.63721791445043
1.53927159580702
1.69720518907395
1.76791033425169
1.16991169349422
1.14546232633317
1.11851304566509
1.12724079798185
1.00544610306675
1.35506038710605
1.41084912370227
1.33053965152773
1.26972123981986
1.51316560683771
1.21055035342775
1.31746719761238
1.41290221317902
1.20755432838185
1.66135903129997
1.13518445932861
1.59212793394819
1.64255058797384
1.40378424097984
1.41358839031813
1.66985191665635
1.54161977815025
1.60877182950834
1.57386067218638
1.17487642646987
1.50995998807324
1.56513860549856
1.68539256223547
1.69178101751659
1.5819546865283
1.57293877108568
1.65077447487695
1.81020261693428
1.63745384539156
1.49255860696486
1.4651267801337
1.86677010960542
1.72674603856736
1.76564911419446
1.23877119101389
1.20326321200998
1.42335072182857
1.22303612730573
1.43630333976183
1.52868565287882
1.77425455177276
1.6963512659848
1.30813306124603
1.44523625766903
1.50977262838994
1.67112281082047
1.72004431725571
1.40377111562634
1.36870623870277
1.55840772172778
1.33733273188556
1.43097449556825
1.82846705718254
1.33888734205522
1.3601756560823
1.45627243872547
1.38199143329678
1.43986551748367
1.75797695516976
1.64127433513789
1.47096264467193
1.31299434798115
1.59337961010634
2.14038818244978
1.9322634637813
2.14257262199225
1.49089951935715
1.24806118906795
1.42186470913961
1.51204133810953
1.10401809673905
1.09421456947366
1.20971394032316
0.982558301842334
1.13732024225652
1.18157791939054
1.15688331642783
1.58141193078233
1.35668611221169
1.26774289662153
1.6483510853984
1.34654542754459
1.57167455262172
1.4574736182462
1.26518118627827
1.398358808992
2.02192497490199
1.73521325125049
1.57382541771182
1.38636589602764
1.42757269486426
1.30666286346655
1.3496681019533
1.52637962462555
1.3717644223728
1.74886008869258
1.90854863726148
1.76709360978612
1.65485370315457
1.58977933965299
2.00894587586461
1.56890241027783
1.79094632138761
1.8800698570049
1.77586922393341
1.92744841121586
1.69726335811684
2.17490427668265
1.69329644188502
1.63395005435269
1.78841941047076
1.66555832091959
1.84364081543613
2.00617298761264
2.01411923806582
2.00325785870602
2.11492327864511
1.74316388671251
1.79463316499924
1.75476122787475
1.92034071897627
1.73219839662629
1.71843947375693
1.66270998446895
1.60751188623653
1.44468421473808
1.28447963203262
1.69283105060828
1.21697947362233
1.3873049663551
1.46053359227209
1.1163459981164
2.2439170859226
1.6324115996484
2.15064498216719
1.22440656411431
1.70765949739772
2.14321396487815
1.23334885425007
1.34453161178657
1.96993793084143
2.34986922449201
2.08845498478746
2.25384138299321
2.04135951256177
2.5542874675849
2.4185185431297
1.9572365922776
1.86729773649257
2.20102663824265
1.89433362099849
1.84616732201081
1.5903745361945
1.6321183888053
1.71907146419589
1.99791390337555
1.59976763967818
1.77169918737712
1.64703289896153
1.8027710247828
1.62616733340675
1.64376183619848
2.23380456860807
1.55921961057123
1.56136389831229
1.72266820630623
1.95879469245642
1.37637879971544
2.24952563793113
1.62486398685661
2.30302073866395
1.67758719427155
2.01561224571785
1.31407128504077
1.64926952242208
1.73220108795719
1.88050525436847
1.42815757981122
1.62707544041911
1.48645343583645
1.70758902699371
1.2895888393013
1.75605736996693
2.13259127040879
2.10625689990573
1.7021694089058
1.81836903960379
2.38108704555906
2.34752935915227
2.26051038223819
1.22227102697992
1.30396038429055
1.21537442311725
1.22917144144048
1.13797446091086
1.41547659723664
1.26482368863868
2.01661994773865
1.37498833150625
1.3755060233206
1.70304677618681
1.30606327747298
1.9500682476338
1.68909013562352
1.70255968475037
2.05402521846453
1.63825201262983
1.52757703874714
2.12815416125629
1.9047464752472
1.75072132081351
1.98018837912733
1.64722667080974
1.70001648520096
1.64181026581176
1.54429828584455
1.65992976262024
1.71649190566395
1.93904380988984
1.69252039997152
2.33844822595753
2.01665134260204
1.94167300841703
1.56121323333327
2.4146869368601
2.13127806879376
1.96862821437425
1.97845615034018
2.00486372921554
1.888865740235
2.20758148814379
1.6906977200847
2.13496758469459
2.17046679965292
2.23857607203878
2.29905784792223
2.2515357190861
1.76819722069971
2.00318446166589
2.08804931862116
2.29826714756189
1.85197781217083
2.17994307472025
2.01734773315436
2.19544527416183
2.4458941800093
1.77567715476159
1.67043543265966
1.26867919857961
1.42851456953242
1.81375884954261
1.10940351223117
1.42514387793298
1.54920847245194
1.4338158526653
1.36087748414923
1.26881761273332
1.11919248444273
1.71113224897393
1.37473182269212
1.31747160229363
1.88611789813957
1.74730387486237
1.75734933034309
1.68596267497234
2.02553440681754
1.86082818569048
1.70371226850782
1.84586012491174
1.93560240145842
1.67424586123773
2.42697773954803
1.57273408114509
2.07502584857771
1.70901920633188
1.66312252364003
2.02241443048582
1.74367700954512
1.49359918249876
1.60739771054283
1.83538786457692
1.66447329937075
1.78637125289131
1.62831401069141
1.66601894223654
1.97641312680799
1.7465989550836
1.8559170165219
2.24593244247439
2.03332249934773
1.69161164034856
1.78039075018004
1.97387979685434
1.9624868131475
2.36403833079363
1.85728180833724
1.55545716595899
2.37366298888856
2.33881056108206
2.11521671802882
1.78351303426364
2.05889887363192
2.14068848076832
2.41522328289052
2.02978197562191
2.10807680860828
1.59320200500449
1.78173090719121
1.44879358557305
1.44192016987407
1.43810691764646
1.49106665111816
1.70571724515447
1.74710621245415
1.39489408842273
1.55768757092765
1.51134430867839
1.73422414634865
1.46779705599854
1.3025926105618
1.02691227873573
1.62900586760882
1.10287769565359
2.22932013392314
1.61591151383379
1.60243566823152
1.31238730948907
1.03740883631797
1.77480207340741
1.85734202713966
1.47437486052217
1.54712818815116
1.36590267283191
1.64213593754832
1.61789247148245
1.57986661208456
1.89126937344469
1.92458071881896
2.47128934621013
1.70483452182678
1.85870414681878
1.47844321830529
1.58045848595164
1.28531209312553
1.73404577971863
1.38773347118729
1.7200457050948
1.70279870780057
1.62122730773769
1.46608986745154
2.40243478929484
1.29240029589098
1.70917807096923
1.49569107323519
1.55593703944852
1.53884743077861
2.12017476265192
1.49335926522308
2.18347680763146
1.77955041719975
2.38184005209062
1.95178449900561
1.95826820948467
2.56308751824976
1.8997136225051
1.67695579520673
1.67309373045738
1.95745979334978
1.61028474050852
1.56316614167333
1.34672262358257
1.82280824845825
1.33692990478048
2.236925385176
1.70116570764473
1.72807358353319
1.74529483754388
1.60962131396527
1.62817869848954
2.07391921705256
2.00279941877169
1.65124176689176
1.23618666899706
1.76672268067141
1.71224500016704
1.9093810955177
1.44641262368978
2.29439539752902
1.65029765897584
1.81192093312547
1.65664699487953
1.5773804438482
1.19539481511026
1.91225637012425
1.90086442121757
1.63072924982833
1.49438902513395
1.89301308293052
1.90820299797467
1.47559274173723
2.08441681183604
2.07107503424052
1.77490629396888
2.13824469133131
2.29667496371594
2.28703889734841
2.42978272949799
2.45405724830758
2.0375966936763
2.46738615394912
2.03768514730563
1.94169502364176
1.74543134568434
1.93655951356856
1.64681827339871
2.41641095265936
1.03144002393123
1.01249896761992
1.69844339808147
1.07851370736832
0.907733887526853
2.37194621484367
1.42347900595585
1.00059574287716
1.59228928148905
1.10957493171982
1.3027580052972
1.01097786464011
0.989723271253277
1.46280178884886
1.63139103593149
1.27451377781113
1.3242819785655
1.73760904883241
1.90442151817859
1.3464866008821
1.71856408657727
1.54407390968656
1.29762527515421
1.42783813928517
1.72472599601626
1.49281702372859
1.57930659641901
1.51912790631235
1.55751768322966
1.15247202787152
1.50773888851217
1.58312023890982
1.77115147876964
2.0177025428604
1.38301423460339
1.72805295425074
1.82711909737756
1.55671031364519
1.54945795392227
2.2116834557065
1.56246511785153
1.85920462252021
1.42311100253592
2.07996453002634
1.77452521756567
1.94880914631967
1.60290510005741
1.48868308029492
1.419068716329
1.25958706236512
1.70322557777152
2.23232718698795
1.64207015313648
2.32419225268754
1.90071990924967
1.92323515366012
1.81396588860655
2.10028229628422
1.53535512966867
1.14088355083439
1.23914580636879
1.42043794967431
1.32351020022485
1.71410833429774
1.71338975731461
1.17538203383875
1.94897208618292
1.49745950486136
1.51015824789126
1.9052825971734
2.02711983604738
1.70844241214483
1.69027465202362
1.81362042254952
1.6410327774683
1.1457820072918
2.35720160038738
1.2310445257142
1.40491346851946
1.23630023050888
1.59410898323915
1.20940012439184
1.29423654182673
1.42365052474866
1.88642996141974
1.32754964408774
1.43015162671841
1.26523490796619
1.21891873937326
1.97789194661825
1.36768316713157
1.46058627526997
1.37080232741846
1.22440869443473
1.69810218204907
1.47791717685806
1.89246070181562
1.66007517077379
1.61409977451309
1.89718980022249
1.61970939729737
1.74540264615148
1.98795808813157
1.54243661114302
1.98868699477046
2.35370068527338
1.92796069382475
2.30617909444762
1.82639781340662
1.20339517831096
1.70017996490602
1.95108107306443
1.39133732825072
1.44720342153953
1.6065749338736
1.36402819799009
2.03945514019012
1.82240141443321
1.21879754572635
1.60737342335511
1.68973981617754
1.49825651176153
2.40096860062911
1.58472343231869
1.75708868491128
2.13827709723706
1.2621934951863
1.5934265463198
1.20057518545783
1.53488346770695
1.3434613153635
1.29399816662502
1.72493532924084
1.88720702643949
1.35548422145915
1.82399140181424
1.61250894892976
1.76224754904038
1.67944984177482
2.1830502499153
1.70565901891464
1.65858358917999
1.88857699046106
1.60744612041797
1.6106932259761
1.67282340372082
1.76131467662492
1.62442976188224
1.58585289631567
1.43491932008326
1.78019750304666
1.68966043632889
1.49774014164165
1.51722606164984
1.72727425156871
1.48261613253302
1.54440152189755
1.72947405748511
1.49924501211681
1.63865466080385
1.78993304656795
1.24809815486887
1.81423050529817
1.81178671339616
1.76213809708125
1.55685857308757
1.40925124257033
1.55399606176822
1.67840679595717
1.53823427123713
1.56343824800743
1.63963090045607
1.67759675714601
1.28214146197364
2.33451802914746
2.13825721016896
1.38269630932735
2.19350602450481
2.22577195510918
2.27920703584906
2.20866355479958
2.37554587818531
1.75968460571592
1.60813064256666
2.29915425361874
1.98207722213225
1.76670261237354
2.15277083851726
1.90785384363486
1.54144879273613
1.56310993130226
1.7388900664778
1.47606080201385
1.13462297799311
1.54018667815189
1.78843667951338
1.44295696664768
1.08221951133567
2.04203661028736
1.63398511674433
1.26584076819832
1.20895880938674
1.45046444037459
1.4115342381561
1.32969697034767
1.51090190102751
1.33133983668468
1.26212779393356
1.32605919403305
1.157695865687
1.25035084743325
1.36214112082473
1.52867170764348
1.16884235956774
1.26445524556038
1.38836908186936
1.29282554554148
1.37572875880844
2.22663974236707
1.64477225642411
1.5503957389941
1.51990858222737
1.87662039277424
1.30119551348998
1.34782650344487
1.55701808005639
1.25286515193501
2.05639950613178
1.58501789815846
1.42948927765854
1.55315750169604
1.43061729543973
1.30327468476767
1.38078827275444
1.82077583823967
1.26676173445819
1.19475671819651
1.23387526760147
1.19094479571628
1.52149472478116
1.84792934154914
1.39503620991209
1.12676100425492
1.77009029395355
2.01832029796292
1.79756833160856
2.05141623681322
1.82534715190422
1.33808561046883
1.62812277892117
1.91802402175509
1.88259199519249
1.46799474310241
1.54885956935322
1.29215275785047
2.21870004258312
1.18538640064449
1.44475151177109
1.428337741468
1.76082597832949
2.14621923417553
1.5673046204096
1.31113712707906
1.35986845697762
1.35391055169398
1.25694633569381
2.10712725592591
1.37139649141598
1.61388428426708
1.19685712847747
1.20277138183164
1.4150102651851
1.40920260226587
1.32168322452021
1.40680253044346
1.72173650326093
1.47233746302862
1.15568860062296
1.78428799941455
1.7916177371194
1.67613508754389
1.36707185931124
1.38598424206978
1.10420624744157
1.24362055321681
1.38090157011155
1.93241616816984
1.48269020125044
1.31559684979895
1.25281422187908
1.96527633105476
1.90529440062346
1.38350886843135
1.5672457610424
1.67696617433882
1.20730352363282
