18.3575679734534
18.5228137765806
17.4705580091607
17.4849314798777
17.5622570597834
17.0962351066756
16.9730015017749
17.1948331609392
17.1069347811185
17.0574865130479
16.7362940361942
16.3643030209046
16.5501571530216
16.3867722739901
16.982910108331
16.4706845295538
16.1957587028803
16.5494480930217
15.5752378642746
16.203134898183
15.4235947619703
15.760863941382
14.2072170902605
15.6802296791488
15.216946632414
15.298412469109
15.6310442134406
15.1539071367202
15.9384316265708
15.3206695136537
17.624208102851
15.5644327889123
16.6021484495392
15.632709494155
15.1650223393655
15.948204733624
15.7051143102355
15.5341722082183
15.4308707749268
16.3052473355368
16.1502856335733
15.1224630415183
18.0551224365832
16.2264659136517
18.818742853379
15.0260437421569
16.7421028755505
18.3263272142663
14.0412976362415
16.2171810462674
15.229759264317
15.9574761716683
18.9476246601271
8.30095211700071
13.7159201582134
10.2396231193004
16.0422037239333
23.4868213313931
5.02267485811124
17.3420451851635
16.5312169526347
7.93377431589791
23.2295130272979
4.23046607724556
