18.5820604742544
18.4842671229049
17.5530930691204
17.5602978440763
17.3815514716763
16.9955577879991
17.3623282427824
17.10860594186
16.9979189299637
17.0414844754025
16.8000266042816
16.7153003199725
16.4928944176563
16.693877212811
17.0122260405291
16.4559566071143
16.1606053304536
16.6431480280786
16.128556971616
15.9705987342535
15.7545285248297
15.8667394912715
14.8161750544653
15.5174182485826
15.1990976868055
15.2487037755338
15.5051056551174
15.0847218977238
15.4681778391825
15.5702906112615
17.2401187857344
15.8977915795864
16.4859674642997
15.8643470656639
15.6170497146408
16.4723758112518
16.3112924443411
14.7302149937829
15.9594289730506
15.0054739345801
16.6441176870589
16.1833942738732
16.0359562972662
15.7916770855364
17.4814757294584
16.1368326538335
16.5313536667088
18.0433847632761
14.3145240449302
16.2480426876158
16.1027385380997
16.0750797676144
16.9971006780733
12.25780069273
14.3615712101878
13.0551830263173
14.0502904914667
18.9142407683423
12.7740232406326
17.2501872579782
19.5267308137281
14.6807426815601
13.7930858914712
14.0647829293582
23.1493539449926
23.1495652720186
4.39770126269414
