6.2582974820845
6.13284263007702
6.11205832621966
6.08794213814595
6.0766847021001
6.05084839729312
6.03767899739788
6.04491658248776
6.03564930206394
6.00493532687729
6.00351382968397
5.98276166417886
5.96366377220118
5.95391569743235
5.95419488206655
5.97085834742506
5.9035712564181
5.92592068372802
5.93940934183852
5.91852265447856
5.89851916706523
5.89671679625386
5.87361709965306
5.84137907018445
5.82503569678594
5.82180458200137
5.88805868377906
5.91748561460668
5.8713823775313
5.84006022975467
5.80803832273703
5.9356911020732
5.83950979465797
5.8273640579781
5.76177568139659
5.84610404515251
5.90177822998214
5.80338407997696
5.69528767934953
5.81452188617425
5.82418897098453
5.86192121812378
5.81102497575408
5.85439062839354
5.82227916251619
5.98837315402288
5.88143809185662
5.91448001555541
5.98094226327123
5.7338935822052
5.92462849039406
5.97859317818781
5.85136245950181
5.95106894922264
5.51824641758058
5.77519703480876
5.63637582265291
5.77963553767043
6.12937758887111
5.41497182413556
6.12239436461167
6.20429762586958
6.21701372930241
5.45570267534169
6.18391185604667
6.21060747992464
6.23551533208164
