6.27358334202011
6.12946942372851
6.12271945444455
6.09298317767183
6.08696307209216
6.09095414241246
6.06978914377695
6.03592084940039
6.02133906697843
6.0140628857556
6.0168816364454
5.9828291019914
5.92311061831044
5.93802138979684
5.9400477020068
6.01632866621224
5.92301941535673
5.97873290725989
5.95679473582726
5.94481243399536
5.92928731561446
5.88233831643993
5.87857955978304
5.76656430288845
5.79522998502131
5.87884476025866
5.92692240461627
5.91843497403178
5.90923499591129
5.89375847121843
5.76449381268516
6.00086615438904
5.93505437898389
5.89488181227908
5.9559387011469
5.78660921041037
5.8257690295027
5.77057735064023
5.76749164001227
5.76701490682753
5.5981489093147
5.7630972840939
5.75741876213657
5.92380568520338
6.00040533905901
5.96236559969606
5.78375172719812
5.92257987694048
6.01905331961858
5.78191371565693
5.7865273841222
5.76343409887891
5.86647458479848
5.94766162153321
4.8639934127342
5.85080301917147
5.26623912480048
4.99510813048054
6.12868435991338
5.92736691965324
6.12104830465166
6.17736751545723
6.1883398006723
6.21017064585204
