18.4423954467174
18.5139336802265
17.5651221010869
17.5088609181655
17.4134887903033
16.9862377053039
17.2364615306041
17.0479517927089
17.0685738976505
16.8130860778155
16.727971496039
16.6285305192985
16.4910531366257
16.5771847027968
17.1041152512944
16.398350016606
16.1950139020663
16.3990214236737
15.9143556743729
15.9046464907977
15.7363567628209
15.982999589537
14.4863059006331
15.5312150806702
15.3353117391578
15.2084468686629
15.6557175896223
15.2084861913445
15.4744230414733
15.3238486230371
17.5524775586877
15.4352442833388
16.3991126227736
16.3489581937607
15.260569375737
16.5004664863233
16.1822138948345
14.5673207157945
15.6938745675626
15.2282607070324
16.3256010366939
16.4887367778286
16.4200598693293
15.3084082389318
18.0288846771706
15.0468596168643
16.6282591999013
17.2389134367225
14.9684973078848
16.7095567177327
15.7697234080479
15.8090785566461
16.9738970003532
11.6551854840475
14.8828724570235
10.9543530727932
15.2204470877825
19.6150108783452
11.0447662354543
16.0716220337067
18.73733305899
10.4463303432354
13.7930858914712
14.0647829293582
23.1493539449926
23.1495652720186
4.39770126269414
