18.5048721634477
18.4955264573701
17.6902729929945
17.8002170792939
17.9159560971789
17.0793517275116
17.1284347741671
16.9641996526067
16.9143142698457
17.040476731707
16.758864109408
16.4481891207084
16.5975699832532
16.7000651762912
17.2728073527948
16.2038310006905
16.3565879061842
16.8444795374672
16.1872141055228
15.8799872841256
16.1408358085402
15.5251805150562
13.4782153246067
15.256667984413
15.7048756551095
14.5680616905195
15.9657128604248
15.2688707154876
15.439986136573
15.3451543631095
18.7768032354879
15.3517936309928
16.2774059565209
18.4367262389613
14.0907752273579
16.3608207998684
16.8089437329695
14.5915696589354
16.3976221966168
14.4053761004211
16.1328682118609
14.9255504700252
17.1530655540018
18.6351915768433
18.538531321836
15.153514579704
17.6319419960778
18.7168918687418
15.0605806996495
16.3983886891314
15.5318550825073
16.6006485706279
17.7573982563259
6.38453149337308
13.3192837705313
12.5826877593509
2.75897338742652
23.7003624955453
6.90028328072308
10.3593747728514
23.1665486417477
7.93377431589791
23.2295130272979
4.23046607724556
