12.8849368395598
5.43554158917075
5.36183156391664
6.15062506551476
6.02874938953495
6.02253830633489
6.03629545277765
5.92901892843631
6.18888868825399
6.28372170483684
6.39725065890622
6.38103915060267
6.21848940160348
6.48332314650522
6.31728035659992
6.33323731073869
6.24961211018982
6.40525706781948
5.85237607946736
5.49942316150721
5.92655276302953
5.91586234714113
5.80639173508382
6.1149874882193
6.16327500991335
6.21851763965312
6.20417028808808
6.25166175107462
5.92595638164182
6.15399934136699
6.17030835140316
6.35798487649905
6.4110597792378
6.29918595732821
5.88815854443635
6.241604740063
5.85747256468305
6.00947201304583
5.88894164147075
6.08510194918072
6.18390341518313
6.04638109187549
6.15971387836553
6.35173835607571
5.98084730833044
6.02618947704868
6.10022680400184
6.25511784173065
6.31307804672902
6.25847144635224
6.33590068385997
6.33020764398381
5.54057074435706
5.7582279476871
5.98293256663502
5.98349563737268
5.92676783670492
6.13764738483414
6.18917737155975
6.31009035080166
6.36486468914511
6.36637233312533
6.41716581889929
6.07765234799923
6.02738979403685
6.0360636449617
6.19706998341393
6.08154413630913
6.04901764732105
6.01429818815104
6.05360107549669
6.28340963717632
6.16668162828167
6.164428040926
5.83970315092651
6.2728179072696
6.35804687791646
6.07780678715515
6.04097682241092
6.16117212461604
6.17441013942177
6.26684933432253
6.39995068868055
6.41217846663228
5.98197788687725
6.21416067406459
5.9604844244346
6.23621083362811
6.13885335969823
5.98885444276012
6.07833744650468
6.12464154665442
6.12725251647426
5.93525905469457
6.19652031819469
5.34272409487762
6.18711014636894
6.09191977922701
6.30736199294306
6.26398539331376
6.37804170054337
6.28844674047974
6.10207546213683
6.08632837268888
6.31373851779168
6.08467981073697
6.01860208873665
6.16960167159376
6.37202346251842
6.17109992421446
6.20688539765226
6.04555736840783
5.82003506211765
6.06616192192977
6.25427413999048
6.31074143772717
6.07918033059102
6.35143365264107
6.105938937355
5.99089429884305
5.95702518654009
5.95476430357197
6.27826433726953
6.19435620430461
6.11952972723527
6.052566324566
6.2848456842109
6.20347649388844
6.12611077631842
6.12214397420743
6.05520948326288
5.8057135537916
6.14441603532602
1.79443621383693
5.41225774089992
5.84845019449331
6.20169639493009
5.75216808958498
5.7082583135193
5.80643886177673
5.8808309789644
5.80534859177534
5.71024737262633
5.93593384576758
5.60819377568453
5.58210441086975
5.9405991102032
5.92595271217392
6.11613580794746
6.24271629423351
6.0361724671716
6.21281660293091
6.33515007488958
6.21691618958896
6.1973904687518
6.12338181095907
6.11675025220982
6.2103413272837
6.32429153874378
6.38745085535083
6.35342185627508
6.0522315385291
6.24602700439374
6.2439699313581
6.18247430340102
6.35384651191988
6.062673859871
6.09861026116055
5.69191298819968
6.16687694819691
6.26488815012571
5.95478029332804
6.03922883160605
5.88146923998445
6.08499316890993
6.30554730225257
6.32744307350567
6.26995279346552
6.06069120563208
6.376204672536
6.40208817949412
6.45800894807007
6.10583704369539
6.18752096465297
6.36541668928887
6.22533865127998
5.90514422209679
5.80549714587029
6.19524744693319
5.77469784655602
5.60527403308693
5.98841685666267
6.27939039544511
6.27563943569719
5.91075964806298
5.8336536371826
5.85653537843926
5.74921938287033
5.99678550393947
6.19757849038118
6.204576557628
5.96306081349656
6.05050208380867
6.09383715827715
6.18358108702573
6.40919719970126
5.9229883541546
6.12794535541301
6.09036509088095
6.31418038830667
6.13895768132304
6.00619814998292
6.15996925685907
6.15184798914102
5.97463514766796
5.69598341796691
5.78178310765717
6.11574000497146
6.3362198007243
6.39078049520337
6.42143967461717
6.22635470455616
6.2945704564466
5.93488889223689
5.94889284848711
6.13587345401045
6.35432647259739
5.97380073830525
6.06372209761203
6.31013247445874
6.36436751420518
6.15833546248671
5.76665891711177
5.85395049111497
5.86226632014319
5.74360931451631
5.86278549440364
6.14399142365916
6.30805717822744
5.74929539619613
5.89773025113504
6.11077166540508
6.19425258956841
6.24882324829876
5.8297155261314
5.58937793081953
5.11572984330624
6.21525455250496
5.96584901996269
6.167728107491
6.3815865816926
6.15369016403201
6.16071072883807
6.28193772514056
5.29326394583022
6.20273581254891
5.1711088740256
6.08490486726002
6.13377770078181
6.18768403453179
6.3024072696943
5.83499762403051
5.94077649835851
5.81351673209512
6.0607563939805
6.30430369190158
6.15197861685706
6.07978904243273
6.09164559505717
5.84342592813592
5.83342142041626
6.14560690486839
6.11862496847541
5.99308600829409
5.79591241237491
5.83869965209374
6.21354407451758
6.20273666355507
6.3818177014689
6.41427199350138
6.2323173360376
5.9017999435812
6.37844331297465
6.22175463452873
6.42920310099788
6.03640973293827
6.11623280047082
6.22426540247711
6.02589485920699
6.29972951383884
5.76388967951628
6.06403193381973
6.15855058437638
6.06863261986685
6.17974696465993
5.95719421010031
6.10135123549709
5.84765468354737
6.07100873768467
6.22041570900457
6.00310733961823
6.34751851121702
6.13414874839997
6.23711241076877
6.2418489912676
6.15012546627281
6.19613696214541
6.15719375551447
6.20155086497482
6.09084382352385
5.77583925142629
5.93114804042775
5.78241480765174
5.56605165328678
5.88146634644998
6.20983823502933
6.37822975027672
6.12949508454894
6.40886496245538
6.32483981681861
6.24264401430675
6.40219371797813
6.23663454991222
6.26918652813848
6.06990623401789
6.09572802428663
6.09527505874832
5.83748855747541
6.02613269663298
5.96966752131867
6.04218771814886
6.27263318862492
6.08093715942603
6.15485079447916
6.3588640044882
6.20044764006593
6.31498941592992
6.16768473740377
6.13329305033772
6.01287855667508
6.05465743006318
6.28773194800553
6.24236433029026
6.29719964383452
6.14818461864188
5.86243653976658
6.14857802282492
6.09413994420782
6.29879428945434
6.2687631514554
6.46422547699433
6.35871323577657
6.34733623550688
6.29793900438638
6.07096267611765
5.98373125320753
6.23980134563281
6.02756983956402
6.16071708118293
6.05930475421549
6.32727425675417
6.30836728092607
6.16953060307194
6.2979719831556
6.38776060581467
5.93273446755762
5.80870728080664
6.12521319679792
6.17853106841951
5.76180816325851
6.04902424948605
6.2751170730079
6.2421815807217
5.97808634004925
5.54005721945331
5.82895231364541
6.04355565045616
6.29745648546923
5.84525757683752
6.19193043152104
5.99179746153967
5.79347863535827
6.02659577373037
5.50592072828595
6.03048511742089
5.84395724666712
6.27131196521286
6.13788599590401
4.10483858234664
5.61580653686069
4.61348395524467
4.78378887272306
5.7949982275075
6.06422524850086
6.14162529865146
6.1871423480629
6.07732649898633
6.2110164454453
6.3447767212301
6.11540466190394
6.28622592944706
6.16647930215076
5.92973378532328
5.91371336610546
6.06699112154252
6.14898872385536
6.20881343277181
5.86901020919405
6.2389682351985
6.02574903841492
6.22191894559669
6.28698132144843
5.95119142829488
6.06147663034103
6.18932039375994
5.91968817279428
5.91603750795344
5.98244233044861
5.8406847537459
6.25668078860335
5.89114415760559
5.85895946439295
6.04691384644761
6.02348992962144
6.25955336520242
6.03424348531736
6.15750343884917
5.9533330639708
6.26601601129247
6.20005583304568
6.25959478999357
6.02997810779437
6.28630552659942
6.01765804942043
5.97773145257173
6.1337039534476
6.10856777555841
6.20791819619585
6.31653808090485
6.24277736921939
6.29247934595263
6.10680002525345
6.15008206732712
6.03710971917682
6.40941799152282
6.43790453470072
6.45377836124577
6.4846116243824
6.17032252268784
6.36637710806801
6.30645586429143
6.37085732229523
6.43869580820341
5.8304404829717
4.29534057706305
5.9846165281106
6.27680895922102
5.85468195285144
6.12827032672405
6.24958848807637
6.13430348575852
6.0197057025444
6.15196534373122
6.22847050796089
6.32093453747531
5.92804046590034
6.1233562126774
5.85028095157509
5.84906580414157
6.21325924267728
6.16498982409618
6.13012008350315
6.33503892154752
5.69651704357941
5.95247815280231
5.94731690822418
5.91496643173683
5.86462982861006
6.1538811489109
5.77504539464262
5.9079552588386
6.22912515849083
6.36356186097208
6.30402300841396
6.11225205616821
5.91606267003462
5.94621850650082
6.25701278579603
6.16338993180357
6.1067310565262
5.53940947924468
6.07624740402966
5.29581917476262
5.87381827397647
6.04319593862506
5.89040111920087
6.05008859734794
6.29223542171732
6.11468700090495
6.25110595740926
6.27895122766353
6.0618751819714
6.04729977600034
6.21376604186752
6.29693325952059
6.39553186455507
6.40805606682925
6.23190664420641
6.33895013568298
5.94384309074968
6.02769321962275
5.77293496444844
6.16961250973889
6.17778541653811
6.14132483391472
5.7579542907449
6.13842024318186
6.11164168201055
6.31870622104958
5.87830007917366
5.65835499777761
6.09238290880878
5.90056668313968
5.61723920102675
5.93571136163363
5.8965751544699
6.02268668872823
6.14145431756951
5.54459078186446
5.87483288882291
5.78032192097853
6.16257043900745
5.77397284182608
6.24665595397794
6.15094171296006
6.35802076175277
6.25454303416238
5.98450923902809
6.0245886237065
6.26867622783149
6.2504082839646
6.17290090475077
6.299686770747
6.22295858319429
6.10145110904644
6.18877066816921
5.64370990342
6.11247321039294
6.22505853128742
6.3843986462012
6.01818141511486
6.33422840661647
6.18977759666994
6.09125393048797
6.31135187791652
6.36303674347597
6.20457764821253
6.07855777594257
5.78169847473927
6.15220295810298
6.20370423973445
5.96336737608453
5.84612141516983
6.11076027217123
6.11329867190931
5.90705736110093
6.23104426005906
4.53583813539439
5.75443429369957
6.01970327238934
6.23202866159318
6.39148413459297
6.22231971015508
6.00841035240095
5.7515258309461
5.40171120996159
5.48657303131845
6.10046062592999
6.1963145386823
6.24248720838639
6.41150952820763
6.29498500470054
6.45812852057721
5.84467549161308
5.86900833663148
6.15623825594085
5.92565516974782
5.62682570482226
5.96965578423482
6.34988838630645
6.22447619819385
5.92676626646444
5.90531720228675
6.23200087455432
6.10007746216203
5.98284429792759
5.81852069822125
6.07981506921048
6.29872386101604
5.73387785198704
5.91248440205539
6.15126362037718
6.04786709975492
6.02943960606068
6.27714446990724
6.33448345911999
6.16628644599486
6.45237228369394
6.50760426334027
6.23876766274075
6.00032456394859
5.81636199726898
6.18502619240738
6.01373034617323
6.23275788651247
6.2982151270568
6.09788168595639
5.41960790790469
5.80884039715586
5.99423925707249
5.94500458356592
6.18334698311159
6.08279514387046
6.07489172912558
5.7576618692043
5.63617814128999
6.12036701065729
5.90037567171111
6.01031511240333
6.00084098901245
6.11540190123579
6.01062955720904
6.28325814472527
5.82160183068666
5.87072626574024
6.20535459941384
6.13446423524292
6.29531798330305
6.24230262237364
6.19798388288508
5.91126515633295
6.33790453943586
5.95313539136862
6.08859084161335
6.38824770870264
6.25981634126783
6.22493896108748
5.70867359948262
6.03991046865446
6.10970070520324
6.17492151874417
6.20242535285489
6.326387809888
6.23950381618669
6.40149828198255
6.39417006811578
6.41914588866013
6.43125588677155
6.41038344688366
6.32634085978402
5.40782724831339
5.93478430459267
6.222733936268
6.23492743868723
5.88697417245779
6.12574180643928
6.17509362243106
6.29477823099123
5.56982382281681
5.79948969671587
5.45658438752479
6.10849132974176
6.20721236402247
6.07214340690866
6.33160908213646
6.23742982388746
6.02819514267862
5.73183389960349
6.14635986504509
6.12201690360035
5.8837945246106
5.90236687200814
6.18371955438092
6.10143597725186
5.86092678257809
6.00123883056058
6.25181020525145
5.70377268920198
6.13009222812512
6.00609612411825
5.77259805956297
6.2059191896849
6.22967930852837
6.35611044264073
6.27478908414772
6.24464028963729
6.22954906696915
5.77910651017941
6.00259254047078
6.1246524860011
6.31223930478176
6.36941457423351
6.43546378996149
5.94512985951014
6.24208056518915
6.18718214603447
6.29831526420115
6.19063354362086
6.14510029511528
5.95266263708703
6.25968998078567
5.95416078510645
6.2465959121003
6.22348844443741
6.41280857560892
6.17556885506282
5.69296281728588
6.16724651551817
6.30981979356264
6.33660409694325
6.24428356651053
5.85730945666146
6.15243695029161
4.93628315639073
5.91288733290156
5.80526737998255
5.80017858092077
5.86170064396138
5.5697999328889
5.72462553767227
5.97116492877391
5.91553339729115
5.75774575624463
5.88840982374924
5.78363708601477
5.95721528714462
5.90410441481202
5.89597772541313
6.08452628028693
5.95309837293204
6.3467276270019
5.91834131942703
6.32925474873868
6.3952642808149
6.15390584762423
6.06512636536909
6.10538579374741
6.26113547695131
6.07429802482444
6.35663382759746
6.32697716739135
6.44366986927337
6.48686568071484
6.47844658065306
6.31712951637095
6.20067997942846
6.19672660204171
6.45059396509293
6.48130534946577
6.49452989555025
6.18914108703534
5.99210925277137
5.77419901229874
6.09294394320576
6.20882075795528
5.90885409231988
5.78483667415798
5.97534287439942
6.2808867881369
6.18372647089479
6.23839844096431
6.37401646098362
6.39186210305384
6.42089485638921
6.16443295924894
6.27353077264078
6.04152672788982
6.08772266414799
6.05044938333336
5.91269152497981
6.09938804730473
6.35438299194214
6.03126636290282
6.35436183160873
6.30297998232961
6.15364478544316
6.38633876875549
6.4257329160085
6.38166329203181
6.05820647898937
6.20389287244337
6.20946400966876
6.18657070994837
5.70469695656382
5.97525146204899
6.0668875861902
6.28434150940817
6.26814735553793
5.98816740828438
6.02580765130943
6.06966943893247
6.27745225297113
5.91323412738415
6.02245425371897
6.16833101008072
6.22028182770783
5.98673825046487
5.9961283795887
5.8031022277052
5.47776325106342
6.06604578021759
6.11532468850459
6.16452772954916
6.09412260246716
5.89454155111551
5.7466922077806
6.1913724857832
6.28425468497434
5.64811943946565
5.99958423371637
6.13637435106248
6.27569711593808
5.41460163682192
5.85431201474275
5.81276209967943
6.16506774505792
6.32134945243469
6.23652080929708
6.31142579307297
6.42121615830646
6.02124634053601
6.25417695620107
6.31853151036708
5.9107129261101
5.8328851846293
6.12118751228336
5.99758582884239
5.83038983615059
6.10740374252354
5.9210070547847
6.25577116984521
6.05833585165457
5.98911171849651
6.32547614322819
5.93214848410855
6.24923437023115
6.24828386777928
6.19162712328288
6.18517055534644
6.10453305710486
6.14256120053295
6.11951822161635
6.38643781703173
6.42249148523928
6.35861628857931
4.76926626175175
5.6114248230356
6.05428640925274
6.26619027238772
6.0154567063361
6.29020948915946
5.59238301089066
5.99164955414971
5.9374605521898
5.75599411592018
6.34433557132384
6.04888179864956
6.21323880391748
6.27515939727119
6.09228166543666
6.04066738755168
5.85662810714929
6.06559626070884
6.18807503823291
5.80348244454549
6.21687318713646
5.87419199688159
6.13745902755225
6.28656152891301
6.10662982750025
6.27306428440868
6.4447573067463
6.38493185913563
6.08595002930529
6.32318921492097
6.2865370607953
6.40259025151465
6.32991862271893
5.90718684532599
6.10980108222088
6.21189165026052
6.13244003847191
6.37737832917937
6.10071997382311
6.09809718038018
6.36277863868381
6.18946435785166
5.58407937390263
6.01139229074388
6.04008750596982
6.06653326765162
6.33908094601211
6.25823384208221
6.25506048870088
6.14107772201832
6.20919471055026
6.18204463148408
6.36553925776376
5.73902071648349
6.28949168918474
6.2908985703103
6.24452719041589
6.35668092225428
6.07541209338132
6.22311193951534
6.15211382247912
6.3242153316176
5.65783655744861
6.1468779799852
6.08203034043906
5.69142643044084
6.208677689403
5.88346286028452
6.30308104325961
6.07799531297358
5.9532523317192
6.31981379713967
6.35810237643511
6.45732014386609
6.26400808849773
6.22100869001232
6.27056365492859
6.14116516441845
6.13876869954112
6.15705532621241
5.84748260812458
5.27155476189637
5.96580779274207
5.91059942265153
5.65913297300159
6.08876485894238
6.10245322929473
6.15203656187598
4.6491743753914
5.69671990131855
6.20516992319891
6.14827305104544
6.24253252955012
6.32826707325574
5.32471224013049
5.82850210604928
5.32121821590269
5.87533628468877
5.98964051055563
6.06033692095111
6.18304169689756
6.08484408088902
6.26984020151249
6.39956241078642
6.29287218121855
6.12889729583625
6.30273729761242
6.11832660530268
6.10769367763496
5.74232509406444
5.7312248059672
6.25067646630663
6.40448524847075
5.89279697308338
4.91633678800326
6.12160093305977
5.93700855371645
5.83300456570741
6.02653132983565
6.16386082029184
5.82175981260536
6.27128294601343
6.20527693278115
5.95467635024616
5.94598890952298
5.96304714543682
6.21920855721564
6.1340987822547
5.67735362058751
6.19982080157236
6.36044053956432
6.30905654249493
6.14541233442209
6.40752837154089
6.38122794466101
6.44504242528736
6.18141200971549
5.75241230372086
6.00766831695213
5.74153080659437
6.07902587656466
6.2299983531587
5.96701978860267
5.80081709822225
5.91249520717292
4.36139534284656
5.3864455866159
6.02851962782712
5.93399085345893
6.14330628466324
5.98780161746147
6.05844476689259
6.0449958719731
6.27946340434862
6.28551675937499
5.9550121886054
6.20793659499569
6.25135425481284
5.83327870133861
6.19285135656867
6.26001819760432
5.90516243321381
6.26166547861788
4.65883506444601
5.61886206528029
5.48100157169205
6.02210165016008
6.19078358655909
5.92148631292881
6.29560488157308
6.34236697001856
5.94878295081375
5.78287785371868
6.29069852127246
5.87330214105931
6.20051336294403
6.32831496700154
6.24959522421812
6.41471826075527
6.35947730149119
6.32941925474189
6.22916310277014
5.95078734906315
5.79786665276662
5.93048762622941
5.70442616302702
5.81455390181185
5.81712067383434
5.92585644304713
6.12190160021548
6.32466300970864
5.89056159698221
6.07968570548052
6.22977966399737
6.29213493147837
6.05706537587971
6.0315072631377
5.58598054480481
5.49340039335865
5.84482627112787
5.31260576389916
5.92217327767361
5.23381061748744
5.86101992375976
6.17501717179973
5.98310705249347
6.14829639533832
6.26510611482952
6.34040651834743
5.87454881014195
6.12325104662396
6.05838100990555
5.97014146806541
6.22762638191812
6.14226784788096
5.96582007864077
5.81968683333554
5.91647992092722
6.1220623305015
6.13082719203406
6.20924635907671
6.16710120606272
5.96316010995252
6.24970023392964
6.26162901099584
5.86879562504768
6.19722514269105
6.1213004517106
6.13558613265343
6.14491010535231
5.73142387973365
6.0111680237689
6.22101499122796
5.86350646140832
5.80836846615651
5.97456404872914
6.05601316267053
6.0760311194479
6.02151327698478
6.24997777552801
5.85304691888029
5.62063704426693
6.11686448812808
6.32066399496229
5.9542861569463
6.06541293691948
5.76852714879516
5.94850972214315
6.19008148417135
6.22449881820979
6.34708264350318
6.06758091988114
5.9525120411596
6.1236849052627
6.04615242357803
6.06113052558789
6.11553444807811
6.05669271027367
6.10359078332435
6.00252490884663
6.27632834309493
6.09886913939283
6.23917530995507
6.35532966003054
6.09951265534713
6.03829861635021
6.21842772695567
6.08652786052155
6.28840939755887
6.10395970589222
6.29696300963376
4.78481761165387
5.73511457805998
6.05531981926362
6.23563604451005
4.58301092635031
5.52046730865172
5.97729054234987
5.90045762007584
5.95411954639207
5.91605303269071
5.72739529383484
6.0804890967875
5.87484688812672
5.93226022525051
6.23625395158724
5.90734707538771
5.80194003530989
6.06857145314726
5.90323251854964
6.19744673404575
6.20865183931082
5.72595300026226
6.15202441413557
6.32939746400603
6.0288098756007
6.14689919803852
6.17986381437408
6.21003958417835
6.23439278419363
6.23048091963672
5.71358264872457
6.04973018015551
6.27590087871717
6.34796857068049
1.02196161698012
4.59801998723801
5.42730476211056
5.47098416104983
5.87480554966049
5.93480265018174
5.87618085926655
6.2898427631947
6.05547319064242
5.7729677515227
6.2494676284601
5.99325373028621
6.14639964840408
6.18131595644747
6.02755586390306
5.29183859580107
6.00311785033831
6.19107092385909
5.85412217251394
6.05501935979873
5.79390497234626
6.0997330411389
6.25432082118192
6.04068152621124
6.08719502372473
6.21893397379141
5.99489872500958
6.14749590645781
6.17521005927679
6.20316846152336
6.32894784581525
5.74736940676361
5.88331756261626
5.90415790987838
6.2323665133043
6.19227845050925
6.35820456039633
6.30018090243991
5.99211023257395
5.68210867267774
6.07349109663562
6.12373829312339
6.15599210083587
6.05705936567477
6.18944058626824
6.30754200110811
5.94516937486181
6.11404140663828
5.77764912426061
6.05789643743285
6.10623627141872
6.11155984372817
6.3342023633405
6.30190158185823
6.3033264523848
6.15821542623742
6.15547560352741
6.14096977667414
5.54910256288403
6.16167325091367
5.69334647474022
5.95610710219329
5.84846347640755
6.06628810160683
6.1480495383378
6.08120088613255
6.18279945572695
6.14035454466161
6.09478125829783
6.22770365023368
6.30264909752979
6.390031353171
6.44585949891603
6.00282246948949
5.95725062824074
6.26008584472976
5.53723350175775
6.00389594232453
5.7289046077261
5.84880544155437
5.95808505364206
5.85237413489096
6.12522107218907
6.00149922412457
6.02573956030448
5.99596722331982
6.12692221827972
6.39207116806679
6.16965777059135
5.57740431696531
6.05300283474296
5.0024817823125
5.74532055538697
6.09702850558943
6.13559690240228
5.09843556454971
5.87978518408329
5.9607099732977
6.1427784033345
5.82828132196476
6.09316578877503
5.81235285338721
5.90138671742282
5.87824067361172
6.20681507546064
6.23392185576861
6.30771737654213
6.29862590745096
5.97771823540606
6.27771460365369
6.16928779515329
6.04982242143461
6.03023661482058
5.98405857508292
6.23487141190646
6.2687245067308
6.19475665845251
6.324984384412
6.40243378543405
6.13695876071491
4.83406667988417
5.8022761864949
6.1952621122901
6.12591347293082
5.9478506031767
5.83830424497122
6.04440879506018
6.25077350758141
6.00033408773417
5.99129438274799
6.37356358889683
6.1667517886737
6.26026451155836
6.20125887350861
6.24193811148666
6.28650497309219
6.31909690821342
6.39720872892808
6.38212205222005
5.99372103033979
5.49746410280666
5.802540608951
6.04778307067984
6.16846788965984
6.2720875866002
6.21924283771628
6.09885553328173
6.08595589238665
6.11205077564405
6.07394481270203
6.11742460749503
6.167412579417
6.08693742654395
5.99708003922541
5.88913779968468
6.14625272256757
6.37022460321433
6.1577918158449
5.95078680937986
6.28660843924166
6.26671558545343
6.27095866571028
6.40897892406433
6.47007070570756
6.43229488305554
6.33836532898453
5.9975365951034
6.09782476834272
6.29221620613675
6.1234519849879
6.04476885551477
6.30480692399587
6.42875501182666
6.21797041479747
5.96109946049335
6.31526957408055
6.35756875603857
6.21359129917885
6.11032553169082
6.16458480839559
5.49978471235758
5.94681727887446
6.1913640813917
5.74886049080243
6.1332193047076
6.19138636436389
5.96433682895637
6.15380620907731
6.2895719036585
5.69109730655993
5.94075777538933
5.73318538524358
6.17070909067884
6.28060442006593
6.06502171559797
6.30030603347104
6.19975003857548
6.39969712246373
6.31728679538215
6.10772387555158
6.0948091715059
5.78988844678807
5.60199418364992
6.00279926497196
6.13731305424058
6.26567284121903
6.17312400532125
6.35812776466442
6.19803004756854
6.33143466003798
6.40724596766654
5.9388350977107
5.77772130657825
6.02096168355659
5.68664960945749
6.09504079298041
6.12688096856311
6.17884038704155
6.34386778355089
6.19135379847374
6.00613255382834
6.33934056280537
6.18407537803861
6.15290957735546
6.1503483927147
6.11305019426869
6.07856038083128
6.10772895417496
5.64232371867258
6.05373322699515
6.3503522199315
6.170380540932
6.10791784705346
5.96413428667281
6.28126907849635
6.36936796017437
6.18363260763854
5.98534231734293
6.016723193069
6.19970854316678
6.22142699531977
6.27049648267028
5.75712110397855
5.86630640305823
6.18859122383878
6.30243015623256
6.08932908182652
6.31574255001904
6.28185705336348
5.91818804067163
5.87267180058415
5.98272343902466
6.17168527624424
6.29712836806799
6.31032994843932
5.96714555382177
6.26362234975081
6.19603059280345
6.3218794877679
6.39297941735365
6.23206275168098
6.00521734574155
6.35922014550276
6.2816262428035
6.08312276237346
6.11958579406875
6.16051374160429
6.03937657155188
5.62379254501059
6.21687218555592
6.13774844711878
6.38661239946388
6.09790488422918
6.09597695430887
6.03858147213117
6.29825642880718
6.34131767366147
6.17367428135171
5.30691539429445
5.69036793365745
5.59998231734595
6.13403466579173
6.3412720808966
6.27834521849715
6.15836265686095
6.36101619799044
6.29411419396806
5.98945428745525
6.01762022578357
6.15735206779262
5.79782838956107
6.04660391514691
6.2618458672327
6.30276003756513
6.10542355810927
6.03926453412808
6.19386848694681
5.93252592928833
5.91712129080429
6.07772912570878
5.71154024116926
6.15859304458163
6.25859536696416
5.7101708801307
6.16549024852709
5.70372061275323
5.38069506150728
5.88743783967431
5.50716246755265
5.93960698292512
5.72430209957066
5.9117068622876
6.21420064450296
6.28935154504281
6.4037324263555
6.23416110943001
5.89798337405311
5.70408302008268
5.93343726439833
6.17663589842663
6.06928042599861
5.88844644836521
6.27137414372155
6.2898032711353
5.93778331023624
6.14670381046437
6.37213368959514
5.81490484435562
6.15821825884651
6.1653470275662
5.94768919123703
5.3527102634691
5.57768478203074
5.89466497495502
5.74638200552438
5.83387348912844
5.91797914116792
6.05088089085798
6.12687345421002
5.72264685939532
5.85572068844047
4.11639797965343
5.66479210114149
6.00869059618155
5.61766446791302
5.94605767991925
5.99112697749749
6.18501540863546
6.36234041010476
5.79726398820794
6.02168802907203
6.09012143577225
6.16056122968701
6.17282826791269
6.29899999716596
6.11417848787088
6.32171532532018
5.97336059384191
6.21254156458582
6.01754383496702
6.31141239601382
6.41536902922758
6.40692554268489
6.30945128758637
5.25619099638769
5.78949483336024
6.09660498871486
5.86851600326797
6.15973643735804
5.93836242098504
6.23925376988738
6.20627340367821
6.19788884916004
6.24159371073276
6.36165580143298
5.93823980614054
5.84553566774803
6.26067531283895
6.32598648416093
6.36720380529202
6.39980889377324
6.36031532561433
6.27472304256817
6.43988937916336
4.3674040571526
6.26711078594757
5.6213617947732
5.63856935103152
6.19368638331952
6.02770660013934
5.96644263025679
6.04834527581693
6.33623613940784
5.98969753237054
6.23935420198493
5.79011206941291
6.00079940500687
6.20905463473724
6.14537466301509
6.3129023312625
6.04781628357944
5.72119521158979
5.27134199792247
5.49103592931464
5.76024570977591
6.16489459589456
6.34402919555723
6.40085011903303
6.24119415491459
6.30582624862581
6.31431384152285
6.23674751020688
5.72987753285598
5.93372055143256
6.23741266016028
5.93874055155223
6.13896281610716
5.86893308389453
6.07287548002921
6.04791712698859
6.24637279908764
6.43184524982509
6.25877117231732
6.27167316363594
6.19671173458208
6.16483091279323
5.87528544291034
5.75342640087291
6.06482221005871
6.22089789008385
6.35370055911617
6.38898762549122
6.29676317513407
6.41243370333786
6.16518368792277
6.43849463149049
6.45373750593072
6.40897688552388
6.21800179274616
5.58619001174039
5.99852005305443
5.96847182187853
6.35289331668662
6.3322230360787
6.27053103878735
6.19997901715882
6.08685387146218
6.11816612534452
5.60518312921553
5.88115028174334
6.24901992835473
6.14438880276846
5.9330099263462
6.17299125291872
6.10517818461007
6.39637368059712
6.47619799805873
6.31506911886448
6.12444428019622
6.19312036003577
6.08208505018067
6.12990600885629
6.08224198355813
5.88941723929499
6.09978592440483
6.01169981751394
6.02972445234539
6.26832868834034
6.19082081174507
6.26704278488026
6.0110639314931
5.88444308571766
5.97350294767483
6.19108412430116
6.29273469425266
6.4356356497869
6.12092262519809
5.85480514834106
5.81236148360334
6.00599237113995
6.15005122269823
6.26569273900017
6.39239353131981
6.07279368338696
6.30887668526297
6.27902950155002
6.32624806916686
6.25763873319759
6.36437002486796
5.31320775014051
5.2356970812642
5.68012962251568
5.83197518879391
6.04202626402149
6.0441174586758
6.35141728944408
5.81187135323093
5.84526660687272
6.11466174973067
5.62132665792758
5.64358303858422
6.04655194629382
5.79301956348017
5.84224550911568
6.25280378519321
6.3914732255646
6.11825880932609
5.96841076595933
6.33130367142386
5.95792266630611
6.23870381902499
5.90834404649168
6.13153393011936
5.50539511418844
5.77434196573762
6.04616543810936
6.13569308644404
5.58053941754085
5.95935854351721
6.2065345730607
5.37815791693684
6.15789838434106
5.82203039254049
5.83261189217822
6.25485421620008
6.45461101024433
6.43225995957319
6.45753191733926
6.13775134510712
5.82485498969468
5.58741319138948
5.79392393122537
5.17022972911746
5.95325246656603
5.89503823914643
5.98016033333412
6.15280078980823
6.13361257514088
6.31683489310843
6.13575195938955
5.98782831754014
6.21235158870117
6.24899586386388
6.10323776971717
6.20723630903776
6.07940632338004
6.26172666341086
5.98419183785195
6.34025476880375
6.38482949088735
6.35564686932302
6.44282193287082
6.48158764360455
6.26072999047111
6.4064721652045
6.45031831030113
6.08391372812982
6.4261014332877
6.51844418177212
6.19441198694949
6.09510800090823
5.98112202488441
6.25143112914985
6.37348748763415
6.19936669269888
5.93067352734661
6.12659210862976
6.30693710255705
6.25470990644295
6.11324142343751
6.34951746237242
6.11723171593148
6.05400352533197
6.30572803495889
6.28335159631871
5.96128330218096
6.20279262435361
6.32840963686152
6.30422736624979
6.38614787631543
6.00640728555615
6.31162498945599
6.40437671888166
6.2659504957698
5.81416308620931
6.12908403630517
5.77767287492139
5.60278601692843
5.92519760144428
6.25639051648188
6.01476194277997
6.18035716649874
5.84029718117965
5.7688190362688
6.01727579162872
4.62651110568677
5.97845859520609
5.95465635376554
5.98921576245782
5.93328319494464
6.0999731568965
6.09271198176896
5.83338135664752
5.81607433846412
6.08884327202524
6.06377510408384
6.20369120431239
6.26301223847152
6.21878622737239
5.98001034544855
5.66467405735463
6.16316480466506
5.82804463954204
6.13347807372994
6.36118700115874
6.38984350778235
6.06616310892745
5.82620666868645
6.10482270585613
6.388752880402
6.44201426278209
6.30689522846415
5.81440272187148
5.95431990549131
6.03842152488302
6.24908371809773
5.96705303813229
5.45364108336298
5.98114492726842
5.70339573447269
6.11647968634326
6.10964217542019
6.05017310371654
5.56052136359211
5.71875675874645
5.87623544325359
5.99411478019557
6.1110933218749
6.25213886980663
5.50833902661913
5.80464969030879
5.75066800517531
6.15179543240672
6.15121425154654
5.98398131816699
5.60521910026291
5.86242040281706
6.05714130911843
6.29249761620718
6.35593519442946
6.15700789856914
6.28140625128568
6.25737797543781
5.69598369469693
6.14787129851911
6.19906509610176
6.17104124860441
6.08459972826731
6.00323061461736
6.1633283325439
5.61180091058412
1.98937227678328
5.1003872857833
5.4163565943022
5.11040163805229
4.69466063329679
5.7718680655335
6.14141598199304
6.34335941580957
6.45092625129486
6.32498104321658
6.331128366029
6.04811805915362
5.83401959807805
6.12144832908952
5.84284091894432
5.54006390761875
5.56599714573441
6.01025464789883
5.95366459254274
6.13254965752324
5.80003545694542
6.14482726711523
6.02809497577047
6.02175802888653
5.71758768441363
5.7891022715294
6.20732466543452
5.92051072571082
5.87312870864165
4.81637002255702
5.70052035561498
5.94910868428423
6.19979530068313
5.48591060895305
6.05004419351685
6.15652732668497
6.41377481503804
6.37081079750043
5.58179810532031
5.96518190553228
6.07600965194294
5.63165147949321
6.00964216397766
6.32386971516791
6.16294545018947
5.84499203003357
5.52676376465321
5.76681342241159
6.06842648135959
6.28170127908224
5.94734668335739
6.13435489049075
6.2495614032916
6.27386163306411
6.36141194817414
6.43729767404574
6.43650999814331
6.50460281262935
6.00550645234002
6.00475268988274
6.24582905060706
6.3053426830532
6.29118860257493
6.16104228195228
4.81494350973924
5.99642091525481
5.73814133553102
6.03222218989584
5.82899083709665
6.13286512956807
6.15436975752745
5.29516040857593
6.05806040082663
6.11345956262926
6.30373010964413
5.96090505240254
6.09829659810029
6.32368987638982
6.146659867488
6.1672052637233
6.03691883217404
5.69844719967407
6.10844370229644
6.182802709047
6.25933678139753
6.348420114296
5.90892126075141
5.93896103310178
6.06910637047093
5.47221849950004
6.06112247794203
6.14238685270059
6.26574595928296
6.18913394417733
5.86163170677855
6.13410163247314
6.0164900511771
6.05877855240901
6.05766452141061
6.15573988094404
6.2053669761911
5.97706837370368
6.172168720096
6.06640964299992
6.12754544977919
6.00727224556704
6.22210222847735
6.16768205970761
6.09461905462976
6.00766495893974
6.26868888323525
6.22669342198457
6.14082660098854
6.26734929429923
5.90584503231868
6.15908163124856
6.35555464282129
6.17350569172423
6.34938811069696
6.40447314574955
6.27887466147073
6.27239870198187
6.09268512516562
5.57512966070868
6.14735888783617
6.0858004302709
6.21079046681422
5.91534457475036
6.09270229740456
6.16143831284506
6.05555186283288
5.87467038324132
6.2469219814169
6.00633089601779
6.20937589176533
6.30704505900418
6.43149746862574
6.15055773505406
6.16152732957218
5.74199912627821
6.25967518173224
6.30468697962984
6.33075390080042
6.03091550428383
5.80934953408355
5.92894106784876
6.21136323831843
6.40646723169318
6.18798457101297
5.91339362794089
5.83608515478792
6.20915216077572
6.24777545382985
6.36880966819501
6.27367472910428
6.38661133839304
6.17804799730591
6.02493158812941
6.27791952605215
6.24622380115187
5.94110349693407
6.16417615766805
6.27275411259125
6.07016277538437
6.01520503358856
6.04021484084289
6.03285567228925
6.1616669161449
6.03541422552291
6.15681041109589
6.34647067862175
6.03812914657493
6.38717177863202
6.35953195783951
6.40206749030186
6.39927254461678
6.40301993833461
6.42242329868933
6.49310106286703
4.49278473028699
5.65344022076446
5.46284678037007
5.39649085220121
5.69022415235394
6.23456621334498
5.86232602837096
5.46258669833002
6.0444205522386
5.62163474843856
6.07384468841863
5.87481645396533
6.0868762285024
6.01482535528693
5.78896258267799
5.59601746892562
6.14375484613832
6.05908514852218
5.88775761765763
5.704296092503
5.85133838310285
5.74116274932259
6.02494746046731
6.30830889464331
5.85467259073739
6.08516496697912
6.3037317719198
5.64182924939452
6.11712673394302
5.91868361392074
5.89824216221648
6.18131555617347
5.88785732937195
6.27983481692493
5.9585849334
6.21476220589821
6.21506082646496
5.72700123771078
5.96569333333453
5.98280801300887
6.31412572941296
6.34924751523222
6.39213831736221
6.21406488266114
6.19014889080352
6.27132260775483
5.86032095205573
5.86771777961211
6.16082434098582
5.74806006816357
5.994098942164
6.07858407303133
6.04437738398219
6.3277508170919
6.3015202577829
6.39086918111712
6.11723804317465
6.06804915605698
6.05351500505829
5.85586886027709
6.13906458046453
6.15968304911002
6.33273365529678
6.04924600257785
4.34401053197274
5.99886442748589
6.02613116476145
6.07416011441368
5.71410330144997
6.12319094514221
5.75537470075258
6.12651824314263
5.96790100104074
6.1840543439733
6.05853275989493
6.28391472197498
6.3689082056954
6.47814519386369
6.13584099370228
6.04405165344017
6.01038989727976
6.25819540148312
6.41399461520767
5.86039931417733
6.37409110256714
6.44202907282264
6.08235688668652
6.00515889234675
6.24002469076521
6.22587442234648
6.02244386263982
6.14732733824686
6.07167287871095
5.84033754219614
5.64640225694692
5.42800878007216
5.80976900720023
6.22768999724752
6.16182750894153
6.03196778810118
6.36046923804055
6.27853140088835
6.17088261171325
6.30921747385206
5.87911149604177
5.79307101308114
5.15207324906256
5.8395140438862
6.0729569459386
6.30207167892569
6.28957538571157
6.03524218710599
5.88242257615929
5.86424927118147
5.84779776710193
4.02109585663689
5.87645298427851
6.29161885896356
6.35964496353724
6.10063855101134
5.93683472807317
6.20521149587469
6.25198044325998
6.43204036274282
6.09641229105191
6.05215116881328
5.97964966004943
6.02490849607677
6.22927730854904
6.3596338247678
6.20001656299249
6.3644278721878
6.17281121973052
6.28557025973799
5.85006586478
5.97962526201557
6.03984264456455
5.98319625361113
6.08577416084185
6.38050333935335
5.92900432604098
6.02398919604371
5.88687937949793
6.05519542511758
6.24432292761098
5.82742203069088
6.18442911338072
5.86212062247573
6.23105710077813
6.28668550366118
6.35076682822625
6.23962098979525
6.18977287038395
6.29755368752021
6.34217721911285
6.03337284910847
6.37588984767417
6.21307388965978
6.2759224806924
6.07238284710704
5.99818466329314
6.32059998868714
6.10547907280472
6.18699257958639
6.34551234773295
6.03094133717083
5.77458678981368
5.80735198737241
5.80480338531488
6.19468577900761
6.1936346991539
6.14153366857997
6.39535804629234
6.31459363344813
6.02124086471006
6.1051195545535
6.41564037675554
6.41837711181951
5.84010437382092
6.25021759175606
6.34353572522794
6.05620596851376
6.25675744779574
6.36243145511461
6.19352069748407
5.68484578870052
5.64614735521713
6.01054365857762
5.83130399915267
5.91260805709866
5.80523270494273
6.20157631552231
6.25036180033456
6.33806860474704
6.40452809775352
6.44719903303852
6.08749289074363
5.96291425600914
5.91340006779048
6.18359561151262
6.10381772673984
5.99972543335921
6.22972706498462
5.19154605431396
5.89481006445272
6.10579093153648
5.93802649737519
6.01733525748066
5.84259239561554
6.12695603333979
6.13734049690909
5.92717895223758
6.05907829629677
6.3062098093699
6.39410405592229
6.46601481518017
6.26948676404232
6.03213014415915
5.56364631452585
5.93690900540444
6.15793884232478
6.38783160859729
5.86531813708923
6.29434849443832
6.41420311233029
6.40314465212729
6.43111525351468
6.30720256969629
6.16606766597983
5.66474837143128
6.01187704294107
6.21672158137013
6.42998286880259
6.47487537957765
6.23612024992032
6.23829336655565
6.3326720289637
6.2671311318549
6.39707959537689
6.01391231029038
6.21542751141325
6.35970401765412
6.09778489674873
6.29874914656022
5.82322422137408
6.32552042698791
6.30958670110783
6.30283674485458
6.12497071923163
6.3666417213903
6.10609614879725
5.95740874899935
6.27683251488511
6.12629238794557
6.33117338178237
6.38983194526696
6.46500388817764
6.3239667949126
6.37010928534531
6.20212894863255
6.3180210636827
6.24310233253159
6.03650373200735
6.022997417327
5.95896974956797
6.21843148434423
6.29723630911446
6.3759195813721
6.34012993366505
6.38954546114105
6.41452084339963
6.29242699055522
6.26883909288208
6.15071950102069
5.85347060152777
6.21033631133093
6.37106141921941
6.28262844530194
6.20627346587977
6.07633720862012
5.70937001198586
6.09299996246626
6.07818948686078
6.24600346125741
6.29585939168175
6.40069223268312
6.23182396112851
6.40406531789905
6.41917381841493
6.13025499732398
5.77626988638068
5.95919414182115
5.97031238590599
6.05184296495835
6.28344523383394
5.62204634640021
6.04856922809733
6.24057251534188
6.13352024396946
6.36015906077695
6.44337031825593
5.95340042585136
5.98340807059416
5.45633497597765
6.18594756769011
6.33112252589272
6.41045204474589
6.19517207332907
6.15404633267235
5.27965355714097
5.9970618352371
5.8035927004362
6.09915311248199
5.95472815730226
6.23536291827822
6.28730499196282
6.03073764276238
6.3312171951426
6.155791902118
6.36470733350531
5.6237163749048
5.68363315125058
5.83223591219665
6.13901979183512
5.41676620146871
5.66998457803365
5.7474549153937
5.75995330134521
5.87838396556791
5.88707170548778
6.21047353074551
6.2946156447192
6.21666382783857
6.364306295324
5.87044659407855
6.00954907204844
6.18426645925096
6.34587601335714
6.2438955908604
6.29222693624271
6.13467396958344
6.23121074219522
6.18701011348213
6.23475110157193
6.31119616894057
6.12660321141685
6.34784384196438
6.15171539803473
5.93709586386302
6.16485371360889
6.1218049099604
6.15401190610399
6.24914411250848
6.35132371839575
6.33184876226015
5.79854238036617
6.34217151168846
6.3367499846245
6.39387247269573
6.45023086323501
6.26203712674063
6.20964210942901
5.95182714808768
6.11060544627074
6.30947360778374
6.36088459813774
6.24718279182846
6.19734665004252
5.72049019002777
5.78520105593141
6.15868502924213
5.86838396285656
5.7738117181477
5.57074858809091
5.80334255944449
6.14164297659437
5.8713583571874
5.6345664612418
6.00722120223966
6.14573954299619
5.83565065427778
6.25019530752364
6.34574606953961
5.88881647360487
5.89560094325426
6.06256879773003
5.24223906566735
5.69668545968495
5.8630072317042
5.99810221585807
6.09129701514874
6.05573916457524
6.07546450742586
6.0193956696002
6.07621728577126
5.99699812891478
5.98428227159808
6.1824482954957
6.01530512860821
2.27784063497709
5.40064157309977
5.87097861421246
3.56500390267788
5.52434699338429
5.9654082188999
6.04446975054516
6.10749742047939
6.01749915948184
6.02054607457241
5.82488873099161
5.79021815043213
6.21748705210886
6.14530489810965
5.97976613522581
6.34682153060942
6.1767709156108
5.94474028232314
6.27873441364558
6.43475037460337
6.22603480059455
5.91646630856311
5.76413934622847
6.06070673463696
6.21404750198124
5.66639540778255
5.73539821913333
5.61453105764007
6.02017913748218
5.94465736879
6.16918704552548
6.33684094880928
6.19189603888528
6.16324352809654
5.41929270844024
5.78508283838779
5.97408204036402
6.0682154654212
6.21727176587871
6.07107567294206
6.11798863593793
6.10281544041991
5.89038693563951
6.23146499368389
5.63242158451523
6.01010035155232
5.9585144545147
6.17092081516417
5.38174669414694
5.96249118202113
6.23010129115575
5.91679316548515
5.96161597432297
5.40178151462319
5.42160911549975
5.93115650729019
6.04418445061441
6.10755454172243
5.87763757685136
6.14288831113911
5.87383632337802
5.88763593919344
6.17760215210602
6.05747730957305
5.84365356923466
5.95515882763689
6.08374229771929
5.87114518089338
5.96926550396803
6.13110913724575
6.02388203440619
5.9449115415134
6.32459889955688
5.75519505574443
6.03166649740577
6.24754640388063
6.36830249022743
6.07917593246171
5.92994778809045
5.9976008471882
6.13488439777582
5.78052940686961
5.85570765988876
5.05998524768289
5.86941306717224
5.91910784735343
5.75931455834127
5.91138323380441
6.3139745535414
6.10211574574308
6.00298777821376
6.34020478527128
6.31119396831853
6.4077702408163
6.16259909104673
5.98317161955849
5.94804386285433
6.02246599359603
5.82265051130132
6.05278226265763
6.13662482401826
6.15951142836662
5.83162625941688
6.08807933263713
5.88199871187272
5.49600532938397
5.76117952762787
6.21772419696297
6.30900814460335
6.23965045768485
5.79426756378997
5.86406305142825
6.22670633283244
6.409414595905
5.94160270168094
6.33276861838341
6.0736582454023
3.34211135557532
5.53714276443169
6.16217551861457
5.96075607747504
6.19974557370015
6.26008985990811
6.08564133784751
6.30165754284537
5.7301225851789
6.07717869180726
5.97343042629369
6.09017947194001
5.64283125087648
5.89663615159769
6.235373449112
5.62170949664283
6.16404354788316
5.77045823305353
5.5233919806935
6.04648515208353
6.12359471615965
6.20478191819727
5.47421626913866
6.06396866601361
6.1399304099569
6.28461941939244
5.84210491215351
6.24402832594213
6.24640124225929
6.13737108422681
6.30878005827712
6.40625333947176
5.95194242456758
6.18871853489979
5.93792003293586
6.24461754126619
6.18173925401821
6.04358699401275
6.27493156039306
6.2317271855128
6.2027550691084
6.24733735746149
6.21754652277451
6.12981078204336
6.34223655866525
6.3281303631898
6.3886833971277
5.60038725113868
6.10058104623429
6.03733724950219
6.07516450915042
6.18760850518765
6.04302788375623
5.85012578257472
6.13004523415665
6.11925933365742
6.03294176262419
5.76576375946686
6.19904930649745
5.74624961250064
5.90409404970824
6.06569548336602
5.78903969502421
5.94185896347589
6.11644651258922
6.15266100546889
6.27475026132706
6.36882624385876
6.45440333721667
6.48183251057789
6.50756227924979
6.51330340079267
6.26611872670042
6.35793272370914
6.29700851768754
6.19098960749903
5.6735050503767
5.8089996177582
6.09660536351353
6.15038706651473
6.0232245619813
6.07091727125972
6.20850768041632
6.24499837276244
6.10599003332986
6.37950045877311
6.23805641833426
6.05579299644113
6.36918776914956
5.56055782604876
6.03552876052817
5.7214556217124
5.76769541894188
6.08466149185611
6.19111301628773
6.09875582008911
6.32163810020236
6.2096988747284
6.27896874278803
6.0506986584645
5.78709203527617
5.27998111359834
5.87003995470923
6.09639364962807
6.29297981295916
6.02580846666875
5.84302081138746
5.99140344488177
6.00895509507057
5.90193440850862
6.20251190784892
6.26208038342151
6.14345975800096
6.30675732637666
6.30373317880043
5.85850373276523
6.0389903011361
5.98376971784754
6.16092382406828
5.90527546236713
6.34186196762992
6.41887900719945
6.34778808051565
6.45114402476736
6.31434544620265
6.25184252438399
6.3840643617607
5.91481748164867
6.07373782378676
6.24283749684936
6.15740637150826
6.14136705186219
5.99167760218699
6.27184264007084
6.36423651536459
6.0533170835439
5.68826389387578
4.25612904869641
5.69245535753887
5.78888777455259
6.09695228778107
5.96397006906521
5.69295434598732
5.81037061384295
6.10830209286807
6.25475310269864
6.0192878872124
6.23530068172365
6.3096740483331
6.36882119755799
6.34129111409161
6.40426108860404
6.32384254664933
6.04981195804246
6.0534827814342
5.78218168516293
6.17789644652347
6.13776689583642
6.08681405462709
5.99610905323479
5.6372288650851
3.98740776851604
5.94124785513634
6.24902532160431
6.24017648934956
5.66825107323804
5.92320299308497
6.00943705880216
5.86482392218556
6.11702759190855
5.70263700389142
6.19630121509375
5.70837709923444
5.98983029329105
6.18971407467995
6.20612990237139
5.8008308892032
6.08121783450403
6.32843204897399
6.3190733462766
6.42104018478407
6.14773591536593
5.73019184427058
5.87707744625206
6.111505400025
5.83884103681857
6.18631845009138
6.3601490817127
6.20717526899515
5.75322922604826
5.91414390858386
6.24272476651215
6.01160516575707
6.32464910414406
6.11907222061017
5.60461073779337
6.15530911138817
6.05238873900197
6.12348520581631
6.3103378543926
6.0158180682395
5.93490711397434
6.15237658452702
5.97244534730711
5.84766097830898
6.32707342228847
6.27465440864477
6.43467320952507
6.23124360530684
6.13045108866168
6.34321928990272
6.19740070408151
6.40568911333946
6.3616440792804
5.92411721629245
6.08052118658215
6.19340522926583
6.06307386478464
6.28547028540238
5.63993221328996
5.67272445559993
6.06542116664634
5.82886432787031
5.95150643240505
6.00951111789369
5.76122673697733
6.11718015387129
6.24788532276114
6.39693519546452
5.87983873690388
5.66791372808853
6.07141669397521
5.73286096892887
6.23975905563932
6.23295677161003
6.20637441632591
5.95182668444477
5.66983802472566
5.51956375519377
6.08760429597129
6.00036434847408
5.90854223661989
6.13265074727596
6.21645079676197
6.42866259230515
6.48565508114573
6.46103913904524
6.31200673427791
6.40167608789998
6.35379448259865
6.30032723772393
6.39591087971523
6.11617783692054
6.3023802318339
2.10315527428148
5.4306738713071
5.92897808622597
6.24204995376539
6.11934008939289
6.02270122165948
5.93133644109481
6.06064128162942
6.3893562774428
5.84953639975455
5.84468829947169
5.83437754580311
5.92581275784779
5.92879547444762
5.16315924681611
5.99513334061362
6.13454996470123
6.12891025525258
6.12635505588774
6.17667987110287
6.13623308929082
6.22173862652806
6.0015352533605
5.96949183621688
5.90682221542841
5.98024689317083
6.28098442489137
5.8886385424677
5.86122540424645
5.86137265041486
6.17777220924275
6.0553113467364
6.26316353130352
6.38523717247702
6.42265854760338
6.25512441299218
5.79629460087435
6.05787753263169
6.13191709588363
6.27582659931243
6.34951210447803
5.92921895684786
6.18523767894695
6.17932723973838
6.2813669000517
5.34013400869863
6.19374278414663
5.91045176665785
6.15323548261826
6.21913026420196
6.02014172566672
6.32719342806718
5.88736283438368
5.95601629799313
5.7329390425645
6.24932171883282
6.12273650812931
6.30769012709511
6.20486113401757
6.30218974570648
6.2534317119685
5.93068384053459
5.14606961544714
5.86893967110904
6.01787604713995
5.89074089260514
5.87825988013433
6.09727999775309
5.89714540524493
5.67426317813329
5.69051550795629
5.80350491313226
6.24752029454036
6.06364870846951
6.26507866885861
6.15842029810782
5.85068441028381
5.664540191645
6.02754877049914
6.32912998995764
6.00481466515965
6.0672054716402
6.28763000835555
6.11773062556333
5.93307384370822
6.14852113359132
5.99614286265706
6.06325054311049
5.87298668825631
6.25914747747889
6.22439607526421
6.35513505741945
6.39075068290306
5.92008692584331
5.75804011182252
6.20068519889132
6.34039823417948
6.42761461689397
6.16021075158806
5.90083371224803
5.82959303015106
5.77575511398395
6.07155611514874
6.16228268995054
6.11622777772578
6.2937633587299
6.33207828864046
5.28168089373427
5.43912661764917
6.04442344911101
6.20339577602342
6.3178871718788
6.2457876376248
6.31399436193893
6.19058162392782
6.22787771105536
5.98137256680791
6.17514668890879
6.25972468030678
5.17097237282125
5.65928079726004
6.03734605328992
6.30044545213242
5.95872907915439
5.90144829601196
6.11605237616433
6.31723263360707
6.40036713093367
5.98434405626576
5.92662805858542
5.43419936641777
6.03008403624588
5.70921418318686
5.78844735342362
6.17226084124691
6.28293903695244
5.87216761302472
5.99174624068366
5.96752021301377
6.18805045283575
6.24818220465536
6.16128658781842
6.42711121796285
6.43983582638686
6.4583099000526
6.47413954023818
6.48817278731032
6.49754312375506
6.39796931766533
6.44767104921914
6.41777338655406
6.42017379429916
6.25541803574595
6.40187200655805
6.38460937875114
6.42381341859744
6.27144012663321
6.36675282896564
6.25033461292272
5.73288813585579
6.08287876753362
5.48059625576379
5.8673505073836
4.5235607254476
5.89783166816469
5.69269515853557
5.93157183535359
6.24709247843076
6.27405012947438
6.12722231166118
6.10381525777836
6.14493184752393
6.17529271335759
6.33106357827603
6.03729320938921
5.79775756148755
6.01514773543845
6.23121812230577
6.16296798511497
5.87263230610683
6.17487470879339
6.01231075540018
6.31455547339557
6.28219139803352
6.11762192603833
6.23526210169423
5.88296524601525
5.91317400048528
6.25739315808554
6.07911173251103
6.18319325742907
6.04968069147495
6.08855057574786
6.22869652640934
6.32023620769405
6.44306792374204
6.14574640340874
6.03200494291603
6.32225737023391
6.38583533624556
6.17035912184206
6.32881424804789
6.01096637212758
6.17820793582836
6.32445217780663
6.20180798528727
6.09648175624429
6.34299304320152
6.36982981020986
6.24323798856476
6.40611076090491
6.13439556313149
6.15704646747663
6.20041985130801
5.96093105470078
6.12329588113978
5.99821048573382
6.12079120655546
6.12297254710817
6.03606666499214
5.82589306379034
6.09716007887406
6.27024887017499
6.3002752160716
6.46210903714851
6.02319337465049
6.04144713462907
6.06499712769434
6.01522672092682
6.09404823426223
4.93743925047001
6.2915957265542
6.32499163356743
6.36668017926059
6.40761316799748
6.12267092404734
6.17749839437843
6.11251745558063
6.06000301614465
6.3288937100443
6.07961167408436
6.24615627350261
6.37650848441216
6.34126255226117
6.25792485212256
6.09371944394798
5.89883303659626
6.31164372607043
5.71004720374631
5.75182398441442
6.24627063739971
6.07981373220876
5.96500086764189
5.87313171020862
6.32717142932616
5.43261039927398
6.07352026373334
5.99738036515023
5.61890896810216
6.09907772068126
5.91891275202211
6.29511349157785
6.34107919194833
6.23818724379177
6.2988446910673
6.32843937722285
6.20674029807935
6.32072638678556
6.10977148954962
6.33570227283854
6.37073839293513
5.48943814162367
5.82363640429507
6.01788505289673
6.15653486898655
6.12995196555361
5.87488965664734
6.26275773615383
5.82135748415297
6.26085120638165
5.88477747787023
5.84517917338895
5.82588726709241
5.89377339644162
6.15967497561722
6.02573200285239
6.16858300910861
6.29912390243001
6.4094858019771
6.28694560338084
6.39635541878059
5.9871959048219
6.00840568050153
5.94906643940457
6.36230623324522
5.91171537854431
5.87039803324108
5.92618646655615
5.97197096011436
5.98076424125732
6.15144670037855
6.09154687601706
6.3402340210356
6.20078770719151
6.06941133876691
6.26741878656094
6.14294497100688
6.06934939343383
6.29239955039854
6.39920843996482
5.95737800993941
6.15941623403257
6.28530401377728
6.43911927240084
6.2650138478898
5.86939141130442
5.60628355717429
6.09707100702928
5.78951675990515
6.04207774470751
6.33400498576695
6.44986481982049
6.16871702320284
6.0726278118184
6.11010588699772
6.15386305758697
6.15335593161367
5.90599003918506
6.23228541032586
5.40463247022908
5.90336088328689
6.08033354096287
6.27177052935808
6.08893457122884
6.31258584870327
6.21916529254941
5.91549150271314
6.13245407287112
5.29341147730241
5.84203992508814
6.07748070461682
6.05905941930865
6.20240219776428
6.31993426665576
6.08820881564127
6.14858910133719
5.79351674317621
5.83428206108782
6.27567179985571
6.27967584592082
6.3736102516621
5.99868718657829
5.56116988180734
5.87969694791345
5.92213740067255
5.85779864139719
5.95553918624348
6.28897244653614
6.1595235844022
6.36097579384568
6.15922998445646
6.04421269395993
6.0701542563171
6.02404002703724
5.95214450681799
5.82716833159073
6.1693129499559
6.22527594082366
6.22715479224905
6.40164089231165
5.91750244698636
5.66382936775597
6.3064182725972
6.38967868905888
5.61338604044072
5.96990986825887
6.11887691112172
5.8690220020383
6.16011289652283
5.88085840162925
6.20914429083982
5.76171062015176
6.09911618864708
6.25446382268053
6.20206940969064
5.92732492429756
6.31297508398601
6.38504378416755
5.9281677573138
5.98052755561417
6.02655828030208
5.99331841559161
5.92814704385917
6.03503785514018
5.53891395945021
5.83151743643587
5.91443556185864
5.8846324980305
6.04626135170245
6.23963977199544
5.99151330125255
6.04167471190181
6.20551359154829
5.88202518307058
6.16513466948329
6.14575739479829
6.160414629767
6.15956694246224
6.25652729823365
6.26747756486805
5.96795735748765
5.75023720467682
5.70121425635131
6.00311165139984
5.6917885046936
5.96236894860483
6.34110500192504
6.13624775147391
6.24350714790535
6.14865049125406
6.209415310897
5.84744410014655
5.7184931318788
6.05664139962464
6.02058699130247
6.13514887031825
6.18180473093061
5.9475804427075
6.013442772242
6.26245138424081
6.40380572039421
6.39693137463291
5.98850528239965
6.10268768457023
6.35047630664456
6.09841789592811
6.23346424617916
6.42597876303923
6.41807533550751
6.17630479825324
6.41322763855634
5.84823127468313
6.32289711319227
6.39389892575754
6.43795737323806
6.46094021276662
6.33109905787382
6.47161152827742
6.1630246781166
5.91717851972517
6.09832654883913
6.25112352911271
6.27331761125336
5.96078980778797
6.16843921651934
5.59892274349811
6.2260686225592
5.74789684647958
6.1997542614773
6.29403745096334
6.28113097394192
6.41326449038559
5.92609148405275
6.29923092077553
6.36056588605631
6.41166522067006
5.91883344386491
6.12982654531349
6.07872175821607
5.9119612617064
5.58618709508449
5.89539297256423
5.7085891981096
6.01722252600223
6.30987140365207
5.83970756571737
5.33237474175383
6.25219062753622
6.22504784512398
6.11878852198103
6.35666504313151
6.13519364098527
5.84216256288857
6.06819295461493
6.30896367448933
5.63037896570233
6.05248192488215
6.15004324566959
6.22482327751328
5.98861223366075
6.2902741342021
6.29747269086971
6.41426007430788
6.27043124510756
5.96605524384303
5.90888599989896
5.82025333859111
6.21202987225915
6.04735529480931
6.16832144267501
6.12573608145491
6.22378594568204
6.1868117569233
6.17188214016807
5.95867257454122
6.06065728859101
5.77669396996814
5.98417312766206
5.69824008188785
5.42688978136032
6.10859345226301
5.67245325871239
5.99888020148349
6.19225425258439
5.68437905484624
6.18919085188169
6.06414633713225
6.23772470553703
6.36271989530708
6.42727114062385
6.17614053156316
6.08353528097055
6.21057033787953
6.24388780282611
5.90373882981414
6.20761273743623
6.08368621473341
6.34797003616686
6.08963594137233
5.90170040883489
5.96745128252425
6.03689162475673
5.84196398115512
5.82839539461115
6.13846856808119
5.92276073167479
6.09614027975913
6.19117959695151
6.39179212646875
6.15520320232293
6.32631506253923
6.41596630951812
6.00333842673951
6.31436940821725
6.25608269970941
6.198796299612
6.17826965274464
5.95184695220893
6.27097424575007
6.01494256940075
5.48971632291364
5.86827695101614
5.83622780064351
6.03795886395165
6.10665274498109
6.09991472649959
5.87182229597924
6.14118977632667
6.26485674374408
6.04921252954814
6.14334350022708
6.32402904693585
6.41796910610653
6.41524217662229
6.01548261465333
6.20541207869087
6.34965112418071
6.37675631531265
6.23571045831953
5.82433748785247
6.36646889782924
6.05202786671389
6.00436116846832
6.31627600947296
6.26762523900825
5.9137201321157
5.05210199211794
4.33944311216667
5.46269735089032
5.81413418539556
5.87733867091578
5.52798398076878
5.94665209931676
6.05752797757131
6.21461433108405
6.30112087548339
6.34246375458341
5.90198787570694
6.11106111077465
6.34198267761994
6.46178187350689
5.73546233196039
5.86078422800929
6.22881303103705
6.00654857524116
5.99166000552933
6.29674362175124
5.85549101882369
6.14193133924188
5.95399007105144
6.17798976253727
6.00150424997101
5.97459378124795
5.72490095455286
5.94260587439021
6.17600477032067
6.25235119598523
6.32122443152202
6.34548647192563
6.36418748873263
5.90370621090096
5.83964404625316
6.02969929606392
6.30372907058065
6.25947908430877
6.38018244284478
6.36467819845919
6.10577626932778
6.21873086453738
6.3138127690524
6.14882796598591
6.30157426593264
6.01571971676589
6.07843689394461
6.33298465333573
6.15263451265652
6.2642481040276
6.16558221053335
6.26251584878475
6.32142712688041
5.97677224941398
6.09883074049082
6.16823666483894
6.32567627889525
6.46464991699464
6.42033620687398
5.49817636502834
6.34289536168098
6.43375176727288
6.08804006395492
6.33040678702932
5.96677144003329
6.07010615051464
6.27639082597906
5.99217362593093
5.42772026023705
6.01646266309573
5.89856478428984
6.20595327900562
6.14334398628979
5.75802300537245
5.99971218290201
6.34828127366491
6.22362657929433
5.79940667784955
6.24192056595018
6.14501591089906
6.39841563996833
6.2487291242597
6.27341464050629
6.11511441454233
6.08777096104573
5.90793847902377
5.82507270913393
6.01364976676883
5.63574630758016
5.64079652548828
6.1291671349007
6.0301700033705
6.32805613488435
5.94495783149054
6.23212349293789
6.36224428198776
6.14112944396925
6.0803541931199
6.10559726463002
6.31864541473383
6.28940158480467
6.0550462246191
6.08087985232382
6.27659714610553
6.1901608500515
5.90180298117352
6.08679208398337
6.06196856814741
6.23947473520358
6.05102561403558
6.09236972741774
6.20350113209948
6.36208660853036
6.08171190108654
6.06608495028346
6.23261403556947
6.1024188185521
5.96848097878921
6.24175370036417
6.09573813057835
6.31643953072178
6.23437659683114
6.41053610225864
6.27617662851606
6.26623000728134
6.01528395517183
6.27811541873699
6.36621843127071
6.44873619686508
6.15332742051992
5.81838101018745
6.18794796394716
6.03081142501246
6.29936116953543
6.24645259098141
6.42454273523602
6.26498208798151
5.32889319555939
6.10153812947521
6.14653321197477
6.01320552751842
5.85053560910689
5.86377383614999
6.15032081613022
5.7566847772465
6.12935496367337
5.99605552245585
6.16121627009784
6.33518338962544
6.21894635365934
5.9655986585113
5.98666776717291
5.87341066903163
5.9034829169153
5.92258906624533
5.85202564615261
6.12729437683879
6.25934732428685
6.31722275653215
6.43620666276121
6.2247578490493
6.2801819700262
6.33840920049616
6.22481583235245
6.15263009623079
5.99908769950441
6.28593958593705
6.28120964725496
6.41043627324634
6.33643753744419
6.13266652208263
6.0501377581749
6.20475727181938
6.36440216194135
6.38649773799325
6.27935887942705
6.41002483250479
6.24913835219391
6.32344257286304
6.06160625167927
6.2797070228546
5.79487829800733
5.83808292448142
5.97774223107978
6.24959488192657
6.07644372536127
6.00282972958886
6.12778566424076
6.10909330139029
6.28205655419562
6.20555474545294
5.94400002740519
5.78817015685398
6.10320125039276
6.37057497773416
6.3060354235888
6.41662300100196
6.43120590218654
6.2680322668193
6.37976702226317
6.23285894815461
6.35223705332588
6.38366305142346
6.086717183489
5.83677376056236
5.82556521924433
6.03875700744051
5.64792832843737
5.79378084323824
6.14782235300975
6.16611363876363
6.20012959851052
6.13060045167615
6.15521975134257
5.44182126773858
5.88294942041691
6.00678513784959
5.87808992217638
6.04204854638677
6.03783281843036
6.19622430427052
6.44674237246901
6.48330911182145
6.242317277394
6.13649164975417
5.95939738862571
6.00740739712039
6.23512359211099
6.29386060001899
6.12116640876949
6.01012329448681
6.31625780614477
6.35845776374896
6.43364707483331
6.2142011565674
6.40914521390994
6.41644477500313
6.13231056257455
6.05950086511703
6.01289865090449
5.76055856217395
5.54917277411488
6.10313884136694
6.22427902698309
6.41257381061854
6.03160082141364
5.87879252044366
6.20008016777831
5.85255281776783
6.28235942923943
6.09956018191114
5.72124330076293
6.1053996037628
6.13991494595972
6.05735876861505
6.20562556325393
6.30110557710622
6.17375151754115
6.22441895117903
6.32685866966751
6.37414670531311
6.40728977609182
6.43590180590852
6.46897753603043
6.19692076483904
6.41396674279161
6.49519425078755
6.29161366615127
6.32787050808513
6.17574180540187
6.11345649143443
6.07276491947861
6.20758261618475
6.32245741265344
6.35427166579537
6.33667934221561
6.12150977422925
5.96008124789313
5.54793167044537
5.86106192846181
6.0106728098509
6.11708764593826
5.83426223109718
6.17988048219618
6.10428889276138
5.60652576910178
5.84852272747334
6.09449741650076
6.3331244463066
6.07592336619788
6.34818125004814
6.39184779040832
6.11143692184366
5.98544651593382
6.20893342260995
5.97569332616419
5.89084527243326
6.2548087152468
6.05039974258596
6.17793518025719
6.26144362687841
6.31243481374755
6.39544221594043
6.10286487255274
6.20544906027785
6.0829550722654
6.2752340167626
6.03985441262826
6.30757227978863
5.85056723877535
5.91509281505901
6.1364126959378
5.59152550773338
5.95337084670849
6.06950484964932
6.27133310396452
6.17730906851533
6.40219803176745
6.45924837216593
6.25172041627533
6.41498152236374
6.24376266237938
6.26638826094198
6.26618706366265
6.43131321848533
6.10046328949098
6.30041876366754
6.39851081353612
5.99681237563718
6.30904217344383
6.12131002491171
6.21470243437951
6.21805789511292
6.08774595463695
6.24375686081607
6.34481083473651
5.84607401980766
6.17641680252905
6.00247321207159
5.85746636849171
6.14434239913578
6.13286663011165
6.27442958219989
6.23469140486593
5.90112200577727
5.70159786295807
6.01560939028623
6.0393871030519
6.07374912823316
6.19946621613767
6.05686884829846
6.13902944528665
6.21677443289851
6.31304434568907
6.28789306247972
6.31322900514774
6.2180098316422
6.33668485973608
6.40498030202123
6.13593153312496
6.44220768031198
6.02254331657997
6.10697328022076
4.80684740852801
5.69402296080657
6.06843484928882
6.20748720942978
5.99532342913968
5.74293360866662
6.0684637388902
6.34215260856111
6.0870280237893
6.35668999470193
5.93339011363349
6.10293157464794
5.88951563745888
6.08524001155022
5.98758032441839
6.11032708811378
6.23102574458764
6.0412124016655
6.24715196982631
6.27362361300435
6.14087842609596
6.1950199078836
6.31872572500339
6.1186404231109
5.92430553556356
5.8891779792981
6.25104264082104
6.05725613158214
5.71071543913334
5.81277804143102
6.20746682346459
6.1770422618047
6.25084557243997
6.05903935235931
6.27734630676807
6.25588934585909
6.27440885533323
6.35161261843517
5.6237188032802
5.75156520431494
5.93228563099688
6.20017120658613
5.94922721414285
6.29291982238562
6.43898460137477
6.49702401231227
6.47425505384214
6.13827815345948
6.29895536961686
6.30880459519654
6.0867824983394
6.36078700977804
6.32044562836536
6.09664299582745
6.04439529644307
6.24492548871169
6.07836416856481
6.31355941191357
6.13540256942742
6.13945689378664
6.40860103955929
6.45816554363174
6.21183423874001
6.37562502111207
5.88640720403445
5.99188359791892
5.82146466068229
6.09850171074626
5.95315152818127
5.89867818226545
6.31320575176907
6.17207292145694
6.34138930081345
6.18285094241431
5.69495643410876
6.27095646081002
6.35560878272255
6.16070790444264
6.30576555424143
6.11713344819733
6.29951983863801
5.87593072340367
6.21571739325596
6.38398973641111
6.33074281031629
6.26145723974725
6.30986037158564
6.14582371444624
6.12036523765795
6.10501551499194
5.86377808171015
5.88640217305079
5.75037696192405
6.03966388388645
6.23038048375135
6.3672852610235
6.05656476557438
6.07180873726961
6.32080107826442
6.32166637294606
6.15405412298278
5.87093358060491
6.2596890248671
6.01750778831882
6.10273185880656
5.75196554194704
5.96272563742422
6.08398644866656
6.19263614255324
5.33929505205968
5.8202996195313
6.075030804805
6.14005908612941
6.23485377319127
6.03902173711241
6.20676222007804
6.33411055856713
5.32779690856425
5.61426210166235
6.23532911035936
6.30117875366297
6.2872856548159
6.45998633352421
6.48710825752891
6.49658461167673
6.21117154325609
6.07825618301161
6.09167108835941
6.05434515906929
5.98873380831837
5.80644742272867
6.17356023659401
6.29546391902566
5.9720694882219
6.10205541036671
6.38387770410303
6.40749403943515
6.0344354985932
5.61423690769833
5.81508727785208
5.90234820043192
5.92099854122649
5.62071172360451
6.09146331178272
6.02057706390493
5.96198657006663
5.99517284203614
6.14559493639371
6.28143197171902
5.96624778422443
6.06909936443482
5.96624772083527
5.80205420582215
5.93428157390663
6.06674628841986
6.30951141371567
6.08929118997574
6.28577740225748
6.18135715465946
5.7441707137767
6.14563859445823
5.35195546085367
6.142053546984
6.40246028837418
6.4358000097908
6.02454428642918
6.07053903158076
6.14592870790034
6.36108133881411
6.06296228788619
6.19806268385605
5.57980637070209
5.83469124943002
5.96425789960209
5.92236773375419
5.79478026829445
6.10114096186344
5.49827997119542
5.87021952835731
6.18635236079296
6.06630783235828
6.27511450923032
6.31491240751518
5.94485654416801
5.89953942465354
6.28553742904697
5.93263570998918
5.76102776763235
6.05437200709216
6.27591942835326
5.660387199073
5.92479842186555
6.14905755951823
6.1627627009322
6.12203460840122
6.06847690626034
5.34775442398504
5.90852737980898
5.90462695615131
5.69779273028786
5.94537953803876
6.16504924263269
6.38194357095816
6.28214612692707
6.17689768583922
5.96974515878109
5.8671885586339
5.62364339163485
5.96032407508234
5.54012502226142
5.71119692583385
6.15179519892237
6.23167021804423
6.3827679292003
6.20404793921924
6.32630726766529
6.31152938822203
6.30602200243843
5.85450210264292
6.08933070533539
6.01598429931996
6.07229964760033
6.01049171600454
5.93631021320349
5.87126485401579
5.91858779817685
6.16748855130357
6.31017581430531
6.41894884681437
6.21282928332283
6.19537804925506
6.12101124601256
6.08879213839892
6.27585031274923
6.07916097894269
6.13527394116072
6.3256511395908
5.40876552101482
6.28597259399752
5.97316631425043
6.02884136003017
6.22312684728388
6.04299394211112
6.26195315193097
5.89256996266926
6.23515835675836
6.08324875124587
5.74205307297534
6.12356141946891
6.05401398734717
6.34286104555239
5.96728324389578
6.23549124268989
6.41168004732071
5.96043750564779
5.97542652565683
5.67777982016444
5.70649206229711
5.97282773738486
5.96394134492022
6.20052193476603
6.03562832463942
6.23656299405096
6.24779193604045
6.14145931283206
6.12997903682033
5.98240966573598
6.23157258768291
6.03600653440703
6.27815822677986
6.08211786600899
6.25413927698327
5.9641463448259
6.22009542107018
6.05353128247136
6.09613074819092
6.17182366075624
6.3470196096177
6.04026596668694
6.05569114289314
5.98161103137618
6.16893794058163
6.08972644301517
6.13644972049349
6.33842412048399
6.24068080058639
6.36023485497738
6.46029429868451
6.47505912013225
6.35838990070908
