6.25355286405307
6.12044589623448
6.10781379631314
6.08751766096386
6.07097164370933
6.04862824802533
6.03572280960215
6.03613392948793
6.0229996595507
6.00238768354856
5.98120228832905
5.96482215971349
5.94646717662681
5.94381267935201
5.94608760122633
5.97387524551848
5.90022627356402
5.92257413918047
5.9224046867265
5.88152607306615
5.88390249489024
5.8672800592814
5.86792597127026
5.77958145831217
5.79688265723406
5.78129372895466
5.87354149718064
5.89810366354839
5.85786744175809
5.81637946540063
5.75641746945585
5.93061965100374
5.79252739833429
5.8029329414647
5.76409846373571
5.78928299304369
5.87885973304696
5.78093920312384
5.66873101493296
5.80226642196359
5.78986062130049
5.81434182724903
5.82193993779651
5.86228505906825
5.74897628661331
6.00627316150016
5.81337623831428
5.89196157566738
5.94118823094056
5.81267559626701
5.90370254681051
5.9430832484196
5.8107332076916
5.92524953135959
5.43625567202107
5.84246259863015
5.45093552582199
5.78380124016773
6.12815155219245
5.22706745571305
6.0983694454354
6.19622068531484
6.21701372930241
5.45570267534169
6.18391185604667
6.21060747992464
6.23551533208164
