12.8849368395598
5.43554158917075
5.36183156391664
6.15062506551476
6.02874938953495
6.02253830633489
6.03629545277765
5.92901892843631
6.18888868825399
6.28372170483684
6.39725065890622
6.38103915060267
6.21848940160348
6.48332314650522
6.31728035659992
6.33323731073869
6.24961211018982
6.40525706781948
5.85237607946736
5.49942316150721
5.92655276302953
5.91586234714113
5.80639173508382
6.1149874882193
6.16327500991335
6.21851763965312
6.20417028808808
6.25166175107462
5.92595638164182
6.15399934136699
6.17030835140316
6.35798487649905
6.4110597792378
6.29918595732821
5.88815854443635
6.241604740063
5.85747256468305
6.00947201304583
5.88894164147075
6.08510194918072
6.18390341518313
6.04638109187549
6.15971387836553
6.35173835607571
5.98084730833044
6.02618947704868
6.10022680400184
6.25511784173065
6.31307804672902
6.25847144635224
6.33590068385997
6.33020764398381
5.54057074435706
5.7582279476871
5.98293256663502
5.98349563737268
5.92676783670492
6.13764738483414
6.18917737155975
6.31009035080166
6.36486468914511
6.36637233312533
6.41716581889929
6.07765234799923
6.02738979403685
6.0360636449617
6.19706998341393
6.08154413630913
6.04901764732105
6.01429818815104
6.05360107549669
6.28340963717632
6.16668162828167
6.164428040926
5.83970315092651
6.2728179072696
6.35804687791646
6.07780678715515
6.04097682241092
6.16117212461604
6.17441013942177
6.26684933432253
6.39995068868055
6.41217846663228
5.98197788687725
6.21416067406459
5.9604844244346
6.23621083362811
6.13885335969823
5.98885444276012
6.07833744650468
6.12464154665442
6.12725251647426
5.93525905469457
6.19652031819469
5.34272409487762
6.18711014636894
6.09191977922701
6.30736199294306
6.26398539331376
6.37804170054337
6.28844674047974
6.10207546213683
6.08632837268888
6.31373851779168
6.08467981073697
6.01860208873665
6.16960167159376
6.37202346251842
6.17109992421446
6.20688539765226
6.04555736840783
5.82003506211765
6.06616192192977
6.25427413999048
6.31074143772717
6.07918033059102
6.35143365264107
6.105938937355
5.99089429884305
5.95702518654009
5.95476430357197
6.27826433726953
6.19435620430461
6.11952972723527
6.052566324566
6.2848456842109
6.20347649388844
6.12611077631842
6.12214397420743
6.05520948326288
5.8057135537916
6.14441603532602
1.79443621383693
5.41225774089992
5.84845019449331
6.20169639493009
5.75216808958498
5.7082583135193
5.80643886177673
5.8808309789644
5.80534859177534
5.71024737262633
5.93593384576758
5.60819377568453
5.58210441086975
5.9405991102032
5.92595271217392
6.11613580794746
6.24271629423351
6.0361724671716
6.21281660293091
6.33515007488958
6.21691618958896
6.1973904687518
6.12338181095907
6.11675025220982
6.2103413272837
6.32429153874378
6.38745085535083
6.35342185627508
6.0522315385291
6.24602700439374
6.2439699313581
6.18247430340102
6.35384651191988
6.062673859871
6.09861026116055
5.69191298819968
6.16687694819691
6.26488815012571
5.95478029332804
6.03922883160605
5.88146923998445
6.08499316890993
6.30554730225257
6.32744307350567
6.26995279346552
6.06069120563208
6.376204672536
6.40208817949412
6.45800894807007
6.10583704369539
6.18752096465297
6.36541668928887
6.22533865127998
5.90514422209679
5.80549714587029
6.19524744693319
5.77469784655602
5.60527403308693
5.98841685666267
6.27939039544511
6.27563943569719
5.91075964806298
5.8336536371826
5.85653537843926
5.74921938287033
5.99678550393947
6.19757849038118
6.204576557628
5.96306081349656
6.05050208380867
6.09383715827715
6.18358108702573
6.40919719970126
5.9229883541546
6.12794535541301
6.09036509088095
6.31418038830667
6.13895768132304
6.00619814998292
6.15996925685907
6.15184798914102
5.97463514766796
5.69598341796691
5.78178310765717
6.11574000497146
6.3362198007243
6.39078049520337
6.42143967461717
6.22635470455616
6.2945704564466
5.93488889223689
5.94889284848711
6.13587345401045
6.35432647259739
5.97380073830525
6.06372209761203
6.31013247445874
6.36436751420518
6.15833546248671
5.76665891711177
5.85395049111497
5.86226632014319
5.74360931451631
5.86278549440364
6.14399142365916
6.30805717822744
5.74929539619613
5.89773025113504
6.11077166540508
6.19425258956841
6.24882324829876
5.8297155261314
5.58937793081953
5.11572984330624
6.21525455250496
5.96584901996269
6.167728107491
6.3815865816926
6.15369016403201
6.16071072883807
6.28193772514056
5.29326394583022
6.20273581254891
5.1711088740256
6.08490486726002
6.13377770078181
6.18768403453179
6.3024072696943
5.83499762403051
5.94077649835851
5.81351673209512
6.0607563939805
6.30430369190158
6.15197861685706
6.07978904243273
6.09164559505717
5.84342592813592
5.83342142041626
6.14560690486839
6.11862496847541
5.99308600829409
5.79591241237491
5.83869965209374
6.21354407451758
6.20273666355507
6.3818177014689
6.41427199350138
6.2323173360376
5.9017999435812
6.37844331297465
6.22175463452873
6.42920310099788
6.03640973293827
6.11623280047082
6.22426540247711
6.02589485920699
6.29972951383884
5.76388967951628
6.06403193381973
6.15855058437638
6.06863261986685
6.17974696465993
5.95719421010031
6.10135123549709
5.84765468354737
6.07100873768467
6.22041570900457
6.00310733961823
6.34751851121702
6.13414874839997
6.23711241076877
6.2418489912676
6.15012546627281
6.19613696214541
6.15719375551447
6.20155086497482
6.09084382352385
5.77583925142629
5.93114804042775
5.78241480765174
5.56605165328678
5.88146634644998
6.20983823502933
6.37822975027672
6.12949508454894
6.40886496245538
6.32483981681861
6.24264401430675
6.40219371797813
6.23663454991222
6.26918652813848
6.06990623401789
6.09572802428663
6.09527505874832
5.83748855747541
6.02613269663298
5.96966752131867
6.04218771814886
6.27263318862492
6.08093715942603
6.15485079447916
6.3588640044882
6.20044764006593
6.31498941592992
6.16768473740377
6.13329305033772
6.01287855667508
6.05465743006318
6.28773194800553
6.24236433029026
6.29719964383452
6.14818461864188
5.86243653976658
6.14857802282492
6.09413994420782
6.29879428945434
6.2687631514554
6.46422547699433
6.35871323577657
6.34733623550688
6.29793900438638
6.07096267611765
5.98373125320753
6.23980134563281
6.02756983956402
6.16071708118293
6.05930475421549
6.32727425675417
6.30836728092607
6.16953060307194
6.2979719831556
6.38776060581467
5.93273446755762
5.80870728080664
6.12521319679792
6.17853106841951
5.76180816325851
6.04902424948605
6.2751170730079
6.2421815807217
5.97808634004925
5.54005721945331
5.82895231364541
6.04355565045616
6.29745648546923
5.84525757683752
6.19193043152104
5.99179746153967
5.79347863535827
6.02659577373037
5.50592072828595
6.03048511742089
5.84395724666712
6.27131196521286
6.13788599590401
4.10483858234664
5.61580653686069
4.61348395524467
4.78378887272306
5.7949982275075
6.06422524850086
6.14162529865146
6.1871423480629
6.07732649898633
6.2110164454453
6.3447767212301
6.11540466190394
6.28622592944706
6.16647930215076
5.92973378532328
5.91371336610546
6.06699112154252
6.14898872385536
6.20881343277181
5.86901020919405
6.2389682351985
6.02574903841492
6.22191894559669
6.28698132144843
5.95119142829488
6.06147663034103
6.18932039375994
5.91968817279428
5.91603750795344
5.98244233044861
5.8406847537459
6.25668078860335
5.89114415760559
5.85895946439295
6.04691384644761
6.02348992962144
6.25955336520242
6.03424348531736
6.15750343884917
5.9533330639708
6.26601601129247
6.20005583304568
6.25959478999357
6.02997810779437
6.28630552659942
6.01765804942043
5.97773145257173
6.1337039534476
6.10856777555841
6.20791819619585
6.31653808090485
6.24277736921939
6.29247934595263
6.10680002525345
6.15008206732712
6.03710971917682
6.40941799152282
6.43790453470072
6.45377836124577
6.4846116243824
6.17032252268784
6.36637710806801
6.30645586429143
6.37085732229523
6.43869580820341
5.8304404829717
4.29534057706305
5.9846165281106
6.27680895922102
5.85468195285144
6.12827032672405
6.24958848807637
6.13430348575852
6.0197057025444
6.15196534373122
6.22847050796089
6.32093453747531
5.92804046590034
6.1233562126774
5.85028095157509
5.84906580414157
6.21325924267728
6.16498982409618
6.13012008350315
6.33503892154752
5.69651704357941
5.95247815280231
5.94731690822418
5.91496643173683
5.86462982861006
6.1538811489109
5.77504539464262
5.9079552588386
6.22912515849083
6.36356186097208
6.30402300841396
6.11225205616821
5.91606267003462
5.94621850650082
6.25701278579603
6.16338993180357
6.1067310565262
5.53940947924468
6.07624740402966
5.29581917476262
5.87381827397647
6.04319593862506
5.89040111920087
6.05008859734794
6.29223542171732
6.11468700090495
6.25110595740926
6.27895122766353
6.0618751819714
6.04729977600034
6.21376604186752
6.29693325952059
6.39553186455507
6.40805606682925
6.23190664420641
6.33895013568298
5.94384309074968
6.02769321962275
5.77293496444844
6.16961250973889
6.17778541653811
6.14132483391472
5.7579542907449
6.13842024318186
6.11164168201055
6.31870622104958
5.87830007917366
5.65835499777761
6.09238290880878
5.90056668313968
5.61723920102675
5.93571136163363
5.8965751544699
6.02268668872823
6.14145431756951
5.54459078186446
5.87483288882291
5.78032192097853
6.16257043900745
5.77397284182608
6.24665595397794
6.15094171296006
6.35802076175277
6.25454303416238
5.98450923902809
6.0245886237065
6.26867622783149
6.2504082839646
6.17290090475077
6.299686770747
6.22295858319429
6.10145110904644
6.18877066816921
5.64370990342
6.11247321039294
6.22505853128742
6.3843986462012
6.01818141511486
6.33422840661647
6.18977759666994
6.09125393048797
6.31135187791652
6.36303674347597
6.20457764821253
6.07855777594257
5.78169847473927
6.15220295810298
6.20370423973445
5.96336737608453
5.84612141516983
6.11076027217123
6.11329867190931
5.90705736110093
6.23104426005906
4.53583813539439
5.75443429369957
6.01970327238934
6.23202866159318
6.39148413459297
6.22231971015508
6.00841035240095
5.7515258309461
5.40171120996159
5.48657303131845
6.10046062592999
6.1963145386823
6.24248720838639
6.41150952820763
6.29498500470054
6.45812852057721
5.84467549161308
5.86900833663148
6.15623825594085
5.92565516974782
5.62682570482226
5.96965578423482
6.34988838630645
6.22447619819385
5.92676626646444
5.90531720228675
6.23200087455432
6.10007746216203
5.98284429792759
5.81852069822125
6.07981506921048
6.29872386101604
5.73387785198704
5.91248440205539
6.15126362037718
6.04786709975492
6.02943960606068
6.27714446990724
6.33448345911999
6.16628644599486
6.45237228369394
6.50760426334027
6.23876766274075
6.00032456394859
5.81636199726898
6.18502619240738
6.01373034617323
6.23275788651247
6.2982151270568
6.09788168595639
5.41960790790469
5.80884039715586
5.99423925707249
5.94500458356592
6.18334698311159
6.08279514387046
6.07489172912558
5.7576618692043
5.63617814128999
6.12036701065729
5.90037567171111
6.01031511240333
6.00084098901245
6.11540190123579
6.01062955720904
6.28325814472527
5.82160183068666
5.87072626574024
6.20535459941384
6.13446423524292
6.29531798330305
6.24230262237364
6.19798388288508
5.91126515633295
6.33790453943586
5.95313539136862
6.08859084161335
6.38824770870264
6.25981634126783
6.22493896108748
5.70867359948262
6.03991046865446
6.10970070520324
6.17492151874417
6.20242535285489
6.326387809888
6.23950381618669
6.40149828198255
6.39417006811578
6.41914588866013
6.43125588677155
6.41038344688366
6.32634085978402
5.40782724831339
5.93478430459267
6.222733936268
6.23492743868723
5.88697417245779
6.12574180643928
6.17509362243106
6.29477823099123
5.56982382281681
5.79948969671587
5.45658438752479
6.10849132974176
6.20721236402247
6.07214340690866
6.33160908213646
6.23742982388746
6.02819514267862
5.73183389960349
6.14635986504509
6.12201690360035
5.8837945246106
5.90236687200814
6.18371955438092
6.10143597725186
5.86092678257809
6.00123883056058
6.25181020525145
5.70377268920198
6.13009222812512
6.00609612411825
5.77259805956297
6.2059191896849
6.22967930852837
6.35611044264073
6.27478908414772
6.24464028963729
6.22954906696915
5.77910651017941
6.00259254047078
6.1246524860011
6.31223930478176
6.36941457423351
6.43546378996149
5.94512985951014
6.24208056518915
6.18718214603447
6.29831526420115
6.19063354362086
6.14510029511528
5.95266263708703
6.25968998078567
5.95416078510645
6.2465959121003
6.22348844443741
6.41280857560892
6.17556885506282
5.69296281728588
6.16724651551817
6.30981979356264
6.33660409694325
6.24428356651053
5.85730945666146
6.15243695029161
4.93628315639073
5.91288733290156
5.80526737998255
5.80017858092077
5.86170064396138
5.5697999328889
5.72462553767227
5.97116492877391
5.91553339729115
5.75774575624463
5.88840982374924
5.78363708601477
5.95721528714462
5.90410441481202
5.89597772541313
6.08452628028693
5.95309837293204
6.3467276270019
5.91834131942703
6.32925474873868
6.3952642808149
6.15390584762423
6.06512636536909
6.10538579374741
6.26113547695131
6.07429802482444
6.35663382759746
6.32697716739135
6.44366986927337
6.48686568071484
6.47844658065306
6.31712951637095
6.20067997942846
6.19672660204171
6.45059396509293
6.48130534946577
6.49452989555025
6.18914108703534
5.99210925277137
5.77419901229874
6.09294394320576
6.20882075795528
5.90885409231988
5.78483667415798
5.97534287439942
6.2808867881369
6.18372647089479
6.23839844096431
6.37401646098362
6.39186210305384
6.42089485638921
6.16443295924894
6.27353077264078
6.04152672788982
6.08772266414799
6.05044938333336
5.91269152497981
6.09938804730473
6.35438299194214
6.03126636290282
6.35436183160873
6.30297998232961
6.15364478544316
6.38633876875549
6.4257329160085
6.38166329203181
6.05820647898937
6.20389287244337
6.20946400966876
6.18657070994837
5.70469695656382
5.97525146204899
6.0668875861902
6.28434150940817
6.26814735553793
5.98816740828438
6.02580765130943
6.06966943893247
6.27745225297113
5.91323412738415
6.02245425371897
6.16833101008072
6.22028182770783
5.98673825046487
5.9961283795887
5.8031022277052
5.47776325106342
6.06604578021759
6.11532468850459
6.16452772954916
6.09412260246716
5.89454155111551
5.7466922077806
6.1913724857832
6.28425468497434
5.64811943946565
5.99958423371637
6.13637435106248
6.27569711593808
5.41460163682192
5.85431201474275
5.81276209967943
6.16506774505792
6.32134945243469
6.23652080929708
6.31142579307297
6.42121615830646
6.02124634053601
6.25417695620107
6.31853151036708
5.9107129261101
5.8328851846293
6.12118751228336
5.99758582884239
5.83038983615059
6.10740374252354
5.9210070547847
6.25577116984521
6.05833585165457
5.98911171849651
6.32547614322819
5.93214848410855
6.24923437023115
6.24828386777928
6.19162712328288
6.18517055534644
6.10453305710486
6.14256120053295
6.11951822161635
6.38643781703173
6.42249148523928
6.35861628857931
4.76926626175175
5.6114248230356
6.05428640925274
6.26619027238772
6.0154567063361
6.29020948915946
5.59238301089066
5.99164955414971
5.9374605521898
5.75599411592018
6.34433557132384
6.04888179864956
6.21323880391748
6.27515939727119
6.09228166543666
6.04066738755168
5.85662810714929
6.06559626070884
6.18807503823291
5.80348244454549
6.21687318713646
5.87419199688159
6.13745902755225
6.28656152891301
6.10662982750025
6.27306428440868
6.4447573067463
6.38493185913563
6.08595002930529
6.32318921492097
6.2865370607953
6.40259025151465
6.32991862271893
5.90718684532599
6.10980108222088
6.21189165026052
6.13244003847191
6.37737832917937
6.10071997382311
6.09809718038018
6.36277863868381
6.18946435785166
5.58407937390263
6.01139229074388
6.04008750596982
6.06653326765162
6.33908094601211
6.25823384208221
6.25506048870088
6.14107772201832
6.20919471055026
6.18204463148408
6.36553925776376
5.73902071648349
6.28949168918474
6.2908985703103
6.24452719041589
6.35668092225428
6.07541209338132
6.22311193951534
6.15211382247912
6.3242153316176
5.65783655744861
6.1468779799852
6.08203034043906
5.69142643044084
6.208677689403
5.88346286028452
6.30308104325961
6.07799531297358
5.9532523317192
6.31981379713967
6.35810237643511
6.45732014386609
6.26400808849773
6.22100869001232
6.27056365492859
6.14116516441845
6.13876869954112
6.15705532621241
5.84748260812458
5.27155476189637
5.96580779274207
5.91059942265153
5.65913297300159
6.08876485894238
6.10245322929473
6.15203656187598
4.6491743753914
5.69671990131855
6.20516992319891
6.14827305104544
6.24253252955012
6.32826707325574
5.32471224013049
5.82850210604928
5.32121821590269
5.87533628468877
5.98964051055563
6.06033692095111
6.18304169689756
6.08484408088902
6.26984020151249
6.39956241078642
6.29287218121855
6.12889729583625
6.30273729761242
6.11832660530268
6.10769367763496
5.74232509406444
5.7312248059672
6.25067646630663
6.40448524847075
5.89279697308338
4.91633678800326
6.12160093305977
5.93700855371645
5.83300456570741
6.02653132983565
6.16386082029184
5.82175981260536
6.27128294601343
6.20527693278115
5.95467635024616
5.94598890952298
5.96304714543682
6.21920855721564
6.1340987822547
5.67735362058751
6.19982080157236
6.36044053956432
6.30905654249493
6.14541233442209
6.40752837154089
6.38122794466101
6.44504242528736
6.18141200971549
5.75241230372086
6.00766831695213
5.74153080659437
6.07902587656466
6.2299983531587
5.96701978860267
5.80081709822225
5.91249520717292
4.36139534284656
5.3864455866159
6.02851962782712
5.93399085345893
6.14330628466324
5.98780161746147
6.05844476689259
6.0449958719731
6.27946340434862
6.28551675937499
5.9550121886054
6.20793659499569
6.25135425481284
5.83327870133861
6.19285135656867
6.26001819760432
5.90516243321381
6.26166547861788
4.65883506444601
5.61886206528029
5.48100157169205
6.02210165016008
6.19078358655909
5.92148631292881
6.29560488157308
6.34236697001856
5.94878295081375
5.78287785371868
6.29069852127246
5.87330214105931
6.20051336294403
6.32831496700154
6.24959522421812
6.41471826075527
6.35947730149119
6.32941925474189
6.22916310277014
5.95078734906315
5.79786665276662
5.93048762622941
5.70442616302702
5.81455390181185
5.81712067383434
5.92585644304713
6.12190160021548
6.32466300970864
5.89056159698221
6.07968570548052
6.22977966399737
6.29213493147837
6.05706537587971
6.0315072631377
5.58598054480481
5.49340039335865
5.84482627112787
5.31260576389916
5.92217327767361
5.23381061748744
5.86101992375976
6.17501717179973
5.98310705249347
6.14829639533832
6.26510611482952
6.34040651834743
5.87454881014195
6.12325104662396
6.05838100990555
5.97014146806541
6.22762638191812
6.14226784788096
5.96582007864077
5.81968683333554
5.91647992092722
6.1220623305015
6.13082719203406
6.20924635907671
6.16710120606272
5.96316010995252
6.24970023392964
6.26162901099584
5.86879562504768
6.19722514269105
6.1213004517106
6.13558613265343
6.14491010535231
5.73142387973365
6.0111680237689
6.22101499122796
5.86350646140832
5.80836846615651
5.97456404872914
6.05601316267053
6.0760311194479
6.02151327698478
6.24997777552801
5.85304691888029
5.62063704426693
6.11686448812808
6.32066399496229
5.9542861569463
6.06541293691948
5.76852714879516
5.94850972214315
6.19008148417135
6.22449881820979
6.34708264350318
6.06758091988114
5.9525120411596
6.1236849052627
6.04615242357803
6.06113052558789
6.11553444807811
6.05669271027367
6.10359078332435
6.00252490884663
6.27632834309493
6.09886913939283
6.23917530995507
6.35532966003054
6.09951265534713
6.03829861635021
6.21842772695567
6.08652786052155
6.28840939755887
6.10395970589222
6.29696300963376
4.78481761165387
5.73511457805998
6.05531981926362
6.23563604451005
4.58301092635031
5.52046730865172
5.97729054234987
5.90045762007584
5.95411954639207
5.91605303269071
5.72739529383484
6.0804890967875
5.87484688812672
5.93226022525051
6.23625395158724
5.90734707538771
5.80194003530989
6.06857145314726
5.90323251854964
6.19744673404575
6.20865183931082
5.72595300026226
6.15202441413557
6.32939746400603
6.0288098756007
6.14689919803852
6.17986381437408
6.21003958417835
6.23439278419363
6.23048091963672
5.71358264872457
6.04973018015551
6.27590087871717
6.34796857068049
1.02196161698012
4.59801998723801
5.42730476211056
5.47098416104983
5.87480554966049
5.93480265018174
5.87618085926655
6.2898427631947
6.05547319064242
5.7729677515227
6.2494676284601
5.99325373028621
6.14639964840408
6.18131595644747
6.02755586390306
5.29183859580107
6.00311785033831
6.19107092385909
5.85412217251394
6.05501935979873
5.79390497234626
6.0997330411389
6.25432082118192
6.04068152621124
6.08719502372473
6.21893397379141
5.99489872500958
6.14749590645781
6.17521005927679
6.20316846152336
6.32894784581525
5.74736940676361
5.88331756261626
5.90415790987838
6.2323665133043
6.19227845050925
6.35820456039633
6.30018090243991
5.99211023257395
5.68210867267774
6.07349109663562
6.12373829312339
6.15599210083587
6.05705936567477
6.18944058626824
6.30754200110811
5.94516937486181
6.11404140663828
5.77764912426061
6.05789643743285
6.10623627141872
6.11155984372817
6.3342023633405
6.30190158185823
6.3033264523848
6.15821542623742
6.15547560352741
6.14096977667414
5.54910256288403
6.16167325091367
5.69334647474022
5.95610710219329
5.84846347640755
6.06628810160683
6.1480495383378
6.08120088613255
6.18279945572695
6.14035454466161
6.09478125829783
6.22770365023368
6.30264909752979
6.390031353171
6.44585949891603
6.00282246948949
5.95725062824074
6.26008584472976
5.53723350175775
6.00389594232453
5.7289046077261
5.84880544155437
5.95808505364206
5.85237413489096
6.12522107218907
6.00149922412457
6.02573956030448
5.99596722331982
6.12692221827972
6.39207116806679
6.16965777059135
5.57740431696531
6.05300283474296
5.0024817823125
5.74532055538697
6.09702850558943
6.13559690240228
5.09843556454971
5.87978518408329
5.9607099732977
6.1427784033345
5.82828132196476
6.09316578877503
5.81235285338721
5.90138671742282
5.87824067361172
6.20681507546064
6.23392185576861
6.30771737654213
6.29862590745096
5.97771823540606
6.27771460365369
6.16928779515329
6.04982242143461
6.03023661482058
5.98405857508292
6.23487141190646
6.2687245067308
6.19475665845251
6.324984384412
6.40243378543405
6.13695876071491
4.83406667988417
5.8022761864949
6.1952621122901
6.12591347293082
5.9478506031767
5.83830424497122
6.04440879506018
6.25077350758141
6.00033408773417
5.99129438274799
6.37356358889683
6.1667517886737
6.26026451155836
6.20125887350861
6.24193811148666
6.28650497309219
6.31909690821342
6.39720872892808
6.38212205222005
5.99372103033979
5.49746410280666
5.802540608951
6.04778307067984
6.16846788965984
6.2720875866002
6.21924283771628
6.09885553328173
6.08595589238665
6.11205077564405
6.07394481270203
6.11742460749503
6.167412579417
6.08693742654395
5.99708003922541
5.88913779968468
6.14625272256757
6.37022460321433
6.1577918158449
5.95078680937986
6.28660843924166
6.26671558545343
6.27095866571028
6.40897892406433
6.47007070570756
6.43229488305554
6.33836532898453
5.9975365951034
6.09782476834272
6.29221620613675
6.1234519849879
6.04476885551477
6.30480692399587
6.42875501182666
6.21797041479747
5.96109946049335
6.31526957408055
6.35756875603857
6.21359129917885
6.11032553169082
6.16458480839559
5.49978471235758
5.94681727887446
6.1913640813917
5.74886049080243
6.1332193047076
6.19138636436389
5.96433682895637
6.15380620907731
6.2895719036585
5.69109730655993
5.94075777538933
5.73318538524358
6.17070909067884
6.28060442006593
6.06502171559797
6.30030603347104
6.19975003857548
6.39969712246373
6.31728679538215
6.10772387555158
6.0948091715059
5.78988844678807
5.60199418364992
6.00279926497196
6.13731305424058
6.26567284121903
6.17312400532125
6.35812776466442
6.19803004756854
6.33143466003798
6.40724596766654
5.9388350977107
5.77772130657825
6.02096168355659
5.68664960945749
6.09504079298041
6.12688096856311
6.17884038704155
6.34386778355089
6.19135379847374
6.00613255382834
6.33934056280537
6.18407537803861
6.15290957735546
6.1503483927147
6.11305019426869
6.07856038083128
6.10772895417496
5.64232371867258
6.05373322699515
6.3503522199315
6.170380540932
6.10791784705346
5.96413428667281
6.28126907849635
6.36936796017437
6.18363260763854
5.98534231734293
6.016723193069
6.19970854316678
6.22142699531977
6.27049648267028
5.75712110397855
5.86630640305823
6.18859122383878
6.30243015623256
6.08932908182652
6.31574255001904
6.28185705336348
5.91818804067163
5.87267180058415
5.98272343902466
6.17168527624424
6.29712836806799
6.31032994843932
5.96714555382177
6.26362234975081
6.19603059280345
6.3218794877679
6.39297941735365
6.23206275168098
6.00521734574155
6.35922014550276
6.2816262428035
6.08312276237346
6.11958579406875
6.16051374160429
6.03937657155188
5.62379254501059
6.21687218555592
6.13774844711878
6.38661239946388
6.09790488422918
6.09597695430887
6.03858147213117
6.29825642880718
6.34131767366147
6.17367428135171
5.30691539429445
5.69036793365745
5.59998231734595
6.13403466579173
6.3412720808966
6.27834521849715
6.15836265686095
6.36101619799044
6.29411419396806
5.98945428745525
6.01762022578357
6.15735206779262
5.79782838956107
6.04660391514691
6.2618458672327
6.30276003756513
6.10542355810927
6.03926453412808
6.19386848694681
5.93252592928833
5.91712129080429
6.07772912570878
5.71154024116926
6.15859304458163
6.25859536696416
5.7101708801307
6.16549024852709
5.70372061275323
5.38069506150728
5.88743783967431
5.50716246755265
5.93960698292512
5.72430209957066
5.9117068622876
6.21420064450296
6.28935154504281
6.4037324263555
6.23416110943001
5.89798337405311
5.70408302008268
5.93343726439833
6.17663589842663
6.06928042599861
5.88844644836521
6.27137414372155
6.2898032711353
5.93778331023624
6.14670381046437
6.37213368959514
5.81490484435562
6.15821825884651
6.1653470275662
5.94768919123703
5.3527102634691
5.57768478203074
5.89466497495502
5.74638200552438
5.83387348912844
5.91797914116792
6.05088089085798
6.12687345421002
5.72264685939532
5.85572068844047
4.11639797965343
5.66479210114149
6.00869059618155
5.61766446791302
5.94605767991925
5.99112697749749
6.18501540863546
6.36234041010476
5.79726398820794
6.02168802907203
6.09012143577225
6.16056122968701
6.17282826791269
6.29899999716596
6.11417848787088
6.32171532532018
5.97336059384191
6.21254156458582
6.01754383496702
6.31141239601382
6.41536902922758
6.40692554268489
6.30945128758637
5.25619099638769
5.78949483336024
6.09660498871486
5.86851600326797
6.15973643735804
5.93836242098504
6.23925376988738
6.20627340367821
6.19788884916004
6.24159371073276
6.36165580143298
5.93823980614054
5.84553566774803
6.26067531283895
6.32598648416093
6.36720380529202
6.39980889377324
6.36031532561433
6.27472304256817
6.43988937916336
4.3674040571526
6.26711078594757
5.6213617947732
5.63856935103152
6.19368638331952
6.02770660013934
5.96644263025679
6.04834527581693
6.33623613940784
5.98969753237054
6.23935420198493
5.79011206941291
6.00079940500687
6.20905463473724
6.14537466301509
6.3129023312625
6.04781628357944
5.72119521158979
5.27134199792247
5.49103592931464
5.76024570977591
6.16489459589456
6.34402919555723
6.40085011903303
6.24119415491459
6.30582624862581
6.31431384152285
6.23674751020688
5.72987753285598
5.93372055143256
6.23741266016028
5.93874055155223
6.13896281610716
5.86893308389453
6.07287548002921
6.04791712698859
6.24637279908764
6.43184524982509
6.25877117231732
6.27167316363594
6.19671173458208
6.16483091279323
5.87528544291034
5.75342640087291
6.06482221005871
6.22089789008385
6.35370055911617
6.38898762549122
6.29676317513407
6.41243370333786
6.16518368792277
6.43849463149049
6.45373750593072
6.40897688552388
6.21800179274616
5.58619001174039
5.99852005305443
5.96847182187853
6.35289331668662
6.3322230360787
6.27053103878735
6.19997901715882
6.08685387146218
6.11816612534452
5.60518312921553
5.88115028174334
6.24901992835473
6.14438880276846
5.9330099263462
6.17299125291872
6.10517818461007
6.39637368059712
6.47619799805873
6.31506911886448
6.12444428019622
6.19312036003577
6.08208505018067
6.12990600885629
6.08224198355813
5.88941723929499
6.09978592440483
6.01169981751394
6.02972445234539
6.26832868834034
6.19082081174507
6.26704278488026
6.0110639314931
5.88444308571766
5.97350294767483
6.19108412430116
6.29273469425266
6.4356356497869
6.12092262519809
5.85480514834106
5.81236148360334
6.00599237113995
6.15005122269823
6.26569273900017
6.39239353131981
6.07279368338696
6.30887668526297
6.27902950155002
6.32624806916686
6.25763873319759
6.36437002486796
5.31320775014051
5.2356970812642
5.68012962251568
5.83197518879391
6.04202626402149
6.0441174586758
6.35141728944408
5.81187135323093
5.84526660687272
6.11466174973067
5.62132665792758
5.64358303858422
6.04655194629382
5.79301956348017
5.84224550911568
6.25280378519321
6.3914732255646
6.11825880932609
5.96841076595933
6.33130367142386
5.95792266630611
6.23870381902499
5.90834404649168
6.13153393011936
5.50539511418844
5.77434196573762
6.04616543810936
6.13569308644404
5.58053941754085
5.95935854351721
6.2065345730607
5.37815791693684
6.15789838434106
5.82203039254049
5.83261189217822
6.25485421620008
6.45461101024433
6.43225995957319
6.45753191733926
6.13775134510712
5.82485498969468
5.58741319138948
5.79392393122537
5.17022972911746
5.95325246656603
5.89503823914643
5.98016033333412
6.15280078980823
6.13361257514088
6.31683489310843
6.13575195938955
5.98782831754014
6.21235158870117
6.24899586386388
6.10323776971717
6.20723630903776
6.07940632338004
6.26172666341086
5.98419183785195
6.34025476880375
6.38482949088735
6.35564686932302
6.44282193287082
6.48158764360455
6.26072999047111
6.4064721652045
6.45031831030113
6.08391372812982
6.4261014332877
6.51844418177212
6.19441198694949
6.09510800090823
5.98112202488441
6.25143112914985
6.37348748763415
6.19936669269888
5.93067352734661
6.12659210862976
6.30693710255705
6.25470990644295
6.11324142343751
6.34951746237242
6.11723171593148
6.05400352533197
6.30572803495889
6.28335159631871
5.96128330218096
6.20279262435361
6.32840963686152
6.30422736624979
6.38614787631543
6.00640728555615
6.31162498945599
6.40437671888166
6.2659504957698
5.81416308620931
6.12908403630517
5.77767287492139
5.60278601692843
5.92519760144428
6.25639051648188
6.01476194277997
6.18035716649874
5.84029718117965
5.7688190362688
6.01727579162872
4.62651110568677
5.97845859520609
5.95465635376554
5.98921576245782
5.93328319494464
6.0999731568965
6.09271198176896
5.83338135664752
5.81607433846412
6.08884327202524
6.06377510408384
6.20369120431239
6.26301223847152
6.21878622737239
5.98001034544855
5.66467405735463
6.16316480466506
5.82804463954204
6.13347807372994
6.36118700115874
6.38984350778235
6.06616310892745
5.82620666868645
6.10482270585613
6.388752880402
6.44201426278209
6.30689522846415
5.81440272187148
5.95431990549131
6.03842152488302
6.24908371809773
5.96705303813229
5.45364108336298
5.98114492726842
5.70339573447269
6.11647968634326
6.10964217542019
6.05017310371654
5.56052136359211
5.71875675874645
5.87623544325359
5.99411478019557
6.1110933218749
6.25213886980663
5.50833902661913
5.80464969030879
5.75066800517531
6.15179543240672
6.15121425154654
5.98398131816699
5.60521910026291
5.86242040281706
6.05714130911843
6.29249761620718
6.35593519442946
6.15700789856914
6.28140625128568
6.25737797543781
5.69598369469693
6.14787129851911
6.19906509610176
6.17104124860441
6.08459972826731
6.00323061461736
6.1633283325439
5.61180091058412
1.98937227678328
5.1003872857833
5.4163565943022
5.11040163805229
4.69466063329679
5.7718680655335
6.14141598199304
6.34335941580957
6.45092625129486
6.32498104321658
6.331128366029
6.04811805915362
5.83401959807805
6.12144832908952
5.84284091894432
5.54006390761875
5.56599714573441
6.01025464789883
5.95366459254274
6.13254965752324
5.80003545694542
6.14482726711523
6.02809497577047
6.02175802888653
5.71758768441363
5.7891022715294
6.20732466543452
5.92051072571082
5.87312870864165
4.81637002255702
5.70052035561498
5.94910868428423
6.19979530068313
5.48591060895305
6.05004419351685
6.15652732668497
6.41377481503804
6.37081079750043
5.58179810532031
5.96518190553228
6.07600965194294
5.63165147949321
6.00964216397766
6.32386971516791
6.16294545018947
5.84499203003357
5.52676376465321
5.76681342241159
6.06842648135959
6.28170127908224
5.94734668335739
6.13435489049075
6.2495614032916
6.27386163306411
6.36141194817414
6.43729767404574
6.43650999814331
6.50460281262935
6.00550645234002
6.00475268988274
6.24582905060706
6.3053426830532
6.29118860257493
6.16104228195228
4.81494350973924
5.99642091525481
5.73814133553102
6.03222218989584
5.82899083709665
6.13286512956807
6.15436975752745
5.29516040857593
6.05806040082663
6.11345956262926
6.30373010964413
5.96090505240254
6.09829659810029
6.32368987638982
6.146659867488
6.1672052637233
6.03691883217404
5.69844719967407
6.10844370229644
6.182802709047
6.25933678139753
6.348420114296
5.90892126075141
5.93896103310178
6.06910637047093
5.47221849950004
6.06112247794203
6.14238685270059
6.26574595928296
6.18913394417733
5.86163170677855
6.13410163247314
6.0164900511771
6.05877855240901
6.05766452141061
6.15573988094404
6.2053669761911
5.97706837370368
6.172168720096
6.06640964299992
6.12754544977919
6.00727224556704
6.22210222847735
6.16768205970761
6.09461905462976
6.00766495893974
6.26868888323525
6.22669342198457
6.14082660098854
6.26734929429923
5.90584503231868
6.15908163124856
6.35555464282129
6.17350569172423
6.34938811069696
6.40447314574955
6.27887466147073
6.27239870198187
6.09268512516562
5.57512966070868
6.14735888783617
6.0858004302709
6.21079046681422
5.91534457475036
6.09270229740456
6.16143831284506
6.05555186283288
5.87467038324132
6.2469219814169
6.00633089601779
6.20937589176533
6.30704505900418
6.43149746862574
6.15055773505406
6.16152732957218
5.74199912627821
6.25967518173224
6.30468697962984
6.33075390080042
6.03091550428383
5.80934953408355
5.92894106784876
6.21136323831843
6.40646723169318
6.18798457101297
5.91339362794089
5.83608515478792
6.20915216077572
6.24777545382985
6.36880966819501
6.27367472910428
6.38661133839304
6.17804799730591
6.02493158812941
6.27791952605215
6.24622380115187
5.94110349693407
6.16417615766805
6.27275411259125
6.07016277538437
6.01520503358856
6.04021484084289
6.03285567228925
6.1616669161449
6.03541422552291
6.15681041109589
6.34647067862175
6.03812914657493
6.38717177863202
6.35953195783951
6.40206749030186
6.39927254461678
6.40301993833461
6.42242329868933
6.49310106286703
