6.25470294816201
6.11750973137262
6.11563226301534
6.09115175359751
6.06609954407627
6.06500589846716
6.06087842018904
6.02610078238934
6.034872217182
6.0222931843882
5.98866995221666
5.95860743749868
5.93547156602411
5.93488204828681
5.94551445127012
5.98554128834415
5.90127860869727
5.94038341106368
5.93525264363816
5.87074822330614
5.90354796770057
5.84059727644444
5.86611784679331
5.75864168146922
5.81039458815297
5.74698772182267
5.90397959036494
5.86703581163276
5.87512422779696
5.82102041489212
5.7591551309548
5.95316733703511
5.82490591012194
5.82382256371077
5.62993745248072
5.77077006489318
5.77855548118504
5.68837393053667
5.74121699498726
5.72686008239324
5.80418705061426
5.8433628236745
5.79522268515471
5.96342611731302
5.84516530461619
6.02536224339627
5.81637229171271
5.83626821787375
6.03170570829931
5.7340772900375
5.82285239716267
5.81877873040499
5.8123716161775
6.0296848438805
5.20709821372203
5.75193586582839
5.38750350169543
5.39156092551551
6.10066278006292
4.90657987134638
6.05320474281867
6.17736751545723
6.1883398006723
6.21017064585204
