5.68156439446002
4.89330103572115
5.13873723200535
5.36576260528419
5.36866006074937
5.63303658963464
5.32531687211514
5.51007765069745
5.44438881568871
5.37788374286217
5.4762084787139
5.28733453065146
5.02435136310109
5.50327404727756
5.3122262226357
4.9823056279919
3.93037308819144
5.29259437882878
5.36179943510282
5.22256063792012
5.49959810154133
5.54188927102588
5.58134468596351
5.61815428792819
5.65249529798156
5.6845330686025
5.71442187854454
5.74230567445885
5.76831876285613
5.80390606426877
5.83634550389852
5.85535020319038
5.84912479621812
5.38949555524727
5.27216405187954
5.42279711020746
5.65176521113061
5.74344120784527
5.685988708425
5.60159319715429
5.70294756504502
5.70326736360551
5.20561490186214
5.1951879441033
5.57170893260877
5.38649753097002
5.59350510277616
5.70850499076537
5.71327006627468
5.59918362703596
5.4623163346929
5.48023923434195
5.50363052801148
5.82346737947329
5.56446682463016
5.59105944333652
5.91040236811549
5.71585673260268
5.67479472643371
5.3960339217536
5.75037005124918
5.43314612376201
5.70843995776279
5.6230294053686
5.46821517015058
5.67595826074727
5.83133755328368
5.81603861630391
5.60921223200159
5.75965445958347
5.74749442821818
5.73794196997659
5.60165544613015
5.86815707799616
5.89064487847906
5.91163201365908
6.01722783900799
5.88844931805056
5.72000530865738
5.80577508495893
5.53127823971232
5.16669051416929
5.62382127843511
5.80143593073148
5.61162313042022
5.37473600974043
5.51615246210419
5.41892428539375
5.74683548100925
5.68653706093769
5.69372423517525
5.78168594797465
5.36305271719043
5.67919084074325
5.52050439405411
5.25094479781658
5.28368396107399
5.25170149873891
5.63992828285553
5.81815524565671
5.63709729909998
5.37823655234654
5.31402029031289
5.20380665937925
5.3471544546773
5.54015366943527
5.51342031250141
5.37249417139187
5.15179313799784
5.17322523990888
5.44886285330985
5.29731243008309
5.69843399195318
5.80362964330261
5.76675165533552
5.94934095000392
5.29472315168743
5.31698517393538
5.66343210121986
5.12335027246199
5.48537384441699
5.5193673513455
5.34838224865381
5.72342644277654
5.41450347293347
5.5505292843134
5.60641617314193
5.50001693463252
5.5777900258741
5.63423640673864
5.63188352786696
5.77378161833788
5.92899363686593
5.94299291216099
5.73113782792955
5.53803589911831
5.8416812826262
5.81313799038565
5.80541849345538
5.669383538229
5.47386513618641
5.69103757721
5.31461271816962
5.70276425748625
5.42001456894583
5.71472495083307
5.87098421357674
5.32667660013638
5.48111929402754
5.69691424197291
5.43118314460777
5.74521649374377
5.49528998303407
5.75665006867186
5.41519818925517
5.22364709225496
5.28631742203793
5.39556058334721
4.92729292643257
4.92581707221856
5.33992447056989
5.61990940115744
5.36907649625514
5.12343420813799
5.36942981747039
5.70119434198882
5.54600127261987
5.74117603902899
5.61368349113605
5.85853214287364
5.81114519953548
5.84069292132697
5.8956660164454
5.85253181191996
5.86621220004947
5.62073784204439
5.84348023563942
5.53620579825434
5.69490086827527
5.71976521278695
5.71866121049445
5.72704715416251
5.42397804344379
5.54451406331617
5.83233982899825
5.78970923707268
5.7128471711933
5.83069140597182
5.59288066685273
5.35347315831915
5.51773690736749
5.64980492437717
5.52802450698318
5.79710641404797
5.65783021095575
5.74945254382029
5.66333478112095
5.69192829407584
5.67824971469068
5.75300903478897
5.59229181359598
5.61102554347869
5.71308444872031
5.85491527901603
5.59619641299049
5.41367587847151
5.5653582753103
5.59906842405245
5.88051955638081
5.84813343241363
5.74418612359777
5.73468828851772
5.5568349732851
5.71120747207826
5.83384737561001
5.69643305987529
5.84325266406717
5.6801928098517
5.49789351929708
5.32946989012128
5.68102777332145
5.63712517299289
5.46401761816838
5.46032022944945
5.62320101478011
5.55299185071134
5.50980971374186
5.37320641285171
5.56953626269534
5.34643458155135
5.44048912711558
5.36254124226344
5.66721751421683
5.71053403154971
5.51276211976813
5.85793964153315
5.29433047843464
5.44645634068008
5.30563672960701
4.5660923374164
5.27795696496061
4.87720357135158
5.21024297574974
5.46593102925878
5.44761449254995
5.44652601275943
5.80529793800432
5.61345384934292
5.55611900861193
5.29147703448579
5.62065722028585
5.57072864146065
5.37391678454349
5.50692800805231
5.73421069739215
5.15877718833757
5.45282768356214
5.7122738211531
5.77723084554591
5.67835251446825
5.71866151537216
5.81631281917226
5.45238147169218
5.4797440733348
5.73580300708524
5.68468626049155
5.58555294743634
5.72781948049371
5.84592357603743
5.34570548183583
5.58870732864955
5.37856867434192
5.37018669592691
5.22962443945157
5.58688756126557
5.5396341578129
5.702733611295
5.48657700681174
5.74523583126623
5.69000366441427
5.55192134194741
5.68258573112718
5.2048477226297
4.66996847135908
5.06421832986774
4.8182581141036
5.35396476607556
5.74007590536586
5.62377018804177
5.58608664502396
5.18548071367232
5.29525374045103
5.37691512806702
5.56875379616041
4.78684848554952
4.58380939077212
5.31662389608543
5.64806363419048
5.78389114862589
5.86096298887463
5.55435612574154
5.73435117874922
5.3231141466321
5.17545219869523
5.09539174299035
5.56987044181976
5.29360929054017
5.24760973138289
5.38531681689008
5.6212391394977
5.56378128716083
5.6931519203184
5.20379111496288
5.37802854723535
5.56816908300052
5.68535057484326
5.67566397134039
5.05746882330845
5.54504213473614
5.25394678250598
5.08447206010285
4.90891765129077
4.45073763323631
5.20075600795628
5.71698509376405
5.90929081057159
5.47343107985637
5.57855808993796
5.34540991313062
5.58501851789705
5.60963443385588
5.43479675007861
5.4323614926122
4.73989434414852
3.53809823438467
5.33987255001837
5.67812644030484
5.45614366533213
5.12825725748061
5.72537923375497
5.81706244154618
5.56448618005876
5.7367502367682
5.38055932340926
5.329137473092
4.9241371702293
5.22796625182454
5.52028963481622
4.72122380425541
5.34592165212407
5.26299764585066
5.3303494213417
5.37878146326816
5.47617218565352
5.6120341225119
4.95619740139101
5.37479845393637
5.52682790833254
5.80009745968721
5.73565287304385
5.84568384914432
5.94490241919371
5.88050286662476
5.90371910716346
5.73234112848091
5.68517039852397
5.68568363427507
5.41304562622948
5.42673829534978
5.38204859544044
5.01043601245024
5.22715763265018
5.55974492415233
5.70227382545779
5.42863680817218
5.63163310446272
5.53817382391517
5.76610104268423
5.61780480810578
5.75067638251215
5.64386184870256
5.78152523620176
5.20828323198308
5.30482668532051
5.435809387097
5.42807952752385
5.41240504663428
5.66666712260366
5.43165020733553
5.30141310049027
5.21409268843435
5.65852577164383
5.79446718041853
4.96010394885843
5.10096295847973
5.06437253355692
5.30668048269869
5.58558034041182
5.53003423780275
5.64275142752733
5.61902102957339
4.32253350430455
5.34547745721043
5.66226804953073
5.85847228219745
5.83778772842484
5.77437275958552
5.92780440276381
5.48564978029001
5.62510596771239
5.37681371769598
5.40124817622859
5.54131420966444
5.34586841701007
5.50353554462283
5.43370872915246
5.57299350849769
5.76490524241823
5.70600970796147
5.67996775336133
5.7127015430645
5.55895138827655
5.64385261983326
5.48526457209745
5.3618154549686
5.65958568633565
5.4585793844584
5.31564269995815
5.18105119767398
5.43563551454081
4.3666622778739
4.93588139961052
4.57300850614815
5.32908692890442
5.4356928179327
5.62416417500825
5.76543782647576
5.39537144929312
5.38574649683003
5.7410222729596
5.63478002442816
5.59724144819744
5.32790168241752
5.43631055000546
5.38196052352653
5.02567610508276
5.41573431700657
5.32926479994389
5.39251573962801
5.33320698665259
5.43228610121689
5.33866675133025
5.57713854806916
5.60750981283186
5.66114242549605
5.7794723620458
5.7601570135558
5.71487725800893
5.4327555925363
5.56506994226846
5.4477376883542
5.36820230059734
5.53373754840965
5.6151042362729
5.57684186320324
5.68684454948867
5.48610809776513
5.70994609517791
5.74490898716509
5.51999382956417
5.2316151866424
5.04515264058736
5.17067346417744
5.33610658270043
5.57266407848994
5.80982180941389
5.25257000510624
5.00807610221781
5.53488801541365
5.38940890938257
5.40101685169394
5.73330832059769
5.67951299789515
5.21415622769976
5.11379258357885
5.02824517711439
5.3030794228876
5.45309238996951
5.58467389377907
5.07905627465288
5.40519644118908
5.52585655416
5.22267999729174
5.55288489553621
5.4527145913123
5.57976654958877
5.5648595796147
5.66069527382788
5.5504315717349
5.66264223154529
5.13034740470089
5.5541541949164
5.62157927698105
5.47810368552403
5.56981463008325
5.33499913835164
5.47861736160118
5.4147870875533
5.39339272449096
5.61271071851457
5.54791935119031
5.70683000009392
5.4644838947089
5.2743183304561
5.38972191420649
5.35811238323196
5.23327137641535
5.59537107771212
5.85653016945238
5.65405017192468
5.47996631043136
5.60816152662072
5.52303236533379
5.0384503854397
4.73888394594465
4.88413130372282
4.96353055390585
5.18596487797851
5.28206337198732
5.59671678228649
5.4051765388318
5.24210836731169
5.58252108420114
4.95172246266979
5.09916190408995
4.9171875294879
5.04855377912184
5.66717837065949
5.69749786117088
5.80291914643034
5.8637387465885
5.46393192052609
5.36040791450394
5.54793090475295
5.76814520731615
5.34090121055375
5.45780768778739
5.79242467420696
5.58499890829995
5.5840888428725
5.61574847612188
5.610851457584
5.89830453853232
5.64224272482005
5.63770883613863
5.28220605102963
4.98689475125339
4.82604244916828
5.08282902696007
5.18336568736251
5.34568170525521
5.59851577130838
5.66879666081722
5.44932237836416
5.58756726039326
5.60519137944561
5.80089248409471
5.69789257417432
5.61706591676278
5.70987050055695
5.69677240891839
5.56331311850135
5.7814324551421
5.94583844026164
5.92349798969657
5.91459557090281
5.75467718301674
5.79336898816246
5.70051571999426
5.4847972109099
5.47985766871076
4.93417717420171
5.26029688219316
5.70886805799207
5.64441216148931
5.35941304411936
5.17279320244961
5.66501696140318
5.56820692139869
5.40381934462988
5.47170017148308
5.50989908042008
5.64656297975875
5.30359431255522
5.58696019500419
5.48636620953834
5.66547575604827
5.77346151099293
5.76168784853904
5.77616619650341
5.51970834954228
5.566711343905
5.39298987839122
5.48007530723177
5.14551616025334
5.26746998009637
5.6852260131726
5.33878298460163
5.39300714302496
5.61211520627477
5.61487371435921
5.45844788885988
3.99692131763329
5.24659663516036
5.37396539246267
5.54042222573982
5.79111823521897
5.6894697959066
5.64178084818054
5.55788974028686
5.58874880643343
5.41762636985993
5.48390218581119
5.51962487255028
5.72932670395529
5.58492302122154
5.07915624231096
5.42416157466896
5.44519418088958
5.23708291787835
5.61474417251859
5.51063313069462
5.59561620577126
5.53860264835644
5.70569200913495
5.69671889438186
5.68827704967331
5.7906560408936
5.77959581420089
5.50920552676061
5.52155997274105
5.3524412647699
5.55858739564749
5.19869316080412
5.54560095753072
5.19691997751691
5.46498477700905
5.50338119151619
5.41776121960194
5.61395150702048
5.32924204013879
5.42082950245832
5.7313465789564
5.29628496663763
5.61476947988813
5.26219237440757
5.6739049057523
5.62600897224459
5.58017347067178
5.12141921902285
5.47464632404133
5.22498573048837
5.67473778888615
5.5175135452196
5.40043058328922
5.24039420947216
5.54079852834707
5.47140524679323
5.7685335838148
5.63396788893032
5.48309630711663
5.649937105814
5.50770954136605
5.63702445490836
5.32987742541645
5.29310463167324
5.62202041667035
5.64160685364071
5.4918585659485
4.99284298953271
5.04015775109567
5.61292740497754
5.67544107539333
5.80468246032701
5.43607594219206
5.5803409643921
5.4998095649899
5.73286875193064
5.56353060636451
5.27374301995744
5.22152390672114
5.2649994219732
4.54462526572732
5.40236833985024
5.5580260674515
5.80301362045752
5.70482274969565
5.84153396540964
5.66582740285836
5.70288512672675
5.52596131793752
5.2886621593316
5.57040365824964
5.56659707919449
5.43341600255563
5.38241752143289
5.57046316977703
5.28717450239641
5.33942095646203
5.44689189319792
5.41647743995838
5.73331815076477
5.81700170169689
5.90234327805772
5.48972017986392
5.60312287297023
5.66933455583789
5.6826257454449
5.33735927224467
5.59662705842952
4.66134525859404
5.24821766136013
4.99641066826598
4.95125797451681
5.25183283555309
5.3410533534512
4.79979048019606
5.03527052141984
5.42616139405104
5.69293169868038
5.83982422487405
5.93533077268859
5.71575070992997
4.89396201531955
4.68067683143025
5.3154056707111
5.36520937079746
5.67373170310492
5.88665148959125
5.36468106661548
5.11494563002725
4.9151259220988
4.97894325228255
5.41742075838954
5.22978280193897
5.41605013032968
5.5393739524267
5.69280860780908
5.58085186660776
5.38866134706685
5.72998097146791
5.31054517080441
5.32201438512194
4.39117956769933
5.15581553502474
5.40682677305979
5.50938585198568
5.59500105043979
5.33248675512671
5.24656748225131
5.40937371899887
5.35678155541764
5.21905132955115
5.48667188639588
5.63875302575089
5.55752102918806
5.56610757135048
5.72676347453934
5.80885594174001
5.80804257888828
5.83080414060022
5.72799806641235
5.90221126319951
5.60967454053428
5.6241162438426
5.91482067057701
5.84168368843805
5.8840588311028
5.79452623462036
5.82660809265537
5.31828084786165
5.17375539034107
5.59166277693321
5.51264971508458
5.63058509632169
5.88494437179632
5.84089538639601
5.86328252642291
5.74835316521345
5.48999884094897
5.70876614173537
5.49640193971403
5.51155518245926
5.39440236766905
5.31094162461077
5.04341922807891
5.66701030406066
5.37887971330841
5.5423884058743
5.62848533769322
5.42658083943777
5.78949634986274
5.88771480282149
5.35771338878362
5.35161758006083
5.38351898929027
5.31591431343258
5.4931456983288
5.59632736962088
5.43249778653696
5.694854514944
5.85005941820315
5.71884921506853
5.49615752162164
5.09460450740445
5.33104465160011
5.12355134224518
5.21316609191346
5.23361973362866
5.3104696635458
5.19365314927188
5.35506661514222
5.56008615828779
5.51956423525435
5.67150418117039
5.58624021206083
5.40660295053776
5.63974572608217
5.22824657164971
5.26546490340851
5.10262262033221
5.31983962551742
5.45074701517127
5.70945373602551
5.60220221506782
5.38390627265671
5.48153483440378
5.42052719188615
5.52477816678792
5.50336117758614
5.37233908085818
5.7309658900445
5.86328234666541
5.81795934299451
5.69923870440238
5.17805236399748
5.1313500034386
3.81150721074227
5.18159559903038
5.40757712516755
5.38302858877949
4.962194230502
5.38706551725914
5.26195377568449
5.1172517335636
5.40038654674266
5.51211289353331
5.54819097318341
5.04719558285182
5.670033483716
5.68700405194869
5.69542360720671
5.7383484309684
5.66891981995625
5.70467913309551
5.47947306350048
5.4733994185895
5.24616536963431
5.21092479005055
5.1736109423066
5.58499941703499
5.6594977860459
5.51203524258819
5.8540696133357
5.83707353091981
5.17114304870547
4.65937698427309
5.26619170025044
5.26007096218132
5.54237952920887
5.65799997213733
5.28725873801783
5.54667266831121
5.09618202549576
5.23863308089738
5.08092499056379
5.62406320550439
5.38870570484451
5.7152158108892
5.23716665753024
5.33490078665387
5.43042562335505
4.81294431611397
4.90294386119439
5.17835775238196
5.07141387282902
5.1112398954548
5.37924165495369
5.51038210901126
5.64701001166273
5.39632430200244
5.53812062884715
5.42598785945581
5.55004066978911
5.49498230084338
5.43366673839125
5.37378181705987
5.54984118845761
4.54885890578013
4.74980618982541
5.19841860868943
5.05955353069964
5.07807483816201
5.19578261410646
4.91766203591702
5.54683260265703
5.53003243637926
4.93193901564996
4.43277408447666
5.19053129314254
5.18589058930695
5.6015901410529
5.06942070317627
5.47711096361856
5.62545315866643
5.58826139711199
5.2301012314643
5.48903177807376
5.60277197458552
5.65699130988183
5.65299645169429
5.68802277656416
5.77100660882963
5.75986106747608
5.80491112944311
5.73255318317174
5.66103986488831
5.60906548426482
5.88346552113824
5.63036674561098
5.58472798568706
5.34594659250954
5.65012726888496
5.51854761864722
5.56309458942817
5.7653127114236
5.51371281092155
5.57192993829231
5.62473790029892
5.53070868782163
5.64782489384272
5.42131683034535
5.31739737745253
5.10993429179173
5.23184535986426
4.18191676246683
5.3979891429833
5.73720717680374
5.33485821844343
4.83169671172025
4.72983763798222
4.94418933850941
5.08322589394394
5.47565365694541
5.04839314256302
5.6198896937508
5.43068358136582
5.34824946983978
5.59061757960906
5.67087264676522
5.43272031028417
5.48122957254253
5.180740212621
4.43374251723267
5.44463478507054
5.17997483344306
5.5451785773996
4.42087412011362
4.53156420445781
5.57780952894181
5.80356246100697
5.85354860713242
5.48069375592262
5.65080829345447
5.55715591687902
5.46902767478871
5.60389585726485
5.14155680933497
5.52297904363963
5.47805824875416
5.50638319430997
5.56110553445037
5.74882484649185
5.57596828969975
5.24902113683033
5.16123111564701
4.97590926174284
5.35612528803613
4.74351114861771
5.25542489796624
3.0618513588178
4.71647696223706
4.79557864797001
5.47469740156251
5.46490654733182
5.45796575717976
5.72636238622462
5.68323868644267
5.68464987233622
5.0478609380781
5.39575430037062
5.06630511808673
5.12178305855702
5.43357497132282
5.49507104513556
5.67220434474093
5.76978666916118
5.40046537253286
5.22062768028009
5.49949141348655
5.39224655539451
5.59469795796805
5.52396094024742
5.45206729682153
5.69818075652269
5.55183216518522
5.58800839674456
5.6837228755555
5.65713267833303
5.69347045999423
5.65790253374737
5.28278325640319
5.79644200306858
5.96229475128492
5.5899779175543
5.00628799337288
5.32145705587402
5.25344373030845
5.10007123273514
5.13477076240829
5.16985885211291
5.08962922802668
4.89652665151155
5.58106825943551
5.48060395582574
5.30697355514359
5.50298699632588
5.52816774073528
5.48626910142478
5.67462965394878
5.44559466543789
5.25858761612708
5.20080657779997
5.31422513379054
5.4550134045974
5.36354807908593
5.50953901237311
5.67220384424831
5.69785199768021
5.65211330151781
5.36458377207473
5.65131252747948
5.43891157448221
5.74733573847641
5.53244044050563
5.76086106756029
5.7998289675288
5.64100812696948
5.65997857249158
5.57943201525264
5.71474694013565
5.88394674918058
5.79283141682963
5.62337302698734
5.74546094709667
5.70390610546309
5.6799359287351
5.7382682507552
5.75646534359173
5.57709325277054
5.7168288754484
5.32026971780271
5.7411043505514
5.48064232250747
5.75717516295436
5.36076226499461
5.54574137974657
5.76978270283696
5.78027026065921
5.39850303027414
5.32168575949742
5.78369241405898
5.87876071362436
5.52810931188698
5.6682729470483
5.65403060450814
5.67064447351839
5.36449536315041
5.65347623056209
5.71412835654917
5.58519617911605
5.35181595834281
5.58240848767806
5.5665002700131
5.5628107720967
5.66426503222204
5.39374982649136
5.61562919562773
5.44410220756963
5.62800008848741
5.39174133914915
5.56303058099378
5.27591609566483
5.43006530139723
5.56769623499596
5.51450681645595
5.46880570365261
5.70952682824971
5.73686698693408
5.89128000505841
5.20418441392105
5.64417469783539
5.62172256640346
5.07005612442796
4.95953148114887
5.2503824483519
5.41919516371671
5.5645826566488
5.63022216605263
5.18608845619883
5.32033564421634
5.30949543934806
5.53549215798967
5.67130643118556
5.5090314660666
5.00069923402224
5.23667503964045
5.60089171961453
5.20046368391486
5.36557247784836
5.69740860527577
5.51672597307508
5.6256175572082
5.57975774963279
5.61681343341134
5.57954199755681
5.17691987805338
5.44895851282363
5.75264796584813
5.44444759838086
5.20179780552496
5.44997525449615
5.8075882668809
5.60720266294576
5.83489770890961
5.7004783135589
5.81315162837606
5.79681004188245
5.71680925205066
5.57519876073678
5.66876163188359
5.70563560748151
5.62172765903171
5.20706813963709
5.56079231497708
5.76506591092524
5.76585382443446
5.85670978682246
5.76180307545803
5.58429209193658
5.67585548882135
5.18725769767491
5.43936844802822
5.31667441726599
5.50688537659224
5.68457635181878
5.27637336686664
5.56266085952744
5.55203433817342
5.86329147435656
5.92739441825269
5.18640545341731
5.52578039435006
5.43395688316989
5.10910326769541
5.40469764518067
5.50912464838096
5.29642156437801
5.19260425716406
5.40069757003601
5.68710528437257
5.67211564343178
5.58856524011157
4.70408509281072
4.99673112357976
5.077807270998
5.62666231936285
5.70718654153886
5.85422963317753
5.55483462718172
5.23730789017279
5.45676351848612
5.15762137933922
5.09142942495562
5.63939060121393
5.62283539077561
5.596782193653
5.13018581056057
4.93590267805693
5.18978433416252
5.58624156160397
5.652851509262
5.76577409571554
5.50466855978813
5.62167595378807
5.15659889301743
5.22672451668424
5.08766256389161
5.47389871247941
5.53797609822392
5.52590896943536
5.36291002947765
5.3759417613181
5.28734227313886
5.07716367729385
5.43034351423993
5.52697606358048
5.72961854079735
5.45306180784333
5.45821923060846
5.64427877392482
5.40948058100742
5.56484176292709
5.50415615127322
5.21106483645976
4.407831531413
5.16458635694626
5.63150297844374
5.33839657576881
5.63575272474177
5.54719767453577
5.436314139455
5.17053891113005
5.60840760095757
5.85416464148286
5.76585714921073
5.38394890833358
5.39275477966818
5.44908087611616
5.76005973775874
5.71894940296657
5.60762180733521
5.05754807241006
4.68354602078364
5.29002619358089
5.53996821727026
5.59858401784556
5.65685084727425
5.64676375751114
5.41060833478465
5.14284797316386
4.98378826669861
5.1886146056626
5.53909235902312
5.82705999991353
5.90307402282373
5.92727706796109
5.83522407142862
5.67863642357208
5.40288979177154
5.74578093870073
5.74919184899782
5.35698482963551
5.41348936150474
5.52262741561789
5.85860344840559
5.58325530535197
5.30826542645768
5.15746323469734
5.47859445305901
5.43280260556086
5.6222120093747
5.87252314995199
5.63367021130484
5.52095710605051
4.54559190830618
5.41658975235497
5.505321361041
5.68925862570335
5.37937735229067
5.64258644816647
5.2059304444655
5.85925746587082
5.6822025967835
5.64496986091775
5.46708263878985
5.30873457964575
5.14216050457938
5.22165179752086
5.41925934500368
5.73383448286386
5.63739805277993
5.72505442948033
5.87103805886512
5.39333577304239
5.53406430376503
5.21017571121788
5.54640183288121
5.80742401138593
5.57009517736667
5.82011373629147
5.65117829662906
5.69003975970281
5.59441624363332
5.85767630842774
5.3325901295177
5.20857654553875
5.60683278388735
4.90229988755054
5.52142735030285
5.71729004955834
5.25952755899087
5.14932946103219
5.24156573914672
5.3930982183432
5.18244794963124
5.21832599281234
5.44906170925227
5.44175224810377
5.66612711256415
5.85133751423503
5.70104767270402
5.79846831101724
5.78748496093992
5.83475239269046
5.71208760790537
5.55380510736679
5.39527651813918
5.40996564361518
5.21188086445714
4.95970639449751
5.24477610399398
5.36104597026058
5.47743657293871
5.69742140056247
5.72481724844726
5.87075255996369
5.48470867729328
5.19550078502282
5.46582177002925
5.70110388692099
5.79294394549135
5.80502300050029
5.60938445619049
5.64392592231576
5.51219745988806
5.44596513233975
5.57185315422758
5.76577544168026
5.702856249577
5.57976090366098
5.42945396460233
5.83896563046087
5.7991157035156
5.72152411582891
5.51864653013342
4.9080454335751
5.00717143322544
5.23550174768688
5.34970857033423
5.47178049349591
5.21367271968972
5.33892697646897
5.63394948460431
5.73378537801841
5.83512273178481
5.73012327051689
5.72441043191853
5.73373934294795
5.81642164955235
5.41206883082834
5.2394883534847
5.38047691101315
5.44855484423
5.3385077578692
5.619373043118
5.71776358349824
5.85396095172108
5.78148583890588
5.66106003719206
5.22196547999131
5.25004719685763
5.47653404033595
5.53487342635562
5.58638292862589
5.48299993857755
5.48849651958709
5.53069253947638
5.39420127031416
3.94651138657963
4.41527439720954
5.55512325031113
5.10682924168975
5.35978388554012
5.56363204883229
5.49786787924738
5.51633956155655
5.80321710237037
5.31436102782437
5.67913188506937
5.57966371925974
5.50961675235151
5.43956359103254
5.39360004636437
4.79436872795154
4.59961523509753
5.22298400386946
5.32684597639345
5.24940569067214
5.57060100979685
5.38101227008869
5.72413153724868
5.60329475694116
5.25841946418357
5.40718080960387
5.65584691107467
5.49091862769993
5.41161882245212
4.90685748231563
4.89149174465321
5.42993382732399
5.51454795817
5.38035716485715
5.27718140499989
5.24440757894831
5.36317518461288
5.40979967009538
5.24054089345058
5.28608483255213
5.1840076220351
5.44712584022161
4.99647645387541
4.95213103782631
5.25082371905435
5.53321172566941
5.32216887652159
5.56769072746973
5.66777618811506
5.7899192856947
5.7190011163839
5.53965997988126
5.44090126763501
5.36983316828706
5.47925573497813
5.47866022470277
5.58176107483234
5.84560687239281
5.96595275887148
5.71997230964713
5.52938108911791
5.54929332318649
5.21845816671716
5.54699587250544
5.45436002364834
5.71972105768438
5.31456851098688
5.45896704195514
5.33304665686843
5.32855794201197
5.01894717539971
5.21882681534094
5.54196652974054
5.5787624005628
5.24018409723446
5.63372649304624
5.47833048155512
5.47938190282759
5.40021846170947
5.57886109590129
5.56820617313523
5.62510338114693
5.6027668553392
5.57172832536321
5.81309346406462
5.83409419841509
5.72711194984311
5.60221884836528
5.73777997193882
5.55601187704594
5.55654471443664
5.60777896605132
5.39845270612481
5.13552122927946
5.32019591282421
5.38575770346722
5.64186757205419
5.56330098109057
5.63216748968492
5.65735478349577
5.63123046160654
5.62403663013117
5.68067735786912
5.44179319346923
5.70683289242961
5.59179386662779
5.5503286470975
5.65458454894493
5.39122508143556
5.50952165461207
5.39872063110029
5.33108623740549
5.53634384545087
5.6023117291275
5.4497496206287
5.4220650975114
5.61349407055918
5.65302624240035
5.72793622547468
5.87135254973952
5.53620284527093
5.55965660445587
5.52681724852602
5.58993606538285
5.43163161692397
5.26140145423051
5.67180729114195
5.40505132176418
5.55276168194465
5.862033273679
5.71236779857803
5.65638474248702
5.62341620134892
5.60554206292154
5.61551769513776
5.68808292240269
5.65083293395745
5.57410799476936
5.50861250988281
5.7685591613234
5.56691210739859
5.4042663412643
5.14340552201252
4.89630911935089
5.0067234599032
5.33876979430978
5.3320990831233
5.25345712383295
5.28278719692888
4.95722411243388
5.00838904626568
5.3385593955123
5.45869676056737
5.37408453293508
5.39674019506418
5.53452232702739
5.6038581474311
5.50502669347615
5.72979308013339
5.76016977923045
5.71284539456369
5.37427747248744
5.75708015425098
5.75379225763494
5.81398803303598
5.64776906682231
5.82297634136715
5.54020112466496
5.50817501593372
5.59764537831158
5.34249193029951
5.5891789533923
5.66786744924577
5.76949744408657
5.77273801449017
5.67944196692744
5.90462704921787
5.88686338949209
5.70998137967769
5.35010057690287
5.17538821274873
5.24697642616252
5.14221254099862
5.39951492628165
5.15502365931878
5.21328898384942
5.67970431261217
5.7797125752216
5.53651274057139
5.40098231539063
4.85071926363007
4.95322444993099
5.35935525078439
5.63062570535
5.01176708243282
4.45440462982628
4.82479654708597
4.90652480805764
4.65579506751845
4.88893392945864
5.25851700230934
5.06839614609633
5.25919198640352
5.38523833433259
5.41496172462174
5.40092648343439
5.67302646416145
5.83437447611839
5.85960622742182
5.87255732924861
5.68429643863229
5.47759572567669
4.60945308612135
3.97043361176961
4.35734132184616
5.33758263904188
5.68252593499474
5.52072611618976
5.68467295241825
5.31766402662644
5.02363005055082
5.03234184138385
5.38160037208963
5.6886078624014
5.70223189662712
5.78509873637756
5.54215406493526
4.68019792438705
5.04040468299718
5.01088770192586
5.06500747263924
5.6727752457579
5.09887015898141
5.26864660740046
5.71468868595372
5.91263253724796
5.82213057293352
5.23734031024135
5.30855616206248
5.5528006036088
5.61814613636807
5.8138818958444
5.56262677298226
5.51776449203108
5.22973843063771
5.68007106464414
5.50463512572206
5.66980133838612
5.74942011787009
5.59896496518735
5.55095304304515
4.69143133198751
5.51206932931966
5.09430856461711
5.45231861138255
5.44064681658956
5.73312819048704
5.71036230080851
5.4719328404279
5.09498891191515
5.40967455850559
5.70002982932416
5.67916682956454
5.92558113519093
5.81281262136158
5.91227618282975
5.63683141560539
5.54864847692542
5.61956063132501
5.83846674610228
5.54895152348983
5.58968839788783
5.78817448112019
5.69024244060929
5.8870937006166
5.61840333324031
5.62732493798575
5.66918905987706
5.72889250084798
5.71174161213883
5.89255770429344
5.69512000495607
5.04602742318983
5.46346046381988
5.74586395871649
5.87089532015667
5.64959373932647
4.81276665928428
5.21345219029726
5.5022858344422
5.54930451657633
5.58829896536979
5.6175843816542
5.30045406563617
5.21646134367486
5.7045645434233
5.70051268050448
5.85910921739148
5.91880671215968
5.82532850985883
5.68153471789841
5.42983943759033
5.64956480178533
5.6581936585784
5.83128148018623
5.66350013214235
5.56806844539647
5.580586632331
5.75081918958624
5.51186355193444
5.79179205944549
5.331462586601
5.41696565939156
5.2890915932385
5.35262062033133
5.62031168569687
5.74398656664122
5.90302233704568
5.58796412285192
5.69798258266832
5.77012635727851
5.48066749811477
5.15146881631103
4.83684916169356
4.78491567163626
5.10736094040446
5.64974232175223
5.53838883312963
5.37850690114808
5.55987270088564
5.4268015041106
5.54821279065236
5.49512354878315
5.46251410580599
5.55561516676422
5.44466305742377
5.39406438346156
5.42754893045401
5.64623160713518
5.66550516643725
5.49953823082248
5.05698151390714
5.28768034431243
4.94563482818166
5.18126877513037
5.20463970990308
5.266283019035
5.18158594138389
5.25277461346382
5.45263452548524
5.8019969053435
5.66796838630866
5.63194716592783
5.69106270211769
5.5397411787767
5.38495199296796
5.50825548174979
5.80396934315201
5.54040454309016
5.5482496713677
5.39439035722128
5.72256200678277
5.3592938513154
5.68542492885064
5.38333120113953
5.13242186290154
5.27001549364327
5.30576172184653
5.64782920818392
5.33299069372898
5.09728821282435
5.47651992487111
5.48075670198523
4.91605928953911
5.0335122287404
5.31791320903964
5.1913336058231
5.28585005180168
5.50486721970932
5.68853965808015
5.58646537640701
5.51224437766768
5.79499998335589
5.84828425842975
5.91005563551646
5.59184512451046
5.74615825483766
5.180756156323
5.69384870636175
5.51962194895161
5.58682456848968
5.17913648130614
5.56613352693803
5.84800756658638
5.74810681778197
5.67928976341555
5.56328366482215
4.95855939543741
5.52154918611788
5.75760972872338
5.59025357194947
5.63547267667314
5.32911444836346
5.62590943586139
5.74608306144367
5.51581459128166
5.7768062438107
5.39751567311278
5.41117428298135
5.64662146484041
5.204032088144
5.48184350631607
4.920398659237
5.26034827210519
5.10213445222306
4.07757432602341
4.95138627444137
5.47586093759815
5.58873100467046
5.7057496028496
5.37777901921649
5.11121073648027
5.60036947325836
5.46973308194156
5.16115378092525
5.53141556193224
4.31262951886306
5.60904813156755
5.10711898043545
5.64171681872537
5.72542309488833
5.76033606498548
5.6882434430717
5.38819073523108
5.60079696688854
5.65937081852369
5.52897264053811
5.37909328219975
5.1049695587758
5.34309511772154
5.44231055721845
5.12723840703985
4.69204003720908
5.29249763837171
5.37383542764323
5.42767765744036
5.59357216453184
5.8293446425213
5.45330992150231
5.75071594125275
5.5843052046002
4.90766319320017
5.17262077130965
5.6057665561431
5.26996528682378
5.27593590945817
5.5801041323837
5.5400270544351
5.50513159072658
5.15802165011116
5.35882870483884
5.46151649468645
5.11555242111823
5.01126391920436
5.05615848718958
4.74668677815199
5.1455695425238
4.8981460447517
5.4320730676947
5.27712925923623
5.2981481348827
5.29563685237218
5.59807484457638
5.30904241748725
5.41770947366601
5.25284654614533
5.7271261509333
5.50893932984083
5.32831432642675
4.89866690808626
5.42120228481952
5.34685275301131
5.6339540835609
5.7308630414107
5.72613909484942
5.53654115532506
5.67592971629849
5.32713461987076
5.70100921744666
5.56720659930399
5.35247622122717
5.15255708810997
5.56829784237531
5.73715093480544
5.68265931707473
5.76801442312767
5.66038079661173
5.60932755519151
5.47892103317571
5.42168361179071
5.14179825335108
4.84433519559104
4.85285597609048
4.90433931812011
3.97355046545978
4.81590597648247
5.19956861876921
5.0598423904014
5.53102674374333
5.49655637866394
5.29901065031405
5.6731766003088
5.52084571512427
5.3714484978909
5.14803347588607
5.38781776198938
5.61263896500824
5.65116175662232
5.70133039451354
5.7772631199393
5.91814640944953
5.6265656253793
5.35257117075296
4.85765615740486
5.25365569814837
5.56686345257915
5.27345243120351
5.57941088039376
5.2666537037541
4.95045278829313
4.91038713966947
5.47879643109072
5.73793802625396
5.41093503239016
5.74020497127646
4.44743576711797
5.13740367249446
5.17569680860991
5.24982583291258
5.47252988112552
5.50121985010752
4.26453330978082
5.49015733649471
5.47989771448261
5.08272068351432
5.35586443742852
5.4967759426506
5.71887336754305
5.56882710033118
5.69177387662662
5.80193717411546
5.8388013223943
5.51840732127207
5.30079052403183
5.39008189932884
4.94340272733484
5.51764575237053
5.59285903895638
5.63793089118568
5.72639847299722
5.77114656325815
5.38795244806642
5.48049290092875
5.4763716255962
5.33565373303537
5.55238744094793
5.3215773577259
5.47294698900207
5.68924383584006
5.53582271006659
5.555222065698
5.61976137892849
5.48949673357487
5.37185218205083
5.53380472254529
5.7245868963998
5.72204853265627
5.24032726311303
5.50549026659353
5.72752063261825
5.52137359174651
5.38171039523054
5.22374125829689
5.25101016073211
5.40078291970268
5.59998057828412
5.48474949841688
5.32690930407728
5.47313071339135
5.63875297967465
4.92616359509947
4.44011172711642
5.07426090034157
5.25275982221502
5.39180020446361
5.32306519105123
5.52392195248187
5.72622572618453
5.34829152005496
5.33392920837848
5.48601614995504
4.72468203285652
5.44529878706014
5.5371209100192
5.78361348223678
5.73376029081009
5.81993150479441
5.66028602590764
5.58562673688719
5.72320259151778
5.52951349305176
5.74336360861412
5.70043025915337
5.40347031571182
5.54362919485389
5.52666730541884
5.47250004920713
5.43003831857532
5.32366010231178
5.38761606099843
5.50641676925456
5.63672285112497
5.39870842190307
5.67871862328303
5.80741066838041
5.83503831357906
5.68357580055408
5.55779503932665
5.52751094739157
5.64235688461196
5.50604476256637
5.60349254731155
5.69755576584548
5.13609428057772
5.53616649682891
5.81805014040396
5.5056293040027
5.1788400490441
5.29688985178964
5.52438588439665
5.52279079656183
5.7123187370019
5.30281128105226
5.32983119319107
5.38577198106352
5.53207980695645
5.52026385950654
5.82949497125537
5.43890849236867
5.8244292052716
5.59087111857699
5.74831213571889
5.60301206872711
5.58778080035522
4.9160641686468
4.73738929717913
5.5545547718875
5.41512300376261
5.30076810043198
5.42893136808361
5.29096691971303
5.41221455119428
5.39343399207271
5.65987057082551
5.49741394135112
5.63421006960716
5.72966660496568
5.59917906962879
5.35461379526233
5.65156021924204
5.50938434573897
5.44281267067501
5.38683550207101
5.76645650626277
5.64192385405202
5.63938233354934
5.3461214825566
5.34401351623355
5.61192876064291
5.19044983858629
4.96294989542317
5.40103805930674
5.56152278020785
5.46216645106237
5.05012945532147
4.78558510676349
5.49627387582841
5.28958836093104
5.6081830070935
5.49028503406233
5.40968167811477
4.9195322057307
5.55443632889585
5.47212778759576
5.64419059321012
5.62836310416815
5.60462421037562
5.6853785127774
5.53616217770179
5.56461137904865
5.71669797533331
5.39053509728096
5.39917591540423
5.79177444047311
5.82752531748048
5.46366896659204
5.64008954034143
5.41215800697813
5.1759165899689
5.46899331711412
5.65771258858721
5.21120706913617
4.78846845911829
5.50369695500944
5.124998883653
5.55301237482749
5.32351602079701
5.10722890795177
5.44625413596516
3.91339060423412
4.94929468171219
5.27248280458162
5.46340654859319
5.4656589586388
5.62290993118234
5.7762028910838
5.82583571640457
5.5666134574903
5.70489531079197
5.56782994201063
5.11530929868265
5.21165480390561
5.31497889808756
5.64753308620011
5.27983271830435
5.20402247729889
5.26273886333745
4.92490458197756
5.53503566440406
5.22180360714841
5.34160691399641
5.31902900035006
5.55286821712376
5.50218275166227
5.72973375283547
5.7010519846682
5.25452026180734
5.5429754042497
5.38429852331237
5.60970348626482
5.52210009056968
5.25737726735549
5.40043316420106
5.63717396623282
5.58354643964549
5.76065849207428
5.92981863795595
5.79748910068116
5.66082365965256
5.46750513770759
3.76838927932498
4.90157824098908
5.4894101112267
5.40766157376424
5.68250763358357
5.44092926210732
5.5825501691797
5.24401900550917
5.56233413708405
5.6648861074268
5.71627499611198
5.19585647720999
5.53230897476418
5.77716577462575
5.73254583919068
4.87673340823452
5.12665800541933
5.61415866959126
5.41924938932037
5.5446528673394
5.34748615306627
5.63513905550459
5.55220177335801
5.691668840383
5.72262882916233
5.13528074870448
5.65032308516981
5.65505873864139
5.83946095476649
5.7574788643604
5.51705898416968
5.6536646184743
5.91164487893559
5.64236351841652
5.70368463501252
5.23128569316742
5.65673169635299
5.54545707402969
5.24498246379877
5.65088933786179
5.87323175104701
5.29437288785077
5.50033700558141
5.55532569239016
5.65168619555356
5.79533857379094
5.79253286831337
5.84340942548688
5.57791293300372
5.59634221885386
5.47244491901375
5.72039305870792
5.6866685396747
5.78295826212102
5.73621015743594
5.78938181605067
5.32593405243182
4.69403568017418
5.32493482350462
5.37833796098479
5.48735683057707
5.39060944876
4.50806315333099
5.54781916368908
5.56840044313864
5.57177919916926
5.77968451399336
5.12290517083616
5.56552884654862
5.51849447635406
5.49069175183841
5.41003027089011
5.33221508803005
5.559325623569
5.83869963987879
5.67960400535736
5.54066037736866
5.31567930355302
5.45119661397597
5.6101923601432
5.57244698476913
5.63148964272251
5.60139462565772
5.74902100431931
5.57021587621403
5.64385271561434
5.66563770575268
5.42863239931725
5.09400357152728
5.49907519345881
5.7205874532369
5.67048402787507
5.68837121465459
5.64547528614689
5.82928804838557
5.57324824472955
5.74166746075797
5.60471078415752
5.76592448366864
5.84913388991889
5.74118707462874
5.63684111499203
5.59152614329522
5.69436622555474
5.65280590901964
5.64963594364853
5.48221279494191
5.75303086850661
5.85770850446194
5.67541510865297
4.88191149965249
5.41963955123436
5.53153583886224
5.51028315469979
5.37146328713251
4.47357886163539
5.07992184187625
5.18180872593986
4.87003202235429
4.98627664144161
4.99558829919349
5.17838406887673
5.12256363763223
5.68888697082551
5.31730424054033
5.71139397478661
5.47161712298598
5.71824378323749
5.78658309571056
5.70771802115286
5.66614083846005
5.83741200361635
5.4729457960057
5.66584928707495
5.5345642809647
5.61047129786466
5.77933883456356
5.87693916764601
5.60970796246134
5.24501928301074
5.68646812414603
5.45122703225733
5.27943813879541
5.59758209707393
5.66188422223703
5.52641223189982
5.53008191941377
5.59890903333437
5.57838530817028
5.42954595864546
5.42161740862804
5.57309833066899
5.65140652631718
5.64853199410554
5.45441349225993
5.61213586149159
5.5508743176575
5.48308381261909
5.57155481534349
5.83169201503669
5.44029837330198
5.51665076772519
5.61678315608057
5.46530847257717
5.7050162214803
5.46292330219747
5.69796143498624
5.2550456838938
5.2080714535928
5.29241095788289
5.49178613324592
5.0934550579796
5.14945670642763
5.45849232628001
5.63543195039696
5.70098819535492
5.35593791626109
5.46429075678742
5.34304426187854
5.56620878985781
5.29479959574844
5.04119920499343
4.95612936822109
5.29430950924928
5.18281123787072
5.40704116314619
5.29404544823207
4.88755400035786
5.37619929292362
5.51029194427652
5.67716191480529
5.76493680006022
5.86668907223586
5.51224817154153
5.41414489248443
5.41619582201656
5.02793798869529
5.3861613890818
5.45468214032939
5.56231760792655
4.98832436489189
4.48570464490728
5.24450555008997
5.2498539827246
5.28181599390234
5.39505191999279
5.60000197871908
5.71552614607496
5.74550203160801
5.63667193502004
5.86339089295304
5.86226758765846
5.40534064110602
5.41189841842603
5.8454023581418
5.42577788055311
5.66382679690928
5.24509942136662
5.42502193855632
5.75246111968602
5.55268257734187
5.77641374214279
5.80820216487406
5.55821607787995
5.79418339794543
5.65526216428248
5.56046306714103
5.61177447448448
5.59158163070887
5.64385917373549
5.61027319479661
5.52291084091421
5.66345470083036
5.45677046842923
5.63347228209185
5.5959938943714
5.35847033461833
5.5252795660263
5.58584369595962
5.71615731922037
5.3943472754232
5.67653380041171
5.67170276434894
5.43528625507266
5.17438538514411
5.51803941433977
5.66627657494933
5.60964033649348
5.06651928520171
5.2254357346516
5.61936550703781
5.55768109896182
5.73882287268093
5.49282364429643
5.05181891037413
5.36179686361722
4.91472689240183
5.56483099275797
5.4982786669317
5.5871428261709
5.77198697613675
5.61860642861235
5.85681777276893
5.60785166137098
5.42570376215903
5.24232913124505
5.00109065529794
5.18251912932604
5.60056359458758
5.70907575756139
5.56936377590205
5.72462443460049
5.84998483124033
5.0487005579087
5.58371031058348
5.24881458041757
5.65808219436794
5.62288130357549
5.8106478683315
5.73432392606003
5.34503087427146
5.38402766714795
5.23122676183321
5.32391426991481
5.62237265243442
4.55733814995107
5.0074899160818
5.12537638896665
5.40467976312696
5.72829959247495
5.41522282648495
5.47968885043454
5.55077302527154
5.67830796305519
5.71911594942971
5.67833944077019
5.90286547926594
5.37152870775707
5.6991017016022
5.67059295184282
5.7139978355063
5.80789523367963
5.53105924506815
5.59295947220302
5.71543311425416
5.4228432373632
5.28072589165449
5.29374145014357
5.19224829250239
4.51620176979132
5.24842282574094
5.65267419970128
5.40657820364638
5.6651434132612
5.62036045502845
5.69749422337357
5.71853475552901
5.66996774155658
5.21191968046465
5.13073783331528
5.20259540152356
4.88191696512657
5.39208438920347
5.4644602667555
5.41093631988588
5.58015100835173
5.51110847688821
5.29342841196216
5.17937084221683
5.52963639876549
5.76071576811005
5.46509265338217
5.87083590869796
5.84733237584555
5.51516652410511
5.40502367902026
5.30412595956003
5.71453325305452
5.80133874113772
5.76121689527008
5.58529391530708
5.7420631716
5.56967797194379
5.64254210195037
5.81970131257647
5.73073958080323
5.2586601393579
5.42571847973283
5.69134012893464
5.68513189610082
5.83836376910577
5.97432292426074
5.12106521138711
5.53047724827545
5.78068398906558
5.8126624983751
5.51259200151857
5.79214306337407
5.73011275119867
5.33965752929669
5.62908853133485
5.84365649029101
5.94923421709063
5.91108867588132
5.36452176073779
5.6633964546379
5.74494188845145
5.82195625417073
5.45757922138313
5.34948275973415
5.43169693621258
5.75978830085832
5.85326565426373
5.89979743419319
5.56893461372517
5.52864060764226
5.76489846314704
5.83400840433039
5.8817616925319
5.64535471735299
5.69395276126952
5.46076133937272
5.51140436829642
5.41978409260136
5.48753758473965
5.34279259029728
5.56845016863103
5.57527952979426
5.74022936656024
5.63378918488872
5.57210509205023
5.27803386489133
4.89773939239874
5.64928421847192
5.6353251156508
5.59067631673638
5.50993722800522
5.4107751676544
5.51023739587209
5.66480124890596
5.82494492934399
5.7124633860045
5.26612326559603
5.50571423183074
5.7818770710025
5.62986970854682
5.79290138943323
5.28645284319645
5.51611690465577
5.32998614374271
5.76494301796986
5.63538926866739
5.05188395113054
5.6401026154982
5.59171132079078
5.47402691657716
5.77317439424524
5.60251548128596
5.59452236787997
5.7146170610203
5.88747270076774
5.96640485839644
5.82714889341244
5.54036420091925
5.58474640530698
5.36471999376552
5.79671494387486
5.57517834629834
5.44018784010845
5.31962206666839
5.29746759790946
5.57449947945794
4.95933884602988
5.02709275755902
5.371452138179
5.42985361444861
5.51309156180238
5.58272478546562
5.86861103195517
5.94647383599929
5.73302814333062
5.43507739010985
5.58444958967976
5.5238565974529
5.65873925971534
5.83259906278836
5.75973616258461
5.78211421251545
5.42690828079813
5.6562833757785
5.65180081224153
5.74023460363126
5.53732149484067
5.08139958350007
5.73164926723772
5.87204063971372
5.87047513798078
5.76902506870678
5.67662347195936
5.12938656877069
5.54392639034753
5.36076562751658
5.71437336951709
5.81092911655274
5.6481624114214
5.7950600462364
5.65319928555571
5.61835033213121
5.77277517774189
5.49116101272049
5.54673153928326
5.31062945877863
5.63633803067876
5.40001056373213
5.53578115896256
5.51663909883304
5.57152599499745
5.7046384139283
5.43194756197468
5.08667055212466
5.37085046287159
5.59003374313109
5.56095681045895
5.41938128954288
4.95106827995556
5.47278682741581
5.69127862949677
5.53664084752117
5.05798456740224
5.24319105091668
5.11822693511111
5.09643001085443
5.26513252869764
5.16297900905162
5.46281526756986
5.13040389663389
5.11622860037054
4.15757787421001
5.2325391585437
5.65625416971403
5.6244521277729
5.67527769206132
5.59855246295218
5.4928426271227
5.06819560720306
5.20696536504905
5.31193060472198
4.87035937191536
5.2044101398764
5.73233708114017
5.63538939759789
4.96289081346242
5.12463143414245
5.30552352915805
5.05903454254794
5.29160786757381
5.16997306190015
4.90804480210046
4.84777171148488
5.38342797042444
5.29490093382862
5.16821924452524
5.11279565078333
5.35656380671573
5.51047952089491
5.77897251434737
5.52601806361849
4.5692966816213
4.81892458619186
5.06960197650153
5.26248099397605
5.57745653041898
5.75826641442182
5.46089441581672
5.77140562492857
5.14888734071343
5.28134110012959
5.51737011583856
5.38824238793171
5.51297065158568
5.69078463628484
5.79373853210105
5.76848989098747
5.79980623113413
5.83197403287981
5.63235173407052
4.20913982419269
4.97543366519049
5.57515562403073
5.50995556333741
5.31481151430025
5.58202312498556
5.55366084254449
5.56682717544744
5.85547631041793
5.62027466231273
5.71644142880677
5.79159072877824
5.65032993803271
5.64265649629619
5.41978257621965
5.75033610520543
4.51367442517663
5.29613977047778
5.37937919776755
5.51040952783575
5.23248815951927
5.32245937152385
5.46519491267511
5.57472937479827
5.37453996082939
5.68602976962745
5.32276345654028
5.47748961243929
5.34247152701828
5.49666107871381
5.17961995960382
5.45846062062371
4.99197708348517
5.27854940669757
5.56771814880655
5.68092901709734
5.36318667164991
5.39799757972157
5.10025967847738
5.54123241189391
5.6060707906788
5.90024606075354
5.74481041953159
5.54575304993989
5.81345786061215
5.83734527413024
5.5805720566997
5.45655987785784
5.70344276891236
5.75265785073006
5.61373879406998
5.81496307771761
5.71643541867676
5.80362290242809
5.8930806640673
5.95167966115371
5.91979597296359
5.56853818926755
5.88072048714131
5.82873357528936
5.76676317479574
5.81328772447301
5.15426776323164
5.60325194976873
5.4101755338198
5.36397781507017
5.55472462796994
5.5283678587575
5.0070833389719
5.24749841398193
5.66373949999889
5.50510076838152
5.51628977554707
5.5452577518048
5.42582688822289
5.52705788862535
5.56638358470725
5.53473095261461
5.55147097510134
5.83929756795715
5.89916376889953
5.77202854728107
5.73184579240156
5.30112181629137
5.63498422755607
5.67671818363031
5.84239315960306
5.71075116994036
5.46303702500771
5.6521609360673
5.47535172723774
5.7486475705776
5.78858598688697
5.86542960057989
5.80436276143881
5.73771156597276
5.80691928973579
5.71205480931107
5.47889495999523
5.36168445703266
4.98438892574455
5.55359528127714
5.38767508028236
5.41828731367791
5.69947332195986
5.61628155888054
5.7210789071566
5.74327332627562
5.8138910559088
5.91109026117732
5.79110824613649
5.29404355942105
5.654432777828
5.48357455683277
5.78630095737308
5.60744666987688
5.43985058281065
5.63819602062397
5.44070517566939
5.61277116405209
5.77019437361468
5.18927357320931
5.598523152035
5.3309339329747
5.40938824763553
5.24792654448883
5.0575528955405
5.29595689865332
5.27719378644902
5.39373088078229
5.37666191052401
5.42592093554792
5.69157774349784
5.66880050564004
5.59145682360394
5.63786973630537
5.6286494993629
5.45249563051077
5.64001645938582
5.83332021226152
5.55788278622635
5.24202914402243
5.39111440455124
5.58124413395461
5.30171570929849
5.76929288252417
5.52024281317658
3.6186348795695
5.30948790373353
5.28114614324962
5.20941154356155
5.43528252396947
4.67310524340519
5.24283321806722
5.60519563859564
5.73665575924328
5.82784284351319
5.49155850986142
5.58821101995078
5.85052763214019
5.6439535634819
5.35489768530331
5.52099637158008
5.33957370341322
5.51837714648034
5.32072000044263
4.59709571735517
5.12652049887638
5.41887101354357
5.14556713938333
5.61038808148052
5.48756659515607
5.49732445554371
5.4603936576093
5.64887890869896
5.77415451464214
5.64306925168355
5.6308064914215
5.63766767564197
5.5518813859869
5.5397713650119
5.64207496573364
5.27098124946562
5.3089891598712
5.03959170936068
5.34039883391514
5.32348981150456
5.37344178808399
5.74007087906084
5.71545469428903
5.56743020904257
5.62625675010371
5.56780998479387
5.71067304540654
5.81412590088175
5.52138877126156
5.58084312518955
5.38198228108054
5.57709928038477
5.78809857118199
5.89369090852716
5.91666170492914
5.87421263873994
5.72302006934178
5.94463090143897
5.53612750004853
5.81766989036566
5.90566222233763
5.97418262841977
6.01348009132839
5.91288853665757
5.38373780683683
5.441707111864
5.39097537302045
5.46904653930058
4.73284332957004
4.44640096730543
5.20683983123348
5.52432916647338
5.76589547261096
5.89678310261871
5.62233967958252
5.45535375836447
5.50509280099957
5.71088020860835
5.78851268168434
5.5521027854046
5.21015994468831
5.18774894243508
5.5512039391309
5.50808762407955
5.41334444224869
5.40798472404396
5.16729158732239
5.21433043666654
5.53334943940031
5.67898543922913
5.81747131775719
5.42471226561496
5.6537644046937
5.41925176792962
5.1026969434472
5.23439504440783
5.14129333838287
5.12865359246137
5.38677759456167
5.52721845166523
5.54321778733301
5.71770993476418
5.65991573039763
5.59764374453353
5.55244880460656
5.69932064116366
5.5030899709097
5.39863452673576
3.28502830401193
5.29198099386673
5.78998572098192
5.74562709970596
5.6508699341895
5.44897461901294
5.42344917456842
5.3886067887844
5.32116731171207
5.74263011846782
5.4507667263343
5.61520890117086
5.8203916610014
5.74185122673095
5.68600555036404
5.80245392025193
5.54739148119522
5.61887712026858
5.71951563328836
5.82915167698674
5.5151781830538
5.81107252541447
5.65048854955793
5.0707673515045
5.45250089551609
5.2974772511944
5.47829365849767
5.67024423749917
5.12106886207712
5.54451286312959
5.34146269849013
5.46418704409445
5.27175742550401
5.26195032824659
5.65260211932687
5.10346547857915
5.0834076374834
5.56701499512783
5.64526652422285
5.62622252391756
4.44684682149086
5.14455459202976
5.66182284545055
5.72952820128184
5.51656265335473
5.23460472302617
5.6615378507879
5.29125503676751
5.20947584827482
5.37975008478272
5.33496738412366
5.58780006259627
5.61144394301643
5.65457971579378
5.24327931905774
5.58342855006398
5.50420129851454
5.8329708725276
5.60980532653
5.71147968609782
5.82687600581982
5.49733154922178
5.78101956450163
5.70608449272808
5.38662134616082
4.87631189995394
5.10084471453644
5.1896522620992
5.37346008539273
5.4289768450794
4.96451218667863
5.1308286572364
5.13558679864327
5.22191908677208
5.67621194416364
5.50389733210657
5.11903778202541
5.53355838475936
5.61463141751969
5.81472329353318
5.92027945254653
5.74771095512127
5.62392432026447
5.67891803125419
5.57149144851001
4.86554568963076
5.35215270115155
5.36706550672125
5.61931017284356
5.29409182168206
5.30159269489576
5.75630245325782
5.74218631434049
5.62423108919144
5.02433468202439
5.0986678120916
4.90870473000658
4.87806081800791
5.0946348452257
5.46063589161394
5.61539599278035
5.57242156447273
5.5772942222157
5.6299955186965
5.33064069631169
5.43587692186642
5.654728954994
5.32027229823333
4.98272598349095
5.48495100749869
5.71792169767004
5.54486519453213
5.40025520769538
5.49413731199578
5.32457315109058
5.2966683799935
5.41823716737799
5.60246718347107
5.42800662289439
5.19107641271594
5.20517678995556
5.25485557033043
5.56633163823847
5.61494153916243
4.25895820840905
5.21473099219258
5.27308083814207
5.5049998403864
5.74612432747913
5.48223184692072
5.29666061597431
5.16232566028395
5.28118234967731
5.4325007011263
5.52479589689075
5.49414101395328
5.58111696989998
5.22565210941751
5.2798626494152
5.02792383028472
5.52085799454788
5.69785672338159
5.61939852303551
5.7415860532176
5.92761897110882
5.6395638044153
5.06227033008455
5.08891785036484
5.43079656504959
5.64648645112289
5.66149548636688
5.64797601328666
5.69196894046732
5.62563397859565
5.28783114447905
5.50128905412899
4.97279970502765
5.04674234394219
5.17451898405824
4.72293654707029
4.99458426153839
5.18401519610633
5.64403560646429
5.78814228020297
5.91670023837487
5.52242811287534
5.38961376497148
5.03754889281322
5.40206481239905
5.46752080578707
5.53356175714038
5.02975570197556
5.38385203346153
4.93468257739022
5.24250708900387
5.37370190952318
5.47047574631997
5.66905414599501
5.57900637399315
5.49802098333504
5.70204043963466
5.43551582289765
5.5806593021923
5.473106979172
5.35321713191909
5.4812900261343
5.7868680351104
5.01191839206767
5.62800971995109
5.82583190946295
5.44291798022168
5.28091447059146
5.37590631369653
5.38949696517176
5.53880686591533
5.62137219394969
5.58126917016406
5.39156465430982
5.21985270596183
4.97008940080591
4.69340566723283
5.38140041517763
5.56256826249714
4.69623472544041
5.13629558084253
4.8069488756737
4.81222840505396
5.06682014998398
5.05889148071103
5.64411002721201
5.50038831460536
5.83541586411914
5.57984698479567
5.68107982581883
5.69434906916088
5.86131074133754
5.56446780686742
5.39401270878078
5.58226648680423
5.69526584741652
5.8178824515965
5.6035432544148
5.72380034068659
5.86379727025433
5.50494134069328
5.23930935580969
4.71395970303863
5.04026691059941
5.1359315774009
5.28157061038518
5.02403805406961
5.484915777643
5.5801296836706
5.53806505230231
5.69771211588227
5.39980610700672
5.34006980786614
5.49270831818351
5.17182410116499
5.42788495713354
5.49610658453364
5.16049855641445
5.11782092960111
5.25025948941973
5.3952618042785
5.51759801973189
5.32944019403002
5.53708050901102
5.65334372832723
5.71854845136459
5.5980427664748
4.9244671133076
5.39029363288695
5.20437976321739
5.03991831407386
5.45599423555011
5.68369344021536
5.63943849513864
5.74907362668585
5.27746658642621
5.71877753853044
5.76777557983367
5.08418478302018
5.38091790156446
5.74713064232927
5.44250032199919
5.40539791146458
5.65062758379397
5.56544038918259
5.5091430534663
5.42298784037793
5.69495529466388
5.89036217106744
5.53407685132444
5.73870575843459
5.47947793205093
5.6888658995351
5.70008028767402
5.55812377887789
5.41866418697202
5.52704113202596
5.50066732919503
5.11710878121855
5.56413295836402
5.6176126327301
5.4650020468631
5.62546086792738
5.73170772130771
5.67078722581655
5.26120185953884
5.07777935641373
5.70596758751858
5.8066473815903
5.56890742957204
5.96134238061641
5.72735165827041
5.63041035854581
5.62700075753863
5.84007742219825
5.46859760143093
5.3202796431703
5.16984878926696
5.0995395669163
5.38443288828913
5.62571936540794
5.6210251336497
5.71813500339726
5.74847517575804
5.6896095737436
5.87074089179842
5.63837900087112
5.24960301206434
5.44075984534856
5.53836095553978
5.52935415169672
5.56105475612431
5.83301527022996
5.7602126576239
5.69705746880499
5.57892580029451
5.49503342765595
5.31270559527193
5.53657319569153
5.53980704329127
5.37024074392803
5.60353453332353
5.71576211343115
5.22685056229053
5.50807062370298
5.33832002583399
5.41041879358943
5.51050066893756
5.48891268130079
5.60522955899253
5.6398053047396
5.43304606182275
5.55694234151597
5.50747411131708
5.79657575980436
5.52292213659728
5.01095613553419
5.5120955884239
5.50171989695396
5.39908808906485
5.40119729392716
5.21920790706057
5.5556863862359
5.82921917159666
5.46016584880443
5.64389905396715
5.66368964699349
5.86167715575799
5.67385055250428
5.29554977455823
5.17981238193989
5.14384099767326
4.88911057257271
5.31233740643754
5.54680050335924
5.4509552657703
5.46108950232782
5.47096870393338
5.28390231680508
5.38445341474797
5.6104320295302
5.74288291742861
5.43039574900877
5.43070058238486
5.34755450650131
5.1529535534601
5.01815562327593
5.2323132592835
4.92985550956495
5.25790935806146
4.56507643841681
5.4860825050115
5.34154403500038
5.68165442912484
5.20067639326476
5.40801941604263
5.50204699134328
5.58562728537547
5.57439076175291
5.66532947305582
5.51955917843428
5.26962576757542
4.7108226635257
4.59436012110219
5.12495004997681
5.50505992763536
5.40919180568934
5.63176479773583
5.57534521979903
5.53540865696626
5.10115157253838
5.34027858041996
5.45268293658488
5.61101144429387
5.80495631108348
5.74640755161342
5.54486003842192
5.5909795832273
5.50856326619738
5.43863030482688
5.57566847219083
5.21805037411775
5.51729798933006
5.42435781077537
5.23332635405869
5.1328060740961
5.53024590141818
5.69907647760894
5.79635201245756
5.16427598873954
5.07098119357645
5.54006345082683
5.72486008659228
5.62334865454297
5.63854545653026
5.45964416249815
5.79612354122756
5.94892031992467
5.84251939927042
5.19593505050481
5.53341847271253
5.57703577592014
5.30364258834121
5.53908041374102
5.72867417796227
5.61338930155874
5.81264613739046
5.42603260101441
4.98035131880957
5.14752607573237
5.14678048223037
5.26812928745375
4.83802020293665
5.12869716197416
5.4605860275622
5.10357606740999
5.28124996931135
5.57485721702773
5.6235213381233
5.89308747726898
5.73451899434795
5.68106190715303
5.76963839482293
5.64879151855685
4.7256246175544
5.3716688973663
5.60640601234352
5.37740135325176
5.16866618018713
5.46744683953884
5.70633277355093
4.68935000668717
5.26202450722722
5.59013231126696
5.48355131505851
5.414878391862
5.6554572473797
5.48127024490962
5.28274603232838
5.51333645306954
5.21549823971824
5.50417499983796
5.21200417640898
5.27200573773152
5.46763139643703
5.49699462788422
5.53052891674987
5.77941639378543
5.6920478517051
5.89208039503222
5.48396867888749
5.47067465309678
5.57548928866978
5.36574770564008
4.91970080468861
5.43720226586627
5.4267030135003
5.28508447349513
4.80103943979079
5.36127685566554
5.40459197356271
5.24316297318002
5.48329911490751
5.78111977840622
5.69177833334975
5.87264533473722
5.59101520645787
5.33266965611696
5.50601239313985
5.17301271680398
5.53038797554023
5.37995573903241
5.29962708524665
5.45241573402393
5.25051363435186
5.27625691089602
5.31466301985334
5.38257528807046
5.78116679698376
5.48286465481167
5.73207086967437
5.31881150783144
5.31646286045993
4.55449772321435
5.40117281594121
5.05610697742892
5.10109159952678
5.33096450053933
5.08701965853573
5.2770873382664
5.39276922399354
5.4915141237942
4.85299972748114
4.68332660930631
5.08607576676796
5.03852722643817
5.48431555631048
5.83276535720869
5.52748784695542
5.22629635700861
5.44960651937265
5.48312219138109
5.62700147029535
5.672548935794
5.60763354593827
5.37395513995686
5.44445443381412
5.66757278331816
5.45629874103624
5.5624189279205
5.50807961255844
5.31448343432244
5.54342896688867
5.33269123644653
5.43497419490107
5.43288181982565
5.46947001285737
5.49537771503626
5.78706661860125
5.896902702118
5.71121989731377
5.56939280989734
5.80023850970366
5.8106765832193
5.23627876069777
5.8189298519807
5.50536564276075
5.66120906867447
5.53530048768985
5.81921744419235
5.61624244916433
5.54214416781846
5.71424990110459
5.58754704346293
5.70633533136904
5.42166810131172
5.62842179807245
5.17472858200034
5.65591932731534
5.62081367564448
5.31977265860518
5.34000107103198
5.30144759514618
5.66540854251427
5.30688961850504
5.52849074253396
5.48377859449811
5.17240657614132
5.63410577894683
5.56664687883139
5.50064240856589
5.76271382363622
5.15022841131651
4.83500055321434
4.44888454776962
5.1706649121443
5.38805175390712
5.76934251446217
5.71248410259873
5.67683181317024
5.61181762882214
5.24070633539462
5.72850254503718
5.69319641650673
5.19017976482577
5.13873607168642
5.07512357849838
5.44896045970491
5.84029432638432
5.75300695354135
5.76022732212127
5.12509779198569
5.28042236209299
5.301423466265
5.36808234769404
5.44994171425268
5.53552720116603
5.50380930227607
5.60963093583303
5.8381979739043
5.89364278481793
5.68394670529599
5.42059410711667
5.82853026051732
5.76401376778925
5.71222094988773
5.45871989669643
5.52343436156847
5.62644637560996
5.34468060658684
5.77110873870591
5.7934796169654
5.70177447849571
5.82697951736109
5.71451283507041
5.53293444159911
5.21909541145992
5.30714982435985
5.31010073810075
5.45782182469205
5.26197831668586
5.43674296672006
5.62988110598253
5.77716176002568
5.55925407421636
5.54443844358341
5.69424242455481
5.80500286831421
5.63891187670591
5.53533959118649
5.49823001132856
5.554570523107
5.56653363259064
5.23851546818482
5.56666477927551
5.53027227681137
5.39136237675072
5.31494891322219
5.0552240466581
5.43226056176542
5.70064947774489
5.54890513640567
5.33370801621498
5.58170821945994
5.16344853866856
5.45467570732319
5.35867828704126
5.38888953367632
5.16590734099739
5.43358554815416
5.41074547175578
5.68266960011678
5.76294984891933
5.6335682510278
5.61396308347197
5.4442404800229
5.70880004751519
5.62963914619554
5.73608671457059
5.64685557071671
5.44923419414286
5.1387265611453
5.13625986482431
5.39421318384197
5.64025882086749
5.7284196935749
5.75709443655681
5.63498595225176
5.80246106510603
5.20374943901548
5.5360742597214
5.4112674949903
5.06807596553577
5.56763073222372
2.80835050082696
5.02037293712221
5.24468721617163
5.32566060008041
5.00664136706891
4.46136455295482
4.9392710559014
4.42878884143663
4.16958657390519
4.61897999477775
5.43191876724184
4.90146398486458
5.04031724956411
4.9589738700374
5.23566204630345
4.92718252318993
5.04952374078846
5.04849762718168
5.51287392703251
5.37171258492276
5.58156024119721
5.58001899529071
5.41979129437363
5.63904229830833
5.09119424631393
5.07029578360827
5.02769395462669
4.92812520993758
5.36520536442085
4.5714771818749
5.63971848701172
5.73282467271911
5.8979979037279
5.88269161456591
3.34578825330469
5.35680960525256
5.59787196649412
5.4178537599342
5.73756819349942
5.86876895874339
5.75133102711614
5.74858662304884
5.43472573788555
5.56676750738211
5.48687150013781
5.32729098565298
5.72089624632623
5.73429430247568
5.8691831241724
5.75903110921823
5.38640016687119
5.38487083691401
5.08252856500755
5.66188432670832
5.68046901765623
4.96918953365238
5.29804490132479
5.60150185249548
5.8010988766741
5.71511825675461
5.77234002536262
5.41286683510033
5.57659302211493
5.57967802737639
5.70541020234583
5.62820746790281
5.63078120147972
5.66426687368906
5.55770260983661
5.599001198828
5.90275938827558
5.691431161215
5.52628290437704
5.74895376627039
5.49969379361817
5.00125355485212
5.3611041410364
5.54986149470551
5.72532981072103
5.66647975992747
5.79849983312744
5.778550149978
5.5810509302305
5.52626326441214
5.54964339413506
5.47964092436865
5.56592731765439
5.21973803135257
5.37708142772873
5.02003803183897
5.05810078003943
5.56007103288022
5.47146708477974
5.04328546963927
5.43206215301085
5.58463844214716
5.67856797226643
4.78637417029837
5.69674016203573
5.63143348207266
5.74026285079137
5.44042135608934
5.61675900845669
5.38190089974883
5.56682999684946
5.6994312314353
5.71719929268473
5.47340763408643
5.80267808126169
5.64428582882077
5.50670927768258
5.74874419835515
5.55066870862961
5.51710698155011
5.6088461763324
5.5704156496641
5.23855360428523
5.18158097699512
3.99631606902998
4.68520663124268
5.35155059619167
5.53177984048297
5.64391785385595
5.57699749370534
5.55489992686472
5.44123963005926
5.65285885165098
5.50403169313805
5.1215048663552
5.44067917486618
5.47242169512572
5.50166783045835
5.53580158742335
5.2620395404614
5.51453572836436
5.76222109473782
5.8650219418238
5.39782509887408
5.51131248177001
5.28028730493542
5.45557586025769
5.5170844360908
5.3982022508272
5.31458303952842
5.49908044996759
5.51460339457782
5.4939847743781
5.67938043407717
5.5797649762973
5.32634465668181
5.21887249719613
4.9472125673851
5.39163008482351
5.16836959311507
5.46424139282984
5.46982032443328
5.57441473429569
5.75018414814303
5.88487367177834
5.54176928282507
5.50361997413241
5.2357557674335
5.16583427735448
5.17046156651568
5.55614387823019
5.54597122813883
5.28965914111903
5.47397419886786
5.67432366159107
5.52632218607577
5.4764333738367
5.50020962985366
5.64091868313544
5.30881849401122
5.6732472300265
5.77589878120578
5.72301609429301
5.70919924263343
5.48343843718112
5.82983052578632
5.311601472779
5.41723140575845
5.60795678255718
5.42611131361719
5.46698460678261
5.61238610897179
5.54911303788393
5.76949127139703
5.77477373791677
5.83356532548434
5.71917719472089
5.76161375694207
5.53215943813656
4.99250048809144
5.54223520311253
5.44240060458018
5.72398699988249
5.5519222156691
5.62077084095642
5.55885301794295
5.83052155555873
5.76608738551167
5.8357762424148
5.93435396994417
5.77596606434957
5.57390937163424
5.82087136984738
5.60315905917092
5.44811280085748
5.58541290234403
5.57931840297754
5.37862195972049
5.21854148525944
5.20658749580337
5.38812945681919
5.38958357984718
5.64992881935405
5.70008426829478
5.95112122134719
5.94664769830614
5.62460562566311
5.77240672284904
5.3680697698774
5.59392893856627
5.24408544075841
5.5915618940107
5.66170913623265
5.67712315107909
5.32659778918061
5.53182302086814
5.37578200959747
5.32549884564883
5.41901318951534
5.34410536145007
5.61416666264785
5.77264543564249
5.58274654822659
5.82776610447847
5.60976693649437
5.81668698708194
5.54999529038367
5.65335244294005
5.29808158122211
5.32094754863569
5.44437197593263
5.24937140495138
5.53641276673785
5.45599920506552
5.4795712436366
5.3653135206618
5.00731430307994
5.42316952427611
5.65234654311512
5.22645731053027
5.23031865469722
5.156640786583
5.2577973072225
5.58485934865773
5.23827127079891
5.35200818313522
5.26357481956229
4.65833196734608
5.10554013324023
5.56030227518389
5.46964814541332
5.40598169429958
5.01692382890703
4.734863229303
5.03584897255177
4.79080985830379
5.33525696459903
5.6216139247564
5.31789565848842
5.06609509692094
5.38198302654979
5.57769664682078
5.55001208171324
5.72130077052185
5.57790897733856
5.48959843016312
5.38446302157654
5.54565558570665
5.41812797725875
5.83653499362106
5.85343492327293
5.68916234611181
5.82648788491278
5.16455577907762
5.52735321664025
5.37648189187552
5.1706035582637
5.43751375897773
5.58109617072969
5.60600040878601
5.06399724346146
5.4627186398166
5.42750117218283
5.41780068832902
5.3972880649968
5.15994543476954
5.32144506545669
5.51601151952519
5.54911584656115
5.87127196574163
5.82676299890028
5.86935838136253
5.84392153601113
5.6646084070801
5.11465543214335
5.65747168317023
5.60174155895815
5.54286780690201
5.18814940636395
5.40316866773887
5.23400180701221
5.62274589621502
5.01426978367365
5.19258880554628
5.57591933472042
4.92893640089668
5.48292034434865
5.35402864398141
5.43143401058542
5.58034144441621
5.31741880061563
5.43153145706345
5.66681164952161
5.63297628852511
5.75090168927005
5.76268174270426
5.47548460009159
5.70905259814781
5.65467711016495
5.78095068748663
5.8939122679838
5.55545211869078
5.61309425095505
5.63689234421121
5.9122351784406
5.84619333373306
5.80227902978355
5.79181207133148
5.55587087218022
5.76470956409463
5.85876091471956
5.64018260537001
5.84361306041894
5.56582447029756
5.09484074277849
5.10622026257043
5.06513044263635
5.51631169249282
5.69479172600985
5.74021313918091
5.47464017177375
5.4891472114752
5.83569481541357
5.6969107117096
5.75663316605495
5.54411701963537
5.28736455076901
5.54296371406129
3.81060316158897
4.64312803026617
5.19398542938483
5.14758643995836
5.4198866347213
5.4655898610775
5.47968953750005
5.67272138445389
5.61121805049308
5.18019671477921
5.30567519044595
5.38922256499101
5.32271554961987
5.20167567200458
4.16260769962759
5.41773110416914
5.07887732314628
5.37021387199415
4.92103228391491
4.80521403604748
5.16891342955095
5.33968127938073
5.36251338131217
5.46085590644694
5.27155860747542
5.433939592419
5.72181471296744
5.72907892823415
5.76939966651299
5.61186486539344
5.60704568704124
5.64406285874164
5.61088363955828
5.45479165324933
5.67061174657787
5.5568430864877
5.06124339295913
4.75608138028061
5.21225934063715
5.54646473809331
5.61760675317478
5.78906357695922
5.83250045207842
5.69346014578097
5.76674775788215
5.6212902840264
5.85384723190276
5.18399427810351
5.46459469612319
5.35449001596178
5.42217511470831
5.57610548877988
5.6294334704662
5.47431249165762
5.52816555155295
3.83381009904101
5.11712031742882
5.61270838036784
4.91234237706018
4.93821471425802
4.60702814610432
5.41768091889163
5.44260865393399
4.98354807703519
5.10122035508312
5.55152763604282
5.77428093163084
5.86968457335734
5.83259568384175
5.78038844178084
5.08669999053846
5.35334434048205
5.34034105927857
5.66234641279383
5.62379036924084
5.38255271861474
5.48671500747987
5.74659276772219
5.72753921149323
5.71675991615011
5.709035321139
5.72256299125383
5.61233232726732
5.47023055513312
5.37937488011967
5.22202168862701
5.700312581135
5.58447995108429
5.32515146791006
5.49716710982894
5.39466148843094
5.37579233505738
5.36572485206525
5.49103733857277
5.72686076425741
5.84944784898553
5.6241860081995
5.74486163954047
5.48483332153791
5.38723890001251
5.52235986990273
5.74187258617206
5.64674910592082
5.85988730419604
5.79472399133436
5.77080811857767
5.27870878173574
5.3958121111142
5.4589563312633
5.2755193190198
5.01049816499153
5.50720863053697
5.69717281732563
5.66801049597274
5.34735010932099
5.51720821264426
5.5146329543227
5.57232173746383
5.71562257004401
5.65372610080949
5.4688251811555
5.55889047963533
5.15672952689669
5.15012201592929
3.46172831882864
5.1590518333499
5.31758558485471
5.50891505578488
5.71653121398387
5.35237373699087
5.29490606946673
4.90509081252588
5.15757069108307
5.50649326691875
5.55314843260202
5.51311824015734
5.5387759871982
5.400149251954
5.25669961191831
5.44097213753842
5.34547157699247
5.71251185230156
5.88478264092622
5.85386981974619
5.80222262593895
5.68393714424437
5.66444374379529
5.56679023045219
5.4951306970428
5.27586965323072
4.9070881470171
5.33703700248636
5.30428147356786
5.19100499435914
5.04283411367387
5.63503415214042
5.31883748747196
5.43718211722281
5.33472714336637
5.50199166663539
5.45763595680706
5.43122731066462
5.71846391720937
5.80527821419511
5.75586588694503
5.50956265611958
5.57516867272147
5.6543954747328
5.8421067713025
5.78246930176193
5.70497589707538
5.56770909142441
5.37049567399761
5.70597725257806
5.680009315027
5.56617734544837
5.72241836399777
5.81658440509954
5.55520578186382
5.49712947986257
5.61733551137505
5.55964244409082
4.73968736888208
4.82181034108526
5.5600372052287
5.56939732885601
5.42186407821189
5.55011394756631
5.33846534296479
5.48879415514254
5.54068569418632
5.0667203555651
4.95793805247193
5.55925786442723
5.19243791709637
5.59576503536024
5.51370570346046
5.69771285597228
5.4656983999904
5.46278125446651
5.68589186716736
5.39762535422833
5.11734334369134
5.6767646229497
5.91002551689345
5.66540132413518
5.2775542629136
5.16474019624758
5.32262091170798
5.48071894768168
5.46875947799076
5.55343241795794
5.30071847168385
4.93393972990561
5.3442639106055
5.52011876245443
5.54584235401632
5.50942877966349
5.64476157110733
5.8150476294358
5.88151568607135
5.63242916220667
5.41742649274806
5.43865928754959
5.56691453762912
5.47278641825147
5.67614581124788
5.55862795988175
5.69435353575787
5.45368232788897
5.74626220355035
5.84436092110581
5.59559706308985
5.61165458559391
5.4190053865479
5.48522937904259
5.78654307731351
5.64529922019953
5.38009246719705
5.73244043849393
5.66912903524886
5.7587865331846
5.18604038259289
5.356594190092
5.37785740356511
5.50434113860462
5.45411050069457
5.46056825085526
5.55585342303121
5.27555026782425
5.20274748465035
5.38656622373343
5.4052075258158
5.50231461789223
5.63121387731118
5.6445040000796
5.37573723500614
5.08743947796543
5.37225135951538
5.45766354128556
5.75062441509186
5.81261798954389
5.50778490048853
5.76097855944618
5.55292841386263
5.75435346836607
5.58975361524501
5.54256247799175
5.45759099450613
5.87575250900826
5.71643576058426
5.89542332068868
5.80111616862102
4.98221132463082
4.68615586514983
5.34934173661172
5.58022607071301
5.77268118362916
5.83607654812346
5.61806354723999
5.63312013062008
5.5426374665215
5.36523041090446
5.64544561046756
5.19857524973203
5.0574007081228
5.66826343813008
5.72138329246529
5.74392043957716
5.64736649620809
5.82886948538526
4.99825822541084
5.35319852408401
4.17719488952258
5.02196111519094
4.75899532302726
4.84001835600497
5.28105718206047
4.43542589330917
5.28007049292997
5.57503246763166
5.44494428162013
5.62717901697831
5.73401018143844
5.58894750733111
5.1686689266913
4.71357915591647
5.36247269873625
5.81620371530678
5.69547775650991
5.79457519843572
5.45251983743524
5.29824753094694
5.57663455896177
5.82412409086936
5.79045533746903
5.70201896117719
5.68877117355439
5.61293725948449
5.68473551349707
5.62975379636487
5.35915420462036
5.66009441285267
5.67520270361889
5.74222675961152
5.72077346314819
5.8523965558216
5.60975446372155
5.6155212271742
5.63489565136751
5.61791129864414
5.50593916235416
5.42765333929456
5.30388255558184
5.60423934371275
5.61235197027124
5.67944021676898
5.54700035411263
5.65909890736768
5.72496411044041
5.85100705772748
5.9500195678055
5.89854355025021
5.69750040535685
5.52086175323278
5.31472491268604
5.3725709541249
5.37439435022489
5.59631046322894
5.76522096101703
5.72290071432607
4.68146731686591
5.48237275196795
5.6231901555234
5.07751669968129
5.44671450674772
5.45108006258673
5.63747691343261
5.5883678088237
5.68723962542536
5.74016052197901
5.713918083439
5.70807077869491
5.66644180200398
5.63095723548146
5.71945848716408
5.53081567854405
4.91725803087122
5.22762913923529
5.45891349364458
5.15160301460416
5.38019061316584
4.99183799832596
4.9470180892883
4.43243644983364
5.27315573831566
5.57509522348127
5.59643895599205
5.82647412802293
5.73474438259625
4.89917307124224
5.70461456504619
5.73916491714041
5.13829209371926
5.46850976050984
5.77392885777534
5.75395054787404
5.9080691551751
5.72795023907336
5.61427599792663
4.94749401658706
5.53995849185254
5.40884321048834
5.42182537155876
5.45726196693526
5.35821464423681
5.0886360356287
5.43769577529492
4.76824106212124
4.54334012582146
5.21847379836722
5.33818885442206
5.53914533929537
5.62609724231923
5.76384339053577
5.70516308522661
4.94144427215604
5.24979018294199
5.53442620644325
5.71081719115109
5.79332091781392
5.45172218375915
5.12731719030213
5.20176769633385
5.271643094366
5.60833633116317
5.3044946358063
5.09388092523275
5.20601366198858
5.01512222346265
5.68781585919549
5.6301691622774
5.55960493941978
5.72538239358592
5.81702618626879
5.62754553079608
5.82822352921632
5.60049860196948
5.30918482796312
5.30796338889562
5.56909966157426
5.49002287954305
5.42935232609796
5.57082214290539
5.7639751517295
5.30662489549367
5.54067317759288
5.56949521407021
5.62557201529081
5.72016069117494
5.63557730065827
5.71381375652884
5.87273444714555
5.39514906727271
5.67445518562484
5.3133359822785
5.36911132681145
5.26448051629129
5.43238049869103
5.41950409489806
5.45616186931271
5.60905336332817
5.18679733475925
5.62380228229723
5.24864936102466
5.67348545144374
5.66381986823691
3.22771153272375
5.23904428157851
5.43526893115991
5.74435219015488
5.4596943064737
5.68738051191018
5.58721518381028
5.4159919662138
5.74551753440175
5.70980166017238
5.5474650498628
5.8211362818004
5.81747364099736
5.61370947566412
5.60989128348717
5.6748144997025
5.74567471994966
4.79526553586666
4.66218064191182
4.75620106094363
5.27942586501351
5.10214785714314
5.33566138670745
5.64724298400386
5.68986801734385
5.85865066599725
5.89988783996282
5.53325771429488
5.3714155593561
4.92738255907386
4.76685749271941
5.30432510688733
5.29546794991116
5.02571444403413
4.8111400066008
4.93994159057474
5.02551755995652
5.52110603087088
5.45323234556069
5.58334143583348
5.64527316243708
5.77583675779814
5.34821705257314
5.6469623911481
5.5913121340444
5.14148817060869
5.36457829160897
5.59381262047702
5.65072827226156
5.43704491006579
5.01596990742716
5.64186907435939
5.56540035283385
5.24286905050352
5.58372536803722
5.55041685669349
5.57693450705796
5.74768764130781
5.2781894210889
5.09000356537994
4.99858573529273
5.50527012040093
5.78240943689902
5.50371975855656
5.32688752725681
5.56644903824508
5.39493173771771
5.69086135007479
5.84923960918421
5.39134500663316
5.2085494836659
5.37742107098905
5.33743324683142
5.16790043672403
5.54028394007878
5.47125010778386
5.54321111891695
5.27667396392333
5.49205078249101
5.54208539913726
5.7040780600661
5.68677029015536
5.81637671284445
5.48467216686457
5.83169847896044
5.75081248169915
5.66429942793626
5.79412759140837
5.85391106484791
5.66901091805334
4.67527981423656
5.35749727774107
5.59747214361926
5.57753900242103
5.52554046534705
5.61324717377762
5.58817656080017
5.75489812130938
5.80025085278619
5.71012202062473
5.46268599058185
5.24094461196673
5.29062896107975
5.48899063655341
5.71680600398458
5.06987241021339
5.62197946598941
5.69426616071255
5.49134837899277
5.10310100274179
5.41490355655057
5.46705682943425
5.51000361965668
5.51609910161532
5.69969481661962
5.86764356076351
5.55765287427601
5.61834543066942
5.53077763322256
5.78569572525414
5.63140317113671
5.43001357476485
5.59840980219562
5.58854709381519
5.39276194465709
5.44395547534381
5.1245267075589
5.34324480361608
5.45381393572504
5.09095196932233
5.26786969013542
5.45543537422079
5.38511556781645
4.86512567441074
5.44841960542341
5.62396617766868
5.86309249651707
5.76105061196201
5.73130785920943
5.74990028946299
5.45968059355715
5.29233475199174
4.52235100114175
5.31612956907787
5.32060731691691
5.51875284548509
5.3502991567833
5.30861087355963
5.35120255256396
5.68832096698999
5.75200047555089
5.74944434126683
5.81403131637517
5.51265540616424
5.36872986059729
5.02930370112851
5.50946737694674
5.40711452464055
5.38077016384746
5.69909918892598
5.70068972695514
5.03599993252223
5.70291277103691
5.44782152420455
5.46884988126929
5.497872146275
5.6869652193108
5.70647302092813
5.6819005008544
5.46885761019653
5.40177714189688
5.65884313135029
5.47435827185208
5.38323406429987
5.28986822230166
5.58135063131692
5.35380281569105
5.6040608708542
5.37363737935258
5.65090366916159
5.51564866110192
5.69470635014145
5.7040859005618
5.70075178254886
5.30986545977437
4.92238178931945
5.5272999242383
5.21027864043504
5.11099860291324
5.34181198187056
5.60467732494587
5.52144344919982
5.70425762026232
5.58828899592278
5.5445086780633
5.81180310120731
5.69694717906747
5.44366097739883
5.28926157945747
5.60870635150348
5.31458714699187
5.40486988085027
5.24638523772556
5.20474702267524
4.74105749731513
5.60009807311171
4.98456581179167
4.82453542612421
5.37074932352067
5.22450728798111
5.18640193041637
4.91049312283997
5.42903878449714
5.49996437998704
5.43015744776695
5.48896629896735
5.64232684842843
5.74441754188875
5.83848518510518
5.75959042345392
5.38084500079284
5.0088351207863
5.08580713512675
5.03374049197776
5.4502429053471
5.55806189525274
5.67825234664236
5.4189042520797
5.53574667463492
5.56145632976615
5.62370683847519
5.38660522493976
5.68394050523514
5.61580335772524
5.38295058187253
5.64136453877424
5.80533378841526
5.88154190219203
5.64604852119194
5.63650123589325
5.76598029038228
5.91018180670821
5.59137939505655
5.19799823610191
5.32171778884945
5.37394098025188
5.3944869118326
5.68401682070655
5.78134782466221
5.65875717436841
5.60029907804017
5.51918627799211
5.14320608978842
5.74034739950557
5.54434027704668
5.59587726925307
5.89345221178198
5.54181777253357
5.66943904224298
5.42960992808991
5.59855429985104
5.85925217004631
5.43458570468692
5.11815175463515
5.533619990342
5.71338616295747
5.40017853180437
5.43280972122272
5.54135443811611
5.76796607645378
5.58125974240768
5.61956540566612
5.49942222874113
5.39849191452271
5.59737419942189
5.43923967577594
5.65276307150948
5.77715986038518
5.51338588704352
5.49388179252417
5.81308783925557
5.7590273455183
5.67323449660502
5.65549377629488
5.74673375787378
5.66162047619291
5.66075445123932
5.63209473156184
5.82593514754435
5.64129318068045
5.46900049194004
5.42720232069577
5.31408421190307
5.29476101536183
5.73897089734494
5.92759271826723
5.65661629720464
5.40963853812589
5.39427505497394
5.45312968111932
5.64245298522417
5.3406323927072
5.73138334921058
5.69604012122366
5.17086197894371
5.62656197316975
5.4587782651532
5.57386079595505
5.2952470481491
5.61771027240628
5.37918936900051
5.12976661088969
5.21988201455378
5.36532602052737
5.46828743722661
5.41684834821254
5.65561104924085
5.45536748578995
5.58347603060743
5.67409138783257
5.08396761358802
5.50140413415381
5.40683040245507
5.49129029450723
5.40183627556333
5.4022394523038
5.4420211951007
5.67226437621875
5.5571595894519
5.56467654802022
5.21904930921426
5.19472824083075
5.3986221207232
5.73144496744701
5.23198655441294
5.61373976012904
5.57097747379053
5.25504613652344
5.54725407746764
5.51553380215858
5.47719244767794
4.94946659982779
5.68146534227716
5.7140230885808
5.84585238328639
5.30718649034837
5.23606035585361
5.30828518302122
5.64679657604272
5.26890229439371
4.79603105690475
5.37567552523665
5.37180868841555
4.16948086302915
5.20776940802441
4.83541715347251
5.32754472121614
5.59539370944014
5.66713832842134
5.58320931441496
5.66502631027818
5.51599823516631
5.21412478921599
4.33512606095464
5.22331457304248
5.47212761005327
5.33355281994154
5.32862370774398
5.34634560836608
5.16676091181354
5.20154707639676
5.43334595053885
5.49881909616547
5.47753603430928
5.33534921174371
5.4245102753663
4.53068870554127
5.05209628292852
5.32406243940796
5.2835082855621
4.65382459520505
4.89099109736278
5.35828220407682
5.50497695510736
5.61719133751031
5.42453923383691
5.63674145465896
5.50101689948058
5.28398351236497
5.26327057308081
5.54364553842614
5.79033351324084
5.78670041157921
5.81760966102732
5.62479099167598
5.31297011329219
4.53597157107551
4.99451034832233
4.33417595634529
3.98177659723025
5.22923798203518
4.31453270484802
4.95735691770787
5.33640469921269
5.04357164414438
5.205695903758
5.0359382754172
5.38698716342145
4.86302714023626
4.89595488608135
4.41708097082807
5.12596078532728
5.35035769553934
5.60206045870802
4.93768619670384
5.29121820639451
5.1618843133141
5.34345544197378
5.41637780547955
5.34703429094406
5.4791785492372
4.69914091558487
4.54504694705027
5.48269635427231
5.42572452476938
4.47197190516498
5.20054203820566
4.49935861574015
3.90725643938449
5.1595112196456
5.50450618485295
5.33496343866601
5.07514630048754
5.33878026243258
5.05058380764634
5.26378761254148
5.62077157545736
5.89571211777214
5.75310612109679
5.80670215285865
5.66279846071201
5.64940387895219
4.76655357496917
5.68102783207914
5.7021267940362
5.62980765483183
5.71627608763191
5.54138599448611
5.07219391493099
5.30488412602364
5.42311791706774
5.27359753495521
5.58985988838246
5.52720249333137
5.42712678123398
5.4315700734738
5.22135953975375
5.30192208709313
5.6327774170592
5.61531008682404
4.93718051686056
5.46170827650689
5.38925319538028
3.92080926694145
5.30388408687259
5.43602768527055
5.44317836834912
5.2699100007712
5.06673922200646
5.07857922473978
4.98827397300778
4.69915457858954
5.33151345973582
5.25385006684081
5.12207912320093
5.00825963592404
5.33146685545082
5.37856588309084
5.44581171604467
5.36635245498647
5.04690153167132
5.22904780836371
5.46520578437394
5.21022133796114
5.41584371352264
5.6504461658399
5.17180347391056
5.64376083469133
5.50267938462167
5.41586506717719
4.74193677027277
5.18820388954081
5.26646385830471
5.2654027669691
5.13407890202808
4.87250252225347
5.09044979206025
5.46480664793902
5.21263811355327
5.08955557095212
5.4163093162857
5.26084457157477
5.19736899093982
4.97229016608072
5.12999721793631
5.25728388972555
5.06333531574099
5.06236135930191
5.12132736613043
5.42597691881114
5.23181905247555
4.93011044473833
5.35985577868965
5.43742354185808
5.1011918096543
5.11897563617962
5.34277766974685
5.62112567321443
5.19278429338404
4.59386953213686
5.307065258171
5.46947500023083
5.03723441324415
5.51469084746824
5.45560647414764
5.17196009397055
5.38596996685023
5.02494077331136
5.5318151451986
5.51110793867182
5.69478984387708
5.68937220631166
5.50258860935115
5.26516952827908
5.28468265432678
5.16115927694111
5.57847720582024
5.00566390851498
5.40774253957711
4.236983524569
5.16489068754184
5.32837626387683
5.4445883927241
