5.68156439446002
4.89330103572115
5.13873723200535
5.36576260528419
5.36866006074937
5.63303658963464
5.32531687211514
5.51007765069745
5.44438881568871
5.37788374286217
5.4762084787139
5.28733453065146
5.02435136310109
5.50327404727756
5.3122262226357
4.9823056279919
3.93037308819144
5.29259437882878
5.36179943510282
5.22256063792012
5.49959810154133
5.54188927102588
5.58134468596351
5.61815428792819
5.65249529798156
5.6845330686025
5.71442187854454
5.74230567445885
5.76831876285613
5.80390606426877
5.83634550389852
5.85535020319038
5.84912479621812
5.38949555524727
5.27216405187954
5.42279711020746
5.65176521113061
5.74344120784527
5.685988708425
5.60159319715429
5.70294756504502
5.70326736360551
5.20561490186214
5.1951879441033
5.57170893260877
5.38649753097002
5.59350510277616
5.70850499076537
5.71327006627468
5.59918362703596
5.4623163346929
5.48023923434195
5.50363052801148
5.82346737947329
5.56446682463016
5.59105944333652
5.91040236811549
5.71585673260268
5.67479472643371
5.3960339217536
5.75037005124918
5.43314612376201
5.70843995776279
5.6230294053686
5.46821517015058
5.67595826074727
5.83133755328368
5.81603861630391
5.60921223200159
5.75965445958347
5.74749442821818
5.73794196997659
5.60165544613015
5.86815707799616
5.89064487847906
5.91163201365908
6.01722783900799
5.88844931805056
5.72000530865738
5.80577508495893
5.53127823971232
5.16669051416929
5.62382127843511
5.80143593073148
5.61162313042022
5.37473600974043
5.51615246210419
5.41892428539375
5.74683548100925
5.68653706093769
5.69372423517525
5.78168594797465
5.36305271719043
5.67919084074325
5.52050439405411
5.25094479781658
5.28368396107399
5.25170149873891
5.63992828285553
5.81815524565671
5.63709729909998
5.37823655234654
5.31402029031289
5.20380665937925
5.3471544546773
5.54015366943527
5.51342031250141
5.37249417139187
5.15179313799784
5.17322523990888
5.44886285330985
5.29731243008309
5.69843399195318
5.80362964330261
5.76675165533552
5.94934095000392
5.29472315168743
5.31698517393538
5.66343210121986
5.12335027246199
5.48537384441699
5.5193673513455
5.34838224865381
5.72342644277654
5.41450347293347
5.5505292843134
5.60641617314193
5.50001693463252
5.5777900258741
5.63423640673864
5.63188352786696
5.77378161833788
5.92899363686593
5.94299291216099
5.73113782792955
5.53803589911831
5.8416812826262
5.81313799038565
5.80541849345538
5.669383538229
5.47386513618641
5.69103757721
5.31461271816962
5.70276425748625
5.42001456894583
5.71472495083307
5.87098421357674
5.32667660013638
5.48111929402754
5.69691424197291
5.43118314460777
5.74521649374377
5.49528998303407
5.75665006867186
5.41519818925517
5.22364709225496
5.28631742203793
5.39556058334721
4.92729292643257
4.92581707221856
5.33992447056989
5.61990940115744
5.36907649625514
5.12343420813799
5.36942981747039
5.70119434198882
5.54600127261987
5.74117603902899
5.61368349113605
5.85853214287364
5.81114519953548
5.84069292132697
5.8956660164454
5.85253181191996
5.86621220004947
5.62073784204439
5.84348023563942
5.53620579825434
5.69490086827527
5.71976521278695
5.71866121049445
5.72704715416251
5.42397804344379
5.54451406331617
5.83233982899825
5.78970923707268
5.7128471711933
5.83069140597182
5.59288066685273
5.35347315831915
5.51773690736749
5.64980492437717
5.52802450698318
5.79710641404797
5.65783021095575
5.74945254382029
5.66333478112095
5.69192829407584
5.67824971469068
5.75300903478897
5.59229181359598
5.61102554347869
5.71308444872031
5.85491527901603
5.59619641299049
5.41367587847151
5.5653582753103
5.59906842405245
5.88051955638081
5.84813343241363
5.74418612359777
5.73468828851772
5.5568349732851
5.71120747207826
5.83384737561001
5.69643305987529
5.84325266406717
5.6801928098517
5.49789351929708
5.32946989012128
5.68102777332145
5.63712517299289
5.46401761816838
5.46032022944945
5.62320101478011
5.55299185071134
5.50980971374186
5.37320641285171
5.56953626269534
5.34643458155135
5.44048912711558
5.36254124226344
5.66721751421683
5.71053403154971
5.51276211976813
5.85793964153315
5.29433047843464
5.44645634068008
5.30563672960701
4.5660923374164
5.27795696496061
4.87720357135158
5.21024297574974
5.46593102925878
5.44761449254995
5.44652601275943
5.80529793800432
5.61345384934292
5.55611900861193
5.29147703448579
5.62065722028585
5.57072864146065
5.37391678454349
5.50692800805231
5.73421069739215
5.15877718833757
5.45282768356214
5.7122738211531
5.77723084554591
5.67835251446825
5.71866151537216
5.81631281917226
5.45238147169218
5.4797440733348
5.73580300708524
5.68468626049155
5.58555294743634
5.72781948049371
5.84592357603743
5.34570548183583
5.58870732864955
5.37856867434192
5.37018669592691
5.22962443945157
5.58688756126557
5.5396341578129
5.702733611295
5.48657700681174
5.74523583126623
5.69000366441427
5.55192134194741
5.68258573112718
5.2048477226297
4.66996847135908
5.06421832986774
4.8182581141036
5.35396476607556
5.74007590536586
5.62377018804177
5.58608664502396
5.18548071367232
5.29525374045103
5.37691512806702
5.56875379616041
4.78684848554952
4.58380939077212
5.31662389608543
5.64806363419048
5.78389114862589
5.86096298887463
5.55435612574154
5.73435117874922
5.3231141466321
5.17545219869523
5.09539174299035
5.56987044181976
5.29360929054017
5.24760973138289
5.38531681689008
5.6212391394977
5.56378128716083
5.6931519203184
5.20379111496288
5.37802854723535
5.56816908300052
5.68535057484326
5.67566397134039
5.05746882330845
5.54504213473614
5.25394678250598
5.08447206010285
4.90891765129077
4.45073763323631
5.20075600795628
5.71698509376405
5.90929081057159
5.47343107985637
5.57855808993796
5.34540991313062
5.58501851789705
5.60963443385588
5.43479675007861
5.4323614926122
4.73989434414852
3.53809823438467
5.33987255001837
5.67812644030484
5.45614366533213
5.12825725748061
5.72537923375497
5.81706244154618
5.56448618005876
5.7367502367682
5.38055932340926
5.329137473092
4.9241371702293
5.22796625182454
5.52028963481622
4.72122380425541
5.34592165212407
5.26299764585066
5.3303494213417
5.37878146326816
5.47617218565352
5.6120341225119
4.95619740139101
5.37479845393637
5.52682790833254
5.80009745968721
5.73565287304385
5.84568384914432
5.94490241919371
5.88050286662476
5.90371910716346
5.73234112848091
5.68517039852397
5.68568363427507
5.41304562622948
5.42673829534978
5.38204859544044
5.01043601245024
5.22715763265018
5.55974492415233
5.70227382545779
5.42863680817218
5.63163310446272
5.53817382391517
5.76610104268423
5.61780480810578
5.75067638251215
5.64386184870256
5.78152523620176
5.20828323198308
5.30482668532051
5.435809387097
5.42807952752385
5.41240504663428
5.66666712260366
5.43165020733553
5.30141310049027
5.21409268843435
5.65852577164383
5.79446718041853
4.96010394885843
5.10096295847973
5.06437253355692
5.30668048269869
5.58558034041182
5.53003423780275
5.64275142752733
5.61902102957339
4.32253350430455
5.34547745721043
5.66226804953073
5.85847228219745
5.83778772842484
5.77437275958552
5.92780440276381
5.48564978029001
5.62510596771239
5.37681371769598
5.40124817622859
5.54131420966444
5.34586841701007
5.50353554462283
5.43370872915246
5.57299350849769
5.76490524241823
5.70600970796147
5.67996775336133
5.7127015430645
5.55895138827655
5.64385261983326
5.48526457209745
5.3618154549686
5.65958568633565
5.4585793844584
5.31564269995815
5.18105119767398
5.43563551454081
4.3666622778739
4.93588139961052
4.57300850614815
5.32908692890442
5.4356928179327
5.62416417500825
5.76543782647576
5.39537144929312
5.38574649683003
5.7410222729596
5.63478002442816
5.59724144819744
5.32790168241752
5.43631055000546
5.38196052352653
5.02567610508276
5.41573431700657
5.32926479994389
5.39251573962801
5.33320698665259
5.43228610121689
5.33866675133025
5.57713854806916
5.60750981283186
5.66114242549605
5.7794723620458
5.7601570135558
5.71487725800893
5.4327555925363
5.56506994226846
5.4477376883542
5.36820230059734
5.53373754840965
5.6151042362729
5.57684186320324
5.68684454948867
5.48610809776513
5.70994609517791
5.74490898716509
5.51999382956417
5.2316151866424
5.04515264058736
5.17067346417744
5.33610658270043
5.57266407848994
5.80982180941389
5.25257000510624
5.00807610221781
5.53488801541365
5.38940890938257
5.40101685169394
5.73330832059769
5.67951299789515
5.21415622769976
5.11379258357885
5.02824517711439
5.3030794228876
5.45309238996951
5.58467389377907
5.07905627465288
5.40519644118908
5.52585655416
5.22267999729174
5.55288489553621
5.4527145913123
5.57976654958877
5.5648595796147
5.66069527382788
5.5504315717349
5.66264223154529
5.13034740470089
5.5541541949164
5.62157927698105
5.47810368552403
5.56981463008325
5.33499913835164
5.47861736160118
5.4147870875533
5.39339272449096
5.61271071851457
5.54791935119031
5.70683000009392
5.4644838947089
5.2743183304561
5.38972191420649
5.35811238323196
5.23327137641535
5.59537107771212
5.85653016945238
5.65405017192468
5.47996631043136
5.60816152662072
5.52303236533379
5.0384503854397
4.73888394594465
4.88413130372282
4.96353055390585
5.18596487797851
5.28206337198732
5.59671678228649
5.4051765388318
5.24210836731169
5.58252108420114
4.95172246266979
5.09916190408995
4.9171875294879
5.04855377912184
5.66717837065949
5.69749786117088
5.80291914643034
5.8637387465885
5.46393192052609
5.36040791450394
5.54793090475295
5.76814520731615
5.34090121055375
5.45780768778739
5.79242467420696
5.58499890829995
5.5840888428725
5.61574847612188
5.610851457584
5.89830453853232
5.64224272482005
5.63770883613863
5.28220605102963
4.98689475125339
4.82604244916828
5.08282902696007
5.18336568736251
5.34568170525521
5.59851577130838
5.66879666081722
5.44932237836416
5.58756726039326
5.60519137944561
5.80089248409471
5.69789257417432
5.61706591676278
5.70987050055695
5.69677240891839
5.56331311850135
5.7814324551421
5.94583844026164
5.92349798969657
5.91459557090281
5.75467718301674
5.79336898816246
5.70051571999426
5.4847972109099
5.47985766871076
4.93417717420171
5.26029688219316
5.70886805799207
5.64441216148931
5.35941304411936
5.17279320244961
5.66501696140318
5.56820692139869
5.40381934462988
5.47170017148308
5.50989908042008
5.64656297975875
5.30359431255522
5.58696019500419
5.48636620953834
5.66547575604827
5.77346151099293
5.76168784853904
5.77616619650341
5.51970834954228
5.566711343905
5.39298987839122
5.48007530723177
5.14551616025334
5.26746998009637
5.6852260131726
5.33878298460163
5.39300714302496
5.61211520627477
5.61487371435921
5.45844788885988
3.99692131763329
5.24659663516036
5.37396539246267
5.54042222573982
5.79111823521897
5.6894697959066
5.64178084818054
5.55788974028686
5.58874880643343
5.41762636985993
5.48390218581119
5.51962487255028
5.72932670395529
5.58492302122154
5.07915624231096
5.42416157466896
5.44519418088958
5.23708291787835
5.61474417251859
5.51063313069462
5.59561620577126
5.53860264835644
5.70569200913495
5.69671889438186
5.68827704967331
5.7906560408936
5.77959581420089
5.50920552676061
5.52155997274105
5.3524412647699
5.55858739564749
5.19869316080412
5.54560095753072
5.19691997751691
5.46498477700905
5.50338119151619
5.41776121960194
5.61395150702048
5.32924204013879
5.42082950245832
5.7313465789564
5.29628496663763
5.61476947988813
5.26219237440757
5.6739049057523
5.62600897224459
5.58017347067178
5.12141921902285
5.47464632404133
5.22498573048837
5.67473778888615
5.5175135452196
5.40043058328922
5.24039420947216
5.54079852834707
5.47140524679323
5.7685335838148
5.63396788893032
5.48309630711663
5.649937105814
5.50770954136605
5.63702445490836
5.32987742541645
5.29310463167324
5.62202041667035
5.64160685364071
5.4918585659485
4.99284298953271
5.04015775109567
5.61292740497754
5.67544107539333
5.80468246032701
5.43607594219206
5.5803409643921
5.4998095649899
5.73286875193064
5.56353060636451
5.27374301995744
5.22152390672114
5.2649994219732
4.54462526572732
5.40236833985024
5.5580260674515
5.80301362045752
5.70482274969565
5.84153396540964
5.66582740285836
5.70288512672675
5.52596131793752
5.2886621593316
5.57040365824964
5.56659707919449
5.43341600255563
5.38241752143289
5.57046316977703
5.28717450239641
5.33942095646203
5.44689189319792
5.41647743995838
5.73331815076477
5.81700170169689
5.90234327805772
5.48972017986392
5.60312287297023
5.66933455583789
5.6826257454449
5.33735927224467
5.59662705842952
4.66134525859404
5.24821766136013
4.99641066826598
4.95125797451681
5.25183283555309
5.3410533534512
4.79979048019606
5.03527052141984
5.42616139405104
5.69293169868038
5.83982422487405
5.93533077268859
5.71575070992997
4.89396201531955
4.68067683143025
5.3154056707111
5.36520937079746
5.67373170310492
5.88665148959125
5.36468106661548
5.11494563002725
4.9151259220988
4.97894325228255
5.41742075838954
5.22978280193897
5.41605013032968
5.5393739524267
5.69280860780908
5.58085186660776
5.38866134706685
5.72998097146791
5.31054517080441
5.32201438512194
4.39117956769933
5.15581553502474
5.40682677305979
5.50938585198568
5.59500105043979
5.33248675512671
5.24656748225131
5.40937371899887
5.35678155541764
5.21905132955115
5.48667188639588
5.63875302575089
5.55752102918806
5.56610757135048
5.72676347453934
5.80885594174001
5.80804257888828
5.83080414060022
5.72799806641235
5.90221126319951
5.60967454053428
5.6241162438426
5.91482067057701
5.84168368843805
5.8840588311028
5.79452623462036
5.82660809265537
5.31828084786165
5.17375539034107
5.59166277693321
5.51264971508458
5.63058509632169
5.88494437179632
5.84089538639601
5.86328252642291
5.74835316521345
5.48999884094897
5.70876614173537
5.49640193971403
5.51155518245926
5.39440236766905
5.31094162461077
5.04341922807891
5.66701030406066
5.37887971330841
5.5423884058743
5.62848533769322
5.42658083943777
5.78949634986274
5.88771480282149
5.35771338878362
5.35161758006083
5.38351898929027
5.31591431343258
5.4931456983288
5.59632736962088
5.43249778653696
5.694854514944
5.85005941820315
5.71884921506853
5.49615752162164
5.09460450740445
5.33104465160011
5.12355134224518
5.21316609191346
5.23361973362866
5.3104696635458
5.19365314927188
5.35506661514222
5.56008615828779
5.51956423525435
5.67150418117039
5.58624021206083
5.40660295053776
5.63974572608217
5.22824657164971
5.26546490340851
5.10262262033221
5.31983962551742
5.45074701517127
5.70945373602551
5.60220221506782
5.38390627265671
5.48153483440378
5.42052719188615
5.52477816678792
5.50336117758614
5.37233908085818
5.7309658900445
5.86328234666541
5.81795934299451
5.69923870440238
5.17805236399748
5.1313500034386
3.81150721074227
5.18159559903038
5.40757712516755
5.38302858877949
4.962194230502
5.38706551725914
5.26195377568449
5.1172517335636
5.40038654674266
5.51211289353331
5.54819097318341
5.04719558285182
5.670033483716
5.68700405194869
5.69542360720671
5.7383484309684
5.66891981995625
5.70467913309551
5.47947306350048
5.4733994185895
5.24616536963431
5.21092479005055
5.1736109423066
5.58499941703499
5.6594977860459
5.51203524258819
5.8540696133357
5.83707353091981
5.17114304870547
4.65937698427309
5.26619170025044
5.26007096218132
5.54237952920887
5.65799997213733
5.28725873801783
5.54667266831121
5.09618202549576
5.23863308089738
5.08092499056379
5.62406320550439
5.38870570484451
5.7152158108892
5.23716665753024
5.33490078665387
5.43042562335505
4.81294431611397
4.90294386119439
5.17835775238196
5.07141387282902
5.1112398954548
5.37924165495369
5.51038210901126
5.64701001166273
5.39632430200244
5.53812062884715
5.42598785945581
5.55004066978911
5.49498230084338
5.43366673839125
5.37378181705987
5.54984118845761
4.54885890578013
4.74980618982541
5.19841860868943
5.05955353069964
5.07807483816201
5.19578261410646
4.91766203591702
5.54683260265703
5.53003243637926
4.93193901564996
4.43277408447666
5.19053129314254
5.18589058930695
5.6015901410529
5.06942070317627
5.47711096361856
5.62545315866643
5.58826139711199
5.2301012314643
5.48903177807376
5.60277197458552
5.65699130988183
5.65299645169429
5.68802277656416
5.77100660882963
5.75986106747608
5.80491112944311
5.73255318317174
5.66103986488831
5.60906548426482
5.88346552113824
5.63036674561098
5.58472798568706
5.34594659250954
5.65012726888496
5.51854761864722
5.56309458942817
5.7653127114236
5.51371281092155
5.57192993829231
5.62473790029892
5.53070868782163
5.64782489384272
5.42131683034535
5.31739737745253
5.10993429179173
5.23184535986426
4.18191676246683
5.3979891429833
5.73720717680374
5.33485821844343
4.83169671172025
4.72983763798222
4.94418933850941
5.08322589394394
5.47565365694541
5.04839314256302
5.6198896937508
5.43068358136582
5.34824946983978
5.59061757960906
5.67087264676522
5.43272031028417
5.48122957254253
5.180740212621
4.43374251723267
5.44463478507054
5.17997483344306
5.5451785773996
4.42087412011362
4.53156420445781
5.57780952894181
5.80356246100697
5.85354860713242
5.48069375592262
5.65080829345447
5.55715591687902
5.46902767478871
5.60389585726485
5.14155680933497
5.52297904363963
5.47805824875416
5.50638319430997
5.56110553445037
5.74882484649185
5.57596828969975
5.24902113683033
5.16123111564701
4.97590926174284
5.35612528803613
4.74351114861771
5.25542489796624
3.0618513588178
4.71647696223706
4.79557864797001
5.47469740156251
5.46490654733182
5.45796575717976
5.72636238622462
5.68323868644267
5.68464987233622
5.0478609380781
5.39575430037062
5.06630511808673
5.12178305855702
5.43357497132282
5.49507104513556
5.67220434474093
5.76978666916118
5.40046537253286
5.22062768028009
5.49949141348655
5.39224655539451
5.59469795796805
5.52396094024742
5.45206729682153
5.69818075652269
5.55183216518522
5.58800839674456
5.6837228755555
5.65713267833303
5.69347045999423
5.65790253374737
5.28278325640319
5.79644200306858
5.96229475128492
5.5899779175543
5.00628799337288
5.32145705587402
5.25344373030845
5.10007123273514
5.13477076240829
5.16985885211291
5.08962922802668
4.89652665151155
5.58106825943551
5.48060395582574
5.30697355514359
5.50298699632588
5.52816774073528
5.48626910142478
5.67462965394878
5.44559466543789
5.25858761612708
5.20080657779997
5.31422513379054
5.4550134045974
5.36354807908593
5.50953901237311
5.67220384424831
5.69785199768021
5.65211330151781
5.36458377207473
5.65131252747948
5.43891157448221
5.74733573847641
5.53244044050563
5.76086106756029
5.7998289675288
5.64100812696948
5.65997857249158
5.57943201525264
5.71474694013565
5.88394674918058
5.79283141682963
5.62337302698734
5.74546094709667
5.70390610546309
5.6799359287351
5.7382682507552
5.75646534359173
5.57709325277054
5.7168288754484
5.32026971780271
5.7411043505514
5.48064232250747
5.75717516295436
5.36076226499461
5.54574137974657
5.76978270283696
5.78027026065921
5.39850303027414
5.32168575949742
5.78369241405898
5.87876071362436
5.52810931188698
5.6682729470483
5.65403060450814
5.67064447351839
5.36449536315041
5.65347623056209
5.71412835654917
5.58519617911605
5.35181595834281
5.58240848767806
5.5665002700131
5.5628107720967
5.66426503222204
5.39374982649136
5.61562919562773
5.44410220756963
5.62800008848741
5.39174133914915
5.56303058099378
5.27591609566483
5.43006530139723
5.56769623499596
5.51450681645595
5.46880570365261
5.70952682824971
5.73686698693408
5.89128000505841
5.20418441392105
5.64417469783539
5.62172256640346
5.07005612442796
4.95953148114887
5.2503824483519
5.41919516371671
5.5645826566488
5.63022216605263
5.18608845619883
5.32033564421634
5.30949543934806
5.53549215798967
5.67130643118556
5.5090314660666
5.00069923402224
5.23667503964045
5.60089171961453
5.20046368391486
5.36557247784836
5.69740860527577
5.51672597307508
5.6256175572082
5.57975774963279
5.61681343341134
5.57954199755681
5.17691987805338
5.44895851282363
5.75264796584813
5.44444759838086
5.20179780552496
5.44997525449615
5.8075882668809
5.60720266294576
5.83489770890961
5.7004783135589
5.81315162837606
5.79681004188245
5.71680925205066
5.57519876073678
5.66876163188359
5.70563560748151
5.62172765903171
5.20706813963709
5.56079231497708
5.76506591092524
5.76585382443446
5.85670978682246
5.76180307545803
5.58429209193658
5.67585548882135
5.18725769767491
5.43936844802822
5.31667441726599
5.50688537659224
5.68457635181878
5.27637336686664
5.56266085952744
5.55203433817342
5.86329147435656
5.92739441825269
5.18640545341731
5.52578039435006
5.43395688316989
5.10910326769541
5.40469764518067
5.50912464838096
5.29642156437801
5.19260425716406
5.40069757003601
5.68710528437257
5.67211564343178
5.58856524011157
4.70408509281072
4.99673112357976
5.077807270998
5.62666231936285
5.70718654153886
5.85422963317753
5.55483462718172
5.23730789017279
5.45676351848612
5.15762137933922
5.09142942495562
5.63939060121393
5.62283539077561
5.596782193653
5.13018581056057
4.93590267805693
5.18978433416252
5.58624156160397
5.652851509262
5.76577409571554
5.50466855978813
5.62167595378807
5.15659889301743
5.22672451668424
5.08766256389161
5.47389871247941
5.53797609822392
5.52590896943536
5.36291002947765
5.3759417613181
5.28734227313886
5.07716367729385
5.43034351423993
5.52697606358048
5.72961854079735
5.45306180784333
5.45821923060846
5.64427877392482
5.40948058100742
5.56484176292709
5.50415615127322
5.21106483645976
4.407831531413
5.16458635694626
5.63150297844374
5.33839657576881
5.63575272474177
5.54719767453577
5.436314139455
5.17053891113005
5.60840760095757
5.85416464148286
5.76585714921073
5.38394890833358
5.39275477966818
5.44908087611616
5.76005973775874
5.71894940296657
5.60762180733521
5.05754807241006
4.68354602078364
5.29002619358089
5.53996821727026
5.59858401784556
5.65685084727425
5.64676375751114
5.41060833478465
5.14284797316386
4.98378826669861
5.1886146056626
5.53909235902312
5.82705999991353
5.90307402282373
5.92727706796109
5.83522407142862
5.67863642357208
5.40288979177154
5.74578093870073
5.74919184899782
5.35698482963551
5.41348936150474
5.52262741561789
5.85860344840559
5.58325530535197
5.30826542645768
5.15746323469734
5.47859445305901
5.43280260556086
5.6222120093747
5.87252314995199
5.63367021130484
5.52095710605051
4.54559190830618
5.41658975235497
5.505321361041
5.68925862570335
5.37937735229067
5.64258644816647
5.2059304444655
5.85925746587082
5.6822025967835
5.64496986091775
5.46708263878985
5.30873457964575
5.14216050457938
5.22165179752086
5.41925934500368
5.73383448286386
5.63739805277993
5.72505442948033
5.87103805886512
5.39333577304239
5.53406430376503
5.21017571121788
5.54640183288121
5.80742401138593
5.57009517736667
5.82011373629147
5.65117829662906
5.69003975970281
5.59441624363332
5.85767630842774
5.3325901295177
5.20857654553875
5.60683278388735
4.90229988755054
5.52142735030285
5.71729004955834
5.25952755899087
5.14932946103219
5.24156573914672
5.3930982183432
5.18244794963124
5.21832599281234
5.44906170925227
5.44175224810377
5.66612711256415
5.85133751423503
5.70104767270402
5.79846831101724
5.78748496093992
5.83475239269046
5.71208760790537
5.55380510736679
5.39527651813918
5.40996564361518
5.21188086445714
4.95970639449751
5.24477610399398
5.36104597026058
5.47743657293871
5.69742140056247
5.72481724844726
5.87075255996369
5.48470867729328
5.19550078502282
5.46582177002925
5.70110388692099
5.79294394549135
5.80502300050029
5.60938445619049
5.64392592231576
5.51219745988806
5.44596513233975
5.57185315422758
5.76577544168026
5.702856249577
5.57976090366098
5.42945396460233
5.83896563046087
5.7991157035156
5.72152411582891
5.51864653013342
4.9080454335751
5.00717143322544
5.23550174768688
5.34970857033423
5.47178049349591
5.21367271968972
5.33892697646897
5.63394948460431
5.73378537801841
5.83512273178481
5.73012327051689
5.72441043191853
5.73373934294795
5.81642164955235
5.41206883082834
5.2394883534847
5.38047691101315
5.44855484423
5.3385077578692
5.619373043118
5.71776358349824
5.85396095172108
5.78148583890588
5.66106003719206
5.22196547999131
5.25004719685763
5.47653404033595
5.53487342635562
5.58638292862589
5.48299993857755
5.48849651958709
5.53069253947638
5.39420127031416
3.94651138657963
4.41527439720954
5.55512325031113
5.10682924168975
5.35978388554012
5.56363204883229
5.49786787924738
5.51633956155655
5.80321710237037
5.31436102782437
5.67913188506937
5.57966371925974
5.50961675235151
5.43956359103254
5.39360004636437
4.79436872795154
4.59961523509753
5.22298400386946
5.32684597639345
5.24940569067214
5.57060100979685
5.38101227008869
5.72413153724868
5.60329475694116
5.25841946418357
5.40718080960387
5.65584691107467
5.49091862769993
5.41161882245212
4.90685748231563
4.89149174465321
5.42993382732399
5.51454795817
5.38035716485715
5.27718140499989
5.24440757894831
5.36317518461288
5.40979967009538
5.24054089345058
5.28608483255213
5.1840076220351
5.44712584022161
4.99647645387541
4.95213103782631
5.25082371905435
5.53321172566941
5.32216887652159
5.56769072746973
5.66777618811506
5.7899192856947
5.7190011163839
5.53965997988126
5.44090126763501
5.36983316828706
5.47925573497813
5.47866022470277
5.58176107483234
5.84560687239281
5.96595275887148
5.71997230964713
5.52938108911791
5.54929332318649
5.21845816671716
5.54699587250544
5.45436002364834
5.71972105768438
5.31456851098688
5.45896704195514
5.33304665686843
5.32855794201197
5.01894717539971
5.21882681534094
5.54196652974054
5.5787624005628
5.24018409723446
5.63372649304624
5.47833048155512
5.47938190282759
5.40021846170947
5.57886109590129
5.56820617313523
5.62510338114693
5.6027668553392
5.57172832536321
5.81309346406462
5.83409419841509
5.72711194984311
5.60221884836528
5.73777997193882
5.55601187704594
5.55654471443664
5.60777896605132
5.39845270612481
5.13552122927946
5.32019591282421
5.38575770346722
5.64186757205419
5.56330098109057
5.63216748968492
5.65735478349577
5.63123046160654
5.62403663013117
5.68067735786912
5.44179319346923
5.70683289242961
5.59179386662779
5.5503286470975
5.65458454894493
5.39122508143556
5.50952165461207
5.39872063110029
5.33108623740549
5.53634384545087
5.6023117291275
5.4497496206287
5.4220650975114
5.61349407055918
5.65302624240035
5.72793622547468
5.87135254973952
5.53620284527093
5.55965660445587
5.52681724852602
5.58993606538285
5.43163161692397
5.26140145423051
5.67180729114195
5.40505132176418
5.55276168194465
5.862033273679
5.71236779857803
5.65638474248702
5.62341620134892
5.60554206292154
5.61551769513776
5.68808292240269
5.65083293395745
5.57410799476936
5.50861250988281
5.7685591613234
5.56691210739859
5.4042663412643
5.14340552201252
4.89630911935089
5.0067234599032
5.33876979430978
5.3320990831233
5.25345712383295
5.28278719692888
4.95722411243388
5.00838904626568
5.3385593955123
5.45869676056737
5.37408453293508
5.39674019506418
5.53452232702739
5.6038581474311
5.50502669347615
5.72979308013339
5.76016977923045
5.71284539456369
5.37427747248744
5.75708015425098
5.75379225763494
5.81398803303598
5.64776906682231
5.82297634136715
5.54020112466496
5.50817501593372
5.59764537831158
5.34249193029951
5.5891789533923
5.66786744924577
5.76949744408657
5.77273801449017
5.67944196692744
5.90462704921787
5.88686338949209
5.70998137967769
5.35010057690287
5.17538821274873
5.24697642616252
5.14221254099862
5.39951492628165
5.15502365931878
5.21328898384942
5.67970431261217
5.7797125752216
5.53651274057139
5.40098231539063
4.85071926363007
4.95322444993099
5.35935525078439
5.63062570535
5.01176708243282
4.45440462982628
4.82479654708597
4.90652480805764
4.65579506751845
4.88893392945864
5.25851700230934
5.06839614609633
5.25919198640352
5.38523833433259
5.41496172462174
5.40092648343439
5.67302646416145
5.83437447611839
5.85960622742182
5.87255732924861
5.68429643863229
5.47759572567669
4.60945308612135
3.97043361176961
4.35734132184616
5.33758263904188
5.68252593499474
5.52072611618976
5.68467295241825
5.31766402662644
5.02363005055082
5.03234184138385
5.38160037208963
5.6886078624014
5.70223189662712
5.78509873637756
5.54215406493526
4.68019792438705
5.04040468299718
5.01088770192586
5.06500747263924
5.6727752457579
5.09887015898141
5.26864660740046
5.71468868595372
5.91263253724796
5.82213057293352
5.23734031024135
5.30855616206248
5.5528006036088
5.61814613636807
5.8138818958444
5.56262677298226
5.51776449203108
5.22973843063771
5.68007106464414
5.50463512572206
5.66980133838612
5.74942011787009
5.59896496518735
5.55095304304515
4.69143133198751
5.51206932931966
5.09430856461711
5.45231861138255
5.44064681658956
5.73312819048704
5.71036230080851
5.4719328404279
5.09498891191515
5.40967455850559
5.70002982932416
5.67916682956454
5.92558113519093
5.81281262136158
5.91227618282975
5.63683141560539
5.54864847692542
5.61956063132501
5.83846674610228
5.54895152348983
5.58968839788783
5.78817448112019
5.69024244060929
5.8870937006166
5.61840333324031
5.62732493798575
5.66918905987706
5.72889250084798
5.71174161213883
5.89255770429344
5.69512000495607
5.04602742318983
5.46346046381988
5.74586395871649
5.87089532015667
5.64959373932647
4.81276665928428
5.21345219029726
5.5022858344422
5.54930451657633
5.58829896536979
5.6175843816542
5.30045406563617
5.21646134367486
5.7045645434233
5.70051268050448
5.85910921739148
5.91880671215968
5.82532850985883
5.68153471789841
5.42983943759033
5.64956480178533
5.6581936585784
5.83128148018623
5.66350013214235
5.56806844539647
5.580586632331
5.75081918958624
5.51186355193444
5.79179205944549
5.331462586601
5.41696565939156
5.2890915932385
5.35262062033133
5.62031168569687
5.74398656664122
5.90302233704568
5.58796412285192
5.69798258266832
5.77012635727851
5.48066749811477
5.15146881631103
4.83684916169356
4.78491567163626
5.10736094040446
5.64974232175223
5.53838883312963
5.37850690114808
5.55987270088564
5.4268015041106
5.54821279065236
5.49512354878315
5.46251410580599
5.55561516676422
5.44466305742377
5.39406438346156
5.42754893045401
5.64623160713518
5.66550516643725
5.49953823082248
5.05698151390714
5.28768034431243
4.94563482818166
5.18126877513037
5.20463970990308
5.266283019035
5.18158594138389
5.25277461346382
5.45263452548524
5.8019969053435
5.66796838630866
5.63194716592783
5.69106270211769
5.5397411787767
5.38495199296796
5.50825548174979
5.80396934315201
5.54040454309016
5.5482496713677
5.39439035722128
5.72256200678277
5.3592938513154
5.68542492885064
5.38333120113953
5.13242186290154
5.27001549364327
5.30576172184653
5.64782920818392
5.33299069372898
5.09728821282435
5.47651992487111
5.48075670198523
4.91605928953911
5.0335122287404
5.31791320903964
5.1913336058231
5.28585005180168
5.50486721970932
5.68853965808015
5.58646537640701
5.51224437766768
5.79499998335589
5.84828425842975
5.91005563551646
5.59184512451046
5.74615825483766
5.180756156323
5.69384870636175
5.51962194895161
5.58682456848968
5.17913648130614
5.56613352693803
5.84800756658638
5.74810681778197
5.67928976341555
5.56328366482215
4.95855939543741
5.52154918611788
5.75760972872338
5.59025357194947
5.63547267667314
5.32911444836346
5.62590943586139
5.74608306144367
5.51581459128166
5.7768062438107
5.39751567311278
5.41117428298135
5.64662146484041
5.204032088144
5.48184350631607
4.920398659237
5.26034827210519
5.10213445222306
4.07757432602341
4.95138627444137
5.47586093759815
5.58873100467046
5.7057496028496
5.37777901921649
5.11121073648027
5.60036947325836
5.46973308194156
5.16115378092525
5.53141556193224
4.31262951886306
5.60904813156755
5.10711898043545
5.64171681872537
5.72542309488833
5.76033606498548
5.6882434430717
5.38819073523108
5.60079696688854
5.65937081852369
5.52897264053811
5.37909328219975
5.1049695587758
5.34309511772154
5.44231055721845
5.12723840703985
4.69204003720908
5.29249763837171
5.37383542764323
5.42767765744036
5.59357216453184
5.8293446425213
5.45330992150231
5.75071594125275
5.5843052046002
4.90766319320017
5.17262077130965
5.6057665561431
5.26996528682378
5.27593590945817
5.5801041323837
5.5400270544351
5.50513159072658
5.15802165011116
5.35882870483884
5.46151649468645
5.11555242111823
5.01126391920436
5.05615848718958
4.74668677815199
5.1455695425238
4.8981460447517
5.4320730676947
5.27712925923623
5.2981481348827
5.29563685237218
5.59807484457638
5.30904241748725
5.41770947366601
5.25284654614533
5.7271261509333
5.50893932984083
5.32831432642675
4.89866690808626
5.42120228481952
5.34685275301131
5.6339540835609
5.7308630414107
5.72613909484942
5.53654115532506
5.67592971629849
5.32713461987076
5.70100921744666
5.56720659930399
5.35247622122717
5.15255708810997
5.56829784237531
5.73715093480544
5.68265931707473
5.76801442312767
5.66038079661173
5.60932755519151
5.47892103317571
5.42168361179071
5.14179825335108
4.84433519559104
4.85285597609048
4.90433931812011
3.97355046545978
4.81590597648247
5.19956861876921
5.0598423904014
5.53102674374333
5.49655637866394
5.29901065031405
5.6731766003088
5.52084571512427
5.3714484978909
5.14803347588607
5.38781776198938
5.61263896500824
5.65116175662232
5.70133039451354
5.7772631199393
5.91814640944953
5.6265656253793
5.35257117075296
4.85765615740486
5.25365569814837
5.56686345257915
5.27345243120351
5.57941088039376
5.2666537037541
4.95045278829313
4.91038713966947
5.47879643109072
5.73793802625396
5.41093503239016
5.74020497127646
4.44743576711797
5.13740367249446
5.17569680860991
5.24982583291258
5.47252988112552
5.50121985010752
4.26453330978082
5.49015733649471
5.47989771448261
5.08272068351432
5.35586443742852
5.4967759426506
5.71887336754305
5.56882710033118
5.69177387662662
5.80193717411546
5.8388013223943
5.51840732127207
5.30079052403183
5.39008189932884
4.94340272733484
5.51764575237053
5.59285903895638
5.63793089118568
5.72639847299722
5.77114656325815
5.38795244806642
5.48049290092875
5.4763716255962
5.33565373303537
5.55238744094793
5.3215773577259
5.47294698900207
5.68924383584006
5.53582271006659
5.555222065698
5.61976137892849
5.48949673357487
5.37185218205083
5.53380472254529
5.7245868963998
5.72204853265627
5.24032726311303
5.50549026659353
5.72752063261825
5.52137359174651
5.38171039523054
5.22374125829689
5.25101016073211
5.40078291970268
5.59998057828412
5.48474949841688
5.32690930407728
5.47313071339135
5.63875297967465
4.92616359509947
4.44011172711642
5.07426090034157
5.25275982221502
5.39180020446361
5.32306519105123
5.52392195248187
5.72622572618453
5.34829152005496
5.33392920837848
5.48601614995504
