5.68156439446002
4.89330103572115
5.13873723200535
5.36576260528419
5.36866006074937
5.63303658963464
5.32531687211514
5.51007765069745
5.44438881568871
5.37788374286217
5.4762084787139
5.28733453065146
5.02435136310109
5.50327404727756
5.3122262226357
4.9823056279919
3.93037308819144
5.29259437882878
5.36179943510282
5.22256063792012
5.49959810154133
5.54188927102588
5.58134468596351
5.61815428792819
5.65249529798156
5.6845330686025
5.71442187854454
5.74230567445885
5.76831876285613
5.80390606426877
5.83634550389852
5.85535020319038
5.84912479621812
5.38949555524727
5.27216405187954
5.42279711020746
5.65176521113061
5.74344120784527
5.685988708425
5.60159319715429
5.70294756504502
5.70326736360551
5.20561490186214
5.1951879441033
5.57170893260877
5.38649753097002
5.59350510277616
5.70850499076537
5.71327006627468
5.59918362703596
5.4623163346929
5.48023923434195
5.50363052801148
5.82346737947329
5.56446682463016
5.59105944333652
5.91040236811549
5.71585673260268
5.67479472643371
5.3960339217536
5.75037005124918
5.43314612376201
5.70843995776279
5.6230294053686
5.46821517015058
5.67595826074727
5.83133755328368
5.81603861630391
5.60921223200159
5.75965445958347
5.74749442821818
5.73794196997659
5.60165544613015
5.86815707799616
5.89064487847906
5.91163201365908
6.01722783900799
5.88844931805056
5.72000530865738
5.80577508495893
5.53127823971232
5.16669051416929
5.62382127843511
5.80143593073148
5.61162313042022
5.37473600974043
5.51615246210419
5.41892428539375
5.74683548100925
5.68653706093769
5.69372423517525
5.78168594797465
5.36305271719043
5.67919084074325
5.52050439405411
5.25094479781658
5.28368396107399
5.25170149873891
5.63992828285553
5.81815524565671
5.63709729909998
5.37823655234654
5.31402029031289
5.20380665937925
5.3471544546773
5.54015366943527
5.51342031250141
5.37249417139187
5.15179313799784
5.17322523990888
5.44886285330985
5.29731243008309
5.69843399195318
5.80362964330261
5.76675165533552
5.94934095000392
5.29472315168743
5.31698517393538
5.66343210121986
5.12335027246199
5.48537384441699
5.5193673513455
5.34838224865381
5.72342644277654
5.41450347293347
5.5505292843134
5.60641617314193
5.50001693463252
5.5777900258741
5.63423640673864
5.63188352786696
5.77378161833788
5.92899363686593
5.94299291216099
5.73113782792955
5.53803589911831
5.8416812826262
5.81313799038565
5.80541849345538
5.669383538229
5.47386513618641
5.69103757721
5.31461271816962
5.70276425748625
5.42001456894583
5.71472495083307
5.87098421357674
5.32667660013638
5.48111929402754
5.69691424197291
5.43118314460777
5.74521649374377
5.49528998303407
5.75665006867186
5.41519818925517
5.22364709225496
5.28631742203793
5.39556058334721
4.92729292643257
4.92581707221856
5.33992447056989
5.61990940115744
5.36907649625514
5.12343420813799
5.36942981747039
5.70119434198882
5.54600127261987
5.74117603902899
5.61368349113605
5.85853214287364
5.81114519953548
5.84069292132697
5.8956660164454
5.85253181191996
5.86621220004947
5.62073784204439
5.84348023563942
5.53620579825434
5.69490086827527
5.71976521278695
5.71866121049445
5.72704715416251
5.42397804344379
5.54451406331617
5.83233982899825
5.78970923707268
5.7128471711933
5.83069140597182
5.59288066685273
5.35347315831915
5.51773690736749
5.64980492437717
5.52802450698318
5.79710641404797
5.65783021095575
5.74945254382029
5.66333478112095
5.69192829407584
5.67824971469068
5.75300903478897
5.59229181359598
5.61102554347869
5.71308444872031
5.85491527901603
5.59619641299049
5.41367587847151
5.5653582753103
5.59906842405245
5.88051955638081
5.84813343241363
5.74418612359777
5.73468828851772
5.5568349732851
5.71120747207826
5.83384737561001
5.69643305987529
5.84325266406717
5.6801928098517
5.49789351929708
5.32946989012128
5.68102777332145
5.63712517299289
5.46401761816838
5.46032022944945
5.62320101478011
5.55299185071134
5.50980971374186
5.37320641285171
5.56953626269534
5.34643458155135
5.44048912711558
5.36254124226344
5.66721751421683
5.71053403154971
5.51276211976813
5.85793964153315
5.29433047843464
5.44645634068008
5.30563672960701
4.5660923374164
5.27795696496061
4.87720357135158
5.21024297574974
5.46593102925878
5.44761449254995
5.44652601275943
5.80529793800432
5.61345384934292
5.55611900861193
5.29147703448579
5.62065722028585
5.57072864146065
5.37391678454349
5.50692800805231
5.73421069739215
5.15877718833757
5.45282768356214
5.7122738211531
5.77723084554591
5.67835251446825
5.71866151537216
5.81631281917226
5.45238147169218
5.4797440733348
5.73580300708524
5.68468626049155
5.58555294743634
5.72781948049371
5.84592357603743
5.34570548183583
5.58870732864955
5.37856867434192
5.37018669592691
5.22962443945157
5.58688756126557
5.5396341578129
5.702733611295
5.48657700681174
5.74523583126623
5.69000366441427
5.55192134194741
5.68258573112718
5.2048477226297
4.66996847135908
5.06421832986774
4.8182581141036
5.35396476607556
5.74007590536586
5.62377018804177
5.58608664502396
5.18548071367232
5.29525374045103
5.37691512806702
5.56875379616041
4.78684848554952
4.58380939077212
5.31662389608543
5.64806363419048
5.78389114862589
5.86096298887463
5.55435612574154
5.73435117874922
5.3231141466321
5.17545219869523
5.09539174299035
5.56987044181976
5.29360929054017
5.24760973138289
5.38531681689008
5.6212391394977
5.56378128716083
5.6931519203184
5.20379111496288
5.37802854723535
5.56816908300052
5.68535057484326
5.67566397134039
5.05746882330845
5.54504213473614
5.25394678250598
5.08447206010285
4.90891765129077
4.45073763323631
5.20075600795628
5.71698509376405
5.90929081057159
5.47343107985637
5.57855808993796
5.34540991313062
5.58501851789705
5.60963443385588
5.43479675007861
5.4323614926122
4.73989434414852
3.53809823438467
5.33987255001837
5.67812644030484
5.45614366533213
5.12825725748061
5.72537923375497
5.81706244154618
5.56448618005876
5.7367502367682
5.38055932340926
5.329137473092
4.9241371702293
5.22796625182454
5.52028963481622
4.72122380425541
5.34592165212407
5.26299764585066
5.3303494213417
5.37878146326816
5.47617218565352
5.6120341225119
4.95619740139101
5.37479845393637
5.52682790833254
5.80009745968721
5.73565287304385
5.84568384914432
5.94490241919371
5.88050286662476
5.90371910716346
5.73234112848091
5.68517039852397
5.68568363427507
5.41304562622948
5.42673829534978
5.38204859544044
5.01043601245024
5.22715763265018
5.55974492415233
5.70227382545779
5.42863680817218
5.63163310446272
5.53817382391517
5.76610104268423
5.61780480810578
5.75067638251215
5.64386184870256
5.78152523620176
5.20828323198308
5.30482668532051
5.435809387097
5.42807952752385
5.41240504663428
5.66666712260366
5.43165020733553
5.30141310049027
5.21409268843435
5.65852577164383
5.79446718041853
4.96010394885843
5.10096295847973
5.06437253355692
5.30668048269869
5.58558034041182
5.53003423780275
5.64275142752733
5.61902102957339
4.32253350430455
5.34547745721043
5.66226804953073
5.85847228219745
5.83778772842484
5.77437275958552
5.92780440276381
5.48564978029001
5.62510596771239
5.37681371769598
5.40124817622859
5.54131420966444
5.34586841701007
5.50353554462283
5.43370872915246
5.57299350849769
5.76490524241823
5.70600970796147
5.67996775336133
5.7127015430645
5.55895138827655
5.64385261983326
5.48526457209745
5.3618154549686
5.65958568633565
5.4585793844584
5.31564269995815
5.18105119767398
5.43563551454081
4.3666622778739
4.93588139961052
4.57300850614815
5.32908692890442
5.4356928179327
5.62416417500825
5.76543782647576
5.39537144929312
5.38574649683003
5.7410222729596
5.63478002442816
5.59724144819744
5.32790168241752
5.43631055000546
5.38196052352653
5.02567610508276
5.41573431700657
5.32926479994389
5.39251573962801
5.33320698665259
5.43228610121689
5.33866675133025
5.57713854806916
5.60750981283186
5.66114242549605
5.7794723620458
5.7601570135558
5.71487725800893
5.4327555925363
5.56506994226846
5.4477376883542
5.36820230059734
5.53373754840965
5.6151042362729
5.57684186320324
5.68684454948867
5.48610809776513
5.70994609517791
5.74490898716509
5.51999382956417
5.2316151866424
5.04515264058736
5.17067346417744
5.33610658270043
5.57266407848994
5.80982180941389
5.25257000510624
5.00807610221781
5.53488801541365
5.38940890938257
5.40101685169394
5.73330832059769
5.67951299789515
5.21415622769976
5.11379258357885
5.02824517711439
5.3030794228876
5.45309238996951
5.58467389377907
5.07905627465288
5.40519644118908
5.52585655416
5.22267999729174
5.55288489553621
5.4527145913123
5.57976654958877
5.5648595796147
5.66069527382788
5.5504315717349
5.66264223154529
5.13034740470089
5.5541541949164
5.62157927698105
5.47810368552403
5.56981463008325
5.33499913835164
5.47861736160118
5.4147870875533
5.39339272449096
5.61271071851457
5.54791935119031
5.70683000009392
5.4644838947089
5.2743183304561
5.38972191420649
5.35811238323196
5.23327137641535
5.59537107771212
5.85653016945238
5.65405017192468
5.47996631043136
5.60816152662072
5.52303236533379
5.0384503854397
4.73888394594465
4.88413130372282
4.96353055390585
5.18596487797851
5.28206337198732
5.59671678228649
5.4051765388318
5.24210836731169
5.58252108420114
4.95172246266979
5.09916190408995
4.9171875294879
5.04855377912184
5.66717837065949
5.69749786117088
5.80291914643034
5.8637387465885
5.46393192052609
5.36040791450394
5.54793090475295
5.76814520731615
5.34090121055375
5.45780768778739
5.79242467420696
5.58499890829995
5.5840888428725
5.61574847612188
5.610851457584
5.89830453853232
5.64224272482005
5.63770883613863
5.28220605102963
4.98689475125339
4.82604244916828
5.08282902696007
5.18336568736251
5.34568170525521
5.59851577130838
5.66879666081722
5.44932237836416
5.58756726039326
5.60519137944561
5.80089248409471
5.69789257417432
5.61706591676278
5.70987050055695
5.69677240891839
5.56331311850135
5.7814324551421
5.94583844026164
5.92349798969657
5.91459557090281
5.75467718301674
5.79336898816246
5.70051571999426
5.4847972109099
5.47985766871076
4.93417717420171
5.26029688219316
5.70886805799207
5.64441216148931
5.35941304411936
5.17279320244961
5.66501696140318
5.56820692139869
5.40381934462988
5.47170017148308
5.50989908042008
5.64656297975875
5.30359431255522
5.58696019500419
5.48636620953834
5.66547575604827
5.77346151099293
5.76168784853904
5.77616619650341
5.51970834954228
5.566711343905
5.39298987839122
5.48007530723177
5.14551616025334
5.26746998009637
5.6852260131726
5.33878298460163
5.39300714302496
5.61211520627477
5.61487371435921
5.45844788885988
3.99692131763329
5.24659663516036
5.37396539246267
5.54042222573982
5.79111823521897
5.6894697959066
5.64178084818054
5.55788974028686
5.58874880643343
5.41762636985993
5.48390218581119
5.51962487255028
5.72932670395529
5.58492302122154
5.07915624231096
5.42416157466896
5.44519418088958
5.23708291787835
5.61474417251859
5.51063313069462
5.59561620577126
5.53860264835644
5.70569200913495
5.69671889438186
5.68827704967331
5.7906560408936
5.77959581420089
5.50920552676061
5.52155997274105
5.3524412647699
5.55858739564749
5.19869316080412
5.54560095753072
5.19691997751691
5.46498477700905
5.50338119151619
5.41776121960194
5.61395150702048
5.32924204013879
5.42082950245832
5.7313465789564
5.29628496663763
5.61476947988813
5.26219237440757
5.6739049057523
5.62600897224459
5.58017347067178
5.12141921902285
5.47464632404133
5.22498573048837
5.67473778888615
5.5175135452196
5.40043058328922
5.24039420947216
5.54079852834707
5.47140524679323
5.7685335838148
5.63396788893032
5.48309630711663
5.649937105814
5.50770954136605
5.63702445490836
5.32987742541645
5.29310463167324
5.62202041667035
5.64160685364071
5.4918585659485
4.99284298953271
5.04015775109567
5.61292740497754
5.67544107539333
5.80468246032701
5.43607594219206
5.5803409643921
5.4998095649899
5.73286875193064
5.56353060636451
5.27374301995744
5.22152390672114
5.2649994219732
4.54462526572732
5.40236833985024
5.5580260674515
5.80301362045752
5.70482274969565
5.84153396540964
5.66582740285836
5.70288512672675
5.52596131793752
5.2886621593316
5.57040365824964
5.56659707919449
5.43341600255563
5.38241752143289
5.57046316977703
5.28717450239641
5.33942095646203
5.44689189319792
5.41647743995838
5.73331815076477
5.81700170169689
5.90234327805772
5.48972017986392
5.60312287297023
5.66933455583789
5.6826257454449
5.33735927224467
5.59662705842952
4.66134525859404
5.24821766136013
4.99641066826598
4.95125797451681
5.25183283555309
5.3410533534512
4.79979048019606
5.03527052141984
5.42616139405104
5.69293169868038
5.83982422487405
5.93533077268859
5.71575070992997
4.89396201531955
4.68067683143025
5.3154056707111
5.36520937079746
5.67373170310492
5.88665148959125
5.36468106661548
5.11494563002725
4.9151259220988
4.97894325228255
5.41742075838954
5.22978280193897
5.41605013032968
5.5393739524267
5.69280860780908
5.58085186660776
5.38866134706685
5.72998097146791
5.31054517080441
5.32201438512194
4.39117956769933
5.15581553502474
5.40682677305979
5.50938585198568
5.59500105043979
5.33248675512671
5.24656748225131
5.40937371899887
5.35678155541764
5.21905132955115
5.48667188639588
5.63875302575089
5.55752102918806
5.56610757135048
5.72676347453934
5.80885594174001
5.80804257888828
5.83080414060022
5.72799806641235
5.90221126319951
5.60967454053428
5.6241162438426
5.91482067057701
5.84168368843805
5.8840588311028
5.79452623462036
5.82660809265537
5.31828084786165
5.17375539034107
5.59166277693321
5.51264971508458
5.63058509632169
5.88494437179632
5.84089538639601
5.86328252642291
5.74835316521345
5.48999884094897
5.70876614173537
5.49640193971403
5.51155518245926
5.39440236766905
5.31094162461077
5.04341922807891
5.66701030406066
5.37887971330841
5.5423884058743
5.62848533769322
5.42658083943777
5.78949634986274
5.88771480282149
5.35771338878362
5.35161758006083
5.38351898929027
5.31591431343258
5.4931456983288
5.59632736962088
5.43249778653696
5.694854514944
5.85005941820315
5.71884921506853
5.49615752162164
5.09460450740445
5.33104465160011
5.12355134224518
5.21316609191346
5.23361973362866
5.3104696635458
5.19365314927188
5.35506661514222
5.56008615828779
5.51956423525435
5.67150418117039
5.58624021206083
5.40660295053776
5.63974572608217
5.22824657164971
5.26546490340851
5.10262262033221
5.31983962551742
5.45074701517127
5.70945373602551
5.60220221506782
5.38390627265671
5.48153483440378
5.42052719188615
5.52477816678792
5.50336117758614
5.37233908085818
5.7309658900445
5.86328234666541
5.81795934299451
5.69923870440238
5.17805236399748
5.1313500034386
3.81150721074227
5.18159559903038
5.40757712516755
5.38302858877949
4.962194230502
5.38706551725914
5.26195377568449
5.1172517335636
5.40038654674266
5.51211289353331
5.54819097318341
5.04719558285182
5.670033483716
5.68700405194869
5.69542360720671
5.7383484309684
5.66891981995625
5.70467913309551
5.47947306350048
5.4733994185895
5.24616536963431
5.21092479005055
5.1736109423066
5.58499941703499
5.6594977860459
5.51203524258819
5.8540696133357
5.83707353091981
5.17114304870547
4.65937698427309
5.26619170025044
5.26007096218132
5.54237952920887
5.65799997213733
5.28725873801783
5.54667266831121
5.09618202549576
5.23863308089738
5.08092499056379
5.62406320550439
5.38870570484451
5.7152158108892
5.23716665753024
5.33490078665387
5.43042562335505
4.81294431611397
4.90294386119439
5.17835775238196
5.07141387282902
5.1112398954548
5.37924165495369
5.51038210901126
5.64701001166273
5.39632430200244
5.53812062884715
5.42598785945581
5.55004066978911
5.49498230084338
5.43366673839125
5.37378181705987
5.54984118845761
4.54885890578013
4.74980618982541
5.19841860868943
5.05955353069964
5.07807483816201
5.19578261410646
4.91766203591702
5.54683260265703
5.53003243637926
4.93193901564996
4.43277408447666
5.19053129314254
5.18589058930695
5.6015901410529
5.06942070317627
5.47711096361856
5.62545315866643
5.58826139711199
5.2301012314643
5.48903177807376
5.60277197458552
5.65699130988183
5.65299645169429
5.68802277656416
5.77100660882963
5.75986106747608
5.80491112944311
5.73255318317174
5.66103986488831
5.60906548426482
5.88346552113824
5.63036674561098
5.58472798568706
5.34594659250954
5.65012726888496
5.51854761864722
5.56309458942817
5.7653127114236
5.51371281092155
5.57192993829231
5.62473790029892
5.53070868782163
5.64782489384272
5.42131683034535
5.31739737745253
5.10993429179173
5.23184535986426
4.18191676246683
5.3979891429833
5.73720717680374
5.33485821844343
4.83169671172025
4.72983763798222
4.94418933850941
5.08322589394394
5.47565365694541
5.04839314256302
5.6198896937508
5.43068358136582
5.34824946983978
5.59061757960906
5.67087264676522
5.43272031028417
5.48122957254253
5.180740212621
4.43374251723267
5.44463478507054
5.17997483344306
5.5451785773996
4.42087412011362
4.53156420445781
5.57780952894181
5.80356246100697
5.85354860713242
5.48069375592262
5.65080829345447
5.55715591687902
5.46902767478871
5.60389585726485
5.14155680933497
5.52297904363963
5.47805824875416
5.50638319430997
5.56110553445037
5.74882484649185
5.57596828969975
5.24902113683033
5.16123111564701
4.97590926174284
5.35612528803613
4.74351114861771
5.25542489796624
