8.40232263020708
8.04972735131437
8.38934541889146
8.35146294855588
6.71082349660485
7.38084763553618
7.83310225315857
6.94582568472816
8.21450852378013
6.7140929395799
8.5901215169901
8.03878315668461
8.349136617071
7.96605530512898
7.35096816614537
5.62519712220555
6.52581365990611
9.56812809599054
5.22425777339928
7.5996438127991
9.55786818215504
9.5753516211677
9.5925705508107
9.60953151033837
9.62624081966195
9.64270458854194
9.65892872535104
9.67491894537145
9.69068077871353
9.71388005122724
9.73664863738094
9.72764829686239
8.63440803555949
7.60490499163413
9.01976715995468
8.55915181257751
9.87933741210341
9.91492649547614
8.89193303938548
8.29772566740564
8.44130080653997
7.97444862308967
7.03529593608529
8.13385537045824
8.14542871433508
8.02143260372577
9.09951269827737
8.08736978466948
8.20831168979014
8.6674227266788
8.53341935331447
8.6161916465267
8.69561241665535
9.10987186620677
7.56918285394834
9.15517014570428
8.63997525879219
8.91256958623826
8.09573627147812
8.66583659068889
9.30129439503024
7.65028655422026
8.42932727786992
8.46108728467537
8.19391870429571
7.98630658201174
9.1276704724298
8.70956495019072
7.54077136165693
8.34111343623045
8.58536530903836
8.00323641795017
9.26914087887184
8.54974319971874
7.93028836621168
8.10025207295538
8.35997106942524
8.08985607921236
7.6882889047522
8.62350763467609
8.61116221618229
8.93864895727511
7.73265972191915
8.51361979163808
7.90802245403241
8.39672603608575
8.34068829521667
8.99674493321931
9.54640350421757
7.74174196781376
9.34837511761793
8.18423769026768
7.94575348400621
8.24285413332713
8.05902198088402
8.39573758606868
8.50586328560279
7.74572846529392
8.68502803819352
7.86174448123929
8.60808242713119
8.00428363152411
8.63607925245718
7.86120604801735
8.15224164227036
7.12945176244523
8.51634165160477
8.4219561138805
8.44934718006435
7.60000289999822
8.63668042690259
8.91597948434208
9.45451464731771
7.66975649324165
8.0883930454783
8.58244711112236
7.47163920277554
8.76319766180212
8.89240455650029
8.23806912088833
7.66492815879445
8.11178096062418
7.58686434000956
8.44502356150371
9.06623867780758
8.26553807505645
9.28709329250623
7.35719227372789
7.88600143991765
8.02799071816154
7.72504415281883
7.95031531478806
8.19656945326933
7.65275244477889
7.68543447926891
8.58842870200037
8.16976607943322
8.89367854452133
8.48923018703429
8.84124976112462
8.66649024552891
8.25105589982779
8.20214360687646
8.58562282568048
8.89744412858768
9.16485927252004
10.0734350474509
7.94722542137674
8.11718955983402
8.32278565226934
7.64843231248465
8.06362425201267
7.18250162057499
9.02372013334753
8.50006761122397
8.52360535371328
6.87944015164706
7.77686788614976
7.0529551536835
7.41167496105624
8.87411144957365
8.38615172784234
8.53523044752196
8.01099361863612
8.11437458990573
7.91136762973462
7.66327988918051
10.4650858487923
7.67448770839033
8.44765716763575
7.51537427022014
8.8876284968702
8.54057066102695
6.906161971277
8.42493492396359
8.17772225240073
7.56958759304357
7.9721774007026
6.75251057017371
8.3736095271887
7.6139704463763
6.75090127185068
7.43246860772404
8.16862427436366
9.0154401825346
7.41907642395883
8.28801889715681
8.17220528376955
8.3272939748019
8.82467559007774
9.36910200632392
8.35393784644752
8.05014276254632
8.57507791391744
8.77388520370507
8.74158315605348
7.09743442548059
8.18488322971597
9.10623457907543
8.59319236597852
8.73678031285033
7.78888843684331
8.69306856776936
8.59120117886846
7.66081499541831
9.23745155692297
8.82329998223498
7.03983459401171
9.46772174724291
7.61292342688542
6.83212030305977
8.37834557169068
7.41417327119509
8.4640034835907
7.56337453931889
7.70798432911511
10.5395087839332
8.04419563306832
8.71302947783069
9.06779828002376
10.2245734403269
7.69874108550308
8.6126562578206
8.64570005086302
8.12532828726576
9.33441458841165
7.59667421591922
8.23804176731547
8.95789829615782
8.75347591470399
8.68476067965227
8.40727471160702
8.8673253754896
7.93437905409328
7.65624864979218
7.00427352718904
8.70883581832488
7.69786714030211
8.16597976987109
7.61340324223997
10.5899797314532
7.69899385457589
8.1071017212354
7.82505086738772
7.55959216188142
7.8230997077771
8.99667000935293
8.54972818587991
8.37864040345014
7.87022428207181
8.75376483079842
7.85200846410914
7.14463443642044
7.59224923404432
7.11998466789154
8.02280399358156
7.69662036918662
8.64974322065485
8.35037247325723
8.56301095881519
8.62022511407189
8.53737407257661
7.66657518629983
9.36388472712808
8.64930100285064
8.27874114019499
8.04047601720843
7.82523950669166
7.97040442547835
7.16123649984593
7.29469154307588
8.85568796778984
7.84389817542039
8.54693985181921
7.19724535018906
8.25441537656291
7.83400957256572
8.24006308816771
8.81709016710275
8.11436553743761
7.44054394793326
8.71811463569429
6.5831665753299
7.06040717018916
8.52395600189446
6.42839711357866
6.2465116885879
8.06109904868917
8.26306296433601
6.49850461783733
7.36557123347629
7.2040954047531
7.37577017106816
9.1252395827098
7.31999340445205
6.09251547229295
6.48035371413177
7.60916876259858
7.15623655130024
7.54077017237143
7.78506705969948
7.26229637412691
6.42080000335079
7.45815167628195
6.09782506974834
7.53595011986893
7.89539658318411
6.99343195869577
8.52340255233161
7.44483089280885
7.5834796241795
6.85366817442902
6.97591222983774
8.99154160113546
8.11864054842874
7.823760576662
7.20626185726353
8.10227962809486
6.26637601834829
8.18688174486167
5.55262101152806
7.28037203481223
6.25522762287361
7.60868465973207
8.4787825455429
8.29958202321554
9.12763032971738
7.95031146502418
8.44409417967523
9.37247672466748
7.26539327906215
7.78977384718849
7.13383459330537
6.25531979411004
6.42710863855904
7.39694497667731
6.91743482158078
6.02862581576666
6.48791771393191
8.0494447388542
9.65655625999368
6.93194939630132
8.03549975573187
6.48801021163741
7.26818148223453
8.68737268503782
7.56794369628302
9.55502932810866
7.62498860207033
7.97849887631202
8.30189937989683
8.06578908579355
7.37537786754314
8.39048647094466
7.59030743170223
6.93347996999979
7.5778929008902
8.61746825568369
8.65776294462175
7.04981393879208
8.27512420279852
7.03534502984761
7.37475668211939
9.19851864918506
7.395061517955
8.08031173930615
8.03059245738415
7.29007274972058
5.99384634549478
6.61206769591635
7.34304344663807
6.72884112330112
8.45544866284498
7.47899343797885
6.77456665618687
7.24132641315692
8.05567191350281
8.24081559837406
6.88366350647093
8.97404542046248
6.32382762458225
8.6551423174393
6.72342085140936
8.19913194001262
7.36272144137299
7.86481365216934
6.7518655841823
7.09174500172747
7.85305272708174
8.19696791110749
8.78838081963203
8.36521475160551
7.21798342214889
6.97155752457753
6.53632598770052
7.46859834230432
7.45356730639701
7.4382356575834
7.08143281958103
8.097727340785
7.59334162241582
6.53163080730373
9.25654154609382
7.63911163973405
7.9532871338718
8.93251532081261
9.28596913367099
7.2749366217131
8.73468306266123
7.40441533263109
7.30304701532826
7.40119514479854
6.94676056813659
6.73067768479533
6.93293538448861
8.05802391675111
7.23508796917931
7.94234467288676
7.46883483249416
8.63537606847873
8.24146939818541
8.11863810776398
7.00376286687211
8.38806885282543
9.14954272078504
7.16395457589828
6.26799653008333
7.97323580968273
5.87948192763905
6.98126784351482
5.23052857018984
6.23992036593682
6.57176122496517
7.01199875689429
8.18852412421712
4.73261644516337
7.41611434769884
8.14065295079
8.51308458408499
7.37718559633853
6.95482788722259
6.94332565106725
6.57527425721066
7.7651187902294
6.01950694318784
6.51989168407762
7.2230740299051
7.71067318114255
8.30392555048529
7.92751338974654
8.08202716214814
8.9329646009206
7.57931942353219
7.45627644979748
8.89214736217017
7.66768891160313
7.59358525366211
8.42445183009154
7.99989458073481
8.06476910658493
8.54509815331763
7.56321220980999
8.38280242157704
7.87417862479593
7.32759772553126
7.21409757122107
7.34359208540938
8.04219842495443
5.82511608522391
6.63390989709118
5.90344017757623
6.41528994343736
7.88038286395779
6.51037584864485
7.78692789957948
10.6139752957396
8.00536343776403
6.45393144199807
6.81837915980348
7.58990291596071
6.3276937527288
7.84637875529163
8.54592283762426
6.61532635979771
7.01557944814448
6.78572311872613
7.42448551537141
7.12940289175025
7.63235716024347
6.85754425468993
7.14462336879657
7.12087188410577
6.8435323452532
8.43222815538981
7.90836739408237
7.76897857332006
7.99503728124718
6.65268770561003
8.1932153725493
7.0849093703738
6.3026458055083
6.81000906006795
7.00196839196068
8.90342886147223
7.98428316162777
8.62760992026183
7.97683013082079
7.74560361749193
7.13700145300231
8.887218636926
7.85405878676016
7.6447796434201
8.21557509649698
7.33911887585582
7.91600284817928
8.60699032187979
6.81993640204935
7.82760564259356
7.69005238030495
8.69876151278099
7.33042844393541
9.47240842264362
7.36906515691956
7.05517390122291
6.9242948396396
6.92841197294853
6.97084101273518
8.48543623590729
7.73106013680965
6.25921962199572
8.4005785769193
6.65096116815273
6.83883904714214
6.33014739322151
8.21822183128881
7.15987151383044
6.61790326740283
8.28609904440264
6.7989070293457
6.86758960148848
6.17070887177857
7.90286676914811
8.25610459652692
7.64542953515171
7.94762098296346
5.9259730326443
6.6561811244818
7.49426770347086
6.60284281379033
6.95012538724783
7.08964513500344
6.45891434960258
7.69000414000628
7.41380288764253
7.69186562521173
6.58091041408245
8.06741801440868
6.8447460789507
7.28097052200228
6.28272619201059
7.25066450888656
6.93239018284477
8.7844317147736
6.85129400361284
8.05840820605522
8.14109760018431
7.91373063001936
7.78796235851149
7.08475199138987
7.31039297917656
7.09924683171846
6.76573148986306
7.9456166721464
8.65766862879738
9.56972027594056
8.16140526167584
7.8409231215509
7.8729028632837
7.67347822022654
7.4418498672319
8.09269721778876
8.21032399326027
7.077585448878
7.88742039552321
7.23535756300176
8.243430797135
7.57594115793282
7.06591387334019
9.28527564033244
6.84647184239755
6.34673318910353
7.88324437322907
7.1705990074975
8.00938224639817
7.82209049492984
6.72109575963803
7.19510951039298
10.627273951988
10.6276212376456
8.00615813124192
7.66773276195798
7.23071969265178
8.60668418035119
8.76764626998895
8.48154587440809
8.36184770118863
7.67521287895813
8.82608639821091
8.83270533029148
8.56485688410657
8.90917129880433
7.75079990514065
7.10507858472857
7.75897140218695
7.35959641552131
8.35344530366764
8.57800209187599
7.70303867291886
7.84806763330086
9.04111293885111
7.92349705124514
8.61434833549701
8.75376894937347
6.96365421160134
8.02702638993237
6.93163646845723
7.7531370386816
7.95535686231883
7.18622626516369
7.5692941851374
8.00443803713272
8.44493279095771
6.47902655347039
7.88575038511953
8.5533007745765
7.61904709246167
8.11696291872497
7.26084178822351
7.80595137885503
6.74144030738282
8.55468317176864
8.38705114604553
9.10105770690912
8.68680755966693
8.21375317771349
8.9844011385486
8.70089616979767
6.90060919441302
8.52821758043454
8.30494169179412
7.96076122838704
8.40500285202121
8.04420662837522
7.77568714843504
6.52199633231183
7.11705329016571
7.0758420100656
7.39905878557863
6.24593580568421
6.64321081119643
6.88480244418452
6.22198546897713
7.36886182602105
7.63694402359443
7.46754882226976
8.27525787105344
7.64820456543275
8.30096217052363
8.21153822558811
8.03334274837648
7.11297416792565
7.97352512857939
8.32177247272352
7.22416434037078
7.30381158536917
8.68276115257383
8.33972988604947
7.90749751932684
6.55131316522485
6.92198413623581
7.79126619158279
6.98611721840432
7.5313665860702
6.86109342735231
8.32216541222867
8.07058651540988
6.64972173592176
9.02523126542715
9.20048938995753
7.12359708348327
6.24779366725155
6.71275957509015
6.76413116473926
6.99487167051506
7.75096295228073
8.53700695601287
7.62310903113384
8.39888223729782
8.15271194604
7.64977128626677
8.73936904054569
8.28268496593012
8.47629607163825
8.24738747792802
7.91720777009512
8.21795011719819
8.38268369166629
6.60543981438106
7.47252846844123
7.65419488379021
8.53942435198991
9.7052632483761
6.81473283442802
10.7064309981573
6.94561250129918
5.41491268385541
7.26661676229737
8.02966381262374
8.24191242544583
6.28983218711088
6.41958918715282
6.57388731467298
6.6343117123997
8.15464611132153
6.48358821942916
6.82359612507528
6.54561786209021
8.16638554157909
7.76837617989705
7.68452158657215
7.47617497864973
8.82029550187402
6.67890416458489
6.43546791222938
6.8515563867226
7.63542932413807
7.58938948757589
7.02677350077938
9.22361031150222
6.75018025571607
6.18495146947748
5.40163949681522
6.5149652017577
7.28336785632777
5.3456585803044
7.56973142822468
8.65301097471446
8.90050887043832
7.41550007124706
8.44066864415057
6.65018134395254
7.37197506174027
7.79229245286212
8.47901221745734
9.18770662857757
8.1450972779849
8.38420845880143
8.47829153846919
8.12685007515928
8.04971252803697
7.49622684538453
8.48622749607786
6.97177833859384
7.75539027721531
8.01844781097418
9.09344526576941
8.04459324640214
9.67452631640844
7.53102562343964
7.80799454922091
7.08562230384835
6.22054371088446
6.94099311228295
6.39523833040752
7.26613905627037
7.49965680767418
6.85974563299038
6.25846684276642
8.65227318213046
7.77245820705704
7.5453090673322
8.68359100165024
8.13211416758434
8.85448191672251
6.80357814049613
8.63055023874709
7.67056519329653
8.26688703337268
7.46306484876776
8.02863385983203
8.28986374461421
7.51691415030156
8.18348525324995
7.94520192881326
7.27155837892533
8.29926235629127
7.00727232797514
7.95256491155621
9.08393604683471
8.57088496190361
6.74263130068636
8.4995545246419
7.77969999176857
8.3943491333076
8.39547155649694
8.01912581302494
8.26198259911068
7.82091061760498
8.86556605418817
7.3009807322495
7.85053425168479
7.00418431937433
8.30581301625368
5.67010223057878
6.89381380744553
9.60141968627163
6.2365252547039
8.36905767378537
6.70540131751229
5.70766333739391
7.11693115542572
7.84854746966581
6.71543219762184
6.76649070260612
6.73571915298146
7.13464595987885
7.23421183900735
5.77268978435713
7.48830615163929
7.35504152419649
5.66170332517403
6.63202246163976
6.42271154885503
7.38933589501626
7.02265903885763
7.33877058865303
7.18781590288881
8.06865537678489
7.60444274776497
6.76202784346865
8.28779947793274
8.39710737567674
6.4175006801924
7.00520169926096
8.26566422775594
6.24998142786113
7.71149379940073
6.54809300634087
6.83767873235321
5.83686519344149
6.89197678995915
7.01955007231471
5.78507512014641
6.99545703317066
6.88787772784043
7.81248705923697
6.475161311647
8.30347551994143
6.92654998749625
8.02061133079709
7.92821792857888
7.28911486751299
6.99579194216327
6.59099013791664
7.89465479846606
6.97200397042813
6.9192415296576
4.99836661213705
6.70555410076827
7.26951101443596
7.42787180536101
7.76287808464071
8.231309576776
6.76825654632567
7.71324499955768
5.64644749829774
5.73625208700835
6.63809939223962
7.41406098911659
6.21283892672452
7.07822410471117
8.83230615016538
7.46211414989459
6.70722134284485
6.21028958024276
6.91764098622238
9.87895188770601
6.43823620796661
7.55167645125437
7.148211001681
6.76593669396962
9.24831608438312
7.40293107671684
6.71509892126424
6.79078410201614
7.11873877691357
7.60213997025465
7.37419921708049
6.60510282480998
7.94038650988771
7.39630167616617
7.35658451866913
7.80772486524876
7.39330950196038
7.56329728222813
6.66754262198256
6.81414107722363
6.77627762711796
5.69445873770985
6.29230158235595
8.73204318557761
6.47195937434241
9.53852601403009
6.72926907716484
6.69415668611145
9.62165267895154
6.87393334763615
6.74558731331168
6.24215573235347
7.46462751870798
6.74031917809842
8.20238333188766
6.59708125243359
7.45372859186294
7.04684049873703
6.51128977559011
7.0195312046345
7.81998245333736
6.32663532532173
6.70323006099977
8.53483990326963
8.11736812110071
7.95764953547397
7.41174486979695
8.3237681796037
7.82036888148999
7.59977797515528
7.41690399814832
7.15288365523947
8.86350515294946
6.77777462981856
9.18980243205441
8.89435952168203
7.18055046085666
8.0031191644279
7.4029691243724
6.8453008347771
7.47865319911073
6.96301147649239
7.93861528901884
6.45286608351303
6.99978135082796
7.7597175942863
6.29274455124451
6.56132090310624
6.03069101664188
6.2237601525991
8.95279874923845
6.15609146237435
5.77786813131674
7.52254999752992
7.68394963481603
7.94821602160584
6.48019703075431
6.70607911553181
6.84454880833302
6.78357143520446
7.38485130577658
8.72022444801725
8.56298997291353
7.35173989517491
8.02747403394062
7.03498670535531
7.377394671467
6.20480824764916
7.44903637778952
7.67930169760081
5.79392230946567
6.98212684063366
7.08911458317846
8.6672155030228
7.7373092272287
7.79398058020425
7.36860651992519
7.5405290276332
7.88114929922505
8.17359578728139
8.31795048529377
7.5004057484091
6.45482624106482
8.10872612481999
7.33395583410242
8.96600331970228
7.4551292660529
8.30138064911493
7.86391093155227
6.42743767174717
8.62218271742627
5.77292415645207
7.46535258265934
8.12154144897325
8.74812102411177
9.7209721097494
7.58903810254645
8.72463873484383
6.3434458650406
10.7613537018499
7.13623917426161
8.29571553350689
8.12531162948395
8.62078851093617
8.08427694494336
9.19760223095669
9.02721335100771
7.56341841216722
8.46080701351813
7.95362551274097
9.56707046767007
9.08739554722311
8.96112586155484
7.22639053757339
8.09799895067285
8.78510228505124
7.88316130592581
7.65764473472144
9.1181368544893
8.12013694695321
7.94361332711619
9.12671127371299
10.0829868381636
8.70054428929127
9.13609886828766
7.78335514397972
7.47528839899371
9.58834618220491
8.7706995813114
7.53250273231415
8.22775601498036
9.32311428931609
8.73687412045049
9.03182533214438
7.92271499015026
8.58739610354246
7.85933913411521
8.15697484679515
8.78884653350015
8.99301659531146
7.99247139378814
9.20874861368443
8.13067407450109
7.78951421879161
8.28222710437466
8.59500879818915
9.08769950617383
8.44360537556741
7.91612395805836
8.26625083678638
8.38360578306885
8.01422308031275
8.67957532470442
6.9661833095111
8.63219318545291
7.68583103847283
7.5273605689757
7.85827280890355
9.67091283406847
7.44862026664461
7.64454457065758
9.49611544449362
7.83922529067212
8.82915591348797
7.55384444555352
7.15847533043297
7.56676314191085
9.642857998326
7.68339364136275
7.58977251724416
9.01790793448083
6.24705195242667
7.50776303249327
8.22881919878795
8.70550349056404
8.2156355123842
8.44317081291968
8.02270415121114
8.12538935845532
6.98511439349988
7.48447354580116
8.57590052521851
8.24508930906643
8.09792524066702
9.67034298662226
8.02366552818516
7.55610091394293
8.74031319221439
7.18531646732026
8.42225072366529
9.08266728913818
7.30587400910738
6.88801402441711
7.09101488572476
7.95470053886635
7.16805866779443
7.34123225842831
8.39864118850762
6.78840453448906
8.34693637082923
8.77096842688097
6.19923476123012
6.74823461529735
7.09035866923096
8.07367164146823
8.49432673010288
7.66290649492383
7.02805589312316
6.78201745214436
6.87789058795154
7.34144988990815
7.0702796896159
9.12028985461238
7.09887757327752
6.50785724999237
7.15900638946608
7.12085702601916
6.47780833068529
7.24132334533679
7.88615650278209
7.38335422027987
6.30960315777584
6.45378243836351
8.52262140910826
8.06664946513193
7.23878254735211
6.44091619798741
9.62189930507418
5.68222341628887
7.07092440731661
8.19050656359541
7.6565093442123
8.0077422359446
8.32469278571648
5.927553908225
7.93085354782097
6.98497826129912
6.70727935692546
8.98118393712025
5.81499037146522
8.09502674713676
6.83212342846014
6.35972767746625
7.37316455792466
7.20522656846683
7.94089370015652
7.67221545806704
9.17748948080155
7.40882729199547
8.1351928456573
6.6220470932014
7.84250932258553
7.80000007604619
8.00808432493457
8.78276591914777
9.47389274356367
9.75081956212627
8.27354721285068
9.52966395141429
6.66992351574167
7.43988721559067
7.07283723461723
6.89472780943184
8.03354876448946
7.86028947356833
6.19449232626307
7.71953454979772
8.6492055600833
9.68996947966512
8.00276165936759
7.20132777936371
8.11506384019939
8.05586578317259
6.67815613881087
7.27218431581004
8.62458165513148
7.50049763284775
6.96167209720601
7.41539111107195
8.56494341811385
6.94313417551265
6.83046606718793
7.51793496242858
8.79954858761829
8.68487538695069
6.37941691038259
7.51939909717251
7.77483903669148
6.457421318822
8.42005868454023
8.36573652380868
10.2616162021819
6.68886919166996
7.9214697587764
8.03086413012363
7.04184526691385
6.03760942551395
7.41795992940394
8.07268470437188
7.51742065398795
6.84619520747553
5.77909307022632
7.55596746594566
7.77606489322342
7.46825263579882
8.85877716702829
8.65699151977376
8.36354745037402
8.77640940857705
9.09560222777626
8.68398786889433
8.45060644782124
7.53118149859544
7.09826179262236
8.63266380435394
8.18920156697103
8.7657493680971
8.75187420526078
6.8017426529195
7.87440200696497
8.92622338804461
7.43376381817333
8.31272880458954
8.88910044292835
7.84608422225063
7.49611322469632
6.27585146205143
7.3348058472299
7.02906801702059
7.76289875381109
7.59231616305462
6.86736314393024
7.05369484961242
7.18646011326532
7.40943795371667
8.72431061724122
7.19074728807519
7.58673044657743
6.97262087708626
7.37791342702057
6.33913261769319
7.452699719261
7.74623948978766
7.16088480100231
6.50127856496472
6.54664100966571
6.70087720423543
7.5017066048122
8.48597644317892
7.25759331704147
7.84438877084297
8.37725685215887
7.92975484304834
7.81068049964949
8.34782803637135
7.41503633242896
8.38683982724413
7.79486887270273
7.22729672866036
8.13612469079146
7.26568850414823
7.90210062583818
7.70768921950754
8.43685821083124
7.18107663317522
8.00934399751596
8.08909398715579
7.06413807566399
8.48424116035777
5.77336251056239
6.44652538777957
7.17963678667645
7.28971038741201
6.55409111053529
7.7659255754064
8.16896565959625
5.77214229209522
7.37538296801672
5.47594852502272
7.29367243693282
7.2843729782112
7.5941365443655
7.91276954642184
6.7845913214223
7.69543445754159
7.04026574181202
7.17645473883283
8.07682428296079
7.00678288986521
7.98778426390693
7.91953653632742
7.34823963287283
7.67489721404676
7.73019240277295
7.56143304876272
7.72766269639248
9.43587777411937
7.65641818869223
6.2382618134103
7.11903928175745
7.05553465615146
7.88937414426647
7.57907634707164
7.86022456058849
6.53311775358597
6.49656086908116
6.61499061454103
8.33681721054512
8.47493763328193
8.25134565995172
7.57356613439998
7.36017909915804
8.4789345625952
6.42103446705861
7.12484881970249
5.70155392544559
7.37189537503132
6.35042072385485
8.1613945523152
7.71943085230693
7.68710620873211
7.72944775968299
7.87079857212476
9.26208450600464
7.12757986454157
8.73424289416109
8.44174835374629
8.7763750024647
7.47264398323323
5.71438135438111
8.96638247456628
8.16062650340466
7.38324213461089
7.819396749633
8.02024303324972
8.38604267045407
8.84163551846652
7.9022721774883
8.46895957713391
9.25418193974732
6.7006366078655
8.39871039340217
7.39535395116191
7.87636992777192
7.11590080474618
7.80153751676606
7.1573419269011
7.97952037918757
8.74417029353304
8.4538271698053
8.52243898839108
8.25595591052507
8.61457853355677
8.20343723101614
8.78976546832615
9.31668299861123
7.31776578218352
7.36596498395767
7.34014523354012
8.67089964686459
6.35029496013366
6.85302814036622
8.75678619279849
8.78609201027086
8.01125188212579
7.29339870221537
6.87189243825564
8.07304804292532
7.58807979448049
7.00637217279815
8.74633235052243
6.92128248090833
7.71464812887928
7.61508175366313
7.70657885608308
7.20530796410939
7.80267234604598
7.93301013555101
8.73511106855228
8.11436674435747
8.44872131774821
7.50726898644056
7.79064855472861
8.21376284448849
5.69653691594875
7.24428794302935
7.23296510576228
6.91874342870833
5.94949283880813
7.71065309952004
8.69388701230289
5.95214656234156
5.93416521284792
6.10332504595773
7.37239696983353
5.40233446418155
7.1690142229885
8.06221706094142
8.08267378813616
8.55458953259929
7.33403887260425
8.40055318648259
8.32405448855804
8.00723477894631
7.39343737723196
8.6494510392303
8.31859873779234
7.59319427162928
8.56916750944777
6.7645530158066
8.35313352710728
7.01684314283891
6.77617935884988
7.44517897210081
9.50235356988275
7.92304532052006
6.68236576118834
6.99550041743117
7.56891564771819
6.56622736935587
6.28000471255183
5.44835757466007
7.52915418271582
8.29307778688861
7.24718084039637
7.22827794345543
6.00641143093461
6.65427404221993
9.12627739759747
7.3774090995432
7.95140462221878
7.67844763423674
8.17407182549366
8.39277753131128
8.76329006927616
8.9153000201601
8.12211001365709
7.25359082005208
7.14742910479554
7.27516554901802
7.28488390082962
9.03205458839223
7.03557406998665
8.02645937711008
7.70531550756052
7.41746622266777
8.61530338747207
6.93088250853236
7.83114950112273
8.12697556071457
8.75713169860824
6.86278091261041
7.32826976258261
8.92628341292923
6.87758996418365
8.92162562795762
7.41150927193773
6.92917915771457
8.58857235223612
8.17970123789041
8.37588372052313
7.61554671770495
5.93385133516542
7.62315889692199
7.78591494578414
8.17590467771289
7.66144454118181
8.85655463382441
7.17292536263671
8.03298460081028
8.88464566769488
8.30778710825099
10.015487340778
8.11745705627029
8.71900825855368
7.11745492398539
9.25460311784541
8.15719070206837
8.07507721713361
8.20950433911767
8.55090719186137
6.72151356618319
9.27955340446695
8.35991932973707
7.90259284287947
8.41519951879755
7.72755572117811
8.52097243540764
7.81912946569141
7.64880106232001
7.70736051443646
7.2831823114428
7.74310989983905
8.14711282597957
7.40937245254234
8.11254331072635
9.12838076554216
6.82783888773638
8.67548582010704
7.58599844900956
7.42411096294982
8.49629754409914
7.63876927064635
8.87150272656159
7.6113756681462
7.51753132256977
7.7940731322552
6.1097696746755
8.02771974995467
9.48503377663227
6.76679421115875
7.76957843293166
7.51110531654849
7.46114647034015
6.60853299884319
8.42264348462841
8.43009836487911
8.51828707053321
8.48826737949126
8.30003870136892
8.75133603538281
8.23737351457842
8.51041563289285
8.00674101269815
8.32383727798679
8.80614006119898
8.85314110016636
7.62091699889812
7.74114309857471
7.57265527627891
7.86432084390856
7.73258665828764
7.11099552610047
6.45050560222414
8.09571639810449
6.89221371714004
6.63725796725475
6.59681748857819
6.73301542201893
9.71134243170303
7.9435294339473
6.44488822161422
7.39911093203203
7.46672291317028
8.44994529136638
7.75218941297953
7.97460884937617
7.68867238726406
7.28614258233302
8.67521604734321
8.22713592411685
8.34154292536123
8.21426828672232
7.56353747339927
9.56037061963054
11.0111632344024
8.72223747083268
6.75834424009059
8.34496703900687
6.80811233329672
7.30742139944196
8.44826509856077
8.04769071957789
7.97317629026896
8.94282920303447
5.91296890573569
8.99061104828059
7.58079377954988
7.63843302857169
8.24676879659438
7.41467656769344
7.81866864298665
8.11375174551982
8.97050711536935
8.25046506572512
9.49921701388112
8.98315211003793
7.59486734093702
8.45966591417854
6.90327796381284
8.08211628600744
7.83761340275957
9.54541139545507
9.2738532734657
8.18166245877039
7.89509344950301
7.87360396485736
9.61285649692573
8.27119564608694
9.21484600487765
10.3135446073107
10.1423726535533
9.41943171908663
8.53154729441905
9.30104015487021
9.4198915022409
9.20524940626327
7.97225472379811
9.18746412753332
9.08105658498108
7.94701966406085
7.30526726117274
9.07829461537055
9.17805135125407
10.4366746935361
9.59362166568534
9.27031212954567
7.62350400398534
8.24774724906484
7.75066698407095
7.38517215337071
8.17287622200408
8.87896177008927
9.07625840963117
8.31936228551209
9.22291655645773
7.9090519960737
8.18417441797311
7.10527938860867
8.35556633760189
8.48053001190119
8.50956896172728
7.51244953482488
5.80870309718567
5.6071683027356
6.13058258972214
7.923458287497
9.85209035930072
7.0896883361715
7.45568768522305
8.0582300361339
6.9162634960171
7.44157047019362
8.42908327231343
8.86553763283977
7.72428498031451
8.95990057595742
8.77217156460866
7.48101863844263
8.92587325469452
7.45245406215411
5.57690818087213
6.15656513317649
6.6718329652044
8.15309985395984
10.3979174444176
9.5807932363327
7.76597447134056
7.84897761249797
7.74947692298044
7.88780011198521
7.32739269977476
8.34514472101256
7.52849950006166
7.76658295775213
8.20202227789688
8.77102416480339
9.12882770710212
6.33824951284759
6.95276216501075
9.42255484942013
10.0281130020315
5.78002863195983
6.54712259803806
8.08391963886812
8.39985553568109
8.5054238370218
6.89946307190416
8.00082987256212
7.62791332961423
7.96751325197236
6.71011381632948
7.06267300752737
8.09032027309942
7.26778361367214
7.53189121941332
6.76261225237982
6.85302839413019
9.893252290537
7.44070356579229
7.08606549296936
8.15796983211702
6.94242215265903
8.43326746367708
8.02010184712583
9.88985775513154
7.74923116192
7.05585674750226
9.02894188283081
9.72890774634195
9.37683384634783
9.65126519155621
6.98113808988918
7.89360957292292
8.33091298873001
9.29433956823668
7.55277806771515
7.98362382797927
8.04380873704075
8.66387542558282
8.77802918435809
8.56170157034065
8.86881797352491
7.73810321170168
8.01272190894435
9.55179187767416
8.9608133327227
7.48304263535013
8.84654422213311
8.61030490518493
8.53614535989777
8.08410545490852
6.14994858266718
8.440814688473
8.83366373354013
8.27198082446004
7.71852944169013
7.77069190044997
8.36778640363084
9.90237662259861
7.6706334103944
8.00793040767764
8.02461835529089
8.33193269504874
8.54540595688804
9.39727353253456
6.53134935917755
6.98452185915347
6.26345161343204
7.7419576705993
6.65376781332399
6.77887914788895
7.44998171376677
6.22353312736837
8.83775724563635
6.52774346974899
6.62851282162298
7.6467365489896
7.51487696348309
6.9987541972858
6.82839692752531
7.06411269298104
10.1069857911332
7.26749136275546
7.95078737464752
10.0616483677745
9.65906446120587
7.34140900667637
7.26460358670328
7.49025079761447
8.75875070650085
8.45974945646095
8.27622936165034
10.1822933875257
6.17879588358791
7.62831416663786
8.03215974123403
6.01958899597617
5.98956648758775
8.05486590092151
8.54888305965803
8.14767170424572
7.62124981483094
9.5593269539418
8.54190188029973
7.46760467131947
8.9642726469006
9.08705488776176
9.08417859119951
7.53410160277571
8.27460483826419
8.09903058578883
8.76123590343558
8.10654577520667
8.78276472676424
9.87527866819785
7.19919793688081
7.71411092802938
8.12774790534558
5.38181875342293
8.68481865806217
8.8403076560544
8.88523311552676
6.70955584015067
8.96280182920298
8.93727772711241
8.9708555738629
6.61984811028234
6.22533059920469
6.33141783973778
7.62259536679143
9.12794329421571
7.81982896662805
8.06811518507143
7.93263278097168
7.63290324484797
7.57932607346552
10.1569447876226
7.59928543420513
5.92223293416675
7.32333997684899
8.36239947845398
6.43521273277382
7.54305019083406
6.85598492106011
6.43970419879555
8.78987316235334
7.59521793983476
7.39095185014445
7.93086752652362
8.76013673446109
7.09580508086339
7.46945541778276
7.57620937116233
9.2198903650978
6.92073113931163
7.97650762490887
6.59304563755294
7.52267501296559
6.84770044269045
7.06016245336205
6.76236071137831
7.483447870505
7.79125880764564
8.10261298785141
7.85896126813826
7.79017278174901
8.97023317255509
8.14698081569483
5.74211190300248
5.52611451763623
7.3009793158566
8.37525869110861
5.43989915766603
8.24427321461763
8.53538397580238
8.57049404080979
9.57437252761046
8.11888660944254
8.71427679625969
5.68206673598621
7.85424044773313
7.3570861451723
5.89345142618688
6.7944747146975
6.65976870882223
6.46371035266635
7.13564572705205
8.16700931947788
7.14076670898825
6.94485019763053
6.52327963550453
6.46922918012852
8.80029729201725
7.52321151788145
7.25920484035002
7.30741540779446
7.34451525546502
6.34611775848668
7.28287617144053
6.88193424402889
7.48296490668529
6.70934314001247
7.39480793054684
6.46982983095491
7.08660741577664
10.2489824304049
6.61494819524636
9.7076206025704
8.52861611258804
6.34152996619914
7.50096903932858
7.2414302195771
8.20084314627264
7.82558808092352
7.79792235400888
9.80365442419057
6.44173379155087
7.93336608453769
5.97881979558544
7.4348347689791
7.61044922896975
7.96430065632082
8.90995407156748
6.52447438706563
8.37758833271451
7.27883496462128
8.0375815483365
7.530558534339
7.24677506426996
8.76392774671678
7.10649388036418
8.04376940893792
8.28276111156775
7.13862822860999
7.31616211779194
6.01832831878325
7.22421271525967
7.10986972937757
7.01871356122055
7.07385383914077
8.87771765367323
10.5185084744238
6.12143058298053
8.55001204040277
6.67792577637123
6.10729145181537
8.37591353444746
7.40398226746506
5.74884192204091
8.77882360598834
6.87472370596634
9.48630630971983
6.7206870736187
6.5501293076623
5.70813088303179
8.45089878763422
6.42507487120118
6.59163142900483
7.47740150571004
5.61240737478782
6.78456889370953
5.18861624039662
9.34554858398329
7.24410777806329
9.05276468573751
7.63976240102763
7.68045946671131
8.90452025133737
8.01887130989413
8.40542232777712
8.02068988494663
9.27033951578963
8.60527870872122
7.98902514832282
7.2268650953409
7.25554180110764
7.87203908002695
10.2504329606062
7.65226191379902
8.02978827843453
7.82173033097567
7.48254129614086
6.94690079555202
7.31159154394654
6.95893830875
7.58718955732529
7.3914077531737
7.27040471987764
7.48509804833196
7.72089880633338
6.42154358565869
6.92072382239866
6.56452015651559
7.36672174515548
6.70380051602641
7.10746248527341
8.03612462114378
8.17868548382677
7.92750343610765
6.44711112624108
6.73830418440375
8.27837908314116
6.72956402077384
7.40591254428374
8.66766964230658
7.89545753979043
8.54475216891614
7.77232862104102
8.62594762537212
8.5662005925967
9.27637538876979
7.43959401776656
7.72333605149981
7.94343543657305
8.48290541463091
7.42728766701894
8.47764070477256
7.04508938711103
6.93373793316645
8.15662436498244
7.97072402612098
7.35709704012615
6.56876859591093
7.55361051699218
8.01337377272367
7.84846136344306
8.02440145450211
7.72247221797114
6.50776043042134
8.24672218666334
7.45863122856189
7.45855416403614
7.643089850321
9.48759368054513
7.08310491269344
7.59961333696383
7.45617634929591
7.66231480063114
7.45567624148001
7.71539175928747
7.82715105248293
7.79996260392045
8.34766276239183
8.28760410553312
7.42372185110211
8.66205224080565
7.66660981165834
8.03718117410648
7.59285288747847
7.26505468462381
7.52189849947195
6.71891822461687
7.71564770011495
8.98699643201473
6.76253396246142
7.2242880335515
10.5542025924285
7.19792743186796
7.03023127655995
7.09089155927535
6.44632696479235
7.0648575839663
6.77846179100324
8.21769166738741
5.04391499548596
7.70243334786414
8.13884547182458
8.85677909110722
8.97316716480721
8.35864600013536
8.17162718009561
8.10869351340954
7.49225651628694
6.31696051864466
7.1468952928521
7.18536908622039
8.32424321772513
7.70878072203356
9.93247274567147
6.38072747096725
8.22653801542592
8.07666747928959
8.61445772490407
8.13486734696582
6.94122337416061
6.79840191517371
7.53728682576135
8.31120300868761
6.65506899113206
7.02144763422584
7.58457029089704
6.96875510423504
7.12918035947454
6.88879579992111
7.65097925200682
7.86632891676238
7.44241812251709
6.5710549598971
6.02784195402054
6.4722984256125
7.30047526439237
6.73362370118026
7.46100345049862
6.90506260760722
8.00056525830391
7.45659999598693
6.70786844000883
7.82582689657334
9.03656828710374
7.6329708174692
8.60782262002389
10.1708229827819
6.64119179942709
9.87397465441553
7.42653830178344
5.93532578928111
7.86465644076962
8.47013831143594
7.51640575691324
7.98713616593721
8.4557271180283
8.17553839838136
7.37034418332046
11.2293348356516
7.10847482482794
7.23460005101593
8.90934894764443
9.18933545283538
6.36156644539965
7.74004827611477
8.71721385566598
6.61175913064123
7.85090194990685
7.09060451659896
7.01534672087932
7.23313375115978
6.30576791459703
7.43144286345247
7.40609897869199
7.34584250235172
6.94551063926549
6.11360381810426
5.78314940302259
6.23925101567634
7.24497568145439
5.0992435539182
7.9972675635953
5.76235493809545
8.81160799272237
7.90114394754642
5.39205869856207
7.46336326902162
7.52453801888205
6.3777432838783
7.83266383689716
7.40826128855691
9.04156341944019
7.27675180294851
6.73035487097018
6.98425975373572
6.73647141243067
6.06625455815439
7.07899298347143
8.17768697640249
8.55437826592039
6.10522565024659
7.37818381747675
6.26819194223653
5.47828652113456
7.38208913369156
6.87913148586165
7.30561028246495
7.64445385661738
8.36104582460992
7.08939870322436
8.65854616752537
9.09415469595354
6.17144999164869
7.48363348432997
7.03479375819083
7.92006599351014
7.86002760646881
7.71932877036951
8.41279978297121
7.6035744210863
6.72885996496218
7.94996746541266
7.87108981880517
7.79235580709717
6.73634451146497
7.20736159178886
5.47810308726185
6.24435180261773
7.601567383115
8.5492447643943
6.52588943779813
7.73216992168784
9.28682203796889
9.73575957531762
7.90409688577134
7.93356966449313
7.67212751697137
8.74521626433741
8.37305562695463
7.03976561337642
7.12980366936602
6.6838259085969
6.79486038356752
8.49996173549193
7.237854932655
7.70036824126559
7.77318473033187
8.06205833553552
9.4582389781407
11.2432864410436
6.71182422046144
6.91250252056913
8.40012055675499
9.22357142571174
9.47490948650212
8.40149421979974
8.53566690416812
7.74896224654427
7.19624169896623
6.75347950456106
7.32443850082365
5.69996829656616
7.24032346056561
7.86227264097598
6.44187710493327
7.3751610832815
7.56397909537236
6.70389531264926
8.18818934597022
6.58784042304571
7.12915909416887
9.27589268212403
8.03022127733698
8.50913967830248
7.42478024295776
8.13210082508561
8.95283048883193
7.14801705679914
7.00228228168525
7.64926122334674
7.34216031941085
7.296154384167
7.38371916195274
7.89559273074964
7.27778006344056
6.0014411409655
7.86759103695868
6.3057024093907
6.73413281058467
7.97743192691548
7.10012370730423
8.35864044997438
9.04568537375508
8.07499712333075
7.16675091283152
6.39091121953935
8.32013967302645
5.51887183986229
7.85010008947994
7.84953956913919
8.19366854971431
7.62310353287221
6.71929013430309
7.31046591891522
8.50721221834562
7.86670271934871
8.58115029295856
7.82892032191616
7.23881177163513
7.0643046111957
7.63745957395214
9.57644225927418
8.09791343477415
7.59211652357357
8.48223609470882
6.95682523144685
7.85896548614575
8.29305914203092
6.96459703549598
7.99250451602884
9.99599853998534
6.33967199475425
9.06573219734311
8.20329095982484
7.25014028551705
7.98978300990938
7.709531022312
8.24089844298866
8.57314076209358
8.27303078375212
8.00612413946269
7.12567731155699
7.3501280805538
9.78398845568468
7.58972978653238
6.67240545588415
6.69693422374068
8.20236940981242
7.62226716523067
6.40170424815888
7.00697870134063
7.26832661351113
6.6269349747029
8.202552089615
6.4492260601526
6.77434584709018
6.33830991572374
7.24304842311569
6.73399912443024
7.24545630499738
8.02944675174551
9.75412529870515
7.28162665350336
7.3751037324366
8.82264620203391
8.32571183900924
8.25702298715054
6.84348868483428
6.97582288652414
7.25770844883831
7.23782364276227
8.92743597454684
8.98185925305172
7.88278484113812
8.5767911324178
8.66881403524844
9.28197877134865
7.74274204292476
8.21457089563477
7.12714857773365
8.06711010974156
8.4806820993709
7.1727203254952
8.23852170275323
8.40323057217168
8.81299615247864
8.18320830242015
6.66206126090057
5.92394828252999
7.94402492394266
7.22295239731471
7.04256447826103
7.99932316071032
8.36101382235656
9.13823967032758
9.70488090121034
5.81852257674132
7.20036666678182
7.62555320949003
6.77889971302568
8.49006668979696
8.95450961815073
5.89938437669247
7.79231100731715
9.54517811218155
5.94164267977217
8.33597863263403
7.01984308838485
6.86054467614188
7.89814030597275
8.21816803970698
6.09989237963247
8.14370401172364
7.9139766047269
7.26939313083502
8.46583112612143
7.58145598311714
6.61230648574115
8.82008076296571
7.61155379510152
7.05648306250017
6.4522853431142
6.60123011757062
6.91194347730071
6.37782323617513
7.51863514562863
6.7168641167395
8.39824723342184
6.85119437834082
6.64579492760466
5.79825392355105
7.66098136050366
8.2105536357061
7.73892149354905
8.74226238191562
8.89968576378457
9.7311066095511
9.20963071658838
8.27247960511412
7.92287512021302
8.24444391584876
8.5038402895996
7.21350485001125
8.04524669547373
7.66605860747042
7.98043163253093
8.94074166735011
8.22528708608217
9.12449169729691
9.52570095746667
9.06725334701185
7.18556077203319
6.24351227354923
8.55404597164768
8.59821875629497
10.0696945944158
6.56442616287437
8.32900039232213
7.74170538176894
8.42604201647367
7.93611482635688
9.08304345886844
8.53156084325869
8.03771911891783
8.07838872926797
7.83309452090335
6.43914844444878
6.79549244803545
8.90702495492867
8.78250997188968
7.83598765624021
8.66813190102818
8.20577310105225
9.3775441164275
8.68114744451017
9.79216434249495
10.0574231689993
7.16484700286514
7.9652579156337
8.29205951927147
8.81037922112791
8.67622705987606
9.06252729970834
9.84610168801536
9.94062510461114
7.90065635905534
7.99088372690486
7.53474766068628
7.59389802042735
7.66465116091445
5.01414296427195
7.79929331256746
7.2235612856063
7.49982103733293
9.26843646965672
6.65105738228077
7.67865573430758
7.35873116546088
7.50418104143916
7.59922774864121
8.32971391422398
8.01926298511859
7.43668743101552
7.43820977088171
9.07171359277402
7.7686779659851
7.73019847692558
8.48921363469328
7.79211565070623
6.21932939742439
8.8286451252547
6.61120340736628
7.37896158046148
7.81353117348001
7.31547206041161
7.5625436038847
8.81806223211244
6.61248525683629
8.47595450086516
6.94711872453711
7.51972210520799
5.92195678501274
6.89413023896619
8.17070439999474
9.48574153682562
7.25407435247791
8.23240552581269
8.64533709952137
6.22635456034484
7.65517928829088
8.56960405340218
7.13568315940417
8.96551548226597
6.52734266859923
8.83075442948086
7.64073885546552
8.35847735980098
8.44201198388274
8.57260142779935
10.6235093159855
7.63960932519841
7.02255872417717
6.50574822096319
6.83019034864348
6.72735007543609
6.35003909972728
7.46113497601359
7.79397910084814
8.66200783292274
8.28128814830933
7.51776998747462
7.77012212222134
8.33208248207571
8.94569399903696
6.1090916548577
7.90078182345184
5.86416371852267
8.04845067833532
8.1867946296945
6.84323315746738
8.8139890173273
8.07419717075415
8.76853943786182
9.07080091308999
8.43050297115565
7.04590271752059
6.7861007976068
7.12202915858798
7.45425640959385
8.49930814651201
8.12520324075877
7.6487782157696
8.14804959124964
9.06105601761536
8.62357169398691
8.12056829894359
7.54199444463741
7.59423152212694
7.43745941803527
8.4358670876425
7.7411307996552
6.5234111013394
7.05631209950609
7.1726765261088
8.85194989148539
11.3575274215646
8.42945194303975
6.72310409394255
6.43448436664476
7.88005478184383
8.62175476069408
7.83349319871354
6.79941549585364
8.22886514599905
8.55173722660861
8.19916850573264
8.21315444648436
8.38557195258696
9.44286256725941
6.14195885685186
7.72193156574588
7.84975554169559
7.68496636541875
9.99686298874989
7.92742988785166
9.07517237215873
8.0956868303935
8.84761968891435
7.46550784888462
7.67675868150566
8.91137286895712
8.03171233260445
9.86440735335243
7.56344720291274
9.46421257020014
8.22439549371715
7.56752549165732
7.78410680937142
8.0523064995734
9.2524889812321
8.0979632067847
8.57926981476107
7.61094144175009
8.87774092661347
9.24518600501179
9.71750343530254
8.0786735848551
8.45594112250837
8.37315520604705
8.91809430105405
8.50260792847906
7.72569370709994
9.35225082945441
9.5737278627468
7.44068708518927
8.84038097480891
9.20782908955931
9.37614684625639
8.64731264118635
10.2140291917029
8.98420852495999
9.48619233197662
8.33495421970017
8.81813341140232
7.92047441875176
7.76122763100961
8.14627814086932
9.04521358516704
8.99678223869553
9.61992540212328
9.3598566791934
8.36079575181965
8.9356925985848
9.33296395611044
8.19999418014678
8.56344899373414
7.66222554049873
8.50566116321214
8.84120487719773
8.24492398365614
8.32918600925624
7.85163315631512
8.58991559395384
8.29136268363423
8.79970264842791
7.98450164704805
9.24567579278617
9.10799724220301
9.33953626960846
8.13433167347499
8.23342539677715
8.6377983533669
8.55998264619596
7.51322773580722
8.34705635078812
10.4359576119885
7.04809558423625
8.17683816075251
9.36125155810423
9.50094992554738
7.98421950157306
8.13571909798931
9.77047152649692
8.30132800436487
6.79787511364589
8.15972936324345
8.61306091165386
7.90984323677828
9.35538896908498
5.00040685136497
6.59049377185855
8.58639341353379
6.97021940337965
8.36457482428436
8.18940319198767
8.3016335649503
10.0685683278146
7.43822265366456
7.52335224806573
8.34677455026434
7.87697984240333
6.29455886240448
7.47602340985644
7.16454805867366
8.25026739366558
8.04583242961855
6.76517164983035
8.19101486045455
7.9974560100161
8.18608645730743
7.04800519920493
7.74656314811469
7.62818530044482
8.54685177534532
6.89549130803821
7.22742182354222
7.45552687070922
7.18953004923802
8.35505338311103
8.58027571144271
8.45730663368328
7.9351880194411
9.22664416891063
6.17983149784133
7.0105213044433
6.56036641735698
7.18569478845742
6.68710818039171
7.83911336938928
7.72582183067125
8.04101579438096
7.23866064913626
7.12629298975753
7.04215846397258
6.21865867037895
7.9373323802046
8.11313037883569
6.33460393634334
6.97203305521028
6.80796029245002
7.48290752378671
8.4729892341935
6.90376946107603
5.41299162241639
6.9391677835556
6.73359734778591
6.81668545284068
8.3783131522026
6.59492948729321
7.90220295995996
6.81972335117855
6.35440329457444
7.92868181969008
5.92912443127612
6.64822267685828
6.45074867081075
6.94302990104813
6.72982409988086
6.73861542238033
7.20133123580018
7.45832511838301
9.39471233263786
6.31486510000076
5.84683127911383
7.99750233360593
7.48998949360893
7.81298693744689
8.77809489570476
8.31499550035689
6.32390361733542
9.71414313210297
5.60488569201562
7.04106396179376
7.3075198322616
8.47182335710491
8.15415614436997
8.54658797120807
7.45592467641666
7.30786841737745
8.56660345882317
7.59224223988009
7.05735415816014
8.08205376459587
8.51032429773
7.34711354086278
8.34912953072084
8.494260871128
7.96159212856092
6.95360702719742
8.71208101684532
10.68231350375
7.61468490881637
7.81149688421928
7.12804421510966
7.00386029479241
7.45941116859787
8.64418001213536
7.25552720427074
7.09891987946571
7.67359314262071
8.0502437255352
6.20180744843654
5.84149293880719
8.79275840063946
8.47177554996136
8.64607899476602
10.1753221528602
7.02748881515645
9.26017302771452
8.77615341952544
6.51741629837708
8.03980885414896
7.08485839258905
8.03979012193422
8.16687343903707
7.22467428709566
6.85187227962735
8.12383776082964
7.04331548108638
7.61188301208363
7.54370596773732
7.8167776238072
7.88016827643597
6.66154452054618
8.1532812034822
7.39093687164115
7.53660121025544
6.72788727876314
7.62321228797643
7.21586686572189
8.11108959988271
7.74307988096161
6.73633870883731
7.20008015272011
8.13476473511014
7.67264529899394
8.69992525901345
10.1562558812398
7.00584413996857
8.64553669443132
7.6607115416084
7.17001527652823
8.61950857545037
8.09702218081059
7.12406854295633
7.99649258769233
7.98458056535201
8.20362550296873
7.10587181296605
8.7481813942665
7.23477909888743
8.14510679332408
9.6188892832634
8.53564822120098
7.36880044877051
7.05219816004966
7.18188194397699
6.86261093425313
7.57020816047475
8.92386895309483
8.67387720428865
7.00092102481949
8.85804725643331
8.56417866647935
8.54118261370962
6.74299554450273
6.98843640296297
8.24634146320954
8.8964968291152
9.06454672828893
10.0229373836632
7.48705586077085
8.23418573301029
7.70112781103413
7.98368193566726
7.80946968440645
8.45362888377923
9.7778736020651
9.10334157030346
6.29169876765667
7.80922368634721
6.32065351595867
7.25926954669445
8.49127671765118
7.31029885465395
8.18902701369423
9.35899085205646
7.68544824573142
8.41349878417011
8.66592865251368
7.68028930210629
8.63691329291328
6.46954587298015
6.29702019184567
8.26297087093433
7.14459892452641
8.7519994819329
8.9083320417971
8.00904675812977
7.83779232525635
8.18403874616675
8.33088120521936
7.36466553329197
6.46528504032669
7.44054861283022
6.91571099086354
7.21878809904736
7.11144610275812
7.92351182490095
9.41088834787828
5.9785590261651
8.4012018627569
7.73288361197977
7.90843246657451
8.56111437665795
7.23372586511008
7.52562789145369
9.22674197527212
8.84601962643456
8.47729631026305
9.75117889578699
7.97488381546783
8.40994248628561
8.43469729617016
8.17444087760995
8.2668123560835
9.41125370871596
6.11480919037961
7.6868446987379
4.48226874243074
9.26354411074268
6.37446290660389
8.27418461571362
7.71263242225448
8.09274896625102
8.21878984944073
7.9375975713142
7.58365142319711
9.50592902550306
7.23229442138519
7.65649550285515
8.1448162869884
5.51877381717842
7.63612027352506
7.53283274533949
10.4793554529869
6.34572000591754
9.24160800397176
6.34871003466633
8.67965852562869
7.55895552345724
7.68629204337292
7.16114919087615
7.21561106482673
8.04754566438816
8.30248849811105
8.55238863505901
8.58678968349892
8.32697903887209
7.89586853752649
8.06022763382241
8.42124880268106
7.06592816785479
8.54358719079383
8.32985612900179
7.82595432273068
8.74229877316676
8.99794251743356
8.49906914654443
8.91726875403657
7.67441498555464
8.373591591545
9.02699467304245
7.46487032408225
7.66812103162415
9.11612129753756
10.5854052832118
8.93837365622221
8.99603352590215
7.28599551578757
7.49464323611584
9.23570539311975
7.51116433719766
10.1681632749008
11.5257466145318
8.24886392272463
7.14325384064951
8.25758594983517
8.39072549263029
7.95020514808647
7.60301341118629
9.24526730175896
6.04067544385861
8.28265787716183
6.33976888108687
8.14717461458186
7.59216052057657
8.58767210304722
6.39670690385119
9.83712064850626
8.09177919030894
8.36289354858272
8.30559421032809
9.19643640028433
8.93066104467222
7.69873540898538
7.37037370965639
6.86152394602004
6.02728052135509
9.35718911117419
7.02092520707719
9.17195522513531
9.32164907419868
9.34619447388375
6.88431407401819
8.61145157754602
7.31948375216441
7.02738254083576
6.78857619453065
9.48288598869373
6.70264288690102
9.15034531920467
8.51898751163086
9.06826292983105
7.84269351502466
9.78447171561661
8.1006224457585
8.0794601984619
8.72882162312715
8.85474011009693
9.59411506058106
7.59503961238561
8.56232275587959
8.6759482476616
8.57868569841404
7.88108679947499
7.72907685719047
6.60275510377016
8.46850483003614
8.87825787834807
9.16769713167669
8.38504614620474
7.58828356485921
9.65728315784002
8.22741226996997
7.75423667753761
7.81086230585453
7.2003955731343
8.5407395988952
9.77159209376778
8.63536922888579
8.76067386683409
8.56591735497617
8.90996865745496
9.11155916871746
9.26638413556397
6.97838613663577
8.15549956196232
8.4901581872356
7.03620378265055
8.29961561725901
10.2426001335701
8.69246952732409
7.96237880936918
9.15422462923495
7.14060225159567
8.45402569261033
8.31881439174232
6.66798276609692
7.497965847402
6.35278301478295
8.13279622808664
6.44938026110163
6.89856180001923
8.10750208558927
7.80729815464343
7.17495254145821
6.9618779349637
7.69171869953687
6.68210817386258
8.77995397761087
7.71151604059592
7.21808175375675
8.62684338002867
8.56750061736447
7.74994066328761
6.7945240371444
8.39263996378715
8.62189372547637
7.99016714433436
9.33333535271038
8.72433437052625
8.37282514640912
8.64358544269525
8.23649281759349
8.23131621970221
6.20388673740105
8.97462484824256
7.19517565769625
10.2556059131754
6.88810070067738
8.62334432424996
8.99983101316821
7.11603818850104
8.22720239737537
6.81498372490308
7.09160726038651
7.92106799088659
6.30862572104601
7.52710201511725
8.99358048354235
7.95964948637497
8.4920987591794
9.31632822986036
9.61265791316053
7.46587123193537
9.96298614136856
7.90149651224153
7.94099076584761
9.57885774636644
8.02894614731969
8.12518169102817
7.83177421068292
9.66687506527529
6.66629258688585
8.80665083057584
7.47858094046656
9.55343761501484
7.0326801643148
7.7817151361674
7.53245478911677
8.0403687875604
9.32712058119817
9.75594499357485
8.45777052855748
11.2195598854701
6.25109998543707
6.88632555960928
8.23742634675103
9.08848848313662
6.98124595273708
7.39674155540801
7.00497262081982
8.99861980481955
7.10926605800823
6.78222706221307
7.84782363450134
9.81133270766927
6.8330885526247
7.28428899845608
9.48413239168636
6.88119391874802
7.09950378697885
8.11222625190456
7.85141333735161
7.14468941606988
7.79934973386447
7.7563951025564
7.24001008946406
8.22811396230617
7.81142387065491
7.70633841519882
6.56460879427423
7.58802220122415
7.3680323887578
10.5083685887071
7.24825368458594
6.67123388532895
8.7651494731977
7.93855890712938
8.33385644901071
6.84379873946462
8.39413994296811
8.8263562276185
6.88314613902751
6.39883373844884
6.45216601136169
8.00915624249707
9.22903887451062
7.80101656612708
8.70108312936428
7.01126273721311
6.95740931529502
8.0538831723421
10.5049498799221
6.20948716294854
9.39998145898091
7.75040597207867
7.18713247555775
7.36141409342394
6.13324234710485
7.06566976584726
9.18676128279299
7.08134984304151
6.40562129922567
9.42187615986398
8.4689188252455
9.4274751382146
8.19130335646917
9.18614678821783
9.6204491320924
6.83524222083298
8.42182005861836
7.60345538997713
7.70660434487217
7.89840005425518
9.17803129421235
6.28992445237169
7.9749331852556
8.00258104744668
9.92231449346256
8.5073750487123
8.2924280452672
8.13063801705294
6.33355649077229
7.11735730781999
7.61232864455273
8.17431446472205
7.36327474964959
7.58998077591578
7.23811823586525
8.82696064744703
7.95815256004394
6.62441473397139
7.61554829075772
7.66616376854583
9.33405160094487
6.13606666342413
8.3509923602093
6.59646363701496
8.7515668971141
8.98012122419603
7.26684481385522
7.83729207642229
7.20970153200655
6.76625963829489
7.89699423339991
6.33226306230751
7.76753756833723
7.61588708094205
8.0559426361213
9.44982244570719
6.87904617776342
8.62591437057677
9.31585197565614
6.78289475656686
9.20556172246086
8.5900133082896
8.92696839708928
8.62647429881776
7.28596757498399
7.48216960057733
9.66152048171058
6.58508979231006
5.88936471957748
9.59806112480538
8.74097901368003
7.56049578147887
9.53154106814723
6.81429114379633
9.204088895313
8.028763092915
6.23158953906241
7.46985114874081
7.30268498727444
9.39595780288015
9.44275817235641
8.93965549636853
9.32796214543452
5.63972996215887
7.68060578189732
8.93145537499361
6.83343167687953
7.4233973728799
7.61272587842664
8.24627010709442
7.910919618601
7.14617334549577
6.5521476486383
8.13500344961264
7.56195758378687
7.10085516432555
7.70376598126965
7.14305858071086
9.45476387110118
10.7707843896037
7.68555427765092
8.37699635045755
5.54051790629938
7.35571442525183
7.12372343029201
9.65386110210115
9.50383649636143
7.61747885140344
7.49171205545336
8.10612491962196
6.8846658324827
6.49552837531042
8.32603070506788
8.556296692725
7.74103449818075
9.86069254396988
6.94437002850682
8.35543165245004
9.32971445338656
6.98114547680209
7.81235111977601
7.75898021878816
8.6578886305505
8.70055876344572
8.05233822225638
7.38674825999877
8.40706815428224
8.83538363128432
9.29727348483048
8.5553639444976
8.08429390034924
8.72975283302412
8.43572225286901
5.09935703127223
8.3665421864523
8.57071781262071
8.82298431472627
8.50925231630505
10.3835101436781
8.39143818029557
8.81812187624239
9.69116219425237
8.99113237174718
7.8466813069962
8.06923222853587
8.13656855213293
9.26970702730575
8.62023930811281
9.68198226352774
6.65474821403937
7.13217593061096
6.69533048436353
7.17887509256126
7.61401601914363
7.18220515990732
8.60607908443565
7.94190591957474
7.265250350639
8.56176709347556
8.58309525182161
9.07391999081648
7.03490918488873
9.77636299936504
10.0668282212301
8.21398273461408
8.78777543668238
9.81733003106406
8.88541691449464
9.20535881586402
7.83177460675934
8.44079037742183
8.44237758446128
8.67048410085288
7.57049042571632
7.71536150800782
9.59074879220148
7.67982104051623
10.3546297914805
8.47757105203225
6.52338541957583
7.42830558704851
7.83810944563908
8.70404329800821
8.04043708272019
10.2284323852224
6.74750759362968
7.17219346348108
8.23417582099481
8.59291142257205
8.3792672165899
7.59853188705065
7.76960638628648
8.31660612954805
6.19564177510473
8.39718254358395
7.659746939792
7.25043559910167
7.11654036160237
8.23643277279492
8.84577798244869
9.29429781269829
10.0483503619077
8.27630636389824
7.83958454702989
8.17476199564451
8.3028080218246
7.7955323445596
8.31446399951303
7.78064727504655
8.5107945790852
7.37585503791728
6.873889656443
7.66557565620987
8.30870010404436
9.02966316552691
9.01110030110911
7.79375450880388
8.48113717443157
6.62664836302896
9.51603954608191
6.74157320059224
6.47961022972773
6.41873412244004
6.47337951451358
8.7037517506345
7.42977823733861
7.72967772003214
8.29418250665319
9.82406773455521
8.40983183148743
9.30516515604225
6.69477647187768
7.65065089052118
7.488162696791
9.05570912839838
6.11228587107257
8.90606303934699
6.8380364929246
7.14548550452588
8.09987213362033
7.62044816604617
8.63503057171853
9.23969482871514
8.99206646000495
6.67961928485568
6.9421938208139
7.53740858814392
7.21213717427687
8.71754237538622
7.56534118607177
8.06777488582845
7.35677943291971
9.24992786415353
7.53627816360391
8.40252727224853
8.42378236709981
6.92689904300328
8.01058626100782
6.36269449280931
9.56301681003096
7.24217948054232
7.86449598767534
8.08781325523038
7.8590542068064
7.6914481312439
7.28758326868645
7.76712090805032
7.0173859755821
9.64844395636436
9.57185204163076
8.81406720967502
9.14351654546644
8.77159799192235
6.99963729393562
6.81701435668896
7.64141645441943
8.80269688616888
8.48399040905666
9.78166077063702
10.5389646920874
6.6539789405603
7.93230427062654
6.40979544209215
5.5143990810684
6.28412874647823
6.55531542217912
5.79314419309486
9.13758011609877
7.61773748656032
7.89510871144101
6.61530984464679
7.93842280217412
7.77608567490111
7.24746577556868
8.91881434803003
8.82420523570993
9.41604073083989
7.22199436013479
6.63089584258814
6.18740387787368
6.26569216901455
8.33409469388726
7.28210685058357
6.54642725621204
5.83213399098389
7.88307227535717
5.50462833938943
7.07676937336722
8.76356154189388
6.62090159802493
6.5109024415169
9.08321301198391
7.57813163170884
7.96432765326121
6.73320830024386
8.18832971149999
7.0690195149602
7.6356982167452
8.35639666388514
7.74591597283431
6.51569794358362
8.79595461610817
7.59425859334297
8.57662360524144
8.47827807980766
5.98954782372545
7.05049679009861
8.58458036755489
7.79975466322597
7.29134989229051
6.95436919885364
8.40627986594405
7.68728297545693
7.39345896271243
6.69954858636702
7.59578510168318
7.80814882872674
9.41197548752219
8.79599772971834
8.9532071890795
7.99872278989787
7.19926464575905
6.71419533056129
8.3297240800941
9.45470439409858
6.77885672964307
6.87749316171413
7.46867216937955
7.9119551253864
7.35109078491061
6.4763847154163
7.30488925013467
8.39166798151306
8.81475097390503
5.9103283892197
9.06690595796282
7.39558988754184
5.4554378114473
6.36278525242184
7.44933777852624
7.43211895011647
6.99777964035747
8.48042696028501
5.61217472984908
7.51770660665816
7.58596284083491
7.10233683125414
7.30002384766942
10.0831612314434
8.24047416551825
6.75138451878375
8.88496680076563
8.75949987185956
5.77980818843988
6.60159655376252
7.3717811911197
7.59567985769661
8.55590313335647
6.85932655875594
7.98549351299992
8.72961222176928
8.90062935689561
7.04095473447064
6.9195338049055
7.03542224833795
7.60007393689156
7.67480268408905
7.00688967272847
8.14129203077366
7.79409336741186
9.01751094475437
6.52420397175238
8.38988688402674
8.82707209534555
7.75649521341952
8.73149302860429
7.37110156159934
8.5733666534923
7.7174470579615
8.33060686447197
7.89998446953748
7.84692892400284
8.53234161886492
7.29737860335738
9.17373561578469
8.64963343960272
8.88821432285823
8.84381388550221
8.24659374688158
7.79966518892711
9.57856136011404
10.0880600791713
8.69947018736643
6.81130236078311
9.02156589105924
9.65726917852303
6.41700745078436
7.84030011863615
9.79212618861707
7.38583961669849
9.69075306910139
8.61645198982331
9.94101262974153
8.34374003294026
9.15100496464526
7.30363355259707
5.99424287862531
7.64075539692631
7.44869774375735
7.34166769194861
8.65354222609759
9.40348247084924
9.70855916607725
7.27571510666383
9.48920869022466
8.53188729805497
9.48998773945585
8.90158520235694
8.69748269173266
8.73069468285664
8.21316845431406
9.17925842736019
8.29663392708938
9.21952395043194
8.75818627932143
8.85578078223745
5.12924921305263
9.82086149658925
9.47131288129117
7.95782757278145
8.6072003824541
8.11876477160736
8.27968728979282
8.36240703596426
9.2490324913041
6.85007986072608
7.36507064461817
8.03605547535379
8.91285322671359
8.69116059205355
7.31028169681687
7.87311841930058
7.99007297377809
8.86058801774748
9.78274118716771
7.7278882004467
7.63059449792803
9.06433038872497
8.83332035373486
8.25022465058332
8.22878117617197
6.04546788225824
8.46811265997713
6.98060456061206
10.1793342642045
8.07662770371208
9.93756704038062
8.11697863041486
8.78009236742158
7.45425860192591
8.86152077905587
7.89460617217048
8.65229591401092
8.31501513935256
8.20078740250361
9.37034630840352
10.3420727621161
8.17714536776969
8.86399998821093
9.22644226860038
9.01055468023464
8.58301292246279
9.67232530594583
5.06679380991574
8.77169267062608
9.46215047498213
6.80626944296299
9.94431852393
8.48836045382638
9.19780982210679
8.73825818474128
7.27480349652669
9.50074690759387
7.82440705631519
7.06821488783962
8.6971945925274
7.34057882237955
8.90550939392804
8.78760520675813
7.81110539687006
9.46254102136201
10.1995432009905
8.74149866708628
7.4247358275519
8.88670999174475
8.4908114877191
8.6382198858321
8.56193902114033
7.79367460251694
8.96278116719395
7.55262183947797
8.51328341145941
9.28232818003428
8.64789118997071
8.08483791413521
8.21155336853364
9.03031049113017
7.95475154185528
9.78472910991318
6.61987589070536
8.88164586148232
9.86401910501679
9.83654531000752
8.29291608778877
8.54512980801212
7.75324673250198
7.31842825399179
9.81806223988534
7.63130280621614
7.38690018353847
6.28449985009288
9.69184360240515
8.49410252939514
8.10475529629712
8.15800195854819
7.50011343802517
7.65189428291796
8.27101774831507
8.82104965080686
8.47346962884454
6.71146563384012
9.18321330916522
9.95512145197642
7.20508345885217
7.45763991291562
7.65896156980181
9.39562711053983
6.87607463406083
9.18043426191925
8.82071077568
8.70396944537275
10.7507376638428
6.40831747151045
7.44867324224929
8.36410643880314
7.66801257652332
8.91631784264264
7.2958522717582
11.7891000980108
7.82655695320382
9.39544504136125
6.86175134423012
7.62470940521104
7.47013597467532
5.79932907798428
8.60776641091465
9.08876152146309
10.644551596288
6.72252519739879
7.7867141224551
8.09710615895815
8.76338610012515
9.08065606308043
7.88915489243875
7.4662054616984
7.09637283038681
9.07537358261781
9.06614091369153
7.20891101215406
8.35344902748604
7.35941665454397
7.75271334674258
9.35918449765145
7.59611644013562
8.60493048138294
6.27133424479506
8.96531947844221
9.56076038145773
7.21850658064746
9.30713679073717
7.97359476391145
9.02168842624143
9.93610417418007
7.21771498277496
5.03640663006022
7.98440012270777
8.20409846431878
8.46367556483437
6.60515963972417
10.0958144286899
6.3273338847981
8.76948291809537
8.60133472740153
8.5343669098321
8.48491537050762
7.4376842785198
8.90481549952975
6.90796829727249
6.93577132553785
8.69913057866965
7.74157100902262
6.20833307612904
7.3298033221324
7.98095874935019
7.97791462805254
7.8033972328317
6.89221070654673
8.44247570738206
8.14593725546944
6.94240638427801
7.41733771777229
8.0257600926758
8.9710039932513
7.61223129708887
8.32071037808041
7.89431500970418
9.27140128350895
7.4019973972484
6.87283009487742
8.87474802657051
7.26447466378415
7.94817235894368
10.7230415011384
6.92936541687414
7.99258831132825
8.81548561797994
8.78587446730685
7.86017783176564
7.94995199987763
8.36262510515256
8.37202797020196
7.42411678094049
6.55102375970594
8.95012169029588
7.74641980484355
8.10758819737513
7.51643944938998
8.44752556289287
7.48484067917897
6.69808822318112
8.01056109105106
8.79899308741187
6.24289464243863
8.77934929584622
8.32183485430649
8.03537500637038
6.52406221914887
7.51871924820475
8.58403576784792
8.08419836878078
9.4709648776988
9.25126810377704
6.66765514000457
7.14086769769131
8.61753967994284
7.11455781359152
8.79297982132502
7.29674495345285
7.98219742901151
6.36743499554587
5.83436627911725
8.09760213467178
7.39948691563715
7.87895857264268
8.20248132760671
8.28792442868098
8.77110519765131
10.0135162723495
6.65349712725973
9.48183086887051
9.59549263486111
9.68487981782242
8.4111370495631
8.29593117727014
9.22098299785898
9.31767652191041
8.575763428821
9.82331665513994
7.75320825981622
8.92154341332192
6.99939480630797
8.31787517271195
7.40520678341372
9.25298027333718
9.38789631421817
8.14712017103323
8.32549094366683
10.1848342212231
7.53816203392444
6.74664587427362
9.07926092750698
9.35374046256572
6.32000934440763
8.03159567053519
8.96600415054585
8.02280581956554
9.67540229794153
11.813493333557
8.10662269708226
9.34436258971893
8.60879118419479
7.9928512695793
8.54033300947169
8.93235843305421
8.08809730738221
8.83279442582739
7.30510637441338
7.48655821083139
7.83123575482698
8.38291912082409
8.75921578535381
9.6253492612015
9.02627952993761
8.37401051232509
8.71241078166538
7.90570618642002
8.38880553296258
7.86049646292924
6.26489721029967
8.61177078007702
6.39986106690401
8.92942514881638
7.06487076188903
8.28339055932839
7.59618341063286
8.44376151585823
7.81453870230388
8.89851962908647
8.06604970932698
8.00015473584717
8.94005637212607
8.77372579966906
9.12708986916754
8.20275460061745
8.29049731995348
8.26292031843105
8.36615105101298
8.1053981221743
9.16935811527943
9.30885945158556
9.96945246339576
9.76331968083909
9.63998307552995
8.89133267850378
8.72186902195497
9.60877831751746
10.9568713528405
7.60236049485266
7.9932525975133
8.00522260273246
9.07261327063152
8.37231669244552
9.65130996116891
8.51540213711438
8.92192055708805
7.56727046995136
9.48795662944601
8.70209329815163
7.24840973612446
8.89697832805422
8.61148342294148
9.45781949997018
7.08109840395443
8.63385142864058
8.52701770514104
7.16135403643321
8.43189327375945
8.28745482860746
7.87846580704758
7.80714567701878
9.47743470797401
10.1838551596324
8.1503823079768
9.20982763322534
8.70283249715474
10.3653746007696
8.85844524507589
9.10310858204336
5.04950777709769
7.84656589367901
7.91111632543121
6.59050398919998
8.31074449437266
8.73910770901515
6.88335015660379
7.76326417959054
8.51316737895483
7.83747126184273
8.53550183976245
8.71685950973699
8.17504246656303
8.54809387498693
9.63894716291383
8.67270776387016
8.15823273102129
10.6811672959369
4.99372207282083
8.48609134918454
9.22222152292583
10.5903529561857
9.45949639848863
8.40162052520765
7.11781056079836
7.14729760601603
8.01546101065627
9.1714280136268
9.04095261181464
10.3675455541293
9.44266605762568
10.3592162818447
9.7805808636534
9.24565236351013
9.72370757450677
8.89041885101997
9.11936443708647
8.55524717977221
8.55241186804739
8.48802824635121
10.0378880390102
8.35762626511784
8.96469610187699
8.01334885905125
9.0923679561145
9.25873557995936
8.82577779734657
9.2706433139369
9.17886498429796
9.44119400407818
4.97352905483762
8.17533717295519
9.52092863074611
8.88085773188608
8.6660996643528
8.41374625700134
10.5678893259627
6.4652841129092
7.70278563450149
8.20558759626162
8.14102631204821
8.25401809952087
8.66156430577335
7.0203408386238
7.98330032307977
8.31089397507542
7.4957544119821
9.42433046348702
8.17786035287724
8.30486055610578
9.69835450277257
8.40664768950589
9.82324148678626
10.4998236786801
7.26344339390241
9.61682039019197
8.64755253894974
9.89186321521683
8.44915227277889
8.4812416327379
7.75278552669318
9.91031735273911
8.2113469233898
8.90265734209876
8.83918618992537
7.99617811927828
9.10992590767485
9.07327127685054
8.90411628599684
8.06808989862795
8.56938763969759
8.95102856003993
6.98638969457351
8.86523833075153
8.88525375055687
7.47300524720127
7.10512751116165
8.61111029203618
7.04296039235885
6.75700611484274
8.30797711064888
8.54004732093443
6.85406642727376
6.4545312632555
8.42180365751329
7.46526417869084
6.38368885682185
7.4046370317274
7.80428914862778
6.90866666533485
9.2664626455476
8.45580674016287
8.02510235572198
7.78315492444366
9.53198105750745
7.44284752720114
9.57211396979277
7.70606788480015
8.47046808976729
8.60752454638277
8.00489517130033
9.14634610236072
8.02953466987411
8.25490173291675
8.62564558381833
9.18961880589848
8.8003395996231
9.1949846994697
8.96523460148293
7.67008925598773
4.96015622943518
8.45500500565578
9.43741798341487
8.02806916986217
8.4477620361985
9.19539003168256
9.38290862080598
8.78988326652362
9.1648683183027
8.63866179036212
6.79628743900169
8.80687067017789
8.16599074427862
8.72175623809157
7.99992145086896
9.00897967620038
7.98842026833264
6.91941260956399
5.82961980018082
7.6296396320241
8.46065731408441
6.36422881429706
8.03993913420073
7.92525263346559
8.02670696864059
7.61661973962501
6.40957045876266
8.07581837596844
7.75333762172447
9.27629295652471
9.11180067510935
9.12700267832666
7.85703041673628
4.9296895894429
9.11996334493226
7.60322256888047
8.91022113482317
9.24166652350442
8.91844728865521
8.15597189873072
7.74895852072695
9.0780975287624
8.48492801971232
9.18032422060472
10.2646496524576
9.02711044464225
8.80560612451195
9.03716165911575
8.73265442068613
9.61322932250888
9.07924744390499
7.94928087653531
9.16559031092937
9.02117155610303
9.05419299257253
9.07809042735811
8.65199069499651
7.95670116872948
10.3185838634923
7.35157463853301
8.31734537781582
8.52813716477638
9.20949649512818
9.54794825545701
10.5627549666945
8.44031381412182
8.40882985851306
11.0583809878693
8.3233519389968
7.94983209401351
8.8994664567291
8.91248870687731
7.93708670401731
8.19608617705485
9.82516709945504
9.12490648086077
7.94009681582709
7.14556763088756
9.20120609383363
8.71727303815104
8.46013883027577
8.0885318372415
6.79444287526414
8.42852104104092
6.34477365919262
7.75517668542113
7.40312344291724
5.79837735693223
7.22036693316841
9.48469966584009
9.56286004386832
9.21790231522394
8.66693478998069
9.34681341967536
8.89030875104931
8.29614675217691
9.74975468064065
9.18424660210732
8.09786815612051
9.80958919882813
7.39015736417382
8.56335896447263
8.18827134141855
9.06117125921359
7.86766532124644
9.39573670426117
8.63806312644911
7.21447422161163
9.30523577801885
7.99537478234441
8.72820480249868
6.92463048665785
8.14711604879993
6.81874523527514
9.43200979539669
9.84520256226932
7.9521027081711
8.51964130525572
9.93116231817174
7.98967146575935
7.54834674198371
7.12643042810077
6.80847993631672
6.65455174963781
7.68173958133052
8.43027011050913
10.3311779702874
8.78863350005173
6.86197196559511
10.15155151409
9.33854006952209
10.9385327049533
8.22003784724521
9.4808346146508
7.99150743248168
9.00895677479878
7.66504665383542
9.18629741986298
8.36244968402045
9.34780319347187
10.4132564432094
7.50084853263535
7.77628380578937
8.44399014832848
8.32764079017482
7.32663524098661
6.79175647117498
8.3518239469295
7.17657876087798
9.67116736137021
8.69423885348613
8.03361944611631
7.29220719113774
8.38955483551042
9.21768806932516
4.93575592060042
8.69624651569964
8.4593542428367
8.18123932877753
9.15036822020395
9.05791799399895
7.91555533857639
9.14489608608384
9.23441654997966
7.59552649043598
7.79712765328613
8.38342475969363
8.83673522870675
8.28516116921297
8.50517871108059
7.6769607642851
9.16947512066879
8.5050893883116
8.43052219053459
8.14985654885369
6.60115321186251
4.90718533433155
8.32834244198279
9.36489610678412
8.70157555806855
8.79738378824069
7.94507797984584
9.1121996073383
10.8120665459789
9.31722795887494
8.90930284341348
7.78258210138479
10.9454933263892
9.46664775988608
7.8945077147613
7.73713810572359
8.66913831615017
8.1656449386803
8.93951827975725
8.66855244013343
8.95921506430863
9.52000077011551
9.38649831290462
10.1795159341562
10.1473097300606
8.56648443825965
8.5742663080433
8.07130523738382
9.31573209142049
8.74111373186169
8.48435539511339
8.47064513292496
9.02970420578217
9.12295404293891
10.1045192125727
8.97183749886698
10.5735332697539
9.80826484728893
9.99883022247909
9.47476234257871
8.79308899009379
8.49567873521012
10.9222205229108
12.0127407361929
8.01346710583947
10.0625578713597
7.6802858829305
9.28461504542934
9.27878361524916
9.49195067907801
9.91102481395925
8.71830131566341
10.2553522660151
10.2678700244404
10.1405157953832
9.09995742869271
8.9284200586086
9.29376053079333
7.73947157835331
9.27269101536293
9.57698369449325
9.27743535620589
9.34518320203079
8.36445853192976
9.28506111027909
9.30276719043975
8.96882444141101
8.91462515435554
8.00076990637137
8.59998621343558
8.2915298021292
8.04116816885132
9.27785502191103
9.07803901537656
9.21210665132487
7.83369672437746
8.96047945462765
9.19740026860344
9.65912894574747
8.04279922465354
7.79085420808572
7.8214513952738
8.79644458113797
6.09156001719985
6.83761675273297
6.94369984770342
7.57083409058589
7.38291727879638
9.49156108658504
8.41107034448337
11.0401517117045
8.63382332270852
8.50678957209754
7.64603103413433
8.22278498351414
8.5802787976716
10.1336181980508
8.6417539322331
9.61111960193595
5.48756513867367
7.49102665717964
8.65728899061938
8.87247201319017
8.3748633209913
8.8626875079685
8.91023632262845
9.00337315513473
9.15206526891267
8.39774246722825
7.84361324484221
8.21734243995525
9.8909333462735
8.23712146618019
9.9828480443423
9.59812541845999
7.2381342868751
8.58950963036449
9.20481097017783
9.38098377290739
8.63016717534567
8.93477955559421
9.21548525683054
10.7020279149468
10.75942808658
10.069807612358
11.1908945089504
9.40849333241536
8.79767211277995
9.05793417960184
8.28388977415537
9.84356353462257
8.46209074798455
7.68059587562751
7.99965341707214
8.15109455073397
9.12715573367989
8.95856831863775
9.24444855164307
6.69347835613295
5.91767510570521
8.14860645820979
10.3154022538737
4.95111748934886
8.85084088964558
9.38858393863038
10.1043991122181
8.63013936177759
9.55968637946131
9.19325362729506
9.47340120680287
8.15839373276761
8.06392903329102
7.27757518472682
9.59610116775433
7.58317406809522
8.41977291660526
7.17164997129695
9.5720577855803
7.34820368129126
7.6294061474169
5.71526132531294
8.22652618438387
7.27832811668663
8.57769980735699
8.24585020406606
8.83460814249931
10.1481039510605
7.88276499942261
9.10784759826087
9.80389246312127
8.20768591027482
10.2434345427226
9.25536274768531
8.96475461192362
9.20390393788863
9.17911918367762
5.77416162740896
8.99507225722167
7.40908761336973
8.18840232199257
9.29161754046763
7.97291749363982
8.74752854867067
8.32650094478343
8.44761827140829
9.73541958544438
7.83682937513782
8.68399847910116
7.58015449446662
9.40633406667655
9.52748016051895
9.50319416716536
9.11778001716796
6.81907243758508
8.08513053962039
9.1519475427296
7.57686745543663
8.65603689917763
9.35154057675055
7.42079008688287
8.71340664907685
7.05223195433117
8.05064429901751
10.1506861454202
7.50751436574048
7.84873510744635
7.06788907072318
8.44749557748743
9.5550239952986
7.70953818296495
8.09809076926748
9.02715506867131
9.5897810540519
7.85364462744893
8.12154464301704
7.95729077564991
8.12070349865054
7.33375872594122
8.74719239933953
9.26157243963773
8.58147584203279
8.38823400893394
10.3019986032135
8.31951864320556
7.85145928954025
9.11050430801785
8.17569063196336
8.30903388506672
10.3448126941756
9.77178949462724
11.155114345292
6.81607468664972
9.37237505449937
10.0890934660978
7.45329413491293
7.57152946442508
8.96441631975971
7.74888466259976
7.77599237119743
9.30287305728613
7.39029725793609
8.92500857569205
9.79578556082195
8.92182050834574
7.5844053918564
7.45047160901682
10.5330885605996
7.42545110532698
8.77822742164573
8.85035066707457
8.44495757300882
8.68583236765174
10.3101146857107
7.5928449317009
9.02413150250279
9.42716816067425
7.6650242546616
10.0554876034895
8.11545386785878
8.1038096001732
6.73305960588883
8.00057546625809
8.17811198256184
8.22038930116204
8.60419164222751
9.34174124344218
8.68678598820158
9.04965935844863
9.70253197993396
9.55060342785728
9.19839423438654
10.9634039371375
7.10461754359614
8.20805031645296
6.72145550580707
7.85774312152172
8.9720218270768
9.36099159346108
6.53069239447923
6.58159086482966
8.01737405096883
8.06898851700544
8.91483596380377
8.7904787102715
8.95262196048495
9.59847460399592
8.63675864095638
8.17473348083261
9.40209629605726
9.08605358012346
8.1578385726064
9.22069991426881
9.20120274889212
9.47190622750696
8.58596494118309
9.65850252324391
9.14513444942176
8.88447275674673
7.68848545035398
8.92254549304229
8.66159534203054
8.90628426090147
8.67870965653589
7.69342716338099
9.07796021356606
8.84280612262572
8.71111621905629
8.61512346881518
8.34777362750062
8.98738174786617
8.79924764674845
8.9883094854233
9.76840543717653
12.114601015104
7.73775372671062
9.41971749345239
8.67131794634893
10.5552130054092
10.6140540277524
10.1210242241214
11.690488606396
11.0118743468759
9.82262088997467
11.6788520049248
10.6875268094262
11.0530921850584
10.9673450975591
10.4475528229406
11.1399934138455
10.8228021828493
11.0290417535334
10.9456942275519
10.4893599695041
8.13566686184817
6.69145396733066
8.57670093828287
9.8009340250159
8.17700345122288
9.10275899260256
8.49001731201728
10.061727287483
8.63973612586844
9.7655257351852
10.2368562219862
9.29499152112691
8.80854251914353
9.42909877579096
9.57261308049571
8.41437471108572
6.39060324181729
5.06286661703161
8.26083203310908
10.1036626465901
8.73539230288483
9.1943113178801
8.33560175980893
9.64457426743502
9.77419340712869
8.29079439249898
8.68885454786337
10.5668772455085
6.9955344606854
9.62795494986108
9.73060154493271
7.26258771865415
8.16097243187347
9.3292437616182
9.02100976873215
9.04533275623015
9.16249992723237
9.89614036404363
9.34176847577142
7.12668235487177
9.64639974281774
7.58747768580888
10.4019510555001
9.06206245289657
9.12000829940561
5.03840225342041
9.89637544842328
9.83152931005998
9.41804977404753
9.6613097887507
9.96643850480087
10.4467086783815
10.1563999451391
9.81051060704274
8.22682079399506
10.4373305152514
10.2147974458053
9.97469238008508
9.14251823895786
9.77065114724045
10.4233573423176
9.44302383157474
10.1061748895923
9.9285335426015
9.69828873502842
9.50015010847108
10.056239754854
10.6517081142387
9.61630255414089
10.3839873575923
9.70885925915792
9.64898703810777
8.07653015481428
9.64630510755435
11.0022841390431
9.5603937132257
10.3920835167611
11.1661320468431
9.44336765307931
9.9130547412936
9.5000933194994
10.6162615062601
10.0689069921905
10.3373859208641
9.65149723154888
9.93716071011895
9.25624256791794
12.2290778816821
9.23512813203896
9.49758751870114
9.91493114591111
8.66412578847024
9.4159484065838
9.3027884970794
10.2451780178429
9.54138059815565
8.71981093148296
9.31089010254429
11.001809109567
9.90795519419705
9.54152491433029
10.284673352116
9.16896497280238
9.11186292501355
9.78758146515268
7.13831598282067
8.67096031275422
9.99501848618646
8.17977934157517
7.72104611399146
9.18666677632648
8.92830000509739
9.3322244001877
8.84285447118489
9.2382430327202
10.2115846237149
7.97857283770954
9.6492028777379
9.41390614289314
8.02477315622538
10.5235998731613
7.95944992806894
9.15955395975318
5.14352091661992
9.56039144291132
9.74994269710698
10.1862773379702
9.51255682467157
9.47440739471155
9.50636080002299
9.85039280752548
8.29216669207541
7.80496896235806
7.08877889412282
8.82494467381711
8.36945170576446
8.41958957534385
8.93242041257203
10.9055509941332
7.58914073472766
8.60590947957446
9.93050565474877
8.71634336154357
8.67875815483094
8.89204643468487
8.99630483587169
9.12937828480118
9.59955353061394
9.59535818560652
7.19516471375713
7.7114537308719
9.74592117831389
9.51199178525264
10.6439397906396
8.47961715852585
9.59825659452592
8.71207602735142
10.7123574711501
10.1146319896454
10.1845564123409
8.76715473545057
8.94213943352092
9.84270097954176
11.047728492685
5.14454088130022
8.88630775186276
8.77386544653347
9.94901024919499
10.0568369250588
9.14642030401252
7.5637899084152
9.85635478504509
9.86407514499022
10.1816247795824
9.96921975379949
9.03470679048872
9.17564776626303
9.0033459889406
8.86672968086074
9.73706908643592
9.35253139392354
9.90379453877028
10.1464431726287
10.0413363035887
9.84849515827346
9.62599916040531
10.7020920200339
9.89184423068692
9.55008897867522
10.6524973819339
9.13505654380406
10.5399666444715
10.2470128350986
10.4720573129568
10.6903657932357
10.6557672028278
11.566287143731
9.55491149379777
9.25239596861405
9.18571888718951
9.76741970516803
9.21371722802144
10.2210869263959
10.1481344288901
9.77860492350705
9.28774155250549
10.5834836805951
11.3579240208871
10.661991081543
10.90302837242
8.6714360278349
11.6360514323102
12.0500720422367
11.0506989405929
10.9315520078423
10.5774149166626
10.8573564240929
10.7202650574984
11.4972527378442
11.311739020572
11.2595610188213
10.5150178042336
10.462517264064
9.4384425840348
10.1328378409954
10.0714642652965
11.4107040015147
11.1022424503089
10.4497079017698
10.2673001534369
10.5660027314038
10.2163326235211
10.235462888435
10.3494671331143
10.8622321024975
10.634107526434
10.1177782376306
10.1577044789018
10.8382169613157
12.3439515430554
10.5648474218118
10.8525607787806
9.80379193629523
10.038580976417
10.1456981623944
10.0932705244381
10.430673581115
9.72650050312769
10.4820169754277
9.28698506962307
9.83794227239946
10.5925120189847
10.5609726886473
8.61910766313773
9.54990593001009
8.58344546171255
10.0654293109577
9.34792739006117
8.96125630124237
9.10839892211423
10.6965302326179
9.31731289908695
9.32640307023578
10.717904110013
9.35743134470118
11.1944221988252
10.7543506378039
8.79903641984611
11.1968456356572
10.2827957598734
9.88952935239678
9.92492451443539
10.0951095792551
9.74048455482476
9.74852409772378
9.15431749912029
10.2779523088585
11.2448642686423
9.48796484641928
9.56462174469514
9.37448382953436
9.52354954578407
10.9467011165575
10.0373577986609
10.2010970386617
11.261198254023
10.1048056096814
9.31660856784016
9.63163052977719
9.12241733500481
10.4767226949038
10.2010472930531
10.4026379316309
12.0218787870235
8.68225557552949
9.10163059949174
8.86697815635351
8.36269671760494
8.63963974946042
8.7629661702571
10.387437509188
9.05610797630675
9.76979096930875
10.9628945365853
11.1920288938725
10.0843296028852
10.3762542564075
10.1448361015431
9.43792809091256
9.79597697407782
8.73460064788474
8.49443554153779
10.9202224082903
8.04896551166229
10.953264086149
10.1301234788571
9.65334591008856
10.6191017318658
9.78352161010439
10.6411654493909
9.5922835961511
10.0768494507193
8.30885380822086
9.41774546692227
9.72140693239722
11.1167701556095
9.62669776757226
11.3176393938726
10.3871321743523
9.72748104166988
11.5660450741482
10.8697440955245
10.4885375143887
10.5565709662138
10.1795908346367
10.99537056099
8.71802241003743
9.35671160660385
10.6504417738847
8.39465894352305
9.54505889533311
9.69925429120372
11.8342660203202
12.0188119821385
10.1319279261127
11.5465055824864
10.4379545950329
11.2108005534166
10.948645568619
11.3012551484278
11.8222666544754
11.4336400513189
10.9526334958072
10.814112803204
10.8977416145286
11.1536291150747
11.5612484620719
8.88458076486799
11.1024130969794
11.0581398246171
9.9950260249998
12.0216563692833
9.66301451691168
10.6479607118184
10.9139466282293
11.2587327414915
9.97582931781148
9.51172793340272
9.71512081987104
10.877212787612
10.0044517273227
10.068543134124
10.1636687786389
11.172318175757
8.57840755937029
8.91896714584488
11.0662855063298
9.22547918693382
11.1854569836878
10.6677440873915
11.3687006870484
11.9745051915488
12.0573245399918
11.9722833084296
12.0337159016867
9.75480311695577
9.43945067724106
10.1963217903508
11.4296324104231
10.4950885877657
11.922493990307
11.0616357132433
11.8328162315926
8.93220671257734
11.3753585926644
11.8215197891676
11.6332191605822
12.0937000700672
9.68380610955412
10.616169892969
11.4713300842054
11.3934226000802
10.8698087602198
11.6832635717465
11.6062738516779
10.9080796453217
11.1134381706687
11.004665289757
11.5992654679754
12.221878672314
9.61540924579272
9.83773886235265
11.9847196054732
11.7208533081516
10.3764884658592
11.9996508493027
10.7437309105022
11.717430712467
12.1631456885372
11.8357501420099
11.8612991365875
12.3251060840097
10.222005121452
11.5417563929494
9.24386394307256
11.3673019503327
11.1391084734067
11.3402478657631
12.1148256878193
11.7106663162632
11.336043849989
11.1871309573596
12.0514709782934
10.9261885829311
11.5072096177036
11.6053149531712
11.4540990341879
11.7098942142555
11.7119076482806
11.9587081153845
11.955494676447
11.4988625160033
11.6889938131996
11.3294939850584
11.7522407954468
11.214758353469
12.0676049969402
12.2129454911332
12.5783720497647
10.2916404939962
12.0566190910357
10.4717065772849
12.0347576481866
12.1763602453783
12.3735008474723
