8.40232263020708
8.04972735131437
8.38934541889146
8.35146294855588
6.71082349660485
7.38084763553618
7.83310225315857
6.94582568472816
8.21450852378013
6.7140929395799
8.5901215169901
8.03878315668461
8.349136617071
7.96605530512898
7.35096816614537
5.62519712220555
6.52581365990611
9.56812809599054
5.22425777339928
7.5996438127991
9.55786818215504
9.5753516211677
9.5925705508107
9.60953151033837
9.62624081966195
9.64270458854194
9.65892872535104
9.67491894537145
9.69068077871353
9.71388005122724
9.73664863738094
9.72764829686239
8.63440803555949
7.60490499163413
9.01976715995468
8.55915181257751
9.87933741210341
9.91492649547614
8.89193303938548
8.29772566740564
8.44130080653997
7.97444862308967
7.03529593608529
8.13385537045824
8.14542871433508
8.02143260372577
9.09951269827737
8.08736978466948
8.20831168979014
8.6674227266788
8.53341935331447
8.6161916465267
8.69561241665535
9.10987186620677
7.56918285394834
9.15517014570428
8.63997525879219
8.91256958623826
8.09573627147812
8.66583659068889
9.30129439503024
7.65028655422026
8.42932727786992
8.46108728467537
8.19391870429571
7.98630658201174
9.1276704724298
8.70956495019072
7.54077136165693
8.34111343623045
8.58536530903836
8.00323641795017
9.26914087887184
8.54974319971874
7.93028836621168
8.10025207295538
8.35997106942524
8.08985607921236
7.6882889047522
8.62350763467609
8.61116221618229
8.93864895727511
7.73265972191915
8.51361979163808
7.90802245403241
8.39672603608575
8.34068829521667
8.99674493321931
9.54640350421757
7.74174196781376
9.34837511761793
8.18423769026768
7.94575348400621
8.24285413332713
8.05902198088402
8.39573758606868
8.50586328560279
7.74572846529392
8.68502803819352
7.86174448123929
8.60808242713119
8.00428363152411
8.63607925245718
7.86120604801735
8.15224164227036
7.12945176244523
8.51634165160477
8.4219561138805
8.44934718006435
7.60000289999822
8.63668042690259
8.91597948434208
9.45451464731771
7.66975649324165
8.0883930454783
8.58244711112236
7.47163920277554
8.76319766180212
8.89240455650029
8.23806912088833
7.66492815879445
8.11178096062418
7.58686434000956
8.44502356150371
9.06623867780758
8.26553807505645
9.28709329250623
7.35719227372789
7.88600143991765
8.02799071816154
7.72504415281883
7.95031531478806
8.19656945326933
7.65275244477889
7.68543447926891
8.58842870200037
8.16976607943322
8.89367854452133
8.48923018703429
8.84124976112462
8.66649024552891
8.25105589982779
8.20214360687646
8.58562282568048
8.89744412858768
9.16485927252004
10.0734350474509
7.94722542137674
8.11718955983402
8.32278565226934
7.64843231248465
8.06362425201267
7.18250162057499
9.02372013334753
8.50006761122397
8.52360535371328
6.87944015164706
7.77686788614976
7.0529551536835
7.41167496105624
8.87411144957365
8.38615172784234
8.53523044752196
8.01099361863612
8.11437458990573
7.91136762973462
7.66327988918051
10.4650858487923
7.67448770839033
8.44765716763575
7.51537427022014
8.8876284968702
8.54057066102695
6.906161971277
8.42493492396359
8.17772225240073
7.56958759304357
7.9721774007026
6.75251057017371
8.3736095271887
7.6139704463763
6.75090127185068
7.43246860772404
8.16862427436366
9.0154401825346
7.41907642395883
8.28801889715681
8.17220528376955
8.3272939748019
8.82467559007774
9.36910200632392
8.35393784644752
8.05014276254632
8.57507791391744
8.77388520370507
8.74158315605348
7.09743442548059
8.18488322971597
9.10623457907543
8.59319236597852
8.73678031285033
7.78888843684331
8.69306856776936
8.59120117886846
7.66081499541831
9.23745155692297
8.82329998223498
7.03983459401171
9.46772174724291
7.61292342688542
6.83212030305977
8.37834557169068
7.41417327119509
8.4640034835907
7.56337453931889
7.70798432911511
10.5395087839332
8.04419563306832
8.71302947783069
9.06779828002376
10.2245734403269
7.69874108550308
8.6126562578206
8.64570005086302
8.12532828726576
9.33441458841165
7.59667421591922
8.23804176731547
8.95789829615782
8.75347591470399
8.68476067965227
8.40727471160702
8.8673253754896
7.93437905409328
7.65624864979218
7.00427352718904
8.70883581832488
7.69786714030211
8.16597976987109
7.61340324223997
10.5899797314532
7.69899385457589
8.1071017212354
7.82505086738772
7.55959216188142
7.8230997077771
8.99667000935293
8.54972818587991
8.37864040345014
7.87022428207181
8.75376483079842
7.85200846410914
7.14463443642044
7.59224923404432
7.11998466789154
8.02280399358156
7.69662036918662
8.64974322065485
8.35037247325723
8.56301095881519
8.62022511407189
8.53737407257661
7.66657518629983
9.36388472712808
8.64930100285064
8.27874114019499
8.04047601720843
7.82523950669166
7.97040442547835
7.16123649984593
7.29469154307588
8.85568796778984
7.84389817542039
8.54693985181921
7.19724535018906
8.25441537656291
7.83400957256572
8.24006308816771
8.81709016710275
8.11436553743761
7.44054394793326
8.71811463569429
6.5831665753299
7.06040717018916
8.52395600189446
6.42839711357866
6.2465116885879
8.06109904868917
8.26306296433601
6.49850461783733
7.36557123347629
7.2040954047531
7.37577017106816
9.1252395827098
7.31999340445205
6.09251547229295
6.48035371413177
7.60916876259858
7.15623655130024
7.54077017237143
7.78506705969948
7.26229637412691
6.42080000335079
7.45815167628195
6.09782506974834
7.53595011986893
7.89539658318411
6.99343195869577
8.52340255233161
7.44483089280885
7.5834796241795
6.85366817442902
6.97591222983774
8.99154160113546
8.11864054842874
7.823760576662
7.20626185726353
8.10227962809486
6.26637601834829
8.18688174486167
5.55262101152806
7.28037203481223
6.25522762287361
7.60868465973207
8.4787825455429
8.29958202321554
9.12763032971738
7.95031146502418
8.44409417967523
9.37247672466748
7.26539327906215
7.78977384718849
7.13383459330537
6.25531979411004
6.42710863855904
7.39694497667731
6.91743482158078
6.02862581576666
6.48791771393191
8.0494447388542
9.65655625999368
6.93194939630132
8.03549975573187
6.48801021163741
7.26818148223453
8.68737268503782
7.56794369628302
9.55502932810866
7.62498860207033
7.97849887631202
8.30189937989683
8.06578908579355
7.37537786754314
8.39048647094466
7.59030743170223
6.93347996999979
7.5778929008902
8.61746825568369
8.65776294462175
7.04981393879208
8.27512420279852
7.03534502984761
7.37475668211939
9.19851864918506
7.395061517955
8.08031173930615
8.03059245738415
7.29007274972058
5.99384634549478
6.61206769591635
7.34304344663807
6.72884112330112
8.45544866284498
7.47899343797885
6.77456665618687
7.24132641315692
8.05567191350281
8.24081559837406
6.88366350647093
8.97404542046248
6.32382762458225
8.6551423174393
6.72342085140936
8.19913194001262
7.36272144137299
7.86481365216934
6.7518655841823
7.09174500172747
7.85305272708174
8.19696791110749
8.78838081963203
8.36521475160551
7.21798342214889
6.97155752457753
6.53632598770052
7.46859834230432
7.45356730639701
7.4382356575834
7.08143281958103
8.097727340785
7.59334162241582
6.53163080730373
9.25654154609382
7.63911163973405
7.9532871338718
8.93251532081261
9.28596913367099
7.2749366217131
8.73468306266123
7.40441533263109
7.30304701532826
7.40119514479854
6.94676056813659
6.73067768479533
6.93293538448861
8.05802391675111
7.23508796917931
7.94234467288676
7.46883483249416
8.63537606847873
8.24146939818541
8.11863810776398
7.00376286687211
8.38806885282543
9.14954272078504
7.16395457589828
6.26799653008333
7.97323580968273
5.87948192763905
6.98126784351482
5.23052857018984
6.23992036593682
6.57176122496517
7.01199875689429
8.18852412421712
4.73261644516337
7.41611434769884
8.14065295079
8.51308458408499
7.37718559633853
6.95482788722259
6.94332565106725
6.57527425721066
7.7651187902294
6.01950694318784
6.51989168407762
7.2230740299051
7.71067318114255
8.30392555048529
7.92751338974654
8.08202716214814
8.9329646009206
7.57931942353219
7.45627644979748
8.89214736217017
7.66768891160313
7.59358525366211
8.42445183009154
7.99989458073481
8.06476910658493
8.54509815331763
7.56321220980999
8.38280242157704
7.87417862479593
7.32759772553126
7.21409757122107
7.34359208540938
8.04219842495443
5.82511608522391
6.63390989709118
5.90344017757623
6.41528994343736
7.88038286395779
6.51037584864485
7.78692789957948
10.6139752957396
8.00536343776403
6.45393144199807
6.81837915980348
7.58990291596071
6.3276937527288
7.84637875529163
8.54592283762426
6.61532635979771
7.01557944814448
6.78572311872613
7.42448551537141
7.12940289175025
7.63235716024347
6.85754425468993
7.14462336879657
7.12087188410577
6.8435323452532
8.43222815538981
7.90836739408237
7.76897857332006
7.99503728124718
6.65268770561003
8.1932153725493
7.0849093703738
6.3026458055083
6.81000906006795
7.00196839196068
8.90342886147223
7.98428316162777
8.62760992026183
7.97683013082079
7.74560361749193
7.13700145300231
8.887218636926
7.85405878676016
7.6447796434201
8.21557509649698
7.33911887585582
7.91600284817928
8.60699032187979
6.81993640204935
7.82760564259356
7.69005238030495
8.69876151278099
7.33042844393541
9.47240842264362
7.36906515691956
7.05517390122291
6.9242948396396
6.92841197294853
6.97084101273518
8.48543623590729
7.73106013680965
6.25921962199572
8.4005785769193
6.65096116815273
6.83883904714214
6.33014739322151
8.21822183128881
7.15987151383044
6.61790326740283
8.28609904440264
6.7989070293457
6.86758960148848
6.17070887177857
7.90286676914811
8.25610459652692
7.64542953515171
7.94762098296346
5.9259730326443
6.6561811244818
7.49426770347086
6.60284281379033
6.95012538724783
7.08964513500344
6.45891434960258
7.69000414000628
7.41380288764253
7.69186562521173
6.58091041408245
8.06741801440868
6.8447460789507
7.28097052200228
6.28272619201059
7.25066450888656
6.93239018284477
8.7844317147736
6.85129400361284
8.05840820605522
8.14109760018431
7.91373063001936
7.78796235851149
7.08475199138987
7.31039297917656
7.09924683171846
6.76573148986306
7.9456166721464
8.65766862879738
9.56972027594056
8.16140526167584
7.8409231215509
7.8729028632837
7.67347822022654
7.4418498672319
8.09269721778876
8.21032399326027
7.077585448878
7.88742039552321
7.23535756300176
8.243430797135
7.57594115793282
7.06591387334019
9.28527564033244
6.84647184239755
6.34673318910353
7.88324437322907
7.1705990074975
8.00938224639817
7.82209049492984
6.72109575963803
7.19510951039298
10.627273951988
10.6276212376456
8.00615813124192
7.66773276195798
7.23071969265178
8.60668418035119
8.76764626998895
8.48154587440809
8.36184770118863
7.67521287895813
8.82608639821091
8.83270533029148
8.56485688410657
8.90917129880433
7.75079990514065
7.10507858472857
7.75897140218695
7.35959641552131
8.35344530366764
8.57800209187599
7.70303867291886
7.84806763330086
9.04111293885111
7.92349705124514
8.61434833549701
8.75376894937347
6.96365421160134
8.02702638993237
6.93163646845723
7.7531370386816
7.95535686231883
7.18622626516369
7.5692941851374
8.00443803713272
8.44493279095771
6.47902655347039
7.88575038511953
8.5533007745765
7.61904709246167
8.11696291872497
7.26084178822351
7.80595137885503
6.74144030738282
8.55468317176864
8.38705114604553
9.10105770690912
8.68680755966693
8.21375317771349
8.9844011385486
8.70089616979767
6.90060919441302
8.52821758043454
8.30494169179412
7.96076122838704
8.40500285202121
8.04420662837522
7.77568714843504
6.52199633231183
7.11705329016571
7.0758420100656
7.39905878557863
6.24593580568421
6.64321081119643
6.88480244418452
6.22198546897713
7.36886182602105
7.63694402359443
7.46754882226976
8.27525787105344
7.64820456543275
8.30096217052363
8.21153822558811
8.03334274837648
7.11297416792565
7.97352512857939
8.32177247272352
7.22416434037078
7.30381158536917
8.68276115257383
8.33972988604947
7.90749751932684
6.55131316522485
6.92198413623581
7.79126619158279
6.98611721840432
7.5313665860702
6.86109342735231
8.32216541222867
8.07058651540988
6.64972173592176
9.02523126542715
9.20048938995753
7.12359708348327
6.24779366725155
6.71275957509015
6.76413116473926
6.99487167051506
7.75096295228073
8.53700695601287
7.62310903113384
8.39888223729782
8.15271194604
7.64977128626677
8.73936904054569
8.28268496593012
8.47629607163825
8.24738747792802
7.91720777009512
8.21795011719819
8.38268369166629
6.60543981438106
7.47252846844123
7.65419488379021
8.53942435198991
9.7052632483761
6.81473283442802
10.7064309981573
6.94561250129918
5.41491268385541
7.26661676229737
8.02966381262374
8.24191242544583
6.28983218711088
6.41958918715282
6.57388731467298
6.6343117123997
8.15464611132153
6.48358821942916
6.82359612507528
6.54561786209021
8.16638554157909
7.76837617989705
7.68452158657215
7.47617497864973
8.82029550187402
6.67890416458489
6.43546791222938
6.8515563867226
7.63542932413807
7.58938948757589
7.02677350077938
9.22361031150222
6.75018025571607
6.18495146947748
5.40163949681522
6.5149652017577
7.28336785632777
5.3456585803044
7.56973142822468
8.65301097471446
8.90050887043832
7.41550007124706
8.44066864415057
6.65018134395254
7.37197506174027
7.79229245286212
8.47901221745734
9.18770662857757
8.1450972779849
8.38420845880143
8.47829153846919
8.12685007515928
8.04971252803697
7.49622684538453
8.48622749607786
6.97177833859384
7.75539027721531
8.01844781097418
9.09344526576941
8.04459324640214
9.67452631640844
7.53102562343964
7.80799454922091
7.08562230384835
6.22054371088446
6.94099311228295
6.39523833040752
7.26613905627037
7.49965680767418
6.85974563299038
6.25846684276642
8.65227318213046
7.77245820705704
7.5453090673322
8.68359100165024
8.13211416758434
8.85448191672251
6.80357814049613
8.63055023874709
7.67056519329653
8.26688703337268
7.46306484876776
8.02863385983203
8.28986374461421
7.51691415030156
8.18348525324995
7.94520192881326
7.27155837892533
8.29926235629127
7.00727232797514
7.95256491155621
9.08393604683471
8.57088496190361
6.74263130068636
8.4995545246419
7.77969999176857
8.3943491333076
8.39547155649694
8.01912581302494
8.26198259911068
7.82091061760498
8.86556605418817
7.3009807322495
7.85053425168479
7.00418431937433
8.30581301625368
5.67010223057878
6.89381380744553
9.60141968627163
6.2365252547039
8.36905767378537
6.70540131751229
5.70766333739391
7.11693115542572
7.84854746966581
6.71543219762184
6.76649070260612
6.73571915298146
7.13464595987885
7.23421183900735
5.77268978435713
7.48830615163929
7.35504152419649
5.66170332517403
6.63202246163976
6.42271154885503
7.38933589501626
7.02265903885763
7.33877058865303
7.18781590288881
8.06865537678489
7.60444274776497
6.76202784346865
8.28779947793274
8.39710737567674
6.4175006801924
7.00520169926096
8.26566422775594
6.24998142786113
7.71149379940073
6.54809300634087
6.83767873235321
5.83686519344149
6.89197678995915
7.01955007231471
5.78507512014641
6.99545703317066
6.88787772784043
7.81248705923697
6.475161311647
8.30347551994143
6.92654998749625
8.02061133079709
7.92821792857888
7.28911486751299
6.99579194216327
6.59099013791664
7.89465479846606
6.97200397042813
6.9192415296576
4.99836661213705
6.70555410076827
7.26951101443596
7.42787180536101
7.76287808464071
8.231309576776
6.76825654632567
7.71324499955768
5.64644749829774
5.73625208700835
6.63809939223962
7.41406098911659
6.21283892672452
7.07822410471117
8.83230615016538
7.46211414989459
6.70722134284485
6.21028958024276
6.91764098622238
9.87895188770601
6.43823620796661
7.55167645125437
7.148211001681
6.76593669396962
9.24831608438312
7.40293107671684
6.71509892126424
6.79078410201614
7.11873877691357
7.60213997025465
7.37419921708049
6.60510282480998
7.94038650988771
7.39630167616617
7.35658451866913
7.80772486524876
7.39330950196038
7.56329728222813
6.66754262198256
6.81414107722363
6.77627762711796
5.69445873770985
6.29230158235595
8.73204318557761
6.47195937434241
9.53852601403009
6.72926907716484
6.69415668611145
9.62165267895154
6.87393334763615
6.74558731331168
6.24215573235347
7.46462751870798
6.74031917809842
8.20238333188766
6.59708125243359
7.45372859186294
7.04684049873703
6.51128977559011
7.0195312046345
7.81998245333736
6.32663532532173
6.70323006099977
8.53483990326963
8.11736812110071
7.95764953547397
7.41174486979695
8.3237681796037
7.82036888148999
7.59977797515528
7.41690399814832
7.15288365523947
8.86350515294946
6.77777462981856
9.18980243205441
8.89435952168203
7.18055046085666
8.0031191644279
7.4029691243724
6.8453008347771
7.47865319911073
6.96301147649239
7.93861528901884
6.45286608351303
6.99978135082796
7.7597175942863
6.29274455124451
6.56132090310624
6.03069101664188
6.2237601525991
8.95279874923845
6.15609146237435
5.77786813131674
7.52254999752992
7.68394963481603
7.94821602160584
6.48019703075431
6.70607911553181
6.84454880833302
6.78357143520446
7.38485130577658
8.72022444801725
8.56298997291353
7.35173989517491
8.02747403394062
7.03498670535531
7.377394671467
6.20480824764916
7.44903637778952
7.67930169760081
5.79392230946567
6.98212684063366
7.08911458317846
8.6672155030228
7.7373092272287
7.79398058020425
7.36860651992519
7.5405290276332
7.88114929922505
8.17359578728139
8.31795048529377
7.5004057484091
6.45482624106482
8.10872612481999
7.33395583410242
8.96600331970228
7.4551292660529
8.30138064911493
7.86391093155227
6.42743767174717
8.62218271742627
5.77292415645207
7.46535258265934
8.12154144897325
8.74812102411177
9.7209721097494
7.58903810254645
8.72463873484383
6.3434458650406
10.7613537018499
7.13623917426161
8.29571553350689
8.12531162948395
8.62078851093617
8.08427694494336
9.19760223095669
9.02721335100771
7.56341841216722
8.46080701351813
7.95362551274097
9.56707046767007
9.08739554722311
8.96112586155484
7.22639053757339
8.09799895067285
8.78510228505124
7.88316130592581
7.65764473472144
9.1181368544893
8.12013694695321
7.94361332711619
9.12671127371299
10.0829868381636
8.70054428929127
9.13609886828766
7.78335514397972
7.47528839899371
9.58834618220491
8.7706995813114
7.53250273231415
8.22775601498036
9.32311428931609
8.73687412045049
9.03182533214438
7.92271499015026
8.58739610354246
7.85933913411521
8.15697484679515
8.78884653350015
8.99301659531146
7.99247139378814
9.20874861368443
8.13067407450109
7.78951421879161
8.28222710437466
8.59500879818915
9.08769950617383
8.44360537556741
7.91612395805836
8.26625083678638
8.38360578306885
8.01422308031275
8.67957532470442
6.9661833095111
8.63219318545291
7.68583103847283
7.5273605689757
7.85827280890355
9.67091283406847
7.44862026664461
7.64454457065758
9.49611544449362
7.83922529067212
8.82915591348797
7.55384444555352
7.15847533043297
7.56676314191085
9.642857998326
7.68339364136275
7.58977251724416
9.01790793448083
6.24705195242667
7.50776303249327
8.22881919878795
8.70550349056404
8.2156355123842
8.44317081291968
8.02270415121114
8.12538935845532
6.98511439349988
7.48447354580116
8.57590052521851
8.24508930906643
8.09792524066702
9.67034298662226
8.02366552818516
7.55610091394293
8.74031319221439
7.18531646732026
8.42225072366529
9.08266728913818
7.30587400910738
6.88801402441711
7.09101488572476
7.95470053886635
7.16805866779443
7.34123225842831
8.39864118850762
6.78840453448906
8.34693637082923
8.77096842688097
6.19923476123012
6.74823461529735
7.09035866923096
8.07367164146823
8.49432673010288
7.66290649492383
7.02805589312316
6.78201745214436
6.87789058795154
7.34144988990815
7.0702796896159
9.12028985461238
7.09887757327752
6.50785724999237
7.15900638946608
7.12085702601916
6.47780833068529
7.24132334533679
7.88615650278209
7.38335422027987
6.30960315777584
6.45378243836351
8.52262140910826
8.06664946513193
7.23878254735211
6.44091619798741
9.62189930507418
5.68222341628887
7.07092440731661
8.19050656359541
7.6565093442123
8.0077422359446
8.32469278571648
5.927553908225
7.93085354782097
6.98497826129912
6.70727935692546
8.98118393712025
5.81499037146522
8.09502674713676
6.83212342846014
6.35972767746625
7.37316455792466
7.20522656846683
7.94089370015652
7.67221545806704
9.17748948080155
7.40882729199547
8.1351928456573
6.6220470932014
7.84250932258553
7.80000007604619
8.00808432493457
8.78276591914777
9.47389274356367
9.75081956212627
8.27354721285068
9.52966395141429
6.66992351574167
7.43988721559067
7.07283723461723
6.89472780943184
8.03354876448946
7.86028947356833
6.19449232626307
7.71953454979772
8.6492055600833
9.68996947966512
8.00276165936759
7.20132777936371
8.11506384019939
8.05586578317259
6.67815613881087
7.27218431581004
8.62458165513148
7.50049763284775
6.96167209720601
7.41539111107195
8.56494341811385
6.94313417551265
6.83046606718793
7.51793496242858
8.79954858761829
8.68487538695069
6.37941691038259
7.51939909717251
7.77483903669148
6.457421318822
8.42005868454023
8.36573652380868
10.2616162021819
6.68886919166996
7.9214697587764
8.03086413012363
7.04184526691385
6.03760942551395
7.41795992940394
8.07268470437188
7.51742065398795
6.84619520747553
5.77909307022632
7.55596746594566
7.77606489322342
7.46825263579882
8.85877716702829
8.65699151977376
8.36354745037402
8.77640940857705
9.09560222777626
8.68398786889433
8.45060644782124
7.53118149859544
7.09826179262236
8.63266380435394
8.18920156697103
8.7657493680971
8.75187420526078
6.8017426529195
7.87440200696497
8.92622338804461
7.43376381817333
8.31272880458954
8.88910044292835
7.84608422225063
7.49611322469632
6.27585146205143
7.3348058472299
7.02906801702059
7.76289875381109
7.59231616305462
6.86736314393024
7.05369484961242
7.18646011326532
7.40943795371667
8.72431061724122
7.19074728807519
7.58673044657743
6.97262087708626
7.37791342702057
6.33913261769319
7.452699719261
7.74623948978766
7.16088480100231
6.50127856496472
6.54664100966571
6.70087720423543
7.5017066048122
8.48597644317892
7.25759331704147
7.84438877084297
8.37725685215887
7.92975484304834
7.81068049964949
8.34782803637135
7.41503633242896
8.38683982724413
7.79486887270273
7.22729672866036
8.13612469079146
7.26568850414823
7.90210062583818
7.70768921950754
8.43685821083124
7.18107663317522
8.00934399751596
8.08909398715579
7.06413807566399
8.48424116035777
5.77336251056239
6.44652538777957
7.17963678667645
7.28971038741201
6.55409111053529
7.7659255754064
8.16896565959625
5.77214229209522
7.37538296801672
5.47594852502272
7.29367243693282
7.2843729782112
7.5941365443655
7.91276954642184
6.7845913214223
7.69543445754159
7.04026574181202
7.17645473883283
8.07682428296079
7.00678288986521
7.98778426390693
7.91953653632742
7.34823963287283
7.67489721404676
7.73019240277295
7.56143304876272
7.72766269639248
9.43587777411937
7.65641818869223
6.2382618134103
7.11903928175745
7.05553465615146
7.88937414426647
7.57907634707164
7.86022456058849
6.53311775358597
6.49656086908116
6.61499061454103
8.33681721054512
8.47493763328193
8.25134565995172
7.57356613439998
7.36017909915804
8.4789345625952
6.42103446705861
7.12484881970249
5.70155392544559
7.37189537503132
6.35042072385485
8.1613945523152
7.71943085230693
7.68710620873211
7.72944775968299
7.87079857212476
9.26208450600464
7.12757986454157
8.73424289416109
8.44174835374629
8.7763750024647
7.47264398323323
5.71438135438111
8.96638247456628
8.16062650340466
7.38324213461089
7.819396749633
8.02024303324972
8.38604267045407
8.84163551846652
7.9022721774883
8.46895957713391
9.25418193974732
6.7006366078655
8.39871039340217
7.39535395116191
7.87636992777192
7.11590080474618
7.80153751676606
7.1573419269011
7.97952037918757
8.74417029353304
8.4538271698053
8.52243898839108
8.25595591052507
8.61457853355677
8.20343723101614
8.78976546832615
9.31668299861123
7.31776578218352
7.36596498395767
7.34014523354012
8.67089964686459
6.35029496013366
6.85302814036622
8.75678619279849
8.78609201027086
8.01125188212579
7.29339870221537
6.87189243825564
8.07304804292532
7.58807979448049
7.00637217279815
8.74633235052243
6.92128248090833
7.71464812887928
7.61508175366313
7.70657885608308
7.20530796410939
7.80267234604598
7.93301013555101
8.73511106855228
8.11436674435747
8.44872131774821
7.50726898644056
7.79064855472861
8.21376284448849
5.69653691594875
7.24428794302935
7.23296510576228
6.91874342870833
5.94949283880813
7.71065309952004
8.69388701230289
5.95214656234156
5.93416521284792
6.10332504595773
7.37239696983353
5.40233446418155
7.1690142229885
8.06221706094142
8.08267378813616
8.55458953259929
7.33403887260425
8.40055318648259
8.32405448855804
8.00723477894631
7.39343737723196
8.6494510392303
8.31859873779234
7.59319427162928
8.56916750944777
6.7645530158066
8.35313352710728
7.01684314283891
6.77617935884988
7.44517897210081
9.50235356988275
7.92304532052006
6.68236576118834
6.99550041743117
7.56891564771819
6.56622736935587
6.28000471255183
5.44835757466007
7.52915418271582
8.29307778688861
7.24718084039637
7.22827794345543
6.00641143093461
6.65427404221993
9.12627739759747
7.3774090995432
7.95140462221878
7.67844763423674
8.17407182549366
8.39277753131128
8.76329006927616
8.9153000201601
8.12211001365709
7.25359082005208
7.14742910479554
7.27516554901802
7.28488390082962
9.03205458839223
7.03557406998665
8.02645937711008
7.70531550756052
7.41746622266777
8.61530338747207
6.93088250853236
7.83114950112273
8.12697556071457
8.75713169860824
6.86278091261041
7.32826976258261
8.92628341292923
6.87758996418365
8.92162562795762
7.41150927193773
6.92917915771457
8.58857235223612
8.17970123789041
8.37588372052313
7.61554671770495
5.93385133516542
7.62315889692199
7.78591494578414
8.17590467771289
7.66144454118181
8.85655463382441
7.17292536263671
8.03298460081028
8.88464566769488
8.30778710825099
10.015487340778
8.11745705627029
8.71900825855368
7.11745492398539
9.25460311784541
8.15719070206837
8.07507721713361
8.20950433911767
8.55090719186137
6.72151356618319
9.27955340446695
8.35991932973707
7.90259284287947
8.41519951879755
7.72755572117811
8.52097243540764
7.81912946569141
7.64880106232001
7.70736051443646
7.2831823114428
7.74310989983905
8.14711282597957
7.40937245254234
8.11254331072635
9.12838076554216
6.82783888773638
8.67548582010704
7.58599844900956
7.42411096294982
8.49629754409914
7.63876927064635
8.87150272656159
7.6113756681462
7.51753132256977
7.7940731322552
6.1097696746755
8.02771974995467
9.48503377663227
6.76679421115875
7.76957843293166
7.51110531654849
7.46114647034015
6.60853299884319
8.42264348462841
8.43009836487911
8.51828707053321
8.48826737949126
8.30003870136892
8.75133603538281
8.23737351457842
8.51041563289285
8.00674101269815
8.32383727798679
8.80614006119898
8.85314110016636
7.62091699889812
7.74114309857471
7.57265527627891
7.86432084390856
7.73258665828764
7.11099552610047
6.45050560222414
8.09571639810449
6.89221371714004
6.63725796725475
6.59681748857819
6.73301542201893
9.71134243170303
7.9435294339473
6.44488822161422
7.39911093203203
7.46672291317028
8.44994529136638
7.75218941297953
7.97460884937617
7.68867238726406
7.28614258233302
8.67521604734321
8.22713592411685
8.34154292536123
8.21426828672232
7.56353747339927
9.56037061963054
11.0111632344024
8.72223747083268
6.75834424009059
8.34496703900687
6.80811233329672
7.30742139944196
8.44826509856077
8.04769071957789
7.97317629026896
8.94282920303447
5.91296890573569
8.99061104828059
7.58079377954988
7.63843302857169
8.24676879659438
7.41467656769344
7.81866864298665
8.11375174551982
8.97050711536935
8.25046506572512
9.49921701388112
8.98315211003793
7.59486734093702
8.45966591417854
6.90327796381284
8.08211628600744
7.83761340275957
9.54541139545507
9.2738532734657
8.18166245877039
7.89509344950301
7.87360396485736
9.61285649692573
8.27119564608694
9.21484600487765
10.3135446073107
10.1423726535533
9.41943171908663
8.53154729441905
9.30104015487021
9.4198915022409
9.20524940626327
7.97225472379811
9.18746412753332
9.08105658498108
7.94701966406085
7.30526726117274
9.07829461537055
9.17805135125407
10.4366746935361
9.59362166568534
9.27031212954567
7.62350400398534
8.24774724906484
7.75066698407095
7.38517215337071
8.17287622200408
8.87896177008927
9.07625840963117
8.31936228551209
9.22291655645773
7.9090519960737
8.18417441797311
7.10527938860867
8.35556633760189
8.48053001190119
8.50956896172728
7.51244953482488
5.80870309718567
5.6071683027356
6.13058258972214
7.923458287497
9.85209035930072
7.0896883361715
7.45568768522305
8.0582300361339
6.9162634960171
7.44157047019362
8.42908327231343
8.86553763283977
7.72428498031451
8.95990057595742
8.77217156460866
7.48101863844263
8.92587325469452
7.45245406215411
5.57690818087213
6.15656513317649
6.6718329652044
8.15309985395984
10.3979174444176
9.5807932363327
7.76597447134056
7.84897761249797
7.74947692298044
7.88780011198521
7.32739269977476
8.34514472101256
7.52849950006166
7.76658295775213
8.20202227789688
8.77102416480339
9.12882770710212
6.33824951284759
6.95276216501075
9.42255484942013
10.0281130020315
5.78002863195983
6.54712259803806
8.08391963886812
8.39985553568109
8.5054238370218
6.89946307190416
8.00082987256212
7.62791332961423
7.96751325197236
6.71011381632948
7.06267300752737
8.09032027309942
7.26778361367214
7.53189121941332
6.76261225237982
6.85302839413019
9.893252290537
7.44070356579229
7.08606549296936
8.15796983211702
6.94242215265903
8.43326746367708
8.02010184712583
9.88985775513154
7.74923116192
7.05585674750226
9.02894188283081
9.72890774634195
9.37683384634783
9.65126519155621
6.98113808988918
7.89360957292292
8.33091298873001
9.29433956823668
7.55277806771515
7.98362382797927
8.04380873704075
8.66387542558282
8.77802918435809
8.56170157034065
8.86881797352491
7.73810321170168
8.01272190894435
9.55179187767416
8.9608133327227
7.48304263535013
8.84654422213311
8.61030490518493
8.53614535989777
8.08410545490852
6.14994858266718
8.440814688473
8.83366373354013
8.27198082446004
7.71852944169013
7.77069190044997
8.36778640363084
9.90237662259861
7.6706334103944
8.00793040767764
8.02461835529089
8.33193269504874
8.54540595688804
9.39727353253456
6.53134935917755
6.98452185915347
6.26345161343204
7.7419576705993
6.65376781332399
6.77887914788895
7.44998171376677
6.22353312736837
8.83775724563635
6.52774346974899
6.62851282162298
7.6467365489896
7.51487696348309
6.9987541972858
6.82839692752531
7.06411269298104
10.1069857911332
7.26749136275546
7.95078737464752
10.0616483677745
9.65906446120587
7.34140900667637
7.26460358670328
7.49025079761447
8.75875070650085
8.45974945646095
8.27622936165034
10.1822933875257
6.17879588358791
7.62831416663786
8.03215974123403
6.01958899597617
5.98956648758775
8.05486590092151
8.54888305965803
8.14767170424572
7.62124981483094
9.5593269539418
8.54190188029973
7.46760467131947
8.9642726469006
9.08705488776176
9.08417859119951
7.53410160277571
8.27460483826419
8.09903058578883
8.76123590343558
8.10654577520667
8.78276472676424
9.87527866819785
7.19919793688081
7.71411092802938
8.12774790534558
5.38181875342293
8.68481865806217
8.8403076560544
8.88523311552676
6.70955584015067
8.96280182920298
8.93727772711241
8.9708555738629
6.61984811028234
6.22533059920469
6.33141783973778
7.62259536679143
9.12794329421571
7.81982896662805
8.06811518507143
7.93263278097168
7.63290324484797
7.57932607346552
10.1569447876226
7.59928543420513
5.92223293416675
7.32333997684899
8.36239947845398
6.43521273277382
7.54305019083406
6.85598492106011
6.43970419879555
8.78987316235334
7.59521793983476
7.39095185014445
7.93086752652362
8.76013673446109
7.09580508086339
7.46945541778276
7.57620937116233
9.2198903650978
6.92073113931163
7.97650762490887
6.59304563755294
7.52267501296559
6.84770044269045
7.06016245336205
6.76236071137831
7.483447870505
7.79125880764564
8.10261298785141
7.85896126813826
7.79017278174901
8.97023317255509
8.14698081569483
5.74211190300248
5.52611451763623
7.3009793158566
8.37525869110861
5.43989915766603
8.24427321461763
8.53538397580238
8.57049404080979
9.57437252761046
8.11888660944254
8.71427679625969
5.68206673598621
7.85424044773313
7.3570861451723
5.89345142618688
6.7944747146975
6.65976870882223
6.46371035266635
7.13564572705205
8.16700931947788
7.14076670898825
6.94485019763053
6.52327963550453
6.46922918012852
8.80029729201725
7.52321151788145
7.25920484035002
7.30741540779446
7.34451525546502
6.34611775848668
7.28287617144053
6.88193424402889
7.48296490668529
6.70934314001247
7.39480793054684
6.46982983095491
7.08660741577664
10.2489824304049
6.61494819524636
9.7076206025704
8.52861611258804
6.34152996619914
7.50096903932858
7.2414302195771
8.20084314627264
7.82558808092352
7.79792235400888
9.80365442419057
6.44173379155087
7.93336608453769
5.97881979558544
7.4348347689791
7.61044922896975
7.96430065632082
8.90995407156748
6.52447438706563
8.37758833271451
7.27883496462128
8.0375815483365
7.530558534339
7.24677506426996
8.76392774671678
7.10649388036418
8.04376940893792
8.28276111156775
7.13862822860999
7.31616211779194
6.01832831878325
7.22421271525967
7.10986972937757
7.01871356122055
7.07385383914077
8.87771765367323
10.5185084744238
6.12143058298053
8.55001204040277
6.67792577637123
6.10729145181537
8.37591353444746
7.40398226746506
5.74884192204091
8.77882360598834
6.87472370596634
9.48630630971983
6.7206870736187
6.5501293076623
5.70813088303179
8.45089878763422
6.42507487120118
6.59163142900483
7.47740150571004
5.61240737478782
6.78456889370953
5.18861624039662
9.34554858398329
7.24410777806329
9.05276468573751
7.63976240102763
7.68045946671131
8.90452025133737
8.01887130989413
8.40542232777712
8.02068988494663
9.27033951578963
8.60527870872122
7.98902514832282
7.2268650953409
7.25554180110764
7.87203908002695
10.2504329606062
7.65226191379902
8.02978827843453
7.82173033097567
7.48254129614086
6.94690079555202
7.31159154394654
6.95893830875
7.58718955732529
7.3914077531737
7.27040471987764
7.48509804833196
7.72089880633338
6.42154358565869
6.92072382239866
6.56452015651559
7.36672174515548
6.70380051602641
7.10746248527341
8.03612462114378
8.17868548382677
7.92750343610765
6.44711112624108
6.73830418440375
8.27837908314116
6.72956402077384
7.40591254428374
8.66766964230658
7.89545753979043
8.54475216891614
7.77232862104102
8.62594762537212
8.5662005925967
9.27637538876979
7.43959401776656
7.72333605149981
7.94343543657305
8.48290541463091
7.42728766701894
8.47764070477256
7.04508938711103
6.93373793316645
8.15662436498244
7.97072402612098
7.35709704012615
6.56876859591093
7.55361051699218
8.01337377272367
7.84846136344306
8.02440145450211
7.72247221797114
6.50776043042134
8.24672218666334
7.45863122856189
7.45855416403614
