8.40232263020708
8.04972735131437
8.38934541889146
8.35146294855588
6.71082349660485
7.38084763553618
7.83310225315857
6.94582568472816
8.21450852378013
6.7140929395799
8.5901215169901
8.03878315668461
8.349136617071
7.96605530512898
7.35096816614537
5.62519712220555
6.52581365990611
9.56812809599054
5.22425777339928
7.5996438127991
9.55786818215504
9.5753516211677
9.5925705508107
9.60953151033837
9.62624081966195
9.64270458854194
9.65892872535104
9.67491894537145
9.69068077871353
9.71388005122724
9.73664863738094
9.72764829686239
8.63440803555949
7.60490499163413
9.01976715995468
8.55915181257751
9.87933741210341
9.91492649547614
8.89193303938548
8.29772566740564
8.44130080653997
7.97444862308967
7.03529593608529
8.13385537045824
8.14542871433508
8.02143260372577
9.09951269827737
8.08736978466948
8.20831168979014
8.6674227266788
8.53341935331447
8.6161916465267
8.69561241665535
9.10987186620677
7.56918285394834
9.15517014570428
8.63997525879219
8.91256958623826
8.09573627147812
8.66583659068889
9.30129439503024
7.65028655422026
8.42932727786992
8.46108728467537
8.19391870429571
7.98630658201174
9.1276704724298
8.70956495019072
7.54077136165693
8.34111343623045
8.58536530903836
8.00323641795017
9.26914087887184
8.54974319971874
7.93028836621168
8.10025207295538
8.35997106942524
8.08985607921236
7.6882889047522
8.62350763467609
8.61116221618229
8.93864895727511
7.73265972191915
8.51361979163808
7.90802245403241
8.39672603608575
8.34068829521667
8.99674493321931
9.54640350421757
7.74174196781376
9.34837511761793
8.18423769026768
7.94575348400621
8.24285413332713
8.05902198088402
8.39573758606868
8.50586328560279
7.74572846529392
8.68502803819352
7.86174448123929
8.60808242713119
8.00428363152411
8.63607925245718
7.86120604801735
8.15224164227036
7.12945176244523
8.51634165160477
8.4219561138805
8.44934718006435
7.60000289999822
8.63668042690259
8.91597948434208
9.45451464731771
7.66975649324165
8.0883930454783
8.58244711112236
7.47163920277554
8.76319766180212
8.89240455650029
8.23806912088833
7.66492815879445
8.11178096062418
7.58686434000956
8.44502356150371
9.06623867780758
8.26553807505645
9.28709329250623
7.35719227372789
7.88600143991765
8.02799071816154
7.72504415281883
7.95031531478806
8.19656945326933
7.65275244477889
7.68543447926891
8.58842870200037
8.16976607943322
8.89367854452133
8.48923018703429
8.84124976112462
8.66649024552891
8.25105589982779
8.20214360687646
8.58562282568048
8.89744412858768
9.16485927252004
10.0734350474509
7.94722542137674
8.11718955983402
8.32278565226934
7.64843231248465
8.06362425201267
7.18250162057499
9.02372013334753
8.50006761122397
8.52360535371328
6.87944015164706
7.77686788614976
7.0529551536835
7.41167496105624
8.87411144957365
8.38615172784234
8.53523044752196
8.01099361863612
8.11437458990573
7.91136762973462
7.66327988918051
10.4650858487923
7.67448770839033
8.44765716763575
7.51537427022014
8.8876284968702
8.54057066102695
6.906161971277
8.42493492396359
8.17772225240073
7.56958759304357
7.9721774007026
6.75251057017371
8.3736095271887
7.6139704463763
6.75090127185068
7.43246860772404
8.16862427436366
9.0154401825346
7.41907642395883
8.28801889715681
8.17220528376955
8.3272939748019
8.82467559007774
9.36910200632392
8.35393784644752
8.05014276254632
8.57507791391744
8.77388520370507
8.74158315605348
7.09743442548059
8.18488322971597
9.10623457907543
8.59319236597852
8.73678031285033
7.78888843684331
8.69306856776936
8.59120117886846
7.66081499541831
9.23745155692297
8.82329998223498
7.03983459401171
9.46772174724291
7.61292342688542
6.83212030305977
8.37834557169068
7.41417327119509
8.4640034835907
7.56337453931889
7.70798432911511
10.5395087839332
8.04419563306832
8.71302947783069
9.06779828002376
10.2245734403269
7.69874108550308
8.6126562578206
8.64570005086302
8.12532828726576
9.33441458841165
7.59667421591922
8.23804176731547
8.95789829615782
8.75347591470399
8.68476067965227
8.40727471160702
8.8673253754896
7.93437905409328
7.65624864979218
7.00427352718904
8.70883581832488
7.69786714030211
8.16597976987109
7.61340324223997
10.5899797314532
7.69899385457589
8.1071017212354
7.82505086738772
7.55959216188142
7.8230997077771
8.99667000935293
8.54972818587991
8.37864040345014
7.87022428207181
8.75376483079842
7.85200846410914
7.14463443642044
7.59224923404432
7.11998466789154
8.02280399358156
7.69662036918662
8.64974322065485
8.35037247325723
8.56301095881519
8.62022511407189
8.53737407257661
7.66657518629983
9.36388472712808
8.64930100285064
8.27874114019499
8.04047601720843
7.82523950669166
7.97040442547835
7.16123649984593
7.29469154307588
8.85568796778984
7.84389817542039
8.54693985181921
7.19724535018906
8.25441537656291
7.83400957256572
8.24006308816771
8.81709016710275
8.11436553743761
7.44054394793326
8.71811463569429
6.5831665753299
7.06040717018916
8.52395600189446
6.42839711357866
6.2465116885879
8.06109904868917
8.26306296433601
6.49850461783733
7.36557123347629
7.2040954047531
7.37577017106816
9.1252395827098
7.31999340445205
6.09251547229295
6.48035371413177
7.60916876259858
7.15623655130024
7.54077017237143
7.78506705969948
7.26229637412691
6.42080000335079
7.45815167628195
6.09782506974834
7.53595011986893
7.89539658318411
6.99343195869577
8.52340255233161
7.44483089280885
7.5834796241795
6.85366817442902
6.97591222983774
8.99154160113546
8.11864054842874
7.823760576662
7.20626185726353
8.10227962809486
6.26637601834829
8.18688174486167
5.55262101152806
7.28037203481223
6.25522762287361
7.60868465973207
8.4787825455429
8.29958202321554
9.12763032971738
7.95031146502418
8.44409417967523
9.37247672466748
7.26539327906215
7.78977384718849
7.13383459330537
6.25531979411004
6.42710863855904
7.39694497667731
6.91743482158078
6.02862581576666
6.48791771393191
8.0494447388542
9.65655625999368
6.93194939630132
8.03549975573187
6.48801021163741
7.26818148223453
8.68737268503782
7.56794369628302
9.55502932810866
7.62498860207033
7.97849887631202
8.30189937989683
8.06578908579355
7.37537786754314
8.39048647094466
7.59030743170223
6.93347996999979
7.5778929008902
8.61746825568369
8.65776294462175
7.04981393879208
8.27512420279852
7.03534502984761
7.37475668211939
9.19851864918506
7.395061517955
8.08031173930615
8.03059245738415
7.29007274972058
5.99384634549478
6.61206769591635
7.34304344663807
6.72884112330112
8.45544866284498
7.47899343797885
6.77456665618687
7.24132641315692
8.05567191350281
8.24081559837406
6.88366350647093
8.97404542046248
6.32382762458225
8.6551423174393
6.72342085140936
8.19913194001262
7.36272144137299
7.86481365216934
6.7518655841823
7.09174500172747
7.85305272708174
8.19696791110749
8.78838081963203
8.36521475160551
7.21798342214889
6.97155752457753
6.53632598770052
7.46859834230432
7.45356730639701
7.4382356575834
7.08143281958103
8.097727340785
7.59334162241582
6.53163080730373
9.25654154609382
7.63911163973405
7.9532871338718
8.93251532081261
9.28596913367099
7.2749366217131
8.73468306266123
7.40441533263109
7.30304701532826
7.40119514479854
6.94676056813659
6.73067768479533
6.93293538448861
8.05802391675111
7.23508796917931
7.94234467288676
7.46883483249416
8.63537606847873
8.24146939818541
8.11863810776398
7.00376286687211
8.38806885282543
9.14954272078504
7.16395457589828
6.26799653008333
7.97323580968273
5.87948192763905
6.98126784351482
5.23052857018984
6.23992036593682
6.57176122496517
7.01199875689429
8.18852412421712
4.73261644516337
7.41611434769884
8.14065295079
8.51308458408499
7.37718559633853
6.95482788722259
6.94332565106725
6.57527425721066
7.7651187902294
6.01950694318784
6.51989168407762
7.2230740299051
7.71067318114255
8.30392555048529
7.92751338974654
8.08202716214814
8.9329646009206
7.57931942353219
7.45627644979748
8.89214736217017
7.66768891160313
7.59358525366211
8.42445183009154
7.99989458073481
8.06476910658493
8.54509815331763
7.56321220980999
8.38280242157704
7.87417862479593
7.32759772553126
7.21409757122107
7.34359208540938
8.04219842495443
5.82511608522391
6.63390989709118
5.90344017757623
6.41528994343736
7.88038286395779
6.51037584864485
7.78692789957948
10.6139752957396
8.00536343776403
6.45393144199807
6.81837915980348
7.58990291596071
6.3276937527288
7.84637875529163
8.54592283762426
6.61532635979771
7.01557944814448
6.78572311872613
7.42448551537141
7.12940289175025
7.63235716024347
6.85754425468993
7.14462336879657
7.12087188410577
6.8435323452532
8.43222815538981
7.90836739408237
7.76897857332006
7.99503728124718
6.65268770561003
8.1932153725493
7.0849093703738
6.3026458055083
6.81000906006795
7.00196839196068
8.90342886147223
7.98428316162777
8.62760992026183
7.97683013082079
7.74560361749193
7.13700145300231
8.887218636926
7.85405878676016
7.6447796434201
8.21557509649698
7.33911887585582
7.91600284817928
8.60699032187979
6.81993640204935
7.82760564259356
7.69005238030495
8.69876151278099
7.33042844393541
9.47240842264362
7.36906515691956
7.05517390122291
6.9242948396396
6.92841197294853
6.97084101273518
8.48543623590729
7.73106013680965
6.25921962199572
8.4005785769193
6.65096116815273
6.83883904714214
6.33014739322151
8.21822183128881
7.15987151383044
6.61790326740283
8.28609904440264
6.7989070293457
6.86758960148848
6.17070887177857
7.90286676914811
8.25610459652692
7.64542953515171
7.94762098296346
5.9259730326443
6.6561811244818
7.49426770347086
6.60284281379033
6.95012538724783
7.08964513500344
6.45891434960258
7.69000414000628
7.41380288764253
7.69186562521173
6.58091041408245
8.06741801440868
6.8447460789507
7.28097052200228
6.28272619201059
7.25066450888656
6.93239018284477
8.7844317147736
6.85129400361284
8.05840820605522
8.14109760018431
7.91373063001936
7.78796235851149
7.08475199138987
7.31039297917656
7.09924683171846
6.76573148986306
7.9456166721464
8.65766862879738
9.56972027594056
8.16140526167584
7.8409231215509
7.8729028632837
7.67347822022654
7.4418498672319
8.09269721778876
8.21032399326027
7.077585448878
7.88742039552321
7.23535756300176
8.243430797135
7.57594115793282
7.06591387334019
9.28527564033244
6.84647184239755
6.34673318910353
7.88324437322907
7.1705990074975
8.00938224639817
7.82209049492984
6.72109575963803
7.19510951039298
10.627273951988
10.6276212376456
8.00615813124192
7.66773276195798
7.23071969265178
8.60668418035119
8.76764626998895
8.48154587440809
8.36184770118863
7.67521287895813
8.82608639821091
8.83270533029148
8.56485688410657
8.90917129880433
7.75079990514065
7.10507858472857
7.75897140218695
7.35959641552131
8.35344530366764
8.57800209187599
7.70303867291886
7.84806763330086
9.04111293885111
7.92349705124514
8.61434833549701
8.75376894937347
6.96365421160134
8.02702638993237
6.93163646845723
7.7531370386816
7.95535686231883
7.18622626516369
7.5692941851374
8.00443803713272
8.44493279095771
6.47902655347039
7.88575038511953
8.5533007745765
7.61904709246167
8.11696291872497
7.26084178822351
7.80595137885503
6.74144030738282
8.55468317176864
8.38705114604553
9.10105770690912
8.68680755966693
8.21375317771349
8.9844011385486
8.70089616979767
6.90060919441302
8.52821758043454
8.30494169179412
7.96076122838704
8.40500285202121
8.04420662837522
7.77568714843504
6.52199633231183
7.11705329016571
7.0758420100656
7.39905878557863
6.24593580568421
6.64321081119643
6.88480244418452
6.22198546897713
7.36886182602105
7.63694402359443
7.46754882226976
8.27525787105344
7.64820456543275
8.30096217052363
8.21153822558811
8.03334274837648
7.11297416792565
7.97352512857939
8.32177247272352
7.22416434037078
7.30381158536917
8.68276115257383
8.33972988604947
7.90749751932684
6.55131316522485
6.92198413623581
7.79126619158279
6.98611721840432
7.5313665860702
6.86109342735231
8.32216541222867
8.07058651540988
6.64972173592176
9.02523126542715
9.20048938995753
7.12359708348327
6.24779366725155
6.71275957509015
6.76413116473926
6.99487167051506
7.75096295228073
8.53700695601287
7.62310903113384
8.39888223729782
8.15271194604
7.64977128626677
8.73936904054569
8.28268496593012
8.47629607163825
8.24738747792802
7.91720777009512
8.21795011719819
8.38268369166629
6.60543981438106
7.47252846844123
7.65419488379021
8.53942435198991
9.7052632483761
6.81473283442802
10.7064309981573
6.94561250129918
5.41491268385541
7.26661676229737
8.02966381262374
8.24191242544583
6.28983218711088
6.41958918715282
6.57388731467298
6.6343117123997
8.15464611132153
6.48358821942916
6.82359612507528
6.54561786209021
8.16638554157909
7.76837617989705
7.68452158657215
7.47617497864973
8.82029550187402
6.67890416458489
6.43546791222938
6.8515563867226
7.63542932413807
7.58938948757589
7.02677350077938
9.22361031150222
6.75018025571607
6.18495146947748
5.40163949681522
6.5149652017577
7.28336785632777
5.3456585803044
7.56973142822468
8.65301097471446
8.90050887043832
7.41550007124706
8.44066864415057
6.65018134395254
7.37197506174027
7.79229245286212
8.47901221745734
9.18770662857757
8.1450972779849
8.38420845880143
8.47829153846919
8.12685007515928
8.04971252803697
7.49622684538453
8.48622749607786
6.97177833859384
7.75539027721531
8.01844781097418
9.09344526576941
8.04459324640214
9.67452631640844
7.53102562343964
7.80799454922091
7.08562230384835
6.22054371088446
6.94099311228295
6.39523833040752
7.26613905627037
7.49965680767418
6.85974563299038
6.25846684276642
8.65227318213046
7.77245820705704
7.5453090673322
8.68359100165024
8.13211416758434
8.85448191672251
6.80357814049613
8.63055023874709
7.67056519329653
8.26688703337268
7.46306484876776
8.02863385983203
8.28986374461421
7.51691415030156
8.18348525324995
7.94520192881326
7.27155837892533
8.29926235629127
7.00727232797514
7.95256491155621
9.08393604683471
8.57088496190361
6.74263130068636
8.4995545246419
7.77969999176857
8.3943491333076
8.39547155649694
8.01912581302494
8.26198259911068
7.82091061760498
8.86556605418817
7.3009807322495
7.85053425168479
7.00418431937433
8.30581301625368
5.67010223057878
6.89381380744553
9.60141968627163
6.2365252547039
8.36905767378537
6.70540131751229
5.70766333739391
7.11693115542572
7.84854746966581
6.71543219762184
6.76649070260612
6.73571915298146
7.13464595987885
7.23421183900735
5.77268978435713
7.48830615163929
7.35504152419649
5.66170332517403
6.63202246163976
6.42271154885503
7.38933589501626
7.02265903885763
7.33877058865303
7.18781590288881
8.06865537678489
7.60444274776497
6.76202784346865
8.28779947793274
8.39710737567674
6.4175006801924
7.00520169926096
8.26566422775594
6.24998142786113
7.71149379940073
6.54809300634087
6.83767873235321
5.83686519344149
6.89197678995915
7.01955007231471
5.78507512014641
6.99545703317066
6.88787772784043
7.81248705923697
6.475161311647
8.30347551994143
6.92654998749625
8.02061133079709
7.92821792857888
7.28911486751299
6.99579194216327
6.59099013791664
7.89465479846606
6.97200397042813
6.9192415296576
4.99836661213705
6.70555410076827
7.26951101443596
7.42787180536101
7.76287808464071
8.231309576776
6.76825654632567
7.71324499955768
5.64644749829774
5.73625208700835
6.63809939223962
7.41406098911659
6.21283892672452
7.07822410471117
8.83230615016538
7.46211414989459
6.70722134284485
6.21028958024276
6.91764098622238
9.87895188770601
6.43823620796661
7.55167645125437
7.148211001681
6.76593669396962
9.24831608438312
7.40293107671684
6.71509892126424
6.79078410201614
7.11873877691357
7.60213997025465
7.37419921708049
6.60510282480998
7.94038650988771
7.39630167616617
7.35658451866913
7.80772486524876
7.39330950196038
7.56329728222813
6.66754262198256
6.81414107722363
6.77627762711796
5.69445873770985
6.29230158235595
8.73204318557761
6.47195937434241
9.53852601403009
6.72926907716484
6.69415668611145
9.62165267895154
6.87393334763615
6.74558731331168
6.24215573235347
7.46462751870798
6.74031917809842
8.20238333188766
6.59708125243359
7.45372859186294
7.04684049873703
6.51128977559011
7.0195312046345
7.81998245333736
6.32663532532173
6.70323006099977
8.53483990326963
8.11736812110071
7.95764953547397
7.41174486979695
8.3237681796037
7.82036888148999
7.59977797515528
7.41690399814832
7.15288365523947
8.86350515294946
6.77777462981856
9.18980243205441
8.89435952168203
7.18055046085666
8.0031191644279
7.4029691243724
6.8453008347771
7.47865319911073
6.96301147649239
7.93861528901884
6.45286608351303
6.99978135082796
7.7597175942863
6.29274455124451
6.56132090310624
6.03069101664188
6.2237601525991
8.95279874923845
6.15609146237435
5.77786813131674
7.52254999752992
7.68394963481603
7.94821602160584
6.48019703075431
6.70607911553181
6.84454880833302
6.78357143520446
7.38485130577658
8.72022444801725
8.56298997291353
7.35173989517491
8.02747403394062
7.03498670535531
7.377394671467
6.20480824764916
7.44903637778952
7.67930169760081
5.79392230946567
6.98212684063366
7.08911458317846
8.6672155030228
7.7373092272287
7.79398058020425
7.36860651992519
7.5405290276332
7.88114929922505
8.17359578728139
8.31795048529377
7.5004057484091
6.45482624106482
8.10872612481999
7.33395583410242
8.96600331970228
7.4551292660529
8.30138064911493
7.86391093155227
6.42743767174717
8.62218271742627
5.77292415645207
7.46535258265934
