3.63354452458337
4.1666793149715
4.02644838979017
3.7672461053889
3.74046152548134
3.55704707925059
3.21548498076335
3.83129452425788
3.38513056597537
3.37202134384383
3.29988713989197
3.02080306960544
3.71508336016526
3.6855342506158
3.76273464554472
3.68506175991151
3.58533731396099
3.82460632434405
3.72182751634328
3.53576069493611
3.60765604424914
3.36526144285686
3.30411809993213
3.60799524812412
3.43283371110794
3.37041755975479
3.5453617599578
3.64141603855297
3.83654011080276
3.76201479239025
3.68756439927552
3.63472759466273
3.46660330748517
3.79753060185016
3.31107647965982
3.4441787577446
3.45488978455453
3.47843983172942
3.30810064701679
3.15604779931326
3.34944248719977
3.56798021177798
3.4050633583822
3.85265506964489
3.69704673533533
3.59258373083274
3.62477126439234
3.70295653073926
3.72778251977445
3.74519871137075
3.58929755136254
3.79805565026264
3.89984443545012
3.56122237349169
3.41217393423908
3.52630484330218
3.19540711042598
3.32651888193116
3.49912515403123
3.61234200645744
3.78760778051584
3.21455235886368
3.60914267688595
3.55195171078535
3.74629066111004
3.68427119624269
3.76818187412262
3.82527648310914
3.57097311013229
3.71401889505107
3.2862228930233
3.66833513547425
3.90829499029574
3.67325832868892
3.19784780234688
3.65142564763374
3.39420892337763
3.77955789168701
3.70704685156522
3.62937353042998
3.68458685000524
3.36973487806627
3.53158552318621
3.57895522927741
3.57112913264481
3.68244246413096
3.38517467302693
3.86544323651605
3.4523368984947
3.9341581139931
3.55786013932021
3.67700821184038
3.74858786040573
3.7142543733917
3.55931306528348
3.72000018286931
3.39071069196613
3.5013642404904
3.36091631676128
3.43953909841726
3.6047727958902
3.7268146428328
3.58568743927303
3.61027513732482
3.72225913923027
3.58776350877045
3.49543628027217
3.57356236123792
3.58666832896861
3.62531317426209
3.49474650825717
3.28737979044658
3.62729997785468
3.93152224765879
3.92344090868091
3.59900103443493
3.59492781796665
1.79219153906908
0.831047799917995
3.53535309456783
3.48395284636979
3.76272682346462
3.68853813514832
3.75194729388617
3.90603249401688
3.66377153370797
3.44966364899407
3.69183969978837
3.50825613011608
3.57458048935003
1.3211867886426
3.29602017424325
3.48352895171476
3.53951870332653
3.43331936077467
3.53807222458544
3.84597197780426
3.52924765108147
3.23596623178456
3.69923476330597
3.47954053559681
3.3192318363759
3.52441338607023
3.44111214386483
3.71383876062141
3.55613473721871
3.56959112544419
3.58515282809912
3.44266960615169
3.50262430746972
3.40376863288678
3.2780897058472
3.47604210562819
3.41315979704405
3.392906793218
3.44962447588731
3.82605411793432
3.4626919511993
3.64496192724075
3.48778869209164
3.45463137269973
3.26295087656286
3.6765651522049
3.59646322409859
3.30363606822865
3.42999408012405
3.4710933807001
3.59223301814204
3.32656265058055
3.51452995397461
3.74276172426524
3.52136560702855
3.15602785962131
3.62942786477201
3.54247621442767
3.4253859782021
3.31413940713512
3.52445705032564
3.55450810889124
3.58114278336109
3.50140589441775
3.53842977594293
3.099823639606
3.42359846653509
3.48789410650475
3.49615314548737
3.4489015516876
3.35194312775651
3.62641168282247
3.49316234645135
3.53540201176699
3.28000694144282
3.32024512315969
3.54437820345985
3.5260561832257
3.55028549200694
3.23936785728416
3.28521653564126
3.44523837195698
3.54609408780821
3.52997695858837
3.55188564287849
3.61317889883525
3.43263856495837
3.82929749617121
3.69376403678346
3.76606122472258
3.60563773391538
3.84867464764644
3.17667824542339
3.43836516865497
3.3805644412313
3.69665023072211
3.59764547304224
3.27458812775832
3.80987537703349
3.75504281532198
3.52395996107319
3.84923742712712
3.77695311348474
3.75925388427456
3.46597221516276
3.30417169667669
3.37398990558618
3.7062954671005
3.34514930793709
3.43759607558112
3.23180993823171
3.38011207834919
3.28432547175076
3.53449923080291
3.30028661620568
3.57628173644393
3.53928931011155
3.37064485842869
3.36156867647199
3.70770304843421
3.73163180456613
3.61749014280201
3.5498467016141
3.63446315304654
3.96768641185667
3.69906286485071
3.58826796151491
3.52963049275397
3.51775728370113
3.62453173920704
3.51011131023972
3.61136675129481
3.46365310584478
3.5090631954415
3.66402454284765
3.45875189391485
3.51406894856439
3.5605770403024
3.86871761785331
3.64894527755231
3.54445199405197
3.41572323114291
3.81582219686936
3.5780954430744
3.89216890580601
3.66953873035575
3.26263182380114
3.62152883608051
2.95392898184365
3.41440697220165
3.76481761572829
3.4978338213799
3.98407323408845
3.9107123253525
3.65302501747947
3.59493761259063
3.69263317039192
3.4998861872614
3.35852896686471
3.43273474346409
3.68530401420497
3.54697690170002
3.33473434836439
3.30570141365923
3.52667774102738
3.07126004407
3.20686798640517
3.37241989274256
3.68383682831305
3.80015437929684
3.75957419529082
3.3810833544806
3.59452607194936
3.59435818473289
3.69568398271235
3.94948233299124
3.61156761709244
3.59979122760942
3.61603752168442
3.55430230303978
3.58369420966825
3.10889227929079
3.50018752291797
3.32631403905604
3.23231185975917
3.65892341027686
3.63090726567132
3.68166239131046
3.66737272188603
3.43630444421538
3.69231511841228
3.55998592843316
3.24279864719527
3.54345178535739
3.6197624879536
3.23509453245
3.4583330532871
3.10056037587226
3.40476375201339
3.34651279735247
3.35558136025696
3.44388864086284
3.40943766823119
3.3234375233189
3.6704423241494
3.81263591648429
3.61997075081301
3.291298657116
3.52917815831498
3.48379839956336
3.52339167806976
3.49034318230712
3.70002301708336
3.66228752681263
3.21020033911637
3.38686737286566
3.35748391148089
3.63966556191163
3.25395231656543
3.63400876189576
3.65045660362159
3.65492340235007
3.58754593730651
3.14369665024444
3.39057701782594
3.59243065609985
3.46620164218264
3.36691844514153
3.50932435930407
3.78979558606817
3.80601229867523
3.69093163513556
3.27586768260812
3.59562609074942
3.49259838897512
3.43300609903372
3.48592897902149
3.79731226531939
3.55636504443263
3.56615559176673
3.66014108775671
3.51653650363267
3.67737015150108
3.4739495753011
3.5316528219483
3.53656490661399
4.50042300506873
4.37214116486366
3.84109006257284
3.64128550071502
3.5988221987543
3.40545361122488
3.49222290707888
3.56835598432498
3.56689863539353
3.56289062151539
3.57770151466682
3.46940855343201
3.62425992295212
3.38947386180752
3.48005600151053
3.407935686454
3.59650796105694
3.64140964830336
3.7228055379052
3.84628824241604
3.56307579735298
3.639168903769
3.46956866313047
3.68995135877739
3.75588454030525
3.63320741733965
3.69433310914111
3.51733150186827
3.39389102007172
3.58439688883778
3.47398538908148
3.30497104046494
3.59134900244171
3.62534365820665
3.40769641408031
3.62062153219526
3.33048325525161
3.48875394917773
3.59959040118441
3.49051114550674
3.5814665425771
3.82939497441332
3.50379055040765
3.44483614992903
3.27115035576945
3.40972754062216
3.26360951524435
3.60206383951891
3.4185947372459
3.49189181963791
3.51643259054674
3.52627235769505
3.5584480107971
3.72949196060052
3.56238953479404
3.54851074458126
3.52122634792312
3.526444573132
3.3473538799109
3.56688587695824
3.51400097438483
3.4526652540709
3.31808548116287
3.62770092735069
3.49862650707007
3.40647227043869
3.47309977949676
3.43501721465209
3.48712444101082
3.48889454276021
3.56267176472848
3.3918121652168
3.62979526355282
3.54806449926297
3.37859843109701
3.65507006421119
3.67624974938095
3.54816568920702
3.32271051772154
3.45784012245751
3.29025131966958
3.59854479330498
3.48884387683294
3.22766219776775
3.56664845548316
3.53938089978131
3.27868967107024
3.59074498034746
3.44293185005268
3.44214043148775
3.61696182256839
3.50848500400358
3.59431754593607
3.52494667572793
3.02975093163159
3.73070839904867
3.52891964876371
3.34436739380536
3.32746832476624
3.67105002303606
3.8536037938692
3.2197359179223
3.32516042817251
3.75804773630057
3.39146805084589
3.27673162677514
3.54207149627153
3.7238937653608
3.42994847642941
3.6106785183398
3.59960948584557
3.52782233977443
3.44548361744222
3.63984407170838
3.59047978915927
3.56350239164674
3.50152662251162
3.66875630761305
3.28763540644843
3.59268669701798
3.77904207408508
3.35836962032464
3.29478959253406
3.50027725480605
3.6549965581617
3.44306246276874
3.5393990421211
3.53382167530398
3.38409518040039
3.43730117292299
3.65669266615376
3.23260833804786
3.58594717840683
3.61300427979641
3.82364844400331
3.97706345233833
3.58247572581246
3.45473104539148
3.52437483009246
3.46237272466085
3.49393503852893
3.50015924614821
3.56361695319306
3.54334580025817
3.49123391745847
3.37169835318002
3.38021084439686
3.4622305217673
3.42403488890942
3.50785196060817
3.40013519381435
3.1948581080764
3.49887751530501
3.549552822598
3.55831767853075
3.76273603940137
3.58678118782549
3.64229658084461
3.66927916304321
3.79484333128642
3.64330770185913
3.53146435941053
3.48644824838039
3.62487925215824
3.52408331185164
3.66535378337043
3.58070403718775
3.36753147916953
3.67613805681314
3.65129279685935
3.64290999437485
3.59440362909455
3.59906748863205
3.39268871446173
3.75914646672097
3.51480858051011
3.17034405016553
3.62027158623742
3.04200022069558
3.56948113447985
3.62638695084501
3.6980679500311
3.59456915561144
3.97127738607979
3.66483814211978
3.74709427110473
2.92750666948332
3.48195541912454
3.58959117559837
3.45796922976713
3.66631201188812
3.6501255383298
3.51625979476544
3.3385449259251
3.42796273906323
3.30979693496533
3.38998458319292
3.53904170155156
3.5287899111355
3.3967547773746
3.82046185841044
3.59467054025728
3.49779651563489
3.5348659240737
3.21800746477975
2.45961742091513
3.65517863497505
3.22018826870016
3.33863128128817
3.66937877363075
3.46005660256814
3.53781840357648
3.48708745725899
3.76582980954536
3.67841966920552
3.51939177941125
3.5735931052619
3.4887185210059
3.54759345401253
3.80745131759758
3.76527813733641
3.63807556523605
3.77022357696061
3.45986381679858
3.5781881733404
3.61529649840234
3.54830154299951
3.40451347924614
3.81365275494107
3.79297721121314
3.56676124093338
3.45036900542383
3.44240844196081
3.52480637662669
3.37962734000187
3.42602538466249
3.12818977595551
3.40618431221642
3.57250339213526
3.3624442685999
3.79444128330233
3.56290550810923
3.39077704172576
3.42355824315597
3.69729017044524
3.76202911463907
3.44598988300434
3.58657969787099
3.79180843486643
3.49479125573055
3.3220016681833
3.57034365048374
3.82211292849172
3.59517537166385
3.55664365516705
3.24356562416573
3.42200404955116
3.47184749503325
3.4326364313991
3.55327940346051
3.67682507115884
3.42136380771033
3.49117182750386
3.43043383582158
3.42541158677873
3.6649761809539
3.60993413027682
3.50053251430405
3.66820002196734
3.98394325733276
3.62436550477291
3.44940850355093
3.49378797381457
3.4065093446103
3.42614535292406
3.49322431845095
3.58466108620886
3.50339946569206
3.6025399287286
3.53182482411246
3.26719626415767
3.66403299234337
3.57100184195076
3.632091012656
3.44773246541338
3.61949246425054
3.48241357260867
3.59123780226338
3.53641798036434
3.50902710940721
3.4663285617329
3.38066396291472
3.44073641940144
3.19943502265679
3.39399215764109
3.43212754311044
3.29359725268038
3.29483113986234
3.41038430553229
3.31115018603592
3.35642677440134
3.41700826633547
3.40275459085093
3.41342708736226
3.31687197002964
3.69584585387614
3.48097337568862
3.68923680433081
3.4800097901003
3.45201893104531
3.44054911282626
3.7359006608789
3.47615380482625
3.17280158301438
3.36511718266229
3.31115374681139
3.33700047798081
3.3306299883015
3.48444311225611
3.59200945412929
3.67080365332384
3.48600525755001
3.3230310367481
3.55241276993049
3.58911239707705
3.30893562335766
3.54579778945708
3.46924437874073
3.64587295758389
3.7603778820501
3.59360424450223
3.42206224550183
3.6410144317358
3.54123067894901
2.8099983843901
3.24143245615672
3.58195024874393
3.81318596881053
3.59245475802017
3.43164239611337
3.54279467167799
3.58775894548318
3.55602509560481
3.46816983158596
3.6286630349996
3.46428044135601
3.49579372900559
3.59956249120287
3.44434208247996
3.70446941435462
3.66271973313429
3.55931469408362
3.44564164066759
3.47785857231654
3.69657239282037
3.43229163218913
3.29339218197496
3.28353836618028
3.40236946819805
3.42839329635778
3.32887330684076
3.50220499756107
3.47305196632671
3.29864579994319
3.32969034979095
3.38808042234119
3.59171848484376
3.49650157625105
3.52412067681387
3.61457168418286
3.42925961644371
3.78135088784993
3.56637919770606
3.6047345042997
3.44705353285126
3.41035995925769
3.32961366688978
3.43249792378765
3.47797969365344
3.28166146652299
3.45595218930052
3.41976808978116
3.57906024539056
3.60887668147643
3.4386317420711
3.38818241713695
3.42140105839392
3.2376552430013
3.60114392555715
3.58777620072179
3.33511098763283
3.40104812743647
3.69072500264556
3.54945421601321
3.55230030059693
3.22640583193219
3.70269355864608
4.25978366617467
3.53705117367555
3.47909453831417
3.47835814663527
3.39581847237492
3.61919151655024
3.40017934114749
3.65555158804631
3.6362704910624
3.53605321597663
3.36418601211679
3.61446904008089
3.60995127541348
3.45913604606122
3.27217107787929
3.5234488909486
3.13290704724473
3.26575880506398
3.44151915097546
3.03392991835782
3.63263772043806
3.60580821295245
3.53013724704323
3.50229046345532
3.50170415239241
3.79379847087545
3.42818902016813
3.63455329954249
3.42567357538519
3.45842402783886
3.16464550569214
3.66514679571595
3.76987961800901
3.5494677777539
3.61552900742614
3.84097136088542
3.53488651507142
3.42529371751607
3.53803412808602
3.57730014608797
3.51802757031098
3.62837873818373
3.69727034952588
3.3066125775878
3.4718921477535
3.54728649877088
3.76466429827289
3.53401205581159
3.36312772018681
3.44233716728803
3.51479122907114
3.63275034871346
2.83412284506167
3.75737791729037
3.69730054028862
3.21013509085054
3.62449863123096
3.7576558555806
3.51255718903268
3.42129021413191
3.57619554399539
4.2531428442863
3.44858435293734
3.51337388867283
3.43428168735811
3.57616286428519
4.01077447220084
3.51117947494056
3.63157685729841
3.71101052140304
3.50956227643678
3.2361862013607
3.48355045846591
3.34814169008
3.3233689280289
3.57386867791664
3.708718657765
3.4923819597258
3.21664980056899
3.44435790717165
3.27193758788331
3.58888178554108
3.31088625141696
3.44261616323229
3.51413402987952
3.24833673549178
3.18567923188667
3.01108826559781
3.6678256541521
3.62745005852732
3.62130285412521
3.65359159314423
3.3555847128817
3.55473094144364
3.51304063466931
3.57278357190067
3.50157643520383
3.44523653972345
3.20310523977242
3.54309900897015
3.48338929029194
3.48378381009025
3.74522776083019
3.69764994441176
3.55554546348602
3.61763866515498
3.43626354228511
3.54361047479547
3.30559918844798
3.35783986041957
3.80707543006371
3.51863361438226
3.68294771804157
3.48034968543113
3.53293823041976
3.70379266793923
3.59193007471156
3.56729277541075
3.65379257204778
3.51108308726974
3.37183773436676
3.59785351546903
3.72921251598969
3.42767460008772
3.4133113399846
3.64027431916118
3.55215417056582
3.56451252417769
3.69934223806168
3.70478235466876
3.53939230966685
3.68072160614661
3.56569576763463
3.58772018865853
3.56559171734798
3.50229945211573
3.69488464268013
3.70025699229021
3.13711855710687
3.52351043043124
3.53508100730939
3.53444379545301
3.59056495315701
3.70773910087309
3.16454744011788
3.73572011643811
3.6909867023808
3.54123245393952
3.32948619974461
3.39464333404871
3.58624250761996
3.39048060063805
3.5250891908871
3.7268160810945
3.66398858528005
3.44957780986006
3.26250152554229
3.45749303444316
3.35402385814409
3.60030139242266
3.40463889862324
3.28595977899988
3.64085633101467
3.40122183702849
3.51017068410674
3.27722394652361
3.55677556292596
3.21670609621964
3.05469364393057
3.72367843530025
3.58252552347577
3.60008590546261
3.44112162537464
3.38553982691056
3.6249682150721
3.88798169792807
3.72648601397145
3.63323893281724
3.48554758568352
3.44376392067648
3.75341440045127
3.51245135916694
3.68385466649323
3.74889730159974
3.2154298128225
3.61029940268539
3.71369069880705
3.44050852770101
3.68562185728321
3.25358765658422
3.59778910444708
3.51528146911956
3.63703793836757
3.57139195578233
3.22107741879116
3.57148789716756
3.57735630095926
3.38376114234388
3.548369919859
3.48017406884468
3.589766375133
3.76691348122337
3.75601377058575
3.52875475724538
3.71722311261275
3.84896911895771
3.53711077340447
3.577767565649
3.49896516347525
3.79400694642899
3.67210534086087
3.61127677684877
3.5837725009004
3.4017503917763
3.5304458773197
3.30903014380732
3.70457774804373
3.48126995983461
3.43953691089
3.45561886616728
3.6025351901197
3.61350601713191
3.77855380871069
3.6778730520535
3.81757304436607
3.86897186701694
3.68023493128277
3.73507020887942
3.75570019009235
3.59015871194096
3.48217195853506
3.52017537594338
3.66610361657618
3.38319874034252
3.41185734561839
3.57114891172768
3.92282149201237
3.89222678123001
3.70421268893494
3.46453983587044
