-0.00025
0.99975
1.99375
2.94475
3.76782586940205
4.37352719979945
4.77797379032258
5.0055682105796
5.20858739837398
5.33630573248408
5.47665469471524
5.36759402369912
5.38278624967692
5.44236760124611
5.46706586826347
5.46840731070496
5.50104766893662
5.49236842105263
5.50528820729773
5.45941644562334
5.44666666666667
5.43274383708467
5.46925566343042
5.42597613882863
5.42215568862275
5.38859961633324
5.38478500551268
5.38591627391184
5.39799331103679
5.45650953984287
5.44125105663567
5.45281949560782
5.45198062125962
5.47301951779564
5.43551185656449
5.41724738675958
5.43953147877013
5.43278301886792
5.45454545454545
5.43172331544425
5.46462829736211
5.4570653811389
5.42415985467757
5.4572818485862
5.43005497861943
5.46408839779006
5.46518792359827
5.43856391210152
5.44437519476472
5.45241077019411
5.46620559572461
5.48089674771077
5.46592709984152
5.44334818586887
5.44803325871442
5.47043701799486
5.4770819883796
5.44891339604282
5.45279320483502
5.49554013875124
5.48418248418248
5.4637436762226
5.48923076923077
5.45531914893617
5.43791574279379
5.39698890649762
5.45112456747405
5.35632183908046
5.34868841970569
5.34585741811175
5.38011695906433
