3.63354452458337
4.1666793149715
4.02644838979017
3.7672461053889
3.74046152548134
3.55704707925059
3.21548498076335
3.83129452425788
3.38513056597537
3.37202134384383
3.29988713989197
3.02080306960544
3.71508336016526
3.6855342506158
3.76273464554472
3.68506175991151
3.58533731396099
3.82460632434405
3.72182751634328
3.53576069493611
3.60765604424914
3.36526144285686
3.30411809993213
3.60799524812412
3.43283371110794
3.37041755975479
3.5453617599578
3.64141603855297
3.83654011080276
3.76201479239025
3.68756439927552
3.63472759466273
3.46660330748517
3.79753060185016
3.31107647965982
3.4441787577446
3.45488978455453
3.47843983172942
3.30810064701679
3.15604779931326
3.34944248719977
3.56798021177798
3.4050633583822
3.85265506964489
3.69704673533533
3.59258373083274
3.62477126439234
3.70295653073926
3.72778251977445
3.74519871137075
3.58929755136254
3.79805565026264
3.89984443545012
3.56122237349169
3.41217393423908
3.52630484330218
3.19540711042598
3.32651888193116
3.49912515403123
3.61234200645744
3.78760778051584
3.21455235886368
3.60914267688595
3.55195171078535
3.74629066111004
3.68427119624269
3.76818187412262
3.82527648310914
3.57097311013229
3.71401889505107
3.2862228930233
3.66833513547425
3.90829499029574
3.67325832868892
3.19784780234688
3.65142564763374
3.39420892337763
3.77955789168701
3.70704685156522
3.62937353042998
3.68458685000524
3.36973487806627
3.53158552318621
3.57895522927741
3.57112913264481
3.68244246413096
3.38517467302693
3.86544323651605
3.4523368984947
3.9341581139931
3.55786013932021
3.67700821184038
3.74858786040573
3.7142543733917
3.55931306528348
3.72000018286931
3.39071069196613
3.5013642404904
3.36091631676128
3.43953909841726
3.6047727958902
3.7268146428328
3.58568743927303
3.61027513732482
3.72225913923027
3.58776350877045
3.49543628027217
3.57356236123792
3.58666832896861
3.62531317426209
3.49474650825717
3.28737979044658
3.62729997785468
3.93152224765879
3.92344090868091
3.59900103443493
3.59492781796665
1.79219153906908
0.831047799917995
3.53535309456783
3.48395284636979
3.76272682346462
3.68853813514832
3.75194729388617
3.90603249401688
3.66377153370797
3.44966364899407
3.69183969978837
3.50825613011608
3.57458048935003
1.3211867886426
3.29602017424325
3.48352895171476
3.53951870332653
3.43331936077467
3.53807222458544
3.84597197780426
3.52924765108147
3.23596623178456
3.69923476330597
3.47954053559681
3.3192318363759
3.52441338607023
3.44111214386483
3.71383876062141
3.55613473721871
3.56959112544419
3.58515282809912
3.44266960615169
3.50262430746972
3.40376863288678
3.2780897058472
3.47604210562819
3.41315979704405
3.392906793218
3.44962447588731
3.82605411793432
3.4626919511993
3.64496192724075
3.48778869209164
3.45463137269973
3.26295087656286
3.6765651522049
3.59646322409859
3.30363606822865
3.42999408012405
3.4710933807001
3.59223301814204
3.32656265058055
3.51452995397461
3.74276172426524
3.52136560702855
3.15602785962131
3.62942786477201
3.54247621442767
3.4253859782021
3.31413940713512
3.52445705032564
3.55450810889124
3.58114278336109
3.50140589441775
3.53842977594293
3.099823639606
3.42359846653509
3.48789410650475
3.49615314548737
3.4489015516876
3.35194312775651
3.62641168282247
3.49316234645135
3.53540201176699
3.28000694144282
3.32024512315969
3.54437820345985
3.5260561832257
3.55028549200694
3.23936785728416
3.28521653564126
3.44523837195698
3.54609408780821
3.52997695858837
3.55188564287849
3.61317889883525
3.43263856495837
3.82929749617121
3.69376403678346
3.76606122472258
3.60563773391538
3.84867464764644
3.17667824542339
3.43836516865497
3.3805644412313
3.69665023072211
3.59764547304224
3.27458812775832
3.80987537703349
3.75504281532198
3.52395996107319
3.84923742712712
3.77695311348474
3.75925388427456
3.46597221516276
3.30417169667669
3.37398990558618
3.7062954671005
3.34514930793709
3.43759607558112
3.23180993823171
3.38011207834919
3.28432547175076
3.53449923080291
3.30028661620568
3.57628173644393
3.53928931011155
3.37064485842869
3.36156867647199
3.70770304843421
3.73163180456613
3.61749014280201
3.5498467016141
3.63446315304654
3.96768641185667
3.69906286485071
3.58826796151491
3.52963049275397
3.51775728370113
3.62453173920704
3.51011131023972
3.61136675129481
3.46365310584478
3.5090631954415
3.66402454284765
3.45875189391485
3.51406894856439
3.5605770403024
3.86871761785331
3.64894527755231
3.54445199405197
3.41572323114291
3.81582219686936
3.5780954430744
3.89216890580601
3.66953873035575
3.26263182380114
3.62152883608051
2.95392898184365
3.41440697220165
3.76481761572829
3.4978338213799
3.98407323408845
3.9107123253525
3.65302501747947
3.59493761259063
3.69263317039192
3.4998861872614
3.35852896686471
3.43273474346409
3.68530401420497
3.54697690170002
3.33473434836439
3.30570141365923
3.52667774102738
3.07126004407
3.20686798640517
3.37241989274256
3.68383682831305
3.80015437929684
3.75957419529082
3.3810833544806
3.59452607194936
3.59435818473289
3.69568398271235
3.94948233299124
3.61156761709244
3.59979122760942
3.61603752168442
3.55430230303978
3.58369420966825
3.10889227929079
3.50018752291797
3.32631403905604
3.23231185975917
3.65892341027686
3.63090726567132
3.68166239131046
3.66737272188603
3.43630444421538
3.69231511841228
3.55998592843316
3.24279864719527
3.54345178535739
3.6197624879536
3.23509453245
3.4583330532871
3.10056037587226
3.40476375201339
3.34651279735247
3.35558136025696
3.44388864086284
3.40943766823119
3.3234375233189
3.6704423241494
3.81263591648429
3.61997075081301
3.291298657116
3.52917815831498
3.48379839956336
3.52339167806976
3.49034318230712
3.70002301708336
3.66228752681263
3.21020033911637
3.38686737286566
3.35748391148089
3.63966556191163
3.25395231656543
3.63400876189576
3.65045660362159
3.65492340235007
3.58754593730651
3.14369665024444
3.39057701782594
3.59243065609985
3.46620164218264
3.36691844514153
3.50932435930407
3.78979558606817
3.80601229867523
3.69093163513556
3.27586768260812
3.59562609074942
3.49259838897512
3.43300609903372
3.48592897902149
3.79731226531939
3.55636504443263
3.56615559176673
3.66014108775671
3.51653650363267
3.67737015150108
3.4739495753011
3.5316528219483
3.53656490661399
4.50042300506873
4.37214116486366
3.84109006257284
3.64128550071502
3.5988221987543
3.40545361122488
3.49222290707888
3.56835598432498
3.56689863539353
3.56289062151539
3.57770151466682
3.46940855343201
3.62425992295212
3.38947386180752
3.48005600151053
3.407935686454
3.59650796105694
3.64140964830336
3.7228055379052
3.84628824241604
3.56307579735298
3.639168903769
3.46956866313047
3.68995135877739
3.75588454030525
3.63320741733965
3.69433310914111
3.51733150186827
3.39389102007172
3.58439688883778
3.47398538908148
3.30497104046494
3.59134900244171
3.62534365820665
3.40769641408031
3.62062153219526
3.33048325525161
3.48875394917773
3.59959040118441
3.49051114550674
3.5814665425771
3.82939497441332
3.50379055040765
3.44483614992903
3.27115035576945
3.40972754062216
3.26360951524435
3.60206383951891
3.4185947372459
3.49189181963791
3.51643259054674
3.52627235769505
3.5584480107971
3.72949196060052
3.56238953479404
3.54851074458126
3.52122634792312
3.526444573132
3.3473538799109
3.56688587695824
3.51400097438483
3.4526652540709
3.31808548116287
3.62770092735069
3.49862650707007
3.40647227043869
3.47309977949676
3.43501721465209
3.48712444101082
3.48889454276021
3.56267176472848
3.3918121652168
3.62979526355282
3.54806449926297
3.37859843109701
3.65507006421119
3.67624974938095
3.54816568920702
3.32271051772154
3.45784012245751
3.29025131966958
3.59854479330498
3.48884387683294
3.22766219776775
3.56664845548316
3.53938089978131
3.27868967107024
3.59074498034746
3.44293185005268
3.44214043148775
3.61696182256839
3.50848500400358
3.59431754593607
3.52494667572793
3.02975093163159
3.73070839904867
3.52891964876371
3.34436739380536
3.32746832476624
3.67105002303606
3.8536037938692
3.2197359179223
3.32516042817251
3.75804773630057
3.39146805084589
3.27673162677514
3.54207149627153
3.7238937653608
3.42994847642941
3.6106785183398
3.59960948584557
3.52782233977443
3.44548361744222
3.63984407170838
3.59047978915927
3.56350239164674
3.50152662251162
3.66875630761305
3.28763540644843
3.59268669701798
3.77904207408508
3.35836962032464
3.29478959253406
3.50027725480605
3.6549965581617
3.44306246276874
3.5393990421211
3.53382167530398
3.38409518040039
3.43730117292299
3.65669266615376
3.23260833804786
3.58594717840683
3.61300427979641
3.82364844400331
3.97706345233833
3.58247572581246
3.45473104539148
3.52437483009246
3.46237272466085
3.49393503852893
3.50015924614821
3.56361695319306
3.54334580025817
3.49123391745847
3.37169835318002
3.38021084439686
3.4622305217673
3.42403488890942
3.50785196060817
3.40013519381435
3.1948581080764
3.49887751530501
3.549552822598
3.55831767853075
3.76273603940137
3.58678118782549
3.64229658084461
3.66927916304321
3.79484333128642
3.64330770185913
3.53146435941053
3.48644824838039
3.62487925215824
3.52408331185164
3.66535378337043
3.58070403718775
3.36753147916953
3.67613805681314
3.65129279685935
3.64290999437485
3.59440362909455
3.59906748863205
3.39268871446173
3.75914646672097
3.51480858051011
3.17034405016553
3.62027158623742
3.04200022069558
3.56948113447985
3.62638695084501
3.6980679500311
3.59456915561144
3.97127738607979
3.66483814211978
3.74709427110473
2.92750666948332
3.48195541912454
3.58959117559837
3.45796922976713
3.66631201188812
3.6501255383298
3.51625979476544
3.3385449259251
3.42796273906323
3.30979693496533
3.38998458319292
3.53904170155156
3.5287899111355
3.3967547773746
3.82046185841044
3.59467054025728
3.49779651563489
3.5348659240737
3.21800746477975
2.45961742091513
3.65517863497505
3.22018826870016
3.33863128128817
3.66937877363075
3.46005660256814
3.53781840357648
3.48708745725899
3.76582980954536
3.67841966920552
3.51939177941125
3.5735931052619
3.4887185210059
3.54759345401253
3.80745131759758
3.76527813733641
3.63807556523605
3.77022357696061
3.45986381679858
3.5781881733404
3.61529649840234
3.54830154299951
3.40451347924614
3.81365275494107
3.79297721121314
3.56676124093338
3.45036900542383
3.44240844196081
3.52480637662669
3.37962734000187
3.42602538466249
3.12818977595551
3.40618431221642
3.57250339213526
3.3624442685999
3.79444128330233
3.56290550810923
3.39077704172576
3.42355824315597
3.69729017044524
3.76202911463907
3.44598988300434
3.58657969787099
3.79180843486643
3.49479125573055
3.3220016681833
3.57034365048374
3.82211292849172
3.59517537166385
3.55664365516705
3.24356562416573
3.42200404955116
3.47184749503325
3.4326364313991
3.55327940346051
3.67682507115884
3.42136380771033
3.49117182750386
3.43043383582158
3.42541158677873
3.6649761809539
3.60993413027682
3.50053251430405
3.66820002196734
3.98394325733276
3.62436550477291
3.44940850355093
3.49378797381457
3.4065093446103
3.42614535292406
3.49322431845095
3.58466108620886
3.50339946569206
3.6025399287286
3.53182482411246
3.26719626415767
3.66403299234337
3.57100184195076
3.632091012656
3.44773246541338
3.61949246425054
3.48241357260867
3.59123780226338
3.53641798036434
3.50902710940721
3.4663285617329
3.38066396291472
3.44073641940144
3.19943502265679
3.39399215764109
3.43212754311044
3.29359725268038
3.29483113986234
3.41038430553229
3.31115018603592
3.35642677440134
3.41700826633547
3.40275459085093
3.41342708736226
3.31687197002964
3.69584585387614
3.48097337568862
3.68923680433081
3.4800097901003
3.45201893104531
3.44054911282626
3.7359006608789
3.47615380482625
3.17280158301438
3.36511718266229
3.31115374681139
3.33700047798081
3.3306299883015
3.48444311225611
3.59200945412929
3.67080365332384
3.48600525755001
3.3230310367481
3.55241276993049
3.58911239707705
3.30893562335766
3.54579778945708
3.46924437874073
3.64587295758389
3.7603778820501
3.59360424450223
3.42206224550183
3.6410144317358
3.54123067894901
2.8099983843901
3.24143245615672
3.58195024874393
3.81318596881053
3.59245475802017
3.43164239611337
3.54279467167799
3.58775894548318
3.55602509560481
3.46816983158596
3.6286630349996
3.46428044135601
3.49579372900559
3.59956249120287
3.44434208247996
3.70446941435462
3.66271973313429
3.55931469408362
3.44564164066759
3.47785857231654
3.69657239282037
3.43229163218913
3.29339218197496
3.28353836618028
3.40236946819805
3.42839329635778
3.32887330684076
3.50220499756107
3.47305196632671
3.29864579994319
3.32969034979095
3.38808042234119
3.59171848484376
3.49650157625105
3.52412067681387
3.61457168418286
3.42925961644371
3.78135088784993
3.56637919770606
3.6047345042997
3.44705353285126
3.41035995925769
3.32961366688978
3.43249792378765
3.47797969365344
3.28166146652299
3.45595218930052
3.41976808978116
3.57906024539056
3.60887668147643
3.4386317420711
3.38818241713695
3.42140105839392
3.2376552430013
3.60114392555715
3.58777620072179
3.33511098763283
3.40104812743647
3.69072500264556
3.54945421601321
3.55230030059693
3.22640583193219
3.70269355864608
4.25978366617467
3.53705117367555
3.47909453831417
3.47835814663527
3.39581847237492
3.61919151655024
3.40017934114749
3.65555158804631
3.6362704910624
3.53605321597663
3.36418601211679
3.61446904008089
3.60995127541348
3.45913604606122
3.27217107787929
3.5234488909486
3.13290704724473
3.26575880506398
3.44151915097546
3.03392991835782
3.63263772043806
3.60580821295245
3.53013724704323
3.50229046345532
3.50170415239241
3.79379847087545
3.42818902016813
3.63455329954249
3.42567357538519
3.45842402783886
3.16464550569214
3.66514679571595
3.76987961800901
3.5494677777539
3.61552900742614
3.84097136088542
3.53488651507142
3.42529371751607
3.53803412808602
3.57730014608797
3.51802757031098
3.62837873818373
3.69727034952588
3.3066125775878
3.4718921477535
3.54728649877088
3.76466429827289
3.53401205581159
3.36312772018681
3.44233716728803
3.51479122907114
3.63275034871346
2.83412284506167
3.75737791729037
3.69730054028862
3.21013509085054
3.62449863123096
3.7576558555806
3.51255718903268
3.42129021413191
3.57619554399539
4.2531428442863
3.44858435293734
3.51337388867283
3.43428168735811
3.57616286428519
4.01077447220084
3.51117947494056
3.63157685729841
3.71101052140304
3.50956227643678
3.2361862013607
3.48355045846591
3.34814169008
3.3233689280289
3.57386867791664
3.708718657765
3.4923819597258
3.21664980056899
3.44435790717165
3.27193758788331
3.58888178554108
3.31088625141696
3.44261616323229
3.51413402987952
3.24833673549178
3.18567923188667
3.01108826559781
3.6678256541521
3.62745005852732
3.62130285412521
3.65359159314423
3.3555847128817
3.55473094144364
3.51304063466931
3.57278357190067
3.50157643520383
3.44523653972345
3.20310523977242
3.54309900897015
3.48338929029194
3.48378381009025
3.74522776083019
3.69764994441176
3.55554546348602
3.61763866515498
3.43626354228511
3.54361047479547
3.30559918844798
3.35783986041957
3.80707543006371
3.51863361438226
3.68294771804157
3.48034968543113
3.53293823041976
3.70379266793923
3.59193007471156
3.56729277541075
3.65379257204778
3.51108308726974
3.37183773436676
3.59785351546903
3.72921251598969
3.42767460008772
3.4133113399846
3.64027431916118
3.55215417056582
3.56451252417769
3.69934223806168
3.70478235466876
3.53939230966685
3.68072160614661
3.56569576763463
3.58772018865853
3.56559171734798
3.50229945211573
3.69488464268013
3.70025699229021
3.13711855710687
3.52351043043124
3.53508100730939
3.53444379545301
3.59056495315701
3.70773910087309
3.16454744011788
3.73572011643811
3.6909867023808
3.54123245393952
3.32948619974461
3.39464333404871
3.58624250761996
3.39048060063805
3.5250891908871
3.7268160810945
3.66398858528005
3.44957780986006
3.26250152554229
3.45749303444316
3.35402385814409
3.60030139242266
3.40463889862324
3.28595977899988
3.64085633101467
3.40122183702849
3.51017068410674
3.27722394652361
3.55677556292596
3.21670609621964
3.05469364393057
3.72367843530025
3.58252552347577
3.60008590546261
3.44112162537464
3.38553982691056
3.6249682150721
3.88798169792807
3.72648601397145
3.63323893281724
3.48554758568352
3.44376392067648
3.75341440045127
3.51245135916694
3.68385466649323
3.74889730159974
3.2154298128225
3.61029940268539
3.71369069880705
3.44050852770101
3.68562185728321
3.25358765658422
3.59778910444708
3.51528146911956
3.63703793836757
3.57139195578233
3.22107741879116
3.57148789716756
3.57735630095926
3.38376114234388
3.548369919859
3.48017406884468
3.589766375133
3.76691348122337
3.75601377058575
3.52875475724538
3.71722311261275
3.84896911895771
3.53711077340447
3.577767565649
3.49896516347525
3.79400694642899
3.67210534086087
3.61127677684877
3.5837725009004
3.4017503917763
3.5304458773197
3.30903014380732
3.70457774804373
3.48126995983461
3.43953691089
3.45561886616728
3.6025351901197
3.61350601713191
3.77855380871069
3.6778730520535
3.81757304436607
3.86897186701694
3.68023493128277
3.73507020887942
3.75570019009235
3.59015871194096
3.48217195853506
3.52017537594338
3.66610361657618
3.38319874034252
3.41185734561839
3.57114891172768
3.92282149201237
3.89222678123001
3.70421268893494
3.46453983587044
3.40756892340156
3.61223217997064
3.64871647319797
3.58485238172049
3.39392154884715
3.61903865084368
3.53392685792963
3.5519447545515
3.77375728032948
3.59213698239703
3.86158517971679
3.74062197461541
3.45383117231477
3.78796542364903
3.58783944255166
3.6413968657213
3.49988829702973
3.6113071353095
3.58634197281305
3.6270197889749
3.66677341458029
3.30456276490734
3.62614077456253
3.82528869403726
3.70290078757806
3.31541180705567
3.39955337216236
3.46759776636668
3.54633211615535
3.45728502107995
3.5863410082309
3.54805280948672
3.5553808660483
2.9767530716763
3.33937478077253
3.53906635695524
3.47804061801015
3.57327293423492
3.43964513134343
3.9575294569314
3.86728068160441
3.6290455217565
3.6514568714661
3.74519671217283
4.05437454245856
4.13999116508475
3.59576107794114
3.34274663220612
3.50096417658113
3.61470193944363
3.67446468116588
3.60518864506688
3.46993719227672
3.61492911778978
3.87115587174478
3.80345204460444
3.66764198595821
3.39680043375756
3.2497594348453
3.48970851380272
3.63821403412542
3.98275049302771
3.45550590238029
3.70087186871501
3.37964648837403
3.61154839925234
3.42392972808794
3.52688504090639
3.53795800882232
3.45561243064053
3.45549801043122
3.62916940923807
3.73737335408085
3.66145049248799
3.21235551812038
3.49421913854835
3.50059006602326
1.52137618704846
3.3166401418014
3.69369523063856
3.45447258530921
3.63749540172473
3.50062452975296
3.32697131546355
3.27266003679777
3.85750451387369
3.6447749465163
3.74934792756399
3.62028065564875
3.44072665236437
3.68685964320906
3.33248662226096
3.21838059490346
3.35151260774146
3.76414132137691
3.48117950707613
3.41251752827508
3.35460338154629
3.45734461898383
3.58791055473652
3.35390515649515
3.44302308506877
3.48886387538041
3.68147082421607
3.5181181096862
3.34283679643329
3.39167919608796
3.36891807761018
3.30128391908442
3.35698514977245
3.39021045512197
3.70098165714123
3.52226650829526
3.72401227438231
3.3287460127413
3.40649892737493
4.0158951092024
3.45782531200259
3.70945117625668
3.43021182160531
3.54025227644076
3.40742481317084
3.53508757020084
3.47600703680121
3.46625331811212
3.60202743368536
3.82022648448661
3.48315369966064
3.57891397340165
3.54162530849177
3.27625132516659
3.52060975340552
3.75815457928694
3.58779039193128
3.60776333004011
3.52720529096546
3.41394842348382
3.74660101034566
3.74519720075756
3.67050955834481
3.93958786387922
3.69743907781835
3.66488057423391
3.34984239048446
3.37832174502936
3.25927191209587
3.8594030563897
3.47994250244014
3.39429615175344
3.75758971584768
3.64210067096235
3.52962763723357
3.68247552051382
3.45912746159479
3.52150132609823
3.36936599382174
3.26074178475889
3.67649172415155
3.52247215858511
3.30139218356183
3.21684433187933
3.26335835263185
3.39760494048278
3.50456777240584
3.40991007508877
3.42195788057666
3.46196745537956
3.40054293560095
3.59402143391844
3.68145961042784
3.36725998830078
3.57071720292306
3.69554016242391
3.57283862318087
3.77875563492548
3.63071403121549
3.76006147034568
3.60327027099594
3.4504829198783
3.59389567890332
3.62234928601444
3.26221704195173
3.52557571658171
3.62145322171088
3.68008232344672
3.58601927728458
3.68526118751809
3.63506583620657
3.46158079796062
3.35808656372403
3.35177065036763
3.56337189048133
3.31746987364166
3.54443642837143
3.44058744497312
3.71251731980791
3.71483916255276
3.43821345180878
3.60737161390682
3.34826954808757
3.2779197399387
3.2944517919117
3.56615810986043
3.51092342457974
3.19810046496712
3.57758773992529
3.38173845117283
3.64532348578699
3.53231110989904
3.55501843209189
3.69110220976557
3.69037307726692
3.50094811690933
3.49009396295639
3.5721003720299
3.51004395168646
3.5043287310203
3.36762064422339
3.4222534077644
3.46582960111755
3.4097028030119
3.54342081801783
3.5984215593532
3.47681030499435
3.52438206491208
3.63652351365895
3.69603987465204
3.57605043421413
3.39112097740526
3.62483702462704
3.5021173464604
3.37514044228891
3.51331664703225
3.63455356163736
3.42898289938841
3.6160405996668
3.46884675789693
3.36998479184256
3.63205569656325
3.42866338153486
3.50560542036929
3.32381283373324
3.18241393938165
3.31433016636029
3.56105496362662
3.58684073794447
3.11570702819907
3.37291711366982
3.49451408144941
3.1670846081264
3.46417333283712
3.65638143079825
3.51815920396532
3.76024034132967
3.57478827245896
3.69403501866573
3.65057390553244
3.29703731532707
3.43870717612898
3.49424955483327
3.80294187606374
3.65903779883415
3.50337229027087
3.35259250677305
3.46031116779699
3.80654947459477
3.91983532679333
3.41039286346352
3.5807576682988
3.82574573884803
3.42695885900852
3.53263806282561
3.38394414122886
3.67964786187344
3.57308111697351
3.46230836312435
3.70685198793975
3.65353979784452
3.6366807953783
3.60118436537976
3.64039991892432
3.33875900047582
3.59720421664714
3.71913138334788
3.64476157306709
3.49469522965294
3.58957053471099
3.58237766805237
3.30337233043899
3.45546887856375
3.40310094555354
3.60147432644163
3.79432327556969
3.66013984002283
3.5569946169566
3.40922668010023
3.70893938998806
3.63792853338589
3.50609050937476
3.45451993410927
3.60078436536277
3.78396404162258
3.73149976139516
3.48835121180965
3.75125274655439
3.4907366632838
3.46309693770002
3.57873121390313
3.5595493875633
3.53095867814301
3.82766761722171
3.24160864073606
3.4447226549254
3.69405121764764
3.51927377845266
3.5384828337305
3.13283209914357
3.36186357851587
3.42812657807211
3.71307625567915
3.34474530549947
3.58048062392503
3.47845648872071
3.74761600684195
3.75935744483473
3.51068651774736
3.4403686259081
3.33537810004872
3.64694885751923
3.78208704918543
3.684214383486
3.90790884778572
3.93498682392922
4.11782958317216
3.57696429086988
3.61528021122961
3.49032421450821
3.66692547281462
3.46642582755625
3.19133153890292
3.25044803697858
3.40968218923418
3.66544074066594
3.45462944333939
3.56797265792508
3.39367972554179
3.58969202556281
3.49323495991522
3.36104164610689
3.79445640341181
3.4578141765412
3.31713731840184
3.3639172496231
3.54577873192197
3.43169642177673
3.39967239326268
3.48230160342396
3.40955410497332
3.75602592766659
3.85336575220617
3.53822671824589
3.73051633709465
3.71882869877495
3.7798192150762
3.70059473409523
3.65840716497476
3.86879542065934
3.95367958711198
3.58278810638958
3.61036567743598
3.47607056430359
3.54522506169534
3.50821715377171
3.4927684888516
3.25839796941059
3.24635717261092
3.65856804527106
3.57673545367394
3.29600868992694
3.63283150316799
3.37391732766869
3.49872551235906
3.68249462132949
3.47585955073749
3.55929655250617
3.3969673837946
3.44418608863817
3.68347324411713
3.54370072918522
3.47610600097131
3.81509091597857
3.59661578334972
3.37404427111215
3.38550933153249
3.32299788985705
3.55284157096036
3.73263343291329
3.61803196425962
3.67820144016528
3.52914877904917
3.74584180809935
3.52663602425015
3.46496564197422
3.42023695656795
3.45479940705266
3.48679331712615
3.59327124232762
3.69528658948566
3.58923518661835
3.66366772326381
3.76857723431071
3.75387716950282
3.51509331655624
3.40710209709454
3.60809878530233
3.7872580293904
3.68398035137437
3.51324459530388
3.29000801903253
3.66260393248048
3.58378852892085
3.45506370607807
3.36611047886607
3.68368855504158
3.30432082529291
3.30741246970348
3.96041287919335
3.4850056942763
3.0729934835914
3.49927866688086
3.35368589572118
3.51427105615824
3.5699525457928
3.43675316933393
3.38259897532016
3.47389178955241
3.30263750818201
3.55738381496732
3.52981358091569
3.59821569952897
3.44757963452768
3.2741638451827
3.33231632282741
3.57400031075665
3.25412723666513
3.84798202884174
3.78079243450292
3.54866228814788
3.52461051246459
3.36905834350873
3.64941302929207
3.59177166819468
3.37438343345527
3.82333848861012
3.73824459582804
3.48445467164835
3.33983103668953
3.24656100340071
3.69598378603041
3.63653838686724
3.73152820975479
3.54683056332067
3.53259560227265
3.55967714178501
3.19681831967416
3.51689873400539
3.48959104286434
3.56711906164096
3.4913829213373
3.41550680445844
3.63694302412519
3.55495305763629
3.39579388472933
3.81928015878622
4.06863518395657
3.73713942187642
3.54238809521845
3.7899579906073
3.58352430311525
3.69181313017669
3.6257679859724
3.62651590960425
3.25772655852429
3.78077306887491
3.7559630201949
3.52953748748643
3.66411905754918
3.33486265963349
3.58068085411786
3.5686770725399
3.47586516096772
3.67890028813287
3.55980319446382
3.50599065747704
3.13776541159903
3.58209568770816
3.29793334343004
3.6450029873396
3.30630328533302
3.45954575777242
3.37670186468567
3.6795210595401
3.56946417820602
3.46453931908077
3.56573056390808
3.49078507904111
3.36614298864859
3.45539986804041
3.49486779743486
3.27643991736564
3.26446203733658
3.66060494991046
3.45536797407615
3.50511373261319
3.61244594689998
3.59568301270092
3.43326702639333
3.63819403140621
3.09501815938395
3.3806496131925
3.63648685853909
3.41661365974861
3.48070418454274
3.48508125823395
3.47233458866135
3.58612544072716
3.2231318995659
3.63685076189881
3.66878337873021
3.49861021999829
3.58638092689253
3.67890420988368
3.48496821901131
3.7212251057224
3.59753984533505
3.57551362322291
3.84946576645305
3.54914552086307
3.52410465753702
3.7263712175044
3.11247700911735
3.38060127868453
3.36200080095281
3.89345890031818
3.88683728768067
3.5776233777943
3.8080038220579
3.48893925408737
3.35002326389852
3.68304909984488
3.62762276483413
3.45461831369109
3.62331241588017
3.62907303220676
3.51125633882637
3.54690305809197
3.16940128417415
3.28761752555084
3.46659506497429
3.39145012219443
3.39409823586024
3.35145455275243
3.49875605671285
3.37558491870373
3.7077858818704
3.63241059868232
3.16692713377341
3.48615511511075
3.23748604027005
3.67374691227541
3.43625362103423
3.48796716213408
3.7026195088394
3.66243185530653
3.46257225445802
3.28427199697285
3.79414605116005
3.52426314947662
3.60299352588113
3.49925280354751
3.04923442123078
3.28987601653755
3.6380706325138
3.56059032551487
3.60452532836496
3.36319629010041
3.62408354050654
3.59901214659357
3.44889303730717
3.36950502872198
3.15154408461393
3.43810522676078
3.41894008224043
3.43844119724359
3.43386588594458
3.53852498690615
3.45739277263699
3.41357859519013
3.42829008768586
3.47222477815634
3.41904423011509
3.57284323384517
3.49313001153669
3.41867882755931
3.32166612977476
3.41174219559278
3.23952890588393
3.31591199668321
3.24434195317411
2.80435374485819
3.37595795230822
3.43690441420175
3.49853108174492
3.5703176691282
3.68146900724981
3.48709680815362
3.51942637435793
3.46685437677466
3.43172890627514
3.25443158892782
3.22262568890937
3.41231578561109
3.62697577958494
3.31586675950739
3.50189344367852
3.86148520976894
3.65310403340446
3.63688404316169
3.73448534303088
3.74903592854928
3.69921458332683
3.45896117802328
3.44968951603366
3.38489113582428
3.40883959393093
3.44465206240204
3.75313848359791
3.5593630381889
3.30690705048024
3.61416429768505
3.6040473068047
3.72006439967857
3.4062591301056
3.52841519487496
3.53130217153464
3.40525230184455
3.59598514397038
3.42720351622992
3.7258794222663
3.89200601241263
3.42398460513047
3.02752613919502
3.43556890804427
3.58088992698
3.41293002450832
3.59685229447325
3.66419775765069
3.63071414997423
3.17389549259386
3.29363393258303
3.53959471381729
3.777869920375
3.51217650052257
3.42625062841703
3.45747379708593
3.55175443398633
3.71380217958267
3.51030115434769
3.57054618498111
3.59858465204311
3.53358353211282
3.70768586779621
3.64117016567126
3.60287557590016
3.29333926076071
3.37985555478946
3.55652347363716
3.54903735323993
3.38709926409656
3.57830609771811
3.26320193467271
3.25491257183951
3.51017101693052
3.41488410014219
4.00095983115031
3.48078671512787
3.45224718919614
3.37382773873645
3.37520534006235
3.59857703827141
3.25963899458743
3.17680534543743
3.85960394976204
4.21441959628625
3.74617689813781
3.7959381717216
3.62728139018573
3.75960703349603
3.44528255712967
3.5726825052859
3.54131969156201
3.53416293676532
3.5258892869667
3.2704266353962
3.63683249912273
3.2737041085514
3.47278964139088
3.47201731309993
3.56391002403403
3.881908665326
3.55949576585763
3.56137173884724
3.45868622504181
3.9228751453733
3.95075036495983
4.14534211582699
3.44469093991878
3.477997563218
3.60287763539534
3.37469554218116
3.44291392174342
3.65567889455099
4.1006981005511
3.5105451384166
3.34854621440833
3.78469777025166
3.29587492119936
3.57272428925295
3.39886124320598
4.22613667351953
3.39723476294176
3.55745499391544
3.26032545086627
3.39105421627505
3.75092384775934
3.41845702650878
3.49896397930297
3.62841778025636
3.63496296206355
3.3086031429154
3.78216856122624
3.81201162114978
3.64334026557574
3.54963194749006
3.4928269871036
3.50457630635086
3.35013835022425
3.32930230300388
3.3858362467696
3.6901220290817
3.68436146885825
3.79187982176047
3.69201195963553
3.67047455354377
3.91949695992641
3.52630513075889
3.56803052619825
3.61340384757534
3.44491452320478
3.55461895528627
3.33243975104883
3.27411759733543
3.36200988375502
3.71901260175589
3.6220292313613
3.47214526470704
3.82855199892154
3.63564518182143
3.58406263040841
3.47660194452557
3.53155936945789
3.17704644810873
3.60502134958223
3.62978135663822
3.51644831440159
3.68722295759944
3.70997807762222
3.53650070297783
3.43516288122719
3.48012176161114
3.52124814867649
3.36595935229751
3.25006605852203
3.41039037577866
3.49951287781127
3.38923089125402
3.77963950645218
3.67506605058853
3.34519318323566
3.59640709308125
3.58551050134269
3.30256302380875
3.36841044952785
3.6180580916391
3.18702312762248
3.46021625965363
3.32246548851158
3.54940089186758
3.39019996270982
3.40641207274845
3.71483588545381
3.3493292979819
3.38868452373562
3.55490893414463
3.55897394375136
3.67613798677968
3.63551391695381
3.87529714922431
3.32334996646122
3.46983009360892
3.52756699268689
3.75593712100191
3.53755801794529
3.42458802463542
3.57179189146463
3.70489062282143
3.63952625599701
3.40311742399907
3.49990194105404
3.72696443319075
3.71021729325967
3.58393775024378
3.26587000904785
3.25739655705552
3.3566427919
3.72419207092047
3.7315334090844
3.98833091314574
3.6654586989633
3.87447209619329
3.73044035576221
3.8137167538037
3.67381832296302
3.3905037368986
3.64574762162336
3.35032682647977
3.57433992873908
3.80645406579692
4.24524737232972
3.47366928145077
3.36296476392037
3.5418430487985
3.47704002928964
3.51360511474017
3.5754733087351
3.33521843458979
3.29728074240966
3.59666781469231
3.67994277168268
3.29014269113681
3.37665241244918
3.3084327155543
3.24925064115171
3.62204816038457
3.19877973815566
3.44851195865293
3.57296139960872
2.83856813168377
3.64289484391217
3.46786998289478
3.41404609724242
3.41830185105984
3.66119712983371
3.59974560356171
3.59996003908822
3.50041865501782
3.55646553576556
3.56941196347517
3.48128322632864
3.63353018139884
3.37058172856969
3.22183579015452
3.50592038222402
3.41020996026002
3.48869932260205
3.52776662819032
3.57963466417205
3.60642807326346
3.40932100996976
3.19327678379181
3.15356594750821
3.47001395829247
3.83715665115817
3.47347377889868
3.55553942492511
3.2613076896468
3.62063807747984
3.50512809071212
3.47393263512379
3.5268399073913
3.65144724864686
3.62205817334891
3.51320944366192
3.42894302369456
3.40689788860432
3.50537954060175
3.52157503020293
3.35999402652049
3.76738541482241
3.51439662298077
3.30071812405478
3.45586205167739
3.36467532700244
3.71717501102464
3.51061484200544
3.42869264403551
3.59852495727524
3.52302725548786
3.58161393313763
3.48364659265975
3.33717012480893
3.3518119681214
3.60248741942682
3.81083712761998
3.47367034191094
3.56870694075467
3.6929668999498
3.83858281770305
3.64136211082388
3.49745537412803
3.56207483479265
3.45558796846911
3.47504812119537
3.35724267276495
3.57781850821429
3.48774399112135
3.44371961671926
3.42609177324254
3.60255374569674
3.4780918220234
3.66577837415062
3.5783063697642
3.44484596513172
3.53558733027878
3.55112026563607
3.70200892534008
3.78982454483739
3.88019052215829
3.61458948146825
3.52269266470505
3.72061019872704
3.71349789167812
3.68356500108087
3.72172742243777
3.71425984511624
3.7727918008124
3.2726821865987
3.42400770120608
3.468941600543
3.81615986691514
3.64641986542384
3.40535748907576
3.45611845664062
3.51494468719874
3.43669675551292
3.31925967359679
3.52359631810543
3.5644636495082
3.48391114585669
3.41818485943667
3.77731784193147
3.42092990592239
3.69275552750092
3.35243985325769
3.48191048898151
3.57834224213565
3.63022149206628
3.50226828443231
3.70372943250243
3.80560100978861
3.94157569759403
3.65662781211421
3.77024600482737
3.37538503392816
3.37091736399401
3.65748541516054
3.51471976805077
3.28321860580232
3.64935392360849
3.76302894160958
3.53553602961541
3.33389221029867
3.46053449597408
3.57100167258699
3.54019431189275
3.45753355986853
3.44510357273091
3.27229966133531
3.40987492768171
3.59320097236896
3.69967229770301
3.41339015533678
3.41700244254411
3.31084709268654
3.22791688874394
3.43251786950195
3.75856317273457
4.00307288111646
3.55237442752558
3.47956124700717
3.15021492036651
3.98900962137792
3.48042580111148
3.44424685251362
3.56411399913532
3.48034470666184
3.66828713493707
3.38136192639147
3.52642096408105
3.59116077557423
3.37978992167989
3.57202406353158
3.51097784192387
3.55037394141715
3.43474836812257
3.28137657501786
3.65532198662584
3.50542831174383
3.56262690620552
3.71713976769411
3.523584324619
3.64131507490135
3.37978470587494
3.262588858562
3.42561881784746
3.27370425477693
3.60546240513508
3.47492369688311
3.45675277076509
3.5303498472904
3.77896999868932
3.20120841708912
3.17546276525232
3.64152912023537
3.32744469229702
3.58600545552258
3.7024253059353
3.52339084808568
3.6620145784124
3.52725930329198
3.41393641999997
3.54157613125983
3.0837617382924
3.5530426608911
3.53483871056562
3.70362089722665
3.86315896877929
3.59642298359592
3.40130544347462
3.89048715808753
3.95970454732074
3.54057222331766
3.40760947443551
3.6304147585181
3.56831096207132
3.41077980512552
3.70324084279103
3.66362583846958
3.2022717121705
3.57305715563258
3.65650700504267
3.61650461144041
3.4585924960818
3.35840963623342
3.74843111658148
3.70732531793786
3.49389730090847
3.60929063783264
3.62621653138056
3.54515261475416
3.39833313683719
3.44343431253498
3.33982013048863
3.48792133509343
3.53389477878916
3.32530418731639
3.28266569643678
3.77557011724192
3.53799967418294
3.23700194988617
3.36976609456115
3.03283310256491
3.686945036994
3.42899513318401
3.54033760313081
2.98457849961886
3.41615716820005
3.29127861740704
3.24968672249984
3.39697298597972
3.40427378149228
3.40132815416415
3.2514862333846
3.67651861048999
3.42459887453305
3.48200497064843
3.41455465900725
3.4327207462066
3.40505400630157
3.40560129935854
3.45497627946365
3.51189278201319
3.40525232616988
3.59294325455001
3.48000698224203
3.51334163932347
3.55427903160767
3.8125470041708
3.46487701885257
3.38299016288708
3.43434665335931
3.47422498078399
3.47023640608062
3.62273564900749
3.61976046867258
3.75412792758445
3.39502493724014
3.31512469041766
3.83086750397042
4.06727319848655
3.90031291864408
3.79420813704997
3.47430623562879
3.68527589416168
3.78808607781327
3.60909197687861
3.58818214071312
3.57154283677456
3.58484325603288
3.524783396494
3.42673088894275
3.39709668056515
3.37246571370589
3.69178500385645
3.33683428512477
3.43462807059579
3.38003913081854
3.41574243027231
3.61121133307213
3.33819216504044
3.58402476562086
3.40581388911766
3.47963270427959
3.26114683785444
3.35659933857591
3.7224148037194
3.60013819078596
3.63854417393153
3.64551638414535
3.54217004549683
3.76063094998497
3.62980828727328
3.41691758077292
3.57262972183775
3.66350956081294
3.43429424167058
3.64581912200883
3.43389641314575
3.44334412006959
3.42633011692882
3.58634585302333
3.67848519018275
3.3483868357421
3.52994501869231
3.53995198505862
3.59668746987887
3.69008197587645
3.63825484074524
3.39622766483631
3.66877914347328
3.40126322411283
3.47697616072019
3.59970080093635
3.6550234178525
3.60393721894419
3.43359976726621
3.49330626949387
3.59888260620047
3.63692551671554
3.44273926327839
3.53527089296609
3.64179555690118
3.53697926555994
3.74511663508154
3.76707178179105
3.73790638796404
3.79450745485615
3.45148489927466
3.52670738732294
3.46064079393506
3.94464427753535
3.44575216583834
3.22546731930557
3.59292865571532
3.39730523814262
3.44951134886636
3.54917010124975
3.70589576366851
3.20210190242439
3.44183785577787
3.71066764646235
3.63511755319029
3.63812214160055
3.52544866153893
3.73321254799411
3.52594938169339
3.62760423754474
3.69045952762485
3.58705794726281
3.17056653486362
3.45705815708306
3.407426855559
3.92488249098352
3.61326619125641
3.5699131853442
3.42209843739772
3.79914506371868
3.35179695184347
3.55870392577187
3.48024335291556
3.46067611607802
3.56635535060969
3.37071739993575
3.44411434647629
3.79761238538776
3.58982640677382
3.4741266799416
3.52939433222322
3.5598296333181
3.34375898932446
3.55764103874188
3.55948757767774
3.49124283326742
3.8112473638049
3.68363986204049
3.5846025716702
2.99128516781895
3.61689934162899
3.50772475359279
3.36212060340898
3.74624847175181
3.29552799144424
3.51868771738304
3.28953796055511
3.24228446423632
3.5350647104251
3.49317492996822
3.69033376230985
3.28625634638415
3.39169136072234
3.58119816949962
3.52437967909686
3.49130489039648
3.75283588594691
3.57552762899506
3.39462893791769
3.43213420840431
3.48950459777214
3.74449668977345
3.73619573845111
3.55478857981346
3.49374150928054
3.35762593347919
3.52197513515213
3.5569580626557
3.90891871892714
3.79119092880991
3.40048030656253
2.97687232110231
3.49547774609506
3.66669808508001
3.48776155393916
3.63865595223533
3.44666213409825
3.59831943040219
3.4376443904048
3.48020956520851
3.60714536415562
3.58770640326722
3.60948950804903
3.23838862529524
3.28669972677201
3.69677063828811
3.75953340758536
3.36415637608738
3.42983611778247
3.34127280558178
3.69813124437344
3.37372568047536
3.55237438605033
3.26941963443788
3.60989371270442
3.5812164210142
3.50643384036713
3.54858226871929
3.66127263272516
3.56354417087834
3.7564134802694
3.7549633394515
3.60419240084688
3.80888127208419
3.62707061068161
3.46613653853365
3.54641242750066
3.84022379387253
3.34313173814822
3.21195002504843
3.65173798237551
3.21480183665693
3.5159877350411
3.60549171477371
3.60676118877752
3.48883506978695
3.56756056589762
3.79956617198837
3.8903214463765
3.94939848320575
3.73241931688873
3.32190331428087
3.52023974736807
3.50227993909478
3.65634983548639
3.5632033756533
3.63672674853808
3.39502661253416
3.63044452756818
3.43086609213697
3.40759826029841
3.71491227958555
3.32084364344058
3.43927530441055
3.54949605826621
3.46098986664837
3.5187944027382
3.45924374463988
3.48767517735369
3.3335899452331
3.54158266564557
3.5313274840688
3.53578653813944
3.71225511598028
3.5172843271363
3.35191627242529
3.50815627748689
3.74528553205238
3.75167298096365
4.03870362613728
4.08645909676829
3.66545482013439
3.53793374802077
3.5583237519345
3.57645487158387
3.39351611729516
3.620086044047
3.35395313089972
3.56887985221111
3.35408619045858
3.71030148687667
3.49499456699537
3.63909540832638
3.44045131694306
3.53311676115994
3.76741539178597
3.67354893033303
3.61812902204682
3.25841668416042
3.36881439458324
3.66926556790545
3.59618490893914
3.55274079029739
3.75683890068978
3.60689395153773
3.56821028695264
3.6468710588936
3.65026596277221
3.29890957492524
3.42215055754083
3.52282643675725
3.28075502551982
3.65058654648813
3.50988537640735
3.7029422358988
3.47092701491589
3.56624346081654
3.6754717420741
3.33003704640144
3.73285095382092
3.84471368657705
3.60361228137009
3.54248415956845
3.41819563324509
3.76422518747762
3.64735827772068
3.83183439261625
3.69844071211059
3.5085954970004
3.37569105829651
3.74171350522471
3.7558539949867
3.85681957877527
3.46223874770752
3.49691528991286
3.24224547339393
3.43853035183289
3.81793717426275
3.70008457869416
3.6840133584898
3.34037729481395
3.47782310548041
3.53466038701179
3.53969589779223
3.68937574936098
3.7484141683651
3.49701180255161
3.46518966392036
3.56447387997791
3.44902353078404
3.43727508748917
3.12511553125099
3.57539922301531
3.49585628061243
3.44394176959691
3.27205870530101
3.38845619023996
3.36118674152579
3.31378962210135
3.3948745175506
3.44032116732139
3.66782304334608
3.65654758853676
3.53953099302286
3.38521788942209
3.24669079761915
3.61031804906617
3.7007158948718
3.59359474185362
3.60082324368156
3.54255540685397
3.9016251331921
3.67956698613322
3.6269733761368
3.46026466605737
3.01842799026794
3.45886308396262
3.43352891527627
3.33988416367674
3.60195817595641
3.87737932973718
3.59384347789413
3.55061559026582
3.61829950716975
3.63644076063679
3.64825220324284
3.83324333108487
3.78983571270777
3.85642110602486
3.76806012551355
2.84844042779829
3.88801199210465
3.66734838495616
3.43262014115766
3.32472415762173
3.55850840201134
3.54614104286829
3.28955123586781
3.34513662939587
3.6624456361785
3.79832195116631
3.50727581152478
3.76980392255343
3.5551476808799
3.38680091597312
3.55785294434213
3.42794541725651
3.40006021824884
3.32512820967395
3.37068942822624
3.26925329063589
3.62882727338609
3.46693189230924
3.45725726728343
3.19213830129735
3.29319620706987
3.49520800645839
3.6217902246945
3.49480900455699
3.62263955029834
3.68419831204691
3.25137761153968
3.43905496629791
3.77977316963861
3.83208431438882
3.66833347199358
3.47614524526975
3.61699541411883
3.76417123008009
3.38875267420191
3.49770844821991
3.6770468633932
3.52685444192535
3.05256623724949
3.43892754318931
3.48987888673083
3.25500592884383
3.55779007387256
3.64071798715133
3.43869696643088
3.18877002121527
3.4763440816934
3.50535470577968
3.35417703653927
3.58258332536477
3.49866888952727
3.53236916620785
3.67904038312377
3.76164149197209
3.66030743814979
3.74909627061979
3.55902128361887
3.65959830020274
3.4881458947687
3.21091150100538
3.52804990512548
3.28818503932685
3.53927405363362
3.62556254537906
3.44218766958869
3.38288294748901
3.28846943421111
3.26676544926793
3.24128156030458
3.3525571055355
3.6180453771174
3.48430738845867
3.36845827650178
3.50657318718741
3.44777942222822
3.40342475716994
3.19520774967234
3.4944972993817
3.67843646144458
3.55363986843485
3.44799536400468
3.55298125186091
3.29586056877557
3.33434387467713
3.22107925451506
3.13554824837249
3.32416559787198
3.38512101138483
3.55433167090038
3.34620454094895
3.29300498297732
3.53939418704272
3.29146025630989
3.30406329847793
3.44364820073145
3.45040987569738
3.6590497853561
3.61217409452713
3.32130225389962
3.65085371046811
3.72409464848373
3.82013255182827
3.39643721115103
3.63678920027048
3.65268081907174
3.63248360699544
3.70351610608855
3.62413302254331
3.63581534415045
3.48375402739575
3.43618560142453
3.57263967732874
3.58245672546239
3.44437278108711
3.36744632963942
3.71108613670149
3.34627831580058
3.35246033252128
3.6165252276144
3.63354877932091
3.55091973677708
3.61119384704766
3.61450488809411
3.6247279366123
3.74490853079976
3.52549938147221
3.68237263387103
3.46919764821073
3.44761889074719
3.52174803330616
3.69001233583039
3.55560415127583
3.62508251186158
3.55189453685423
3.53206840256249
3.36145641973951
3.52855087021041
3.38760125070932
3.44738028042255
3.61804443390942
3.3824412902117
3.69700528397503
3.68519376160365
3.58136669389898
3.66152047015181
3.44877754376208
3.61857846396944
3.5505888066499
3.72716758047436
3.38465600569489
3.38107819071155
3.63285985670883
3.59302853458957
3.68343198906249
3.6269844855392
3.71327001151034
3.80256465471002
3.76761586521321
3.58718907715857
3.61519645163863
3.62669624071856
3.52686397547344
3.47081358255397
3.6431244502547
3.66255040449027
3.39369962548628
3.5176383695192
3.53293916518984
3.58937696915953
3.595775686613
3.18672844913697
3.28888767844861
3.53575872816376
3.38102994047056
3.49984771037007
3.52403221198186
3.58353917422566
3.61199538630425
3.40606772971785
3.30140614611001
3.25187326002378
3.46529806522759
3.41589867455315
3.40559801879121
3.732646120448
3.34700458491043
3.4623774035582
3.79298123856369
3.28566187663958
3.48633778135408
3.22045309961449
3.31182658904379
3.69201620790003
3.56978130772319
3.52269856820431
3.34611133310627
3.65307651069042
3.40776155323274
3.59051440290472
3.3319385126222
3.5670267317218
3.38650357544199
3.19125106726254
3.36925351106978
3.45169060386898
3.69621605546137
3.62703247454203
3.72605782359837
3.62493592174997
3.5665354294245
3.55135448193114
3.74629687921305
3.5019558223693
3.70705242458658
3.6143140281983
3.46059897980791
3.75627491370173
3.72788678647587
3.42452168619572
3.67951955210258
3.50121499125943
3.50574876302692
3.64069593336129
3.42261722193247
3.43036885495638
3.41955080813968
3.27255657212271
3.42219563548006
3.35903659895043
3.68539681308612
3.41577265044084
3.53989305145115
3.47438233919958
3.45161350305277
3.58980394705234
4.01405125082337
3.86273934064524
3.79195505576767
3.94903478032165
3.69075077653711
3.34458247340037
3.68887395077907
3.84594754916998
4.08577791769514
3.60251907184521
4.14886706059674
4.07818875837319
3.58661799129636
3.60830626194162
3.70357240941991
3.59709952983234
3.71260933253821
3.97717633107078
4.03529507642336
3.55784480670541
3.4017541436081
3.60943760280652
3.60496132841012
3.11682753332203
3.50210572735022
3.50041168674105
3.48414860656519
3.8947786619373
3.77134921187162
3.49468882302542
3.27002719635214
3.08135887411197
3.5947466427245
3.52026676140967
3.39167869350536
3.47725286076748
3.80436805342805
3.60631490304872
3.48321279064869
3.64271104489857
3.43352980174171
3.40777938980726
3.6739458708323
3.12227287450881
3.41342507391618
3.49977972876643
3.43717931042244
3.57778917623719
3.66200666577601
3.63130397832773
3.76784042488801
3.72590752631651
3.51607327719681
3.68354411121681
3.87736567143046
3.60268878210409
3.45463817907579
3.32272498150832
3.28132389691668
3.65044259453225
3.15990985891318
4.13548560871049
3.62810459647103
3.42948325278167
3.39721633378011
3.27467348698688
3.36165795082813
3.56681386840087
3.4831593216634
3.55497535518259
3.80778399375435
3.72714459255936
3.61855142936408
3.46812182147513
3.45386894483514
3.86411725746302
3.03757599335641
3.31246796555691
3.27357689838404
3.48601164911433
3.72140475412988
3.41439695386192
3.4200571344433
3.45427811520528
3.07983692982087
3.42156738094604
3.3182640395071
3.53484068919107
3.67599089776256
3.8420785690737
3.68597007427772
3.40813404896211
3.27235201761143
3.4769690935769
3.50038756316459
3.62068979508694
3.27943663897707
3.35342859996935
3.47180381011687
3.41860359050892
3.86924975820126
3.57833180159316
3.41960636439957
3.44668521347094
3.68620754403745
3.40917553144161
3.8211951767493
3.61045875395643
3.54116537750424
3.35629461482753
3.45413318706805
3.37760028622002
3.31063773237509
3.52798312325932
3.56771288800675
3.43222866879498
3.49014733543642
3.50639102139788
3.5480191827522
3.17012144775904
3.00372811878955
3.37812088082597
3.62966875343536
3.38698911881014
3.43028802247421
3.58653705675089
1.13119885099898
3.18191094517406
3.58496964440307
3.31408702106929
3.89295462929836
3.74448106124748
3.63749624652775
3.55864190210146
3.63945874571666
3.57672325695554
3.31233697011338
3.45307407259651
3.47150247769576
3.48062038504095
3.46676550038959
3.72817669973454
3.61456202716972
3.15369063550503
3.24629518869181
3.43923495118379
3.42482653429659
3.26011795635227
3.56862850520293
3.58985903692524
3.38378585326004
3.36469459957968
3.29732268398148
3.56280392877752
3.05037938815589
3.56382547550943
3.39780023794194
3.62827074911693
3.37424341601465
3.38469407803489
3.69723379051793
3.6425175288545
3.38058295164512
3.3307917086058
3.29457784853493
3.73716257861172
3.63120130497766
3.49191289289311
3.57961477884534
3.56684807216074
3.5831348817254
3.4373310857441
3.41043839515125
3.54323886622333
3.66760803621128
3.51423065152342
3.19720426614006
3.46249556453284
3.41603100470219
3.61844089990604
3.56769065218941
3.58463155458418
3.56086812675668
3.29308194858829
3.58800616175563
3.23699720871323
3.53631629734286
3.30314551668393
3.69894326508142
3.80690985611594
3.69571981143732
3.58073622751544
4.01001340478628
3.71513264476889
3.66257183581972
3.61011478967004
3.61229126205641
3.82712572209639
3.65651642229746
3.78547726892433
3.60744641097733
3.558606703125
3.47621748356787
3.59221690485269
3.76311144069686
3.3495868939499
3.33084330071734
3.5003320313566
3.34404873522978
3.58711688607181
3.45757072234348
3.37227572591846
3.50303151283999
3.70856904556142
3.60689994434168
3.68578410594312
3.56065468548599
3.64933787416057
3.67098965480017
3.44755640383069
3.43790169785213
3.40476927859175
3.5926879547743
3.42445274751352
3.39822968447842
3.1736277769983
3.80879332673681
3.74854883559425
3.6101219541553
3.50645190393319
3.52228982837925
3.36794544096154
3.57081736456235
3.52998192983503
3.38970156619686
3.60770167023222
3.51673517038336
3.46888229961816
3.11227302257323
3.57452222392781
3.67196962949448
3.57539130585983
3.60849211497185
3.42916086702147
3.61525457080205
3.37499051740562
3.58980244801782
3.35515405563733
3.75258468863166
3.10126673332688
3.66757452779544
3.6828028118088
3.32739005534896
3.67861743420633
3.64294417946218
3.68114609187964
3.3994509882581
3.32918978491099
3.44858648450252
3.55385451742829
3.62890632921779
3.55489175730805
3.35053035682865
3.69153187300903
3.96257650430582
3.42756904387784
3.33598327096852
3.68882300686208
3.21910499783494
3.49795348082204
3.48398842236721
3.5591604426484
3.72742878720158
3.45719451789105
3.42316669844085
3.52350321731057
3.62458938146442
3.56219932423579
3.57842309053014
3.49310485161965
3.42714037481944
3.41007748184933
3.45972417399414
3.48981329951459
3.44786855327412
3.19071101625278
3.77286337986374
3.54429499373678
3.40422425305901
3.72426699010241
3.49455566665974
3.48366274674775
3.32196137865804
3.15555633094166
3.76317928825885
3.60261559226424
3.57923826167762
3.77444253918322
3.60919641791095
3.54687709329826
3.56844316070366
3.51280186376282
3.44878384176728
3.25350084818213
3.77077557995149
3.62487666630236
3.5204973708578
3.6620458963602
3.52281354509737
3.63850951216872
3.81805005588063
3.61594516319109
3.56993675819463
3.32432048443285
3.84775107953128
3.58381331318163
3.69694515705614
3.77613032349849
4.24459282317172
3.53059572509439
3.51643225754701
3.52209489202006
3.65814020151652
3.49729570993888
3.50182418316938
3.14386403543221
3.28963491796753
3.23156798087985
3.31389677359385
3.4186572676168
3.57032796510221
3.48831295311522
3.56263108701503
3.46637877572125
3.08555995214018
3.4763865696681
3.2983467008297
3.5177376936723
3.40403092114157
3.44534049830796
3.51825567634891
3.52247395227201
3.84212694494395
3.36314381616007
3.28742070834775
3.35912400853164
3.46894339234701
3.51723669113584
3.40208666733308
3.35001986707321
3.42567539653306
3.14724869819151
3.33118407832078
3.44972710384338
3.66757634574616
3.82304575146778
3.83439206084914
3.66690147151614
3.62540459011268
3.49109566962571
3.55645398705498
3.67202607220758
3.6343676287193
3.3942524085657
3.50945421139291
3.79317581538409
2.99666768416286
3.4708878463263
3.43499245381345
3.24906903456772
3.47396174355063
3.47419706168585
3.43410553178885
3.20636863041706
3.28794438775063
3.36301531950627
3.47140872717617
3.81461069286698
3.79042898621003
3.53124465596849
3.56531184427334
3.84609035234358
3.62975487065948
3.65525951523558
3.8186820566272
3.68835036734737
3.58201966541335
3.41344508356961
3.38727681881028
3.46256643758279
3.4634189626296
3.50578070767236
3.22103914114281
3.43756961640061
3.4925073277199
3.63093009687344
3.57328433459866
3.59359552383355
3.75997306404523
4.17500030158136
3.68219915731324
3.33881464139736
3.62394090821727
3.35184909458262
3.54249989551899
3.55233856082225
4.0750777158968
3.58000580568165
3.32789510604737
3.30928645159808
3.54259453609122
3.2320596255184
3.37792161507302
3.62509402206544
3.16717869350807
3.57621507640635
3.53927424517047
3.38100558792162
3.51886734334912
3.34802051936492
3.28543172801955
3.43612565534815
3.53611583943498
3.36297622915133
3.57052215004225
3.39556225784105
2.91084614881817
3.36185442208723
3.69008890303288
3.43078407069306
3.65125100885021
3.30651365427712
3.6019576702027
3.54090341976026
3.44095906146176
3.43196712161439
3.56719900335281
3.69241135390808
3.36593517190621
3.26302710045161
3.51041431983458
3.61427993778648
3.67413392059669
3.40651173223876
3.45136913686031
3.08785711976647
3.39585468189246
3.20459016735276
3.32731411723779
3.36644629086574
3.49438579887596
3.38121701082501
3.57335628912127
3.32609637847602
3.23866810190036
3.32440457178653
3.66478513759866
3.39669217219845
3.67105276913579
3.5451451285836
3.88183678049394
3.47670214005357
3.63402838113076
3.87793453775177
3.76831608005826
3.54327512652727
3.34137665989698
3.52549409734035
3.57305439333983
3.52359697593926
3.42844569776894
3.95197070000628
3.58861417351664
3.72644721185409
3.87900020481024
3.82287876283414
3.4301919506672
3.51504130811114
3.83689721061394
3.68810158037698
3.67628255080465
3.58361976798038
3.68927296480304
3.62548719124559
3.23282760658423
3.5462902102813
3.48045577914068
3.46421564196335
3.61028317290589
3.45471119871879
3.26132651130485
3.53527008218954
3.52388759395942
3.29138324068091
3.3641760009746
3.40205174994162
3.47452224167892
3.53594717492618
3.4480175060886
3.69573980420446
3.72544065988212
3.45440714003513
3.54807069526287
3.52134489799171
3.46471265644383
3.40924829838805
3.52394126378858
3.42609841830321
3.62664798599657
3.57627181743823
3.54131665446874
3.22820576775258
3.3188030995091
3.41303902733312
3.4953323100628
3.49075534632651
3.71921997021884
3.49993647230978
3.63891643862286
3.55232621016655
3.64693068497712
3.418054763781
3.2313173143002
3.58004836139074
3.38456044422425
3.20355327585363
3.43565394820109
3.40014769828741
3.51943074644564
3.37139099775481
3.48335180302182
3.56669650024067
4.08300066191539
3.69584324745378
3.29406898513828
3.3168897067067
3.66212492153814
3.32319394218368
3.23592626047304
3.45778272714533
3.6192919110048
3.65198001739818
3.30813885816385
3.52150719394955
3.41048393890382
3.51343868465917
3.8520435928757
3.69832876888278
3.7215675609597
3.4893219422127
3.4907379963412
3.41872065251869
3.63246457239813
3.6029981136201
3.37708904391731
3.45965747628569
3.70349430617301
3.61516238320426
3.4337917721818
3.64640547501776
3.6588548622424
3.61132888549279
3.40633777097358
3.62764347224572
3.58716030480384
3.12902828326214
3.34267471073828
3.33526834496509
3.58479371151782
3.22140114469813
3.23174520858785
3.19082121866193
3.53915336537219
3.47658770238269
3.58308068116408
3.40699457599387
3.43493634209456
3.60038747798399
3.36064638196784
3.26049542598292
3.58640427809292
3.58972689497206
3.43386822215154
3.5024812220698
3.54184957398088
3.36113766756701
3.62302413101179
3.87975476442228
3.44252257227634
3.40741794800739
3.41469856469334
3.54937357943691
3.52798081551263
3.25213794002549
3.20315121876495
3.47008084426549
3.48040039393096
3.62708789493574
3.40451252888915
3.4798503135542
3.60292201239123
3.71122891226155
3.69271124289505
3.46846075784045
3.26004970064011
3.62038687157538
3.38095951881398
3.61169927580626
3.44439189929617
3.44123278267071
3.68652163493002
3.54656050698828
3.49966584689555
3.51372940845812
3.56177114516708
3.49172186453399
3.48018128337089
3.60030032573464
3.6346515146809
3.4657583472417
3.72350779366026
3.66191038408843
3.8728663475476
3.48531723789677
3.58138307566151
3.50549467010083
3.49887082035927
3.42859076724804
3.89946631429746
3.7050121725847
3.25805012952003
3.69200699814688
3.41741578352881
3.56852911826291
3.45607832861795
3.71521946234175
3.69523614175344
3.34549951670727
3.73726176766807
3.54146616057842
3.72515333378286
3.55826324399319
3.27433864029948
3.58013203474055
3.16202248443298
3.48065238176129
3.55593122581268
3.65347761691096
3.47970502081227
3.39211839253801
3.44669847742505
3.44986325241812
3.2792407718867
3.58777012089219
3.63609128553187
3.63635313246269
3.84088252886585
3.61454339080582
3.35456830678277
3.32121827192215
3.32305787186356
3.29590821371051
3.45784168744159
3.5935460431412
3.44194865439399
3.53414473020097
3.67397500080615
3.14462581587381
3.55175271656906
3.55696719218716
3.3111121321822
3.97709516846368
3.62875882610043
3.50069034874342
3.58934840461658
3.50706648586436
3.69548050034496
3.71838334127512
3.7810183130197
3.42193678777919
3.43986145759927
3.41365404461029
3.34753244200707
3.573630735482
3.66161518754301
3.54574956688562
3.44579893477862
3.49059730288189
3.40149963834647
3.55319513634709
3.53500831982415
3.5441465317696
3.60648372514179
3.25436628919893
3.43182446460203
3.61649717291136
3.49381215670158
3.73136123564574
3.2039066591995
3.57569490520271
3.15295964398404
3.68577543790984
3.48623415704055
3.40655537688395
3.57283137762272
3.70538673601796
3.49891956008168
3.45079370774513
3.47382825328343
3.32519598014608
3.24201148577951
3.58206766922619
3.30133418618018
3.39772522677118
3.59316258005674
3.52776857878013
3.75972579146225
3.56654486660445
3.49539957621521
3.35198710959931
3.38411776677473
3.27871854394461
3.52224931292984
3.47816206718312
3.48551308975616
3.6793806097869
3.55372696376901
3.37083679134033
3.7690241646949
3.55669689750552
3.59793067565649
3.69492913995569
3.5411545491131
3.80487408627204
3.62965848997078
3.44627014148571
3.76412727879631
3.25934252413742
3.2201585782787
3.66992140544422
3.78081524849851
3.70698670441869
3.42769867285077
3.19406432636102
3.3423292202831
3.73970078890073
3.6987125172344
3.66986016692679
3.43894572818742
3.39573278105306
3.57979352784341
3.55901697345446
3.9763025980947
3.47464341770011
3.76955487764043
3.52355705541223
3.62825937878902
3.76936348268052
3.53576132991884
3.52928071369016
3.55462330140605
3.27643361849611
3.53251713214107
3.58432448556244
3.59883557253653
3.45360130994905
3.21579954623664
3.56838976862324
3.55584650802743
3.57698255262224
3.78508011425879
3.4623184174054
3.40986850210977
3.49600760739187
3.26040719390701
3.78302361055063
3.66763469349042
3.67393113121463
3.64653193631833
3.27977616238758
3.35038749533043
3.61707527547798
3.58819869174889
3.70232415998221
3.34318587080844
3.49598767652901
3.72256469294297
3.93995836828677
3.64623243062977
3.42330151823681
3.31822302929871
3.32154301705878
3.46884450093784
3.51258246566778
3.55980674259855
3.40453493356814
3.33183359052677
3.41976109542728
3.73085727363264
3.57028664924808
3.65430600922705
3.55790997978692
3.48920676952373
3.5590296896057
3.56582803706275
3.40502924037764
3.42341281041697
3.21671052135577
3.57812199269058
3.77920737564855
3.40175042207187
3.21652822342097
2.79955929233666
3.55386933396355
3.33028240702585
3.5601672961726
3.38250301889322
3.49314223984911
3.7896689739681
3.49659775641901
3.80373511124649
3.6393753186441
3.5134783514405
3.66271051059873
3.52284137519229
3.44608204220365
3.06894266003573
3.28285802818753
3.57957264199915
3.70741968908435
3.65753579140188
3.60909140916458
3.60661356133625
3.48221974948588
3.33379968517567
3.84192420896867
3.0004272073772
3.74888857270386
3.56211962819526
3.48874218919886
3.73082661396685
3.27916987900277
3.33863347940079
3.24838491038973
3.49061806661564
3.70934042188074
3.65396701611267
3.5350924116784
3.57038919145198
3.54732887169397
3.45897878518613
3.38779497305571
3.68028153189905
3.70302532688441
3.71656103730892
3.73655712180331
3.39175904049765
3.9234694890772
3.52757919923352
3.57049306417061
3.60993163182851
3.72374199256164
3.59074744010216
3.4479085780417
3.51571916534601
3.74867118226449
3.40828799819706
3.4290742095358
3.63976481985106
3.5594601041434
3.40806106841569
3.73587473977572
3.54822551025964
3.08666878232982
3.57110140967702
3.61374230992636
3.79308351290257
3.72148562888625
3.51708353835347
3.5640850314881
3.52364824888102
3.54582281589986
3.53879388002543
3.57587408451253
3.49586236217851
3.5502192870674
3.54630821487305
3.60586428076375
3.36074492339508
3.16334621342327
3.45878767088265
3.64044334509198
3.65702280726612
3.64898612268179
3.81122516927465
3.90573449993239
3.84601222279661
3.39430350175319
3.71044877417285
2.69010920766709
3.59823630448805
3.58797444772761
3.53048821175795
3.56289988188838
3.56512094170898
3.87024817188386
3.98146846769407
3.69865895522227
3.94054157023243
3.54552437856358
2.8649098649105
3.67201689342163
3.65485422755079
3.78114117881715
3.58837413886297
3.51069143131847
3.57163879869369
3.99014839746996
3.61301938309398
4.01733268948418
4.21396082586616
3.55037648042877
3.67505362775499
3.36908427671916
3.6576609880281
3.56185239471993
3.67079420748614
3.65335796453647
3.32748883317816
3.52073114053765
3.32573633835895
3.44501683716089
3.56731426985153
3.71754142482723
3.60050802326499
3.27962177321842
3.4005198243595
3.26709274509962
3.41788032247006
3.35163896307791
3.68750486694711
3.49774022885456
3.7451333782979
3.60903276872151
3.54479926654647
3.85201989754093
3.47339732638765
3.40366943664707
3.44112510530095
3.50457930690003
3.61826444793519
3.40617705083749
3.2563360808879
3.30106681119231
3.30968801149088
3.53547811010565
3.64377614808069
3.4215257205631
3.64465793235738
3.24114240614178
3.46080416379623
3.48278527425322
3.54131689680752
3.50689009000487
3.51015241504999
3.5334786301063
3.55685847647743
3.2774481704556
3.44011671105559
3.21448649327764
3.52965046207822
3.28197132752845
3.31009436391827
3.29941450407461
3.65912216350831
3.54847633146928
3.34070288880011
3.77664949572438
3.64964072845932
3.56859835564097
3.90674708726271
3.76368735448431
3.5797301973007
3.57170528880785
3.57016935371745
3.62790265928818
3.55326016138752
3.45721551518613
3.34987030846347
3.2761932950785
3.35763941422848
3.69691930905451
3.57588839360681
3.62716620084617
3.94922364103678
3.60406428597764
3.61205366340839
3.54578361721218
3.52472516483256
3.44003845871167
3.41167424062461
3.3399373015629
3.5319097984692
3.59389028253165
3.49026473176621
3.47160147642976
3.43065661299647
3.77882099063827
3.71671760023132
3.62923868036066
3.81215225307298
3.33786882214631
3.59705558828539
3.81327429330792
3.54748522813993
3.34490085594349
3.50829212293085
3.49753146507653
3.229107986994
3.73597517545711
3.54940687525186
3.33917491982958
3.62128448479078
3.19797030837896
3.49558881949203
3.62810082040611
3.6454123710656
3.79540361469061
3.97089895898286
3.54134024219993
3.51729341473098
3.79045878572088
3.32156241525775
3.70154931742038
3.16125857914162
3.72876706295086
4.1153569922718
3.08037181306904
3.57242511761476
3.22240491846377
3.48917757428256
3.54895633343194
3.31201766067522
3.51030656086096
3.68085479846055
2.85655980390539
3.71158157671101
3.65290028795647
3.39870360623983
3.62942372047856
3.45669327316271
3.41228065339323
3.58368018825062
3.52484703136458
3.73011281645217
3.98550679277249
3.4709263636426
3.75843393280311
3.44638505473971
3.5426417564294
3.80554581561676
3.57385125319316
3.44551981169928
3.58672747367991
3.84282997133585
3.22157460363728
3.80135552184153
3.82321256904071
3.48470225993711
3.33806807088348
3.27356154918193
3.43973803215482
3.76548143124523
3.85447690603002
3.49169304234198
3.4088831060148
3.86786794326121
3.67786369355612
3.37278262824052
3.62208829869328
3.67616591444144
3.57329596749808
3.3258074648296
3.69988040284186
3.47389905473373
3.70309779288239
3.65564605601611
3.63672748058785
3.64142802376491
3.88496665256332
3.58926741090704
3.65389175401629
3.87147226896357
3.62486040473931
3.40147448740876
3.41718399353892
3.46267877955395
3.55357795015752
3.75809507582202
3.47807616224571
3.74243989596772
3.59401490857219
3.71558867155132
3.61919290852983
3.21903775634753
3.65179363131575
3.61533027340708
3.44319397154607
3.62006891240361
3.56441432943561
3.4014317657637
3.32524910284828
3.58626781486789
3.63343128325563
3.72390278555665
3.80248477003388
3.52745928069084
3.51424106342678
3.29636016256264
3.52035431990222
3.69681295209982
4.17786977489248
4.08027584165359
3.61517714443269
3.59823009061275
3.43534503382049
3.28407134982936
3.64498089009816
3.7636204339184
3.67777455656793
3.65682867983692
3.44416055904559
3.5278180373942
3.60255934272202
3.29713697553241
3.51197417480343
3.33629855297369
3.28837508769963
3.21539550873238
3.68019073177462
3.63342421581919
3.45129089814792
3.54489014069649
3.32822826995509
3.58772869061021
3.14322388806445
3.44206225580577
3.45196852473796
3.59180550130677
3.54957285155982
3.5556435661356
3.39514503895935
3.40939614179161
3.65528016189632
3.50975478347307
3.73822058991821
3.64979855566215
3.73759001387694
3.49267948705272
3.24851973834207
3.46142956488981
3.39309289859994
3.56318204897863
3.71615542723015
3.01403809430592
3.32970023144914
3.30237757838233
3.2104631858305
3.17802536786873
3.68827908787084
3.1262289282738
3.38990730770616
3.80518790251958
3.73787338345623
3.59334436860345
3.61721227548073
3.4782481752403
3.62891380376662
3.96092798437793
3.60095337184607
3.6953893903322
3.36521122461682
3.16807843518108
3.5707750098857
3.32294802379296
3.62602323337839
3.76390073613843
3.51919041566722
3.72919315236644
3.67807976436012
3.71049580817443
3.80584573827465
4.10680234066122
3.8768260317444
3.64614140843483
3.46571152037116
3.77220086123115
3.72014156965714
3.70955930896536
3.69675139069263
3.40053391039814
3.70443870771915
3.2224952403709
3.42835310799351
3.56212531950911
3.55535154504974
3.63570832445146
3.34732429793535
3.36644238198382
3.57127451207791
3.49719801059642
3.50133870918948
3.59477599732986
3.64035285118299
3.71131372091708
3.40942283899438
3.24630060299189
3.50377114830382
3.70107452478705
3.69384213893001
3.20700587894308
3.58394464394403
3.63588058846159
3.59570863892923
3.24616286934295
3.3561661661955
3.72411384667242
3.43390561115731
3.40139238468831
3.6135777475832
3.37630476279979
3.59660058718638
3.61932861485795
3.66254041212895
3.43702059390503
3.54788264874953
3.78885077436466
3.67102060113473
3.78436742552029
3.65520913146575
3.2885713105832
3.16601262738407
3.38071097942758
3.49385479147758
3.83207003238818
3.69868305660926
3.47373105155855
3.5716294986677
3.51926329043289
3.55174173088495
3.52032877904309
3.76790055229705
3.74553701222839
3.6381602652953
3.5277776816472
3.44522951318006
3.16731791344589
3.27582303895912
3.10499249471004
3.39689398005424
3.60914189523711
3.19280099434462
3.30902100709268
3.64146804795916
3.58289354553224
3.58653589849456
3.74569523513494
3.41554904600169
3.63071070285713
3.63951487847986
3.50103482967874
3.60941856849104
3.5772858567587
4.01977567136385
3.57117650448376
3.69854016721777
3.39722792744353
3.5246399382271
3.46044391912777
3.66562149499304
3.55523098933945
3.38929923377041
3.14008731961237
3.00051522134652
3.47651132917221
3.1770740725487
3.71044669458583
3.47373838196914
3.68239875547815
3.49203691295191
3.28588238986452
3.47987823886948
3.55412420786127
3.61283494190395
3.63290914423727
3.47835606322381
3.4132801561551
3.49238860477379
3.25095517916878
3.48388371225921
3.43138730766923
3.36496222059204
3.57246209812527
3.21546568241936
3.65444112365979
3.61580575335774
3.34333942375773
3.48349774656074
3.53052222038599
3.1173792584601
3.47323736391544
3.70246941313454
3.78448392110197
3.30041815939801
3.6848058825502
3.95893361123449
3.59952716976111
3.34006997492011
3.36632322543773
3.56466207090033
3.68538203465969
3.7737497023556
3.3928994495672
3.3893308120601
3.72971499577104
3.58915186579242
3.82921606775153
3.31856364744974
3.28551277637636
3.38356729968244
3.25186021347603
3.38518291091679
3.53376037749396
3.70189737609295
3.64071875626837
3.72169107336023
3.52641709911486
3.7354805110481
3.75606729771353
3.5093862663653
3.77666691929151
3.6913514615863
3.12745817025274
3.23726779974374
3.4927374880078
3.55487603556495
3.45589175653153
3.50907534531316
3.83484933369604
3.43604178223722
3.59569045543126
3.64890814188175
3.66867482271962
3.59418117265921
3.36168672466521
3.6130808093847
3.14116635270815
3.46340139956179
3.56655339949326
3.62087704442427
3.44626331861288
3.38092412733036
3.50501753904182
3.70383877164802
3.6772448028747
3.67494115041933
3.51773119700791
3.45672546026736
3.70176990231165
3.76458993828196
3.76093360407616
3.38621083088402
3.75566504395141
3.36386950760919
3.56033522594105
3.42025407069171
3.27599302444219
3.95842212991599
3.63716763227875
3.56315716525815
3.64771993419898
3.94478065715569
3.42744617673846
3.6502491499367
3.16342658639787
3.44161201916794
3.59996921267466
3.51709251341671
3.10297459085992
3.5591139653951
3.55084899598342
3.60017990753445
3.27109840019968
3.3383481182905
3.68184091952165
3.53806723542566
3.40812180151502
3.33821825986602
3.70569959709535
3.30806613881409
3.55487618586327
3.56252582800554
3.27183747912805
3.54648953462205
3.46193296208222
3.49821444365222
3.47191903992521
3.54027263182082
3.416582915538
3.21058526724469
3.53596032414374
3.6283581861768
3.66445481587296
3.41783825748992
3.54175855250126
3.60723950873251
3.35324288126227
3.50421330733105
3.57345855849329
3.75326514228566
3.3415601963784
3.40321481843875
3.713378564004
3.89861630983891
3.94162477258145
3.64747257708385
3.60946147029165
3.64941448121989
3.37598212060618
3.5297321455232
3.68887045447957
3.79483347532588
3.58663891470936
3.209010097253
3.74418425674964
3.73341588633792
3.55529271780947
3.71615683450322
3.72764825043423
3.64364517649338
3.3453301932809
3.75421478287204
3.65498408176464
3.57092586946484
3.50870229078483
3.45862576114132
3.65652599166811
3.57916346198746
3.31061083381422
3.50902548112816
3.73103101311229
3.37888647292496
2.99609509005791
3.30852791151302
3.24180260487694
3.5067072185749
3.55164596890799
3.73889747530875
3.31273532778496
3.76732283038834
3.58475631435071
3.51605462496798
3.57720908065486
3.42482095467493
3.5254622651171
3.47560934235623
3.49026302439352
3.36410231841366
3.3034379102949
3.66319489654819
3.66048081399134
3.93614961174279
3.61105546342982
3.80113494313288
3.68734502767648
3.4824737744526
3.63723835695509
3.41454148391355
3.42495660395005
3.3697575653386
3.52621138534959
3.44777348579721
3.56502418923781
3.81153117520352
4.02143844829723
3.42910559753043
3.20262478606492
3.44811078270659
3.34753224590272
3.17845741765096
3.65805794076367
3.64100765089876
3.41262267481198
3.50261841616331
3.56198338635756
3.63889107235543
3.52084451014088
3.63814527218798
3.6060687774342
3.51928888452423
3.58630784744893
3.22736989807905
3.31824829578615
3.61188950428437
3.70454786316184
3.56774778163744
3.51984245729938
3.56889681411648
3.63606358321131
3.42916777543858
3.42131371927517
3.42640107735194
3.41639003842171
3.65836545489877
4.32995925886488
3.92283265514086
3.59322195084084
3.45293806823917
3.68766962096905
3.46375131157648
3.57073403772724
3.52140455546708
3.19062871531848
3.51289003651953
3.88866619659712
3.50673770216713
3.39607869050037
3.4634836300926
3.52750992847648
3.3901606572876
3.23953640508759
3.54223557191054
3.409346991533
3.63384493107573
3.54912449117694
3.19859271043555
3.56342849600716
3.44462703050277
3.51550110001946
3.60369942099276
3.58664136857253
3.45178012962443
3.60753915544803
3.58887676948141
3.28027501177073
3.62144140850934
3.28510550458882
3.69621494645189
3.56562035414768
3.90272977826115
3.79035767122022
3.69901715013502
3.69636304035755
3.47119517184829
3.62540143176615
3.40821713385962
3.2788149318999
3.47986269013832
3.47668825406958
3.40915372819289
3.77936093836316
3.52631367104475
3.5162464930419
3.38475359427542
2.55224642575313
3.26038296726893
3.93961878471458
3.86677113294163
4.03861743830777
3.49345196324253
3.7111036153458
3.80316018854966
3.70857881001498
3.94351939533783
3.4509963692189
3.38969383090984
3.83414746446904
3.62226783557435
4.03905496673474
3.65792857442599
3.3890574290074
3.65683499003215
3.50921092126078
4.06778228354923
3.70281437035647
3.65646733489385
3.48703260009324
3.46904166470695
3.13443189801807
3.59458297697416
3.43019839306923
3.54318308654469
3.69206679228149
3.90088922573804
3.48962548030988
3.66269031444027
3.76365097671661
3.46781403234469
3.63741894531582
3.58006150337047
3.22480203741836
3.58215252359443
3.54001882254112
3.56096977960517
3.48708107453433
3.4909196784895
3.3104310366793
3.52165368947421
3.54879025068244
3.51152296686695
3.26547399447301
3.29224351755875
3.55501153669379
3.72405123613544
3.72767029475586
3.76709069634796
3.49609932913017
3.48199962726453
3.4354151329878
3.16884247520181
3.28234859383636
3.44814045926469
3.54517688728392
3.52863218911628
3.61034711445746
3.64192859177332
3.34649063120184
3.92910973940493
3.83031849227071
3.70431715379598
3.29994537944037
3.51653420866884
3.90294425661435
3.40423578204287
3.494483063479
3.75325449820444
3.6861979335322
3.45460822481075
3.67601136521591
3.73282064332381
3.59592931094012
3.59387108118946
3.63188532177093
3.65415258087419
3.7672682269791
3.43640514658704
3.45622356129711
3.3678191252766
3.85493046999299
3.46199056355341
3.54001720702924
3.44594065644938
3.36916086965277
3.55141561567069
3.61290948079285
3.6009266751269
3.56467233275009
3.71764960721062
3.71298584446097
3.50103171164093
3.58417233354445
3.64887832977556
3.47652991068884
3.43742919636624
3.70008504393101
3.24614072061859
3.58823290635299
3.71967691601261
3.73193381369048
3.68100577369506
3.45257565793601
3.62515020503377
3.64691648505592
3.45197810814541
3.49783809302024
3.59363272670049
3.46924701726407
3.44240999146006
3.53287561829977
3.66778838857957
3.54875738793485
3.59841144133985
3.61549514629606
3.41425967797327
3.17493386934458
3.29163097441618
3.43339631448727
3.66923181329641
3.69498594305201
3.94329668756135
3.56143305187971
3.72688421520038
3.63327104313793
3.77531076645211
3.13867168103011
3.54573018705411
3.58616728365127
3.91704313401726
3.49732130143557
3.56507214123699
3.19656560471601
3.47800377917189
3.50185382969511
3.46805067424977
3.36833129435072
3.74636000591828
3.53209546895467
3.56243617968563
3.80957467888181
3.37307597493843
3.31363300158719
3.54966477619606
3.50924362919512
3.40569651064323
3.5587624717947
3.5705441340402
3.87979324963262
3.48018411509709
3.65125910088955
3.57780699562002
3.62662024646118
3.66259554042969
3.84017978241117
3.62761318817431
3.79116009025621
3.65297690976071
3.60761939407252
3.67575517485713
3.73705778019064
3.61304910165628
3.81372055993799
3.75593953581287
3.73467028727724
3.58034036674548
3.66776543782324
3.53052657273262
3.64176005691081
3.77609191551328
3.91127247586713
3.65351828708386
3.93358706369623
3.90788969908498
3.57215051001664
3.57554728913348
3.57614060438192
3.46227291715024
3.41422660887071
3.69224888429376
3.41084885068186
3.37947362274039
4.09856823473183
4.13109078369084
3.66188738385242
3.79580898699624
3.63107109590772
3.50801783060629
3.47173430819403
3.45443738839143
3.76144022146802
3.39352151283432
3.498857261666
3.5164466416725
3.38086028834815
3.54271310053082
3.73738595705091
3.56646251757414
3.82424296338895
3.54384371785601
3.62557651302324
3.25237222521046
3.44251513855164
3.4373553714171
3.45540863774338
3.60880489913932
3.4828162788667
3.41396525530485
3.66670541558487
3.32924722857394
3.37035746075408
3.49845820710655
3.63730116280711
3.38509290584404
3.82506196904232
3.6553473812029
3.5692193358956
3.59879347173726
3.90183035152953
3.81033938511455
3.38108476200159
3.47011216385283
3.5060671245858
3.41798354276113
3.72986530013437
3.82914402013758
3.68914257513691
3.5391597621135
3.628735055506
3.53723378501714
3.43208872038817
3.7184529963554
3.55814776173669
3.44116538757199
3.62159962821
3.57417009352767
3.46231471137888
3.57025006883958
3.31550759319183
3.69668296380693
3.61742284760659
3.4927534924699
3.81300775035611
3.42970066838855
3.51819529469344
3.66880085260263
3.24511417116675
3.46305244528502
3.40542490848889
3.2236993194244
3.54246665302593
3.22084846471028
3.35963441637737
3.48663942068915
3.47771128352671
3.47268969970127
3.375612815382
3.7496679360727
3.58623952728923
3.3680643271146
3.65841444593966
3.79553543537298
3.30345226339402
3.50585494575507
3.74357129879112
3.40034553914772
3.44211150502157
4.18778011840941
3.82524792230015
4.08637785428478
3.74209858806715
3.51436701568173
3.55967501640378
3.6696102514498
3.65483513946037
3.77538254241309
3.63388164075264
3.77692206766377
3.41974163469432
3.48079038477716
3.33457970388875
3.46109366513938
3.70481102659773
3.42871918549569
3.47831788609958
3.63720319123691
3.55753985730429
3.55293629554019
2.83882043415226
3.2731954087024
3.59897665437404
3.81807432912939
3.56749314807197
3.38493793350824
3.61521503047544
3.54287313420089
3.60350240450587
3.5927313783486
3.61175554194005
3.42433727911152
3.50020383309111
3.72537083684874
3.43552651562213
3.2511234302784
3.47175818270386
3.29109935601033
3.47119917664478
3.27638125864588
3.46563570067196
3.54051624714871
3.59119466840723
3.62697161365366
3.41033210086702
3.62191086396002
3.42696726266723
3.35171341711485
3.76733822323592
3.55997770780644
3.47702942848503
3.41074608474957
3.53683384200321
3.53137131626981
3.64094383743331
3.59706813389067
3.58603368620393
3.66361604089939
3.28675676867054
3.30852275240514
3.60017294775838
3.71928645837658
3.80655819372008
3.57083896616647
3.62859572276389
3.51653059549645
3.88993238908673
3.62935793474452
3.39105643197744
3.40860984129486
3.47164555296925
3.62236169516655
3.59012139734781
3.72721132873391
3.52270605614073
3.44117670262135
3.30471557846078
3.36598527681124
3.60914782190993
3.39766606233922
3.51592760296958
3.7115754441083
3.35132361373562
3.2684838872818
3.61430282033032
3.48659254033603
3.70969116071555
3.64790080966093
3.38228722236586
3.54457515892475
3.20876438910356
3.55391236665358
3.35737799042557
3.41232097789842
3.59863745277158
3.52410372054175
3.52818630509367
3.52593782507427
3.42767798868816
3.6070870956568
3.51523105304594
3.56599494160655
3.44657474985596
3.55150267938453
3.51243717948047
3.72444737255805
3.41515458909003
3.61394088868735
3.52164505624456
3.4454632324064
3.55953931331145
3.7071434461636
3.40819900773587
3.60695619601555
3.63753644132582
3.7143623948753
3.93630903581256
3.67379283006975
3.58891638756432
3.38506920266955
3.72615858147354
3.61380604535366
3.46343755693969
3.48620862375218
3.60213539315074
3.13538190265384
3.39160590024623
3.6878019338371
3.64582543944371
3.59133683106598
3.19681826987763
3.49698149010985
3.47873461139021
3.18789283503742
3.38488787464321
3.70776752961451
3.3724007317871
3.52466955038649
3.34600442318519
3.45480976573968
3.73804317168963
3.71113863365121
3.47796382864902
3.52532178458656
3.71848068069815
3.6074057694613
3.51657436227902
3.26198728877913
3.59893087107311
3.51053297870923
3.2693461539932
3.76277986995583
3.70651313003452
3.64170461162397
3.55714048179722
3.26076245490501
3.37176029523666
3.55406894940031
3.51417951797863
3.42595834084571
3.23123471249723
3.47013488401594
3.62439617709668
3.54742888311008
3.71219956882161
3.65217155761931
3.61712063830048
3.48324482141895
3.20318410952028
3.70819659650857
3.13026942853925
3.59030909595975
3.48373010903812
3.53461839499984
3.52802905209151
3.60072513587347
3.4433276922124
3.47045994909525
3.6304916696808
3.45966393865649
3.60631808333466
3.60531798113511
3.46532359980961
3.33558537550578
3.63423035736794
3.55121528056295
3.35622722217102
3.62332798641787
3.85615982965363
3.69262612425324
3.5947134099477
3.32520333672243
3.4150839175849
3.51710689814515
3.58996112191563
3.75457685927363
3.7707596920749
3.54663849678612
3.78846206965876
3.72950896613398
3.50978845399408
3.35457979254519
3.32413443556494
3.43662366015868
3.44853348767591
3.69962075616661
3.73908890424366
3.46809720303535
3.64970378284476
3.60085568563926
3.29952806359459
3.54617911064424
3.61189910197688
3.34744858238484
3.2307401196052
3.56067347179682
3.76688788433513
3.78382664117336
3.84841205193169
3.6495718843459
3.63699517430127
3.84342907041166
3.86731811451243
3.66552033410636
3.83695554592156
3.5957749772264
3.40856833395125
3.46692350778445
3.44386888241868
3.64117280545064
3.54326819224698
3.7034731208078
3.55877999801535
3.37903196630069
3.27066868644639
3.53254086905085
3.76328543546111
3.47224118792193
3.30154061125675
3.55914031842762
3.49004470475519
3.51033323336215
3.75588796524292
3.44829698870583
3.69980217762595
3.57075739624787
3.57824342090088
3.73644363766869
3.68024601151673
3.51356375243647
3.27611577282443
3.95349664486822
3.60642011520719
3.43749318102795
3.3556228389102
3.57271542887302
3.55971786111064
3.6309101275323
3.59132751417269
3.67500802953635
3.59499579787501
3.60757205193791
3.29770524113118
3.60870272947764
3.63681564630972
3.58331293443324
3.55783163111538
3.52623860539009
3.45247770213357
3.68962743885293
3.53538494549034
3.5674646167916
3.48234468750286
3.58677581690131
3.50645828057347
3.54384789045774
3.82113137281701
3.76869919565591
3.57773975282767
3.2588101360159
3.55817149742541
3.55578885420773
3.53819381930638
3.48897835089168
3.52880492990731
3.24021119979052
3.51793822301449
3.3634892638914
3.06040330526158
3.28567870464931
3.38401696115047
3.66852026275032
3.46156221334817
3.63188231361335
3.61785684141599
3.57071815615195
3.4710763269508
3.69023718046294
3.43424309295347
3.39619743929811
3.67992641614295
3.37617792719827
3.26539500591078
3.3993513461319
3.42226741800328
3.60532351836539
3.62627077292736
3.46954796056976
3.25334712176406
3.65986168554353
3.40697493988687
3.25927602770559
3.18925641026042
3.37448263634407
3.53352130740401
3.40782318488196
3.73184872328213
3.42088286165537
3.6284444296368
3.54827027328381
3.51494470472038
3.86860847017918
3.92215909287863
3.96415055333647
3.51638071946743
3.46286099833551
3.42538222661949
3.72599792281076
3.70472046735662
3.17930156170046
3.48454362626721
3.6110900417875
3.54215693685275
3.57295018526608
3.50171320183125
3.44835073069605
3.49104584174313
3.57238089439991
3.53985303059607
3.52525208941502
2.99793166475122
3.49509447526788
3.70429320360697
3.51685417975491
3.54931052585576
3.63551980810534
3.01489071095059
3.45929717251514
3.49066485066416
3.36151271612541
3.51030256412826
3.67899818976858
3.48512211077158
3.72105389501574
3.40811359477425
3.48564622084964
3.72699939159151
3.59857499653497
3.39527485097322
3.53250373098972
3.64675116197337
3.57005087003077
3.73834552910857
3.58805311894337
3.83965058705933
3.43230138910115
3.4193975144971
3.42448490121733
3.61637273192964
3.57204088282841
3.57930084399142
3.8417949723134
3.47569428889181
3.32357530544385
3.53608989309518
3.69565363111773
3.66389830580243
3.62624468289342
3.4961845718258
3.76785209179034
3.38270812740196
3.71952066513537
3.55698668000186
3.5126090948207
3.66871535284203
3.5694390172197
3.61108575770344
3.45608769082706
3.47223997221818
3.30912971755607
3.77708221006085
3.57995370168422
3.36039294787872
3.4965790865336
3.37128491950885
3.10312724352361
3.18635392223748
3.31611273762313
3.49659222984812
3.51864166662194
3.51064517135841
3.61915123846469
3.58604914659852
3.4541176642358
3.7728653634648
3.64203330098109
3.33169280879597
3.64651593412439
3.45356581663975
3.89075758446213
3.94996307489723
4.02543866710312
4.01843460629506
3.89136507073999
3.63651697985602
3.43583436828044
3.74116892094529
3.54904274486021
3.46208218798326
3.2921910093735
3.37673180716659
3.41874025337353
3.68611809505379
3.52645553652532
3.75644128633475
3.36046129793938
3.33889797597087
3.5987211932988
3.47966859755368
3.5239383270446
3.57077335141763
3.88231722795879
3.54685402259867
3.50015555070083
3.80441027109524
3.60287834524422
3.14334096759169
3.51067452963639
3.57070179664096
3.45139013657918
3.44862658886191
3.47627561825788
3.42548087810063
3.48846320864181
3.64356622382718
3.41586459491361
3.62221202310655
3.56742724786587
3.5743200759883
3.50839816346119
3.58615824953901
3.65791904177774
3.5920578940327
3.57019315479224
3.47752320687805
3.65894147425394
3.58260108360414
3.56289600924655
3.41808915046631
4.00810734906357
3.94361115145499
3.39128458178525
3.30047900968781
3.20409871030601
3.64874037436699
3.47632555233942
3.4891426457378
