-5e-04
0.9995
1.9895
2.9145
3.67183591795898
4.19367787255394
4.48613212304589
4.60293373798685
4.84474885844749
4.96134282807731
5.11213517665131
4.98046272493573
4.90097988653945
4.94608605495075
4.97974025974026
4.94887845592071
4.98586387434555
4.93789473684211
4.96777601690438
4.91671087533156
4.93643162393162
4.93763440860215
4.97234273318872
4.94111232279171
4.9671592775041
4.92277992277992
4.93003886729595
4.91010608598548
4.91521617069062
4.97515527950311
4.9460839954597
4.98171428571429
4.96947004608295
4.94073213248112
4.99121779859485
4.95232489699823
4.98154761904762
4.9388855602157
4.97951807228916
4.98055893074119
4.98961514966402
4.98772252915899
4.95061728395062
5
4.98630136986301
4.99874843554443
5.03077889447236
5.02712933753943
5.06793650793651
5.03061224489796
5.07110826393338
5.07317073170732
5.08193548387097
4.996765847348
5.05266579973992
4.99542782495101
5.03876478318003
4.99407114624506
5.0026525198939
5.0180602006689
5.03838383838384
5.03615279672578
4.99723183391003
4.97995705082319
4.98353293413174
4.94524959742351
5.05291005291005
4.86912065439673
4.8953488372093
4.9203187250996
4.98780487804878
