4.5667361332841
3.31134303196031
3.10377380357887
2.65750635579906
2.48099119090016
2.40741640079679
2.31138843624413
2.28164526374127
2.27133901100009
2.31471597179773
2.36535685250855
2.28127166844997
2.29399187630902
2.33842558406627
2.26962693894153
2.28938933744067
2.33366225279769
2.33731197966108
2.33451796858812
2.37327578050039
2.36296833376983
2.35849856521705
2.39195877130876
2.36726386218961
2.37271826178239
2.38220118956033
2.37427477776899
2.34107425990662
2.3303781303394
2.39068910297272
2.35873729571469
2.37648537634223
2.32909982759723
2.36718472029097
2.35638746193957
2.33542869385424
2.34254484783753
2.34202724406067
2.34797199842524
2.32630170917111
2.35615259144559
2.34266678985194
2.31506121611178
2.36683269149305
2.31288823042477
2.30831307336541
2.34834664813374
2.31079251587312
2.35215599086756
2.3161509971405
2.33235001619034
2.32938999785417
2.33296128159252
2.34132790133686
2.31299487335893
2.33001912841774
2.33082464007697
2.28807028640172
2.30260570256321
2.34280138827148
2.35765866411421
2.32604038592899
2.34420401663794
2.32789250302086
2.22785577291827
2.2704035015076
2.23370176509284
2.15769823611985
2.07885163425319
1.99234206423487
1.95907209559912
