-1e-04
0.9999
1.995899589959
2.96798078847308
3.84990487633924
4.55247564527468
5.06611486827496
5.41651450598499
5.65444919568316
5.86080998159133
6.00411734431292
5.91628725165563
5.96674288089794
6.03163169433135
6.0186426476749
6.00136726966765
6.05223723089911
6.04062367416207
6.06350559403303
6.03948213139311
6.04630425440481
6.04572414536827
6.05478411802994
6.0332896747435
6.01283739302172
5.9956948890606
5.98855173946871
5.97640348915231
6.0213555130943
6.02225485765929
6.02713442325159
6.01779603011636
5.97843542096811
6.0376095985233
6.01940281166492
6.01507185418857
6.02847058823529
6.01480691779199
6.0011900511722
6.01315632101423
6.0203125
6.02957865507666
6.00704225352113
6.02489626556017
6.01398258309825
6.04361754558896
6.01348509216875
6.00087021382397
6.03364182091046
6.04689464420417
6.04219835754896
6.06565079365079
6.04411014788373
6.02678457003717
6.0070748649344
6.00710410746577
6.02218762164266
6.0149876189235
6.03800288297733
6.02673018393542
6.0303800856531
6.03900853311662
6.02457545216071
5.99985702030312
6.00689758584495
5.9801282051282
5.96942922777876
5.91761827079935
5.8835992675909
5.88867110936888
5.9037037037037
