4.16882782763894
3.77890311287506
3.59768040189059
3.58009004577411
3.56658915947107
3.58229850826176
3.58735465816976
3.57006027717267
3.56389365689627
3.57355720655732
3.55469208866956
3.54375211238412
3.54191718625584
3.54789368102363
3.55934240900208
3.54438882697611
3.52853608318445
3.51768290599633
3.52509419276609
3.51932056952277
3.51824856451289
3.51977263549639
3.52116868306844
3.51202333823191
3.49873313615883
3.50627075579159
3.49609038234697
3.49623947132576
3.49830636796901
3.49317738050302
3.4921131615262
3.4924338497329
3.48809498466042
3.46190160997672
3.48139128098585
3.46793807755834
3.4789684138462
3.47210450481849
3.47438485931055
3.47060736859636
3.46401303357549
3.47763303501523
3.46670431961368
3.48715930118686
3.46904238723635
3.4713740438945
3.48362256391789
3.47991145184865
3.47920104865141
3.47637922697455
3.47660567111226
3.4652416369852
3.46724371353826
3.45385364594855
3.47579601296344
3.46708498748043
3.46506352425949
3.45036627929095
3.4689825729477
3.4560223480181
3.45415575366895
3.46008964204434
3.45916744729225
3.44942849954468
3.45405597243566
3.46062143779014
3.47259180318784
3.46779999931615
3.46099123191188
3.46190127785786
3.47806293555403
3.11511704949403e-05
