4.16878629712104
3.77610479228074
3.59856783977637
3.57846274517353
3.56623092531975
3.58249958474569
3.59009373572575
3.5708306035023
3.56512761930801
3.57433142839731
3.5561146874184
3.54195473372908
3.54187058112172
3.54755823699386
3.55476056833358
3.54454915171247
3.52706699324774
3.51873829587322
3.52513966583717
3.51924526469133
3.51630707125514
3.52044657448192
3.51917950043151
3.51633123100147
3.49920855125326
3.5042271378715
3.49574035767822
3.50014456289048
3.49935608576259
3.49239105785608
3.49338286595529
3.49129567002707
3.48641165541151
3.46746548991908
3.4817514921571
3.47235321550904
3.47992706452318
3.47418424927939
3.47418597537906
3.46791695238908
3.46270392835419
3.47591106661535
3.46769629020662
3.48644641952474
3.46956976084787
3.46932585072045
3.48134940904218
3.48050181604971
3.47679090810708
3.47450557265473
3.47177177132465
3.46207048093533
3.46494546249967
3.45363473238884
3.47735905102699
3.46259544551484
3.46238898702388
3.44764008812525
3.46464036023797
3.4560819799113
3.45531481811225
3.46029262284495
3.45726744961567
3.44851465948959
3.45726772034894
3.46039783730243
3.47529543689606
3.46445309396354
3.4608717429002
3.45721837066907
3.47734618880349
3.11511704949403e-05
