-0.000166666666666667
0.999833333333333
1.99516586097683
2.95748582860954
3.804670558799
4.45475832078943
4.9034969737727
5.18969594594595
5.40152542372881
5.57624234172907
5.71467717074842
5.62745098039216
5.64680483592401
5.70804438280166
5.70050408482531
5.71009942438514
5.75034989503149
5.71674573888596
5.74448561849303
5.71790331149283
5.71669927085186
5.69844670594537
5.73008451717317
5.68403908794788
5.67545934145898
5.63860933211345
5.64513160316584
5.63945955950398
5.668652271035
5.69351817159985
5.70551685181698
5.68945275516001
5.6516276413478
5.7041363462275
5.66692367000771
5.66905638442162
5.6871704745167
5.70235756385069
5.66837640560268
5.67103174603175
5.68168228024716
5.69061436862117
5.65835010060362
5.7008287851223
5.69557270511779
5.72213148223765
5.68675686756868
5.68581428865555
5.7026299440878
5.72808661253383
5.73749214988487
5.7258776539836
5.69550538088204
5.69768920924316
5.67532467532468
5.67436390848835
5.68571428571429
5.66666666666667
5.68585704975016
5.72435756643971
5.74234354194407
5.72330860867611
5.71533180778032
5.67589962121212
5.68542389687655
5.63727826317183
5.65089959373186
5.6118553248493
5.5711813067936
5.59478827361564
5.53513513513514
