6.03811176160137
4.85533060681942
4.87851791898781
4.93036596009146
5.09551993622954
5.04219130379277
4.97671964325454
4.93686357973329
5.06613307534547
4.94252814335708
4.97146250059367
4.92473229485474
5.01449070482098
5.04102103886462
4.970373367804
4.99779573596437
4.97021795885318
4.99080941895813
4.96310968640832
5.00484991051016
4.98182907802263
4.97217259188642
4.94498803367222
4.96286242652903
4.9941257917791
4.9709238404859
4.99708570495447
4.99793212517257
4.96421073762809
4.94254169787202
4.94713870023836
4.9677986882185
4.88363351848776
4.98189840354413
4.90707789641446
4.92895974230456
4.94431747114652
4.96482340348714
4.92015063219239
4.9145326396024
4.9838525288084
4.91826742594266
5.00042682746802
4.90059381949975
4.93106780202537
4.97911224201363
4.93328479397588
4.95239842505661
4.95724571812735
4.97230954831134
4.88598881252074
4.95648642957058
4.87519436341026
4.93840367886601
4.89079136081146
4.92073636832084
4.83950596534431
4.95288230441418
4.88345902513369
4.86982976904037
4.89284058612702
4.90800372963044
4.9007807625628
4.88382461339569
4.91167799954629
4.91907331740765
4.93925809820425
4.88497414927183
4.98487632596313
5.23135815629695
5.24952384608618
25.0096836248028
