-2e-04
0.9998
1.9944
2.95219043808762
3.78823058446757
4.41584754262788
4.83655783958081
5.09090909090909
5.29215765948801
5.46321581414306
5.60861538461538
5.50329489291598
5.51157024793388
5.58041087362523
5.59380199667221
5.60859586897559
5.63402385436284
5.61391340899538
5.6288246465499
5.5958933107536
5.58030206339077
5.56388888888889
5.61204301075269
5.55505083279256
5.55755864465682
5.53792349726776
5.52437417654809
5.50839222614841
5.55493895671476
5.58001788109075
5.59326599326599
5.58023019634394
5.55162241887906
5.60684931506849
5.57389105952655
5.57235171936303
5.56953488372093
5.59124941506785
5.57310766337565
5.56477541371158
5.58660014255168
5.58138424821002
5.55038387715931
5.57552397012768
5.56160735899298
5.58219844357977
5.58140102514035
5.56873315363881
5.57790927021696
5.61248761149653
5.61482955959194
5.60565141285321
5.58498619131308
5.57225725094578
5.55901722391084
5.56779445433732
5.58973704365586
5.57179487179487
5.58673205988642
5.60861618798956
5.63679493937796
5.61216324353161
5.61062906724512
5.5592363840539
5.56501320810097
5.52573760200879
5.54922813036021
5.50337167790559
5.47008113590264
5.47440794499618
5.46467817896389
