5.41812709908397
4.5668543346148
4.08895226779716
3.7194933950273
3.33339110212776
3.21415288383851
3.03493405673248
3.00544105676453
3.13522796229816
3.05087179920819
3.1575497223194
3.00261203222689
3.09256677880199
3.01924633659843
3.0318504561994
3.06555658271193
3.06903520292234
3.1061489329444
3.13212776393337
3.1447213247396
3.07955121688801
3.08551242272678
3.1042999160371
3.09521523942626
3.08541573631152
3.15502311878154
3.06774664563937
3.11586025745503
3.08829052834445
3.12165379745034
3.16205030161504
3.1342054676011
3.10843264547688
3.03784688818728
3.07945664385926
3.07102799722309
3.08425213327607
3.04150261208396
3.10261443881249
3.04103499475533
3.12501683253954
3.1013309734645
3.04638482636844
3.12731441433665
3.077581296492
3.07835021555938
3.16871487784171
3.01939154667644
3.0406409762262
3.091397687772
3.05058288059044
3.07427031970406
3.10742947475181
3.0376329792465
3.12297168658329
3.08625241875444
3.05697425197057
3.05751657657718
3.0908768862999
3.03545282548733
3.11721124602155
3.03454161402606
3.06538099510648
3.11698480361885
3.03944909230638
3.0396939032127
3.0782425637033
3.01775789084949
2.94322875059687
2.81379731700235
2.66293159320539
