5.02426851474253
4.29052436348975
3.97747188480005
3.70575296314193
3.4327186399645
3.18734071127726
3.000413191422
2.93713687250357
2.89875328326809
2.88395893586385
2.86388182367572
2.80698923675509
2.85452693557894
2.8593359337109
2.82555861339294
2.81593907848116
2.82482540839233
2.82294797075963
2.83166029220065
2.8428147282596
2.82611271935363
2.85868066579753
2.82316165590375
2.8425493492028
2.83709135652575
2.84522208146227
2.82884058720838
2.8370730003207
2.83105779151264
2.85875743421597
2.84021674351965
2.83649116967775
2.82915856079805
2.84276408339327
2.81978638715294
2.83308424460383
2.83512543772585
2.82278929579695
2.82317631601872
2.81644869497999
2.84729843123659
2.85050560624199
2.84260645739927
2.86830157645643
2.83264655366531
2.82364948243565
2.82996779054266
2.83127793723215
2.83285657178312
2.83668132645288
2.85423686882894
2.87055288231208
2.84483550173625
2.84345139016155
2.84873052794227
2.83418564207618
2.84196422129099
2.84570522340719
2.83314413771374
2.839152380993
2.84618492440453
2.84032001738043
2.83352256957766
2.82567162156379
2.8159979396371
2.80919474781817
2.78115854205936
2.74747123238552
2.68389473174595
2.5695419320154
2.38129282923355
