-0.000125
0.999875
1.99562445305663
2.96386144804302
3.83018395695157
4.5087212950182
4.99936924435474
5.3182452136427
5.54345336556814
5.73655295771049
5.87498392282958
5.7881607858343
5.82197117257499
5.87912374494719
5.85583464154893
5.84051497635313
5.90694609199947
5.88594515829911
5.9194729136164
5.88534010423627
5.89957035445757
5.88921832884097
5.89652834282615
5.87389108775761
5.84577387486279
5.83905668183699
5.82893640655374
5.82232155328957
5.86496350364964
5.87200112898673
5.87205673758865
5.86649550706033
5.81986242476354
5.88550829127614
5.86104254392333
5.84742298145715
5.85718488012943
5.86874074074074
5.85654761904762
5.85248354278875
5.86197564276049
5.87892512077295
5.85085054678007
5.89004276114844
5.88442056792018
5.90666460968837
5.886599535244
5.88605230386052
5.89852803006577
5.91057934508816
5.9083715777813
5.91701112877583
5.89280587015473
5.87626222150986
5.85580946250402
5.85259414902214
5.85960071416978
5.84466177669112
5.88362563514178
5.88658940397351
5.88807093859796
5.8901303538175
5.88722193481635
5.86614313760485
5.86367041198502
5.83533413365346
5.84198943661972
5.79161372299873
5.7472240365774
5.76066699362433
5.73279352226721
