4.99627739910044
4.26348890160131
3.95830130126079
3.69279491336393
3.42701278973996
3.18336383373851
2.98600738573607
2.93106780381271
2.88450628961076
2.87263915997701
2.84766924231971
2.78868926691908
2.83262096026095
2.84450005339054
2.81624722167866
2.81434731707125
2.81835227613173
2.81613681888399
2.81642173492445
2.82452725181947
2.81908468520773
2.840328979041
2.81139446717736
2.83419560019194
2.82336453647358
2.8380415340919
2.82021792965674
2.82006747326478
2.82192758884998
2.83944073480295
2.82531748436243
2.82088694093252
2.82020939389558
2.83514451969847
2.80706994216063
2.82746092583393
2.82892382662795
2.81155114758971
2.81855862076342
2.80966981371007
2.8407063185994
2.84364877168627
2.83462750043323
2.85436990373186
2.8167380264856
2.81760787555192
2.82555284924988
2.821388757488
2.82249638786345
2.82849906715672
2.83255689275469
2.86016919260163
2.83171386768518
2.82658549853611
2.84065764562462
2.82752369696845
2.83079619636573
2.83627482216418
2.82794357388525
2.8243406010153
2.84189070762794
2.83731490351086
2.82655282949692
2.81257028475064
2.80955578321268
2.80200757896968
2.77827143115141
2.73657452446286
2.67871148686533
2.54507596217832
2.37209195673786
