4.16837729733963
3.77457589523454
3.59442257607757
3.57487577055744
3.5641259960327
3.58377580103084
3.59214183654491
3.56639549834667
3.56852043911797
3.56994071413534
3.55063470631339
3.53676667112083
3.53958064920979
3.54250584188378
3.55025287702211
3.54260774280894
3.52576716965648
3.51595916739917
3.52516677038972
3.52083800150585
3.51439648161031
3.52109968174271
3.51975858884618
3.51461472091261
3.49999697224896
3.50520967111627
3.49410324610481
3.49871840912517
3.49977426083306
3.49084012186942
3.49107885286007
3.48875612473644
3.48419198320494
3.46778345307968
3.48124075543616
3.47225879720193
3.47830487326097
3.47372578135226
3.47495633743546
3.46787579424356
3.46398473837408
3.4750506472261
3.47079250813881
3.47917051920029
3.46759725887498
3.46954782055868
3.47772439180768
3.47935857371488
3.47889747555908
3.47675949144605
3.47150202263099
3.46103512886776
3.46297526000091
3.4564509959397
3.47450250903127
3.45720012344934
3.46067032840952
3.44798828982875
3.46511538011868
3.45840485573531
3.45845055231946
3.46366218843483
3.458928396567
3.4513982003128
3.46149520335484
3.46010299392718
3.47585453336137
3.46293684147233
3.45973645250931
3.45915343612853
3.47580420945775
3.11511704949403e-05
