-0.000333333333333333
0.999666666666667
1.992
2.93466666666667
3.73391130376792
4.29588766298897
4.6567013772254
4.85309973045822
5.05745184183846
5.18021680216802
5.3296928327645
5.18882796435915
5.19209621993127
5.24404556437694
5.27102803738318
5.25893786879556
5.30640668523677
5.27132867132867
5.3057213057213
5.26830985915493
5.25717321997875
5.23282306870773
5.26048011465425
5.21657657657658
5.23508137432188
5.20611798980335
5.196336996337
5.18275607958732
5.17481481481482
5.26266766020864
5.23652694610778
5.23956374576909
5.25236473704124
5.25095201827875
5.28204144282425
5.23939861218196
5.26498054474708
5.25833006664053
5.27057896809768
5.27132090440301
5.28508771929825
5.26530612244898
5.2451690821256
5.28611898016997
5.2596505485575
5.28186274509804
5.29455141335518
5.23633374434854
5.27460711331679
5.27087660988783
5.29257095158598
5.27044025157233
5.29040404040404
5.21401435204728
5.26825127334465
5.27614169867691
5.28571428571429
5.26152520465317
5.28825314260945
5.28827646544182
5.29489436619718
5.2875
5.30226244343891
5.28350515463918
5.27769643728648
5.2312925170068
5.29118993135011
5.17007251153593
5.17083333333333
5.18717948717949
5.2265625
