4.16495115000451
3.77373004844862
3.58693679869262
3.56721818396646
3.54854550904794
3.574961300105
3.57469349464004
3.56062247547504
3.55218581733521
3.56685431175294
3.54470692384802
3.53051569015264
3.53661468883853
3.5399642200317
3.55893493398374
3.53325859883989
3.52034680938904
3.51065031338998
3.51302866324862
3.51077353601638
3.51913855435854
3.51879838480918
3.50596367665735
3.49903973714036
3.48396462073836
3.48956547841825
3.48217002885712
3.49154924513829
3.47936344674706
3.4818255651244
3.47865240030493
3.48965327945345
3.4882694747228
3.45697362073922
3.47610051942549
3.45776478534748
3.4740598874582
3.4674772597077
3.45925871687119
3.46374319806334
3.45619081509161
3.47240299844387
3.46598634036504
3.48614617038452
3.47143973110084
3.46456220746588
3.47027161315527
3.48974559255823
3.47864065229623
3.49010679343464
3.47902970971647
3.46475353930412
3.46438717706644
3.45482275945725
3.48155363653621
3.47064873050892
3.45678834051726
3.44196181207592
3.46841782201206
3.45052269637588
3.45029326125599
3.45880499381983
3.46294996651996
3.4371015000758
3.45006740548902
3.44465608852462
3.46259886276589
3.46491685824368
3.45547192550745
3.44194140038863
3.46183233542967
