4.36452004541732
3.83542557232982
4.25385493499413
4.06241777374235
3.57453986144601
3.66019626052188
3.73354184596444
3.67519230314099
3.67116532275993
3.39572536662749
3.0698244920073
3.21921643473402
3.00106596775501
3.03694711184958
3.17596462414879
3.06055569915795
3.47489093173861
2.91146899771234
3.58064551416281
3.41677680204545
3.14224396245913
3.12861833286849
3.05184085137833
2.96927468552038
3.94268547053033
3.05956153353464
3.36167553388385
2.6446773944611
2.92079375321133
2.54714998225137
2.67932910638564
2.8250763600786
3.17084018568911
3.12491655922591
3.47981068998053
3.17601603925821
2.82083585137008
3.52386238410364
2.67882396621404
2.80230685677558
3.03075477338664
3.06012208933441
2.92987074990346
2.55159684676033
3.32785686905078
3.09469313921404
3.53733723190586
2.62656529395351
2.95426418213345
3.15163220407652
3.13598289055612
2.57713586862815
2.96014056160089
3.20406527910701
3.21118899666871
3.18457901926854
3.24383917185813
3.22582100426879
3.29774589444553
3.34367594599988
3.52832085637088
2.65381899139522
2.85440688236017
2.66766147953467
2.91473105932877
3.03541285532804
3.24427173858183
2.79851277500683
2.47053146696452
2.55279515769973
2.67954630141044
3.01840700146871
3.31476150222731
2.90577219388286
2.29911001936578
2.50060776828323
2.90929592078649
2.82972675993795
2.75008421215062
3.40161678388494
2.96445839879312
2.91134746115754
2.78830822458784
3.35051027841126
2.66920625120404
3.65899660531695
3.1503873404674
2.9388607267992
2.76373694739981
4.0097979001289
3.27228184649425
2.96098268959572
2.91746275778528
3.71187114316115
4.47674702153779
3.64912996154009
3.49485461664446
4.00668824360663
3.37094160373217
3.59280689318335
3.41563323445461
3.46645348501335
3.23924718094011
3.25240476848173
3.54733013250108
3.51707415555926
3.37526266987609
3.34321256452651
3.45761349720424
3.55685494506178
3.23460255202199
3.40794133754423
3.51170239848027
3.15733100524073
3.20485143860338
3.37271792465462
3.59492675565286
3.31393399408687
3.23153789810619
3.55376645546355
3.3234247986822
3.60293854644361
3.28503430921927
3.31687210892781
3.31051611522117
3.45870600864607
3.64488097239689
3.36851941134303
3.8587896432739
3.17476907039435
3.75979221635013
3.48185645506183
3.60095056170121
3.53107784971801
3.50643991470664
3.35387573975447
3.41512927658105
2.99105943776095
3.1176926892594
3.25360612954801
2.74130496144783
3.04331274570655
3.23833012047237
3.2192904096909
3.54081076623165
3.40438168700166
3.26894859890086
3.26820352228454
3.21229474871725
3.40218293622801
3.66678704386324
3.36413802242468
3.51088555891973
3.68951661386568
3.226736449414
3.27080047348782
3.80037177023005
3.2473655733266
3.21341234538811
2.24722361654036
3.36324895379425
3.30138329043346
3.48276681373086
3.43364917133687
3.31150935088213
3.13479790468373
3.25078834485246
3.40965954178559
3.40114660271865
3.33013685871975
3.34954905091851
3.32312834461663
3.34115210563462
3.44998093855291
3.38292971774125
3.3856273435698
3.32202135347861
3.24142008933283
3.29674599515299
3.15756431662843
3.46387723134222
3.35492018897307
3.34177625674208
3.25554593169132
3.41491652767161
3.39293255970655
3.37456661095569
3.2982549321893
3.39037325972378
3.18145636848264
3.47573478003645
3.46039352402799
3.4821619695743
3.44047505154513
3.30460968359016
3.03692486414574
3.44613143407523
3.45765871753922
3.23270974913056
3.1555292876893
3.50630833558452
3.08397981456477
3.70316566839888
3.20743463876246
3.36228104632488
3.36857412430697
3.1317043066394
3.28142798801489
3.36897802676911
3.17982138648279
3.17796095743903
2.97698559977365
3.28999438370227
3.38194251201405
3.05541788579366
3.5163803119402
3.27269194319201
3.53144019186144
3.32890280955542
3.31481539603571
3.26792905645639
3.1948999130826
3.28412871114498
3.1478006674942
3.41084289960548
3.22600017718361
3.2660577653646
3.61852213451413
3.08073465014795
3.20920188437068
3.07880898125459
3.38587180491553
3.26912139510219
3.31766279014795
3.24976376227237
3.25217263200055
2.83250796645978
3.37848715954069
3.06094592013458
3.41095951821069
3.21021139543865
3.30922230027213
3.10675631403588
3.10974616324076
3.17947448843538
3.25921129438475
2.80351732246355
3.29496600732644
3.38215958786396
4.13179952199036
3.28083537813551
2.90480736657489
3.19903459622774
3.34595202974468
3.48960250281158
3.29125272815484
3.21923898860604
3.25950278413083
3.40383869282066
3.45466360254997
3.2931287552342
3.17275839644868
2.93158366309584
3.07523027913525
3.00406849825069
3.20688579079749
3.21937146346348
2.85586667728115
2.97187205428548
3.00089667078032
3.32840447677604
3.15630918307132
4.00787739861917
3.319595157742
3.24204667953378
3.36321149989226
3.81554686955597
3.08492677356564
3.59265241704355
3.18331411938472
3.43160137341477
3.58162963221716
3.44482210589125
3.1414872131183
3.07282726921529
3.29610562478512
3.16624550443214
3.36082445539408
4.32315249906244
3.19513919853703
3.28465582965839
3.40449333188035
3.10621816658511
2.66809239793146
3.27531514562693
3.14433330471244
3.2494128822941
3.29033646345203
3.1204909672402
3.31365129574502
3.3576635948205
3.24960138175501
2.99656494441309
3.24358191187324
3.23615298604909
3.2051193722342
3.02099343432379
3.20015627033856
3.3974660493942
3.31176138258242
3.43081628073199
3.23113395345955
3.15723449194223
3.15127703631781
3.35905414196075
2.99233247719087
3.0328112318127
3.41613532424674
3.24123126779617
3.22617287639427
3.13349419116761
3.96514489025777
3.16009740618357
3.19938314306628
3.1019031699549
3.22467648898385
3.13400135468736
2.98835547051194
3.29427498883566
3.2561696678076
3.02793688588439
3.14303594583935
3.38933411479616
3.04583774254109
3.29040531948747
3.23313195242099
3.19414193689369
3.39746373435317
3.35310775410407
3.16283920514454
2.99204208535782
3.12313875533781
3.4673699578305
3.42900563582543
3.28482065062619
3.62749920507071
3.37037420771268
3.34268240657746
3.3033635633323
2.93584012346048
3.03368313511993
3.17197287191948
3.02231709593608
3.33443574921211
3.3141434819063
3.27457824378059
3.05600122351786
3.12939963070491
3.12572917402254
3.22389090615147
3.2098766118468
2.94007711941352
2.85836508440737
3.09703267277164
2.6815352935732
3.19227987472968
2.8903751834286
3.5026105604177
2.73267062496488
3.2926202968475
3.34324693818754
3.04550523854787
3.12035269850026
3.19265511750165
3.04777332226936
3.43092419234642
3.19342530972591
3.33061665406923
3.18262859149767
3.20403440104052
3.30358665639685
3.24066830596796
3.92916232441
3.11102686669321
2.91799211449298
3.19243598196671
3.29357683424453
3.52860221976187
3.43723586753295
2.72721224244093
3.13196504614913
3.12211316254989
3.12940805030433
4.03466949441044
3.14693971832112
3.28444021345405
3.53602028563248
3.566659246909
3.38950288789125
3.4789060810075
3.29124145899795
3.07650177985025
3.4569627319406
3.24082323898893
3.04908565392238
3.44635859464378
3.58212702394114
2.97846625539641
3.15649053140739
3.2940099720468
3.12546402644621
3.16090380386306
3.09270211190609
3.30325423933727
3.36395181840847
3.24029140989366
3.32458294083485
3.21383698482851
3.08043462427448
2.9634495533525
3.10975494557624
3.17753924368206
3.3279982169933
3.38338310980754
3.16767573130294
3.11743592049156
3.40017014070133
3.07715701421496
3.12266936934166
3.04136333512815
3.22949117988307
3.19346724831257
2.99605026931296
3.19800426722726
3.20328912644311
3.14271825828809
2.73695203287971
3.55124467245217
3.52664527830599
3.21636811795222
3.59419184714591
3.08443811578337
3.21578662386086
3.30731638704423
3.07141168662945
3.22495719507575
3.27122783803662
3.26268432289653
3.11464810993611
3.36940553291968
3.03289812719763
3.21165057628214
3.4729112945139
3.2322799673254
3.45429676529626
2.97315669825066
3.17719309483057
3.45418616993047
2.77744504905876
3.3019414209367
3.04213687218878
3.79310375833472
3.01336714831572
3.13043582306248
3.10063760838568
3.36418071439629
3.28320048169659
3.14837012602545
3.3281472834038
3.36732878950473
3.12298766597823
3.14422288850898
3.32653439372963
3.15891106553769
3.45963812705642
2.96878466520026
3.38699364855367
3.13846193309363
3.13928338608345
3.25832237692885
3.01096472660662
2.88238883439781
3.01729721503878
3.21441487996563
3.08526445283312
3.12822045577135
3.10563787188297
3.08782405396252
3.01326511007016
2.96143601799723
3.41663701980147
3.12105768204883
3.06351132319641
3.01221722268275
3.19518983038138
3.06874076057907
3.46368073484055
3.23462179234619
3.09670330529314
2.97154092167068
3.13133250183015
3.32897521001199
3.1417062139219
3.04916863960764
3.14820128114343
3.12496136857536
3.16934874601044
3.36514295928282
3.11059194145519
3.2605038039755
3.14866618940103
3.19919016029504
3.28165750481505
3.31993663691712
3.61503521984556
3.22206030604226
3.28473609579587
3.05054854258763
3.32277908208309
3.01821542275745
3.29427886113743
3.42799772553913
3.46577037716137
3.02338628426974
2.88856512262602
3.28735661538792
4.04747543903188
2.75567137545712
3.68900968509545
3.42899096464368
3.29870333354267
3.52866208848612
3.33091836435805
3.53383905150615
3.09825136504637
3.55560859529026
3.03789223204037
3.11823649910476
3.03528584640961
3.05674968417589
2.99773058799267
3.22597238147058
3.45561787217189
3.1993852457586
3.00050006492677
3.05193657338501
3.16617689261807
2.90861441079671
3.33441100918604
3.75850685089976
3.11517645549064
3.2665008479451
3.09706267692019
3.11537164005198
3.29261028268346
3.28215818631121
3.14770989451001
3.03688882313645
3.29117503068095
3.52346798543402
3.17490172435961
3.45927453542423
3.68468226608802
3.95027668720171
3.27608306981617
3.26527589753693
3.20880771581123
3.07942577137527
4.52771953985925
3.05816634599532
3.38205125876785
2.9226733216564
3.2631302053665
3.15018974362201
3.52708237183513
3.16695220901349
3.97859179774772
3.26935080890266
3.05043027611912
3.03549306700512
3.05234184194886
3.039264379531
3.15666307985811
3.42505668033891
3.22859010388854
3.23852545770503
3.45226343870546
2.93006818027967
3.85388175436675
3.13077899077457
3.3756304799711
3.42121668241215
3.10356989528447
3.18988881881112
3.3045759973478
3.79333540167253
3.01038462112412
3.37815509957837
2.85638776734135
3.20332091572092
3.36776833631912
3.14165154200003
2.96773133573035
3.09549015030253
3.07350191449311
3.3962925557061
3.36083521291654
2.98468894880798
3.30115767859581
3.08696964095648
2.94035359105069
2.99426492353758
2.93286111674397
3.20560337530911
3.1462041512162
3.20373678458588
2.98466187331051
2.88442468340305
2.45627717061659
2.97651705697403
2.8296351379992
3.1136933391996
3.19129951234055
3.18059513719749
3.6965924712534
3.16053242739472
3.10509162232858
3.28589923706165
3.3520415381386
2.94041232911191
3.20769688098117
3.70071749436212
2.46798658287216
2.93213710799112
3.1998892010445
2.76981945845153
3.2427416466976
3.01428376779128
3.4991960126715
3.35513203949102
3.02269954261663
2.73926818033663
2.98264425558132
3.17458356040073
3.33435280767757
3.04390861453536
3.48587326559812
3.37652878089269
3.51932398102799
2.99398479791473
3.20403022282546
2.9652045811735
3.31736309028568
3.04403793828942
3.33511125121244
3.16546299038352
3.32285678470361
3.03010972218759
2.75550485712794
3.07703974578626
3.04686240669453
2.947828591815
3.1725161310297
2.93910293342828
3.26190970998981
2.99820754329566
3.07292533323741
2.83760721546624
3.22340100045245
3.22353790872168
2.9197430849419
3.06003961084145
3.92169788939213
3.14664565174227
3.11508357660017
3.09663124934637
2.92275912112663
3.28088134809545
2.90029877238418
3.12639178667724
3.10607346959551
3.01541801456394
2.77299005661515
3.47432825129271
3.2262748328228
2.80148960578236
2.90640195184206
3.19802372081185
2.98885458241666
3.11310107960074
3.05165431684492
3.17751103391105
3.19327632141851
3.03799147806056
2.84011283845628
3.28825495968813
3.27137008286642
3.05356362108631
3.49418016980723
3.29152218827009
3.00127829082058
3.05685350499063
2.87004110823011
2.95542811496087
2.8257151227096
3.15635405894711
3.21674511403236
3.07243225075463
2.93881097223683
3.17636073578749
3.17278492673862
3.38020371483399
3.17642664245124
3.27543905699176
2.98569830122693
3.37389545303182
3.48096481684472
3.29770739909663
3.10744885605314
2.73111611392306
3.2498038696686
3.09026505045382
3.07785234381063
2.89838308114478
3.14119265235654
3.05669083843131
2.95922348915331
2.91856521073492
3.00625884546501
3.19522452758273
3.26294152528466
3.16650568438732
3.06233031438634
3.51334193983967
2.93491341540526
3.18079326664155
3.21569839045065
3.72458040060033
2.92509580901082
3.07886773505641
2.94796276846681
3.22888686606792
2.93256646791911
3.04185828740189
3.13090527999147
3.19202214954805
3.10811625172852
2.9162536355265
3.06563361030422
3.30251260839361
3.08628822021036
3.0090255668379
3.08859552070695
3.13201456624787
3.13364120741258
2.9408837373296
3.00937188666639
3.14326953371757
3.04773382984222
3.082730482502
3.2945690122344
2.98546696928216
2.78383442812728
3.10049983643858
2.75257319555777
3.28092437394102
3.35217577279635
3.11212508706205
3.38761893990695
3.25896545529545
3.32240008330926
3.16880296038505
2.83392446162005
3.15945568208896
3.94953949522584
2.98352554714821
3.01243009521345
2.84498818078182
3.56242366516015
3.04423286581659
2.98303734520098
3.04393213776744
3.01499667022692
2.96676682009151
3.19421423650853
2.79660018889442
2.71340205127892
3.26761113156288
3.3130805724922
2.93118932880278
3.18937664942963
3.08663353304678
3.02135312469128
2.93066112683037
2.79927588984396
2.98633952009804
3.34923203820924
3.15604611044473
3.03945424205239
3.2587418169135
3.20513174639898
3.28654913230507
3.54810897428361
3.07755761564902
3.09057083957939
2.95410178022023
3.49955426674663
3.13649091896857
3.14784798040846
4.47247832870903
3.22060334892698
3.05056035573221
2.8242208665393
2.83750252513981
3.00118445956113
3.23750539313053
3.09049221015628
3.19093263019089
3.10981175046294
2.66972969164426
3.00315430417744
2.73129852199801
3.18173891862961
3.11355150079472
2.86365756324313
2.8047192190742
3.0933671083958
2.90987725301408
2.88776516500703
3.40176037164223
3.88576260761935
3.18042759322406
2.95552677565207
2.82346680951335
2.94243954095948
3.22754967015293
2.72809106442484
2.91298022385105
3.03533168341577
3.17705974488972
3.66530805506976
2.64593107351664
2.87057452964706
2.72942441947374
2.74591025718166
3.11219682521584
2.82615290816823
3.1127914712275
3.00333645193946
3.21641712442033
4.18199120897189
3.08283079348233
3.19789429305395
2.77999103638407
3.12331718627168
3.21714667381267
3.23678625822742
3.05498435764984
2.91886923686391
2.94859660024678
2.95893733799112
2.85360015092939
3.02234079623662
2.97659413744462
3.05217380365694
2.97135151729214
3.65493526872987
2.76698312478158
2.99159373226913
3.1427116257143
2.96971951031962
3.30448969270822
3.20484066320679
2.89213584662687
2.84997891009578
2.82333016923767
2.75890239604724
3.0023844621536
2.92486260732929
3.176543465552
2.70632286920424
3.11122390169393
3.13725406159336
3.12452404969737
2.74581118053061
3.07268645731548
3.09412782738003
2.95811859076931
3.49197645323977
3.34548976443888
3.34103024035945
3.32833054965703
3.10348066595983
3.22548845503327
3.26950719272384
3.24460641704748
3.15786968682005
3.30855186825213
3.3875298300539
3.26208583147832
3.47811993508271
3.39363363390986
3.19004069425934
3.39660907058232
3.16315657608612
3.17820145767998
3.0211535349953
3.38791997545912
3.27140128233358
3.43765719123712
3.25069699450412
3.02774962155727
3.24001518160726
3.16186278752364
3.30497195512216
3.10524848464615
3.3974663003405
3.56006554804677
3.22742560222543
3.01093101624534
3.33772428811744
3.63151246467696
3.25977781890919
3.49714379193296
3.3626232468316
3.19253277357256
2.99203870999475
3.2752072435091
3.13533385936321
3.39235663661145
2.84382294623863
3.22551291482619
3.35899798332355
3.21653268286406
3.40073102652297
3.37784100013958
3.15215085564578
3.24370273396598
3.02416630609155
3.28878058543461
3.19072994243664
3.09076174400991
3.10282169139864
2.74682377756721
3.08615175443087
3.26637577321166
3.01445806871228
3.1653963264862
3.2210143328772
3.1877270365273
2.85162832214028
3.0990480023936
3.91839089133728
3.04011534749695
3.18252901113201
3.05922093444857
3.04695904064194
3.35287022728069
3.09816656187944
3.16555884620198
3.5229365052701
3.78705201384695
3.06434364979582
3.09766544771924
3.16050259605058
3.0367378931552
3.17102919223367
3.06398231995132
3.17303799993493
3.12879104228952
3.04830001618679
3.05582414657113
3.08118939362704
3.15541675611687
3.40156736892937
4.23628826023875
3.9024588388711
3.08623274478964
3.33041469559369
3.10278009435733
3.21195700725369
3.15154055813673
3.19829069733436
3.12434937149431
3.13564503704093
2.94724255577869
3.28510513675915
3.35430325070135
2.94469189781999
3.02916455847521
3.19245533461407
2.83029679847937
2.99250930958014
3.1586880682271
3.25643208528497
3.13413370448248
3.33477973527288
3.19792818493173
3.25579060406136
3.1801086476612
3.12818769292933
3.35354147849265
3.9844137851179
2.89498943645831
3.00055830869434
3.15020143870153
3.1660322555836
3.17676075136384
3.33723465617843
3.26148689614354
3.10246674253395
4.22951669381655
3.20610847468837
3.33635590399558
3.06837907026371
2.74243443263985
2.84412000013457
3.10168856218571
3.31947642394626
3.27358679045022
3.13828610887177
3.41799928273869
2.98280378289312
3.11526815022668
3.10664321912793
3.23367567453219
2.85546480715444
3.46979815951646
3.27869548698514
3.21713398972498
3.34617272911217
3.14571659207743
3.06492245460781
3.21249711157912
2.9930817793448
2.90545015048827
3.26315768936093
3.34550206379662
2.97680513709896
2.48792849716122
2.85098391592405
3.02877360194934
3.28488763642661
3.12414704293106
3.39029607372202
3.57851584508077
3.3121107394484
3.33846287768365
3.77979623370689
3.19432113410705
3.15560341969943
3.17107647195693
3.53654432320972
3.33014039998864
3.19792886125976
3.13487144648144
3.6339251917404
3.31371526396667
3.06999653481786
3.25817737710643
2.78589172581071
2.8868445893367
3.23896714825928
3.19786002353864
3.01290865826092
3.00737892739055
3.02942103156398
2.99770496404662
2.8189586716553
2.86986529206554
2.7080600148353
3.14020017628991
3.77041136320639
2.93030937199708
3.29879774753661
3.33289152219188
3.73431843350291
3.27803377704838
2.91853405561032
3.01057965793452
3.20771360885126
3.09752377305166
3.16696412711205
3.44050570428493
3.32794613406931
3.18946980779277
3.27974388898075
2.9733335046733
3.03581039931401
3.51986490994653
3.51097424012894
2.91394737413523
2.96602975181178
2.97199927707978
2.9230339649262
3.42827827416913
3.26827640695326
3.27786558630466
3.03254842079252
3.29393381700517
3.05504104460044
3.33485992639649
2.90864505678365
2.97666995967732
2.8803305964707
2.87339102817844
3.02164395259152
3.05381369378094
3.66630896131412
3.03957470365213
3.00388102038902
3.23389614796907
3.01678354142568
2.97844075730135
3.11402368684228
3.05314588166235
3.07416611142147
3.4465340224032
2.97387312725105
3.54284882528229
2.88197150209805
2.79086220686213
3.23883307338115
3.12378199800027
3.078689889738
2.9865506343397
3.25827756877905
2.91556362200394
3.56897658580899
2.70360719665813
2.72706760582149
3.60859940185413
2.81589689974112
3.2202685251025
2.76407890394038
3.22842289256153
3.21637500901797
3.27168510938078
2.91286928471382
2.99911095622302
2.9450867374976
2.91326734140142
3.2841766379605
3.00685758170603
3.61163291800807
3.37256138374695
2.79456623564919
3.09123831308649
3.2529916470558
2.78014013966023
2.81145951347811
2.94039304827148
2.8845866346365
3.02000619866959
3.00663473755324
3.12549097145485
3.3201476105263
3.45096245830852
2.77916476939732
3.22159546178206
3.00215435392923
2.79691793053746
3.20960565828247
3.12956819687937
3.28655491941094
3.61117567571986
3.17176057294449
3.23655610018003
2.8498737850331
3.07071134179906
3.17560319060867
2.9699903831791
2.83791079093988
4.33960837015294
2.94287633862802
3.07012897843073
3.13413650067114
2.84121572470861
3.14988311634893
2.65262963988599
3.29582617319484
3.1837032959208
3.13164080807492
2.93554377783251
3.07510922253038
2.85441764773146
3.03859798821542
2.97203697277131
3.07939617690731
3.22181455878879
2.95682480839059
2.8029859228864
3.09319224692225
2.83203653607237
3.32688185163
3.19905601348028
3.18110210249222
2.82338860588189
3.47830370087203
3.19976708526164
3.43792105169658
2.86415957090786
3.53170124891778
3.12279574201251
3.380307825072
3.06888698162608
3.14172436785846
3.4276902977272
3.04449003601655
2.91866890056172
3.17098959640704
2.84028679653338
3.15258606935518
2.89221849231252
2.73946706713057
3.03084454237522
2.9685138015023
3.19125629451143
2.90699625155493
3.25715084650847
3.55536580062664
3.13417249651734
3.02573334590821
3.24934592448689
3.26236323210897
2.8620231094435
3.22599186745127
2.9753171676408
2.97731592432169
3.11105830050369
3.42981674989836
3.10053171227858
3.09036987204873
2.92214654832354
3.19136394828115
3.06672670340078
3.12820030005266
3.22991186250518
3.166722186394
3.15740103320798
3.13940404577398
2.87540487355094
2.95032603341892
3.11019473825742
3.10268184114481
3.1400422709012
3.22789846130082
2.93053103632593
3.64207133727955
3.28166775857503
2.90654185738347
3.16064167954317
2.81193852633038
3.08671551234339
2.87411891413314
2.82996974903194
3.24570567099966
3.01099037816196
3.1304789289073
2.89948013379565
2.60290249758614
4.111723751963
2.48325584496839
3.24412400557113
3.23690568614607
3.52959659154462
3.12036847964477
2.99643421767728
2.55347248425897
3.13103671244673
3.00988214368879
2.97372030809048
3.12614000492435
2.83231160449702
3.24436541125153
2.70962513938396
3.2623659223987
2.98727044774388
3.46438557081633
2.67837981196833
2.91974327020152
3.09321332203701
3.00819061379257
3.77618081245726
2.87294005852506
3.14732317777453
2.99475157417908
3.19314757005723
2.78637847904365
3.31926419546614
3.48041022879639
3.10835911725153
2.77765882995155
2.89197281434906
2.98444573445737
3.04571442307715
2.99483454701769
3.23408396982218
3.04001045956044
3.28782408877672
2.94720768787905
3.11098085185798
2.75093238901039
2.99165943648797
3.14160314000064
3.26180225725833
3.03834760349004
2.84813476519664
3.23587054014077
3.16308979817277
2.89487973728865
2.90885859901869
2.88236506769803
2.97618507711826
2.64374512341069
3.1434290162318
3.23087913304504
2.717546326798
3.05332473742485
2.95199409091153
2.6556861217889
2.82652578402032
3.00592059779858
3.06893854560896
3.45532830021847
2.98346288342519
3.08369602897446
2.84524410401413
2.92685116443785
2.81731599567091
3.23507554616861
2.90562273858708
3.11985013071257
2.79396451943859
2.74453622887947
2.95576741029214
3.20932449800435
3.21983014065852
3.09430688678439
3.09406496885377
3.34477003136382
3.24737685544628
3.00546183999572
3.2545973134686
3.00729201337015
2.91347972664548
2.88121326540363
2.98146520196862
3.38333034127529
3.29588190222818
2.95126765952382
2.74623911725088
2.89784118321988
3.00269775006283
2.90879702388235
2.92010575229633
3.30470241229766
2.66105640067551
3.15932034419772
2.71918482835702
2.76343923619865
2.96944889558054
3.11037807134849
3.46216188026165
3.0338117659938
3.10043650487228
3.12365896460818
3.22369415058919
3.12709669161514
3.22239569390447
3.35018948925456
3.00877475520272
3.42005085563078
3.40124599470869
3.25947590949326
3.12528895510288
3.2856257151614
3.13620153126675
3.05214066676196
3.05470926463536
3.01805796424732
3.13415762215858
3.15585923549322
3.1837946164424
3.12947711696999
3.33432418218801
2.95521496316766
2.95945129312567
3.16316663805128
2.91663195536214
2.87508193746491
2.83368308708884
2.84867762353329
3.15041590000988
3.14460221038427
3.02407840409812
3.03084348718134
3.28596973353376
3.02400404160309
3.22944525779532
3.17125381292054
3.23307653499505
3.16770251989234
2.87888089577473
2.87094825887664
2.9376426034534
3.20619925283356
2.96656583180685
3.24561377090812
3.03411292763981
3.04000587778273
3.07711959662935
3.21903428264874
2.66102559741722
2.96229256592025
2.89774241333797
2.98265974773277
3.06038852902609
2.97023514397384
2.95717061730931
3.19228162671215
2.89068465660772
2.48439361224065
2.99353414765272
3.05697692237964
2.76799674057405
2.80286353450937
3.1754944735529
3.10986988657181
3.04462402197388
2.73501607011988
2.73805302692941
3.09069537475095
2.90210854184587
2.81742970140152
3.0697547969214
2.73112471767328
3.14447564033172
3.00912960228094
3.08492714028278
2.83405003584205
2.54606333122659
3.09088680255592
2.86140381712661
2.98889086367439
3.12349338379098
2.9577304591603
2.89815751993005
2.90614824511508
2.91731269762337
3.29644283434973
3.08015020858598
2.77822758891556
2.92216622511173
3.07093952441384
2.66036870304645
3.1471200817495
2.76494151558868
4.16869666144764
3.25385403767365
2.74513684855319
4.28754604479867
3.1215662475318
2.88839536957246
2.9775088824942
3.67711348934807
2.82358651215831
2.95511016523362
3.29413126082599
3.4746524026723
3.83853760167454
3.37848553499605
2.99951703384517
2.69064960127043
3.05894611958021
2.30558823110704
2.91570636867562
2.6798205361298
2.84980777309735
2.91092852869723
3.13545243405036
3.00267932931207
3.04689638506744
2.90248782469919
2.82475711182103
2.94147670330728
3.20307029003618
4.27551490700097
2.83913407670742
2.8139253474982
3.28376030021144
2.97540684641317
2.58372845353385
3.16498648395925
2.63088679956692
3.18197132477923
3.31345489542674
2.6782860376682
2.79229222678568
3.12353154232827
2.5166896684189
2.86810159431615
3.0370971108099
2.77585745813552
2.48261144241359
2.77914207119077
3.22111200082874
2.79128839418124
2.87174902641595
2.86325767955167
3.06041538679702
3.0307826998571
3.05350510786753
3.20127952348184
2.83131552289243
2.67194535478968
2.99974615906271
3.31886183175925
3.01370412279947
2.93518194539521
2.53801309598055
2.8060013369933
2.87494017059406
2.63151462123453
3.02026221224182
2.91931405490572
3.07879176312574
2.83210683172698
3.1077192950343
2.98816532977866
2.86319056686924
2.5554243008346
3.20204818319274
2.78009840725075
3.2125865976199
3.01348582874071
3.45984620413579
2.9755766764919
3.2334460382322
3.2237165094309
3.30305082985776
3.04542040370363
2.91235119524761
3.41794251035724
2.87563971715516
2.83960131057464
3.05764477899777
3.04283781639332
3.1313909653937
3.01594264946158
3.07131131298904
3.83266132619471
3.21995556914167
3.14949468336063
2.70728304091816
2.85108284022483
2.67186167061017
3.34916616877417
3.13902937822267
2.84037390764383
3.03435289999719
3.02948596739226
3.33887694178314
3.24454816626649
3.199687010786
3.47284841870231
2.99263455873716
3.00054079550748
2.52090847533517
2.68256555756245
2.5750375781687
3.30596858957627
2.51966179231876
3.16738785457591
3.04962458299837
2.96068466984165
3.13676622865182
2.72451534962068
2.79550198915906
3.18075386354492
2.92088021154084
3.21920952719134
2.89873602451435
2.66115720177628
2.80841526439514
3.08548354781437
3.04152440318184
3.06898142222591
2.9170643762634
2.69585246210443
2.8566059631567
2.94646293705648
2.9934173278694
2.98799578980082
3.11328479401836
3.41548062576389
2.94538957097344
3.0791535510668
2.69118380357089
2.72976543636477
2.94834077556076
3.07079540693049
3.10810989636232
2.94833950618771
2.72443426410746
2.75803070830018
2.90477936617974
2.88754906863397
2.66231049053802
2.99062920563641
3.1251593148971
3.01475723827108
2.87970361933018
2.89791399993917
3.1072306475839
2.87825100408425
2.93486653074953
3.17098995837183
2.97480835187162
3.02849120265482
3.78137670702631
3.15935021526637
2.73619214906594
2.79464967726413
2.80513124301516
2.87620398515724
3.03377212208703
2.84336812489537
2.94207434087472
2.78599849542972
2.85263533872496
2.60609378037852
2.70303613987313
2.85602431823218
2.83736702455718
3.59126865211484
2.88338679983701
2.70913623173016
2.94061030864862
3.06495856974512
3.12627124680681
2.81832980604483
2.81086328869311
2.64994898540881
2.95343399378891
2.98142636802326
2.74793471138096
3.00485824662004
3.06779734876964
2.91573711471501
2.75078335964884
3.15486244016452
2.6812605683146
2.8960889430291
3.17349910655925
3.21855284676317
2.81897079158345
2.8627097850807
3.11451613662675
2.76854546555156
2.71858366980124
3.04325817703616
2.9712712269844
2.88056729569738
2.79048783452038
3.07923424506787
2.63720960822297
2.98350834939827
3.65975329530418
2.88526288968695
3.07448651783635
3.01690704682367
3.5449517255159
2.91547862188097
3.8220918138549
3.5958280432039
2.80496268468032
3.03124576233921
3.09001683670157
2.95265595642773
3.0291863230185
2.82176153083908
3.12067862746523
2.64866343721429
2.9333355370266
3.02305827374957
2.49509265595743
2.83174263226387
2.90031397045856
4.20089642086971
3.10114086726498
3.0263983264704
3.04260224758535
2.76402704363605
2.94277546297633
2.95103631625018
2.94539890594511
3.11842981775508
2.61522579179415
3.28004606427973
2.7834918658156
2.9278779701351
2.94691746107536
2.73658009515472
3.17110931715609
3.14228850161774
3.10595042166209
3.21729485663537
3.23722783042297
2.95428442986654
2.96925837266112
2.94140647333479
2.9701640886149
2.98508130501169
2.80943723443681
2.98089086502664
2.91873584994367
2.95214773455012
2.97534812961514
3.23062816784864
3.49195274301692
3.11693099084619
3.09417361565074
3.13894492627698
3.16914578386282
2.59025054459317
3.48781443836501
3.20287961422646
3.0739174266323
3.00049467230813
3.02591828440405
3.09828901560366
2.88008043921318
3.57417329627896
2.86881612856817
4.47133027270803
3.18275736409672
3.05796927054443
2.88268334327954
2.72072370989911
3.08358711428228
2.61947795367415
2.89387626844101
3.02146232305412
2.72416851887988
2.94502189279995
3.22563682316938
3.1650763081264
2.69790596875861
3.04804628235318
3.05920131485805
2.82987178638105
2.80122349161734
2.87539308058271
2.91747962470808
2.69512694916563
2.85021818583599
2.97074805113094
2.70348463823963
4.1114518909127
2.93778343562066
2.73761460286789
2.81143749202424
2.8367352883895
2.98337479770222
2.81868061778461
2.80324135641583
4.01383564191704
3.19889872587695
3.18320375592097
3.09182766409306
3.16626247127788
3.19370437719515
3.14235588628482
2.92005047731122
2.93133423478101
2.84256891695261
3.21906578343339
2.47952114991255
3.0453001046994
2.89138146118625
3.04297999045994
2.99127757870894
3.07817423667633
2.92570472642311
2.91044978385252
3.04002122671445
3.1567439394318
2.79744956315525
2.76566795475389
3.32252677471162
3.11339657894716
3.02332441513603
2.96545904692805
2.85250190472136
2.97733461073309
2.73702719564493
2.66087870778878
4.00481332495732
3.13058312151495
2.83850464665477
2.82631014987977
2.6626444307648
2.77590326641879
2.9665433771184
2.92325251429202
3.31294577866769
3.2571419136176
3.30370962477388
2.91747621274505
3.1506841159643
3.07788328195541
2.71218738403731
2.80945137208382
3.27393776644664
2.81431963492748
2.9786470232488
2.68968183492544
3.07634862405536
3.23009908489572
2.98990920115023
2.79134833856602
2.909923133623
3.05154326847342
3.05536769029902
3.35172240311696
3.64773610386011
3.23766312972793
3.10915107056955
3.32151859542442
3.22068799443329
2.78683327858596
3.04371082627572
3.07010107641112
2.9588023212093
3.50704531034359
2.70829938019885
2.91999463243086
2.7850011876819
2.90463423409026
2.85859770646104
2.83649655445116
2.86279046667403
2.91682917858006
2.62879989077344
3.08878035662742
3.13976103805581
3.3619046996032
3.12609281586097
3.13867701038481
3.09097222227545
2.99946274431748
2.84297727103405
4.1155623328131
3.37803078575402
3.2866650984485
2.87069162186367
2.9942569125992
2.71102095428213
3.29144055248063
3.18545218916628
3.2011034929286
3.04455761276759
2.89359236649861
2.87135752013837
3.1424550134247
3.84034857888893
3.23572259886067
2.94030273173134
3.04082153765049
2.85387782470729
2.67374144024469
2.9766420403307
2.94880167890545
2.79569775036307
3.17976997305331
3.10616412605057
2.84427700034546
2.84964666147882
3.06998298331277
3.11880214750748
2.95968278482171
3.18600803596954
3.01717960451326
2.79808856326694
2.94019517036217
2.8787867922614
3.3047273317726
3.1151595343273
2.8938802201433
3.01884490497012
3.43336793525222
2.838955506742
2.88290996879429
2.87501744465736
2.65472705299197
2.96794033832315
2.67461602094709
2.78491075084805
3.24571553144017
2.99473247253638
3.33977721525697
2.79119893663001
3.02956053910252
3.3835150187546
2.74279716154541
3.00759811248217
3.2980890339943
2.72725907474512
3.13272191551875
2.86052608231109
3.2582459546789
2.75381723596935
2.91281324925581
2.87891371401993
3.10829040410723
2.95933791496668
2.76961240614961
3.0557320528184
2.912582464492
2.77497531635464
3.21475679064351
2.99646001074218
2.91151397540609
2.93494309551708
3.15278134805289
3.22155968392228
3.0990807332367
2.95066866509443
2.63143592654784
2.96891715868689
2.94977995141253
3.12426503203656
2.7554314118298
3.14149238591863
3.44198459888382
3.4817146573097
3.1896380022018
2.99251144601294
2.74249745663472
2.92292112930521
3.02608646508766
2.76621368295057
3.0756461101425
3.24585151947147
2.68896365017712
3.07918263857125
3.10215581380065
3.26041797847555
2.8381623779374
3.31741302931834
2.85545432367021
3.11851338136331
3.16275249768002
2.95315975232835
4.47917692082454
3.15462162128197
3.06620848452488
2.91908432302583
2.9365744892187
2.67227758938683
2.92140297495113
2.99433646965691
2.84778417218579
2.95079137171209
3.31426897245099
3.02051658842966
2.867936966915
3.10099760876774
2.87505294283399
3.26162363767499
2.98277582061489
2.71045958802177
2.95956173316666
2.54500199054558
2.76918679275015
2.79018059650437
3.00809281453737
2.8285250039133
3.0860268219381
3.04314154421322
2.84104944342895
2.83540665010364
2.72995526205107
2.95922032159428
3.08651581420637
2.93726689980948
2.74678996999886
3.5318641382274
2.89558367255394
3.20276228307991
2.92475957429781
2.79367766226837
3.19062724995164
2.80020650085857
2.82860506113911
2.85306748572274
2.97535665283658
2.70808719847749
2.82712497004128
3.15614671343513
3.09339114131688
2.79196937648954
3.04246306021764
2.88214358528857
2.83639281172559
3.2594089744868
3.01416530335555
2.67864195505192
2.87863906986606
3.07537489388239
2.93574873289122
2.88186061386845
3.03339637717611
2.96199274326482
2.97718156363512
3.11075644538163
3.01360750566854
3.23269900742943
2.98156499246223
2.9760113039028
4.11744410886666
3.01802422624088
3.01137001721324
2.96922591639837
2.85055553644551
2.80962571157198
2.89551166776001
2.90179739757505
3.01280100631445
2.96265639949465
3.0492340854191
2.85635384501459
2.68086730024314
3.00990532952303
3.01370982150103
2.76666488516449
3.21891518675856
2.93663803484554
3.05472560702015
3.02001128694354
2.74163074928546
2.6996396626622
2.96751459178728
3.44635781919736
3.23471788503153
2.807929001936
3.06225568986359
2.72630041368535
2.80020257173088
2.90342138266765
2.71113291169692
2.802833092519
3.04911660010826
3.15164840707399
2.93366421658542
3.12384842324894
2.74160059089301
2.64553335347153
2.74794002606771
2.871875812706
2.81898826103347
2.78603842122169
2.80389800909263
2.71387155305466
3.14824313830899
2.74150678342884
2.93990657733108
3.01190261227374
2.8609473744143
2.92888966858088
2.77221357129357
3.01186482879559
2.76411545548627
2.88196544227111
2.76830281176596
2.69806955802631
2.80553660325222
2.7757980600262
3.01761790059664
2.9923394675125
2.8604917321509
2.76364470300449
2.85078879088283
3.02928485790925
3.53726545441112
2.92890143614591
2.9280005049069
2.78773368170666
2.75288123780795
2.68118899654765
2.93559807535743
2.77916725004066
2.83146061790148
2.75299921395694
2.8226737400082
2.86614646001838
3.18022176068216
2.80314516571363
3.09963732463518
2.97490640444684
3.26428287442809
3.06247437249011
2.99644412407901
3.25747699173934
2.80797063683522
2.48551001404879
3.9724219259837
2.75976870162452
3.12625184280116
3.07220985570206
2.95149624499403
2.6269291452482
2.79091177275538
2.60506850742192
3.04132130895291
2.97103131306944
2.81737961617331
2.91936739142319
2.77516800227108
3.08257733709399
3.02168518530462
3.11561055384042
2.8261791098117
2.99262906791219
2.81405856804103
3.28103916683693
2.95724908752324
2.86924797048767
2.80293537951314
2.61966965284862
2.77198809241832
2.95187777104227
2.84806379569431
2.87102354388599
2.86457803678846
2.60520933415608
2.59710045604706
3.04506265093483
2.83765994803497
2.73393799213986
2.62290398089949
2.88703116711885
2.596846694587
2.85746643227651
2.92380041951684
3.21416563834811
3.05295353293226
2.88855542790058
3.30353447731627
2.93822406176066
2.74817977235823
2.9426946525365
3.126020253614
3.07210477162327
3.08994932691742
2.83930426926294
2.93402489035379
2.94155986186735
2.90216945250818
2.87484698357972
2.82416525127688
2.86188668568513
3.06727973425488
2.70177217804095
2.86477918675279
2.90421345084801
3.08031442736803
2.86599817717243
3.13767210017831
2.83458838447294
2.76870834478322
3.97494828966982
2.69880884372462
2.74994476331561
2.97062703642192
3.05369198985383
2.63915217847922
3.52959598429452
3.01011356317538
3.31949468982882
2.89340835315043
2.95207016295341
2.72686541247581
2.90668882518692
3.5170335920424
2.63985738745876
3.18595055517964
2.86935565963164
2.96651879370248
3.12754925460041
3.17586228673262
3.24622231696222
3.19587933444394
3.15093763996007
3.21789263056902
3.11537463680326
3.05212720864981
2.8274216058576
3.22798392184446
2.85823600740949
2.80720173263158
3.29205949403455
3.2312827435527
3.13669935877724
3.67299635643705
2.91677707340839
2.90672997659145
3.60304522499067
3.21668454995562
3.05049315502606
2.83786363803583
3.19566109257438
3.07526746459125
2.99595973000584
3.20843313829878
2.9866498713057
3.10719887726622
2.90317947925766
3.03891877917144
3.12910072036604
2.90516121308841
3.19882747815485
3.05866480528566
3.26135305830007
3.22957885205367
3.32967035583394
3.03419238711966
2.91910614766344
3.06466856957109
3.0601775624443
3.03981920849492
3.24730028017323
3.10739550434627
2.55807502026702
3.09210657582785
3.28589660864725
3.25143238559943
3.18767052777573
3.43719833304053
3.26036386657211
2.93630021617451
3.16643993755405
2.87822003137193
3.3804703573015
2.98831367863213
3.03768833554881
2.81919607334075
3.07233935331742
3.15233073273817
3.16642910557152
3.21515800965975
3.14704656650902
2.92529587515536
3.10134521415222
2.61792701147109
2.75190802943135
2.87951794737282
3.07952561502866
2.91985596964878
3.09708527889423
3.14729634242523
2.97986417427906
3.15934173367619
3.17847651299129
3.0297726049687
2.95795879665292
3.04541362861725
2.74238364207191
2.82774326567058
3.04307134743308
2.97562501970418
3.2387879264425
3.25750226821603
3.24930370427853
2.92673424059893
2.96036667930915
2.70285202133321
2.91101518888442
2.92240238404425
3.1371586425574
3.19650799586727
3.12599486558293
2.78515081265468
3.01364430642615
3.41629621483799
3.01966213962198
2.95798786168878
3.04721226383163
2.90464640575239
2.81919043054765
3.19186993867564
2.99217783480806
3.15963081817054
2.94670531849686
3.06804629840885
2.97012548776055
3.03789669594114
2.9252638049302
3.10030874412441
3.31097823658664
3.01376339096933
2.99649588525704
3.06474093820992
2.9232192176188
2.94554864664155
3.15894353763508
2.93733206679001
3.28903751692869
3.04111049643726
2.99472023814477
3.09772623574745
3.10440579728385
2.70449129119349
3.08834672425853
3.0953592195728
2.92260854818307
3.0185207483728
2.91675094096751
2.89073376829273
2.85208953022281
3.02454606778415
2.9809851808937
2.88887208842982
3.25973533719255
3.03799873536667
3.23815966027108
3.39799862282715
2.71856899900012
2.7531205099027
2.8501530633473
3.22047438617938
3.15684129037151
3.12380328908016
3.33930363215149
3.3397786456251
3.14054172876489
2.88960011540601
3.07569008558169
3.0767519997342
2.81027468329088
3.25675195443301
3.16916098379007
3.68822992056371
2.89917985187126
3.14431124882512
2.46478996932776
3.48897271678532
3.23006247506347
3.19977431909992
2.94945174666367
2.89668512722475
2.80560190602543
3.13868547953992
3.32840087165481
2.87748968762493
3.28129155576309
2.91749455133216
2.95069652920744
3.07539930292287
2.90016110916335
2.86514250648209
3.03335982236223
3.18881778125583
2.99666734346488
2.81411712106351
3.14485217716957
3.1184865501374
3.17975564179561
4.3487813396987
3.11096144231201
3.28215198008725
2.97615645111155
2.9628114291412
3.16751478882269
3.05067483887538
3.15549379409692
3.35304531440364
2.63226024000153
2.99048899923544
2.64914673970063
3.04889186835722
3.20990531526588
2.64608206098567
2.82728128051795
3.19034164647144
2.8784824584858
2.76876502663592
2.8762502316626
4.04034484807079
2.68999202331742
3.1045289430165
2.95754430135916
2.96647758512297
2.78129114324075
3.27050597307676
3.17907598347566
3.1020376135575
3.1797472267387
2.89420694865669
3.28705466068532
3.13817555108247
3.49178264679183
3.14857924253825
2.99902521138307
3.18198027396768
2.81261611424038
2.81220699922179
3.0330842171881
2.82980039627014
2.67307016478128
2.96490176674657
2.98962997633401
2.96413165937698
3.09030441039989
3.05971394821824
3.17196530437755
2.95748159924351
2.8669481821701
3.08674082879121
2.94752566563808
3.21028337471449
3.09609641061494
2.91219851279878
3.12879479244066
3.01317945270762
2.914417299756
3.00622131635201
3.25294740828859
3.18046535524766
3.02947577377119
2.9845656855424
3.03404018749013
2.95014893763086
2.9579277673756
2.60971214306534
3.01761022376919
3.00766413726103
2.81228179348045
3.28337112349959
3.01483794528571
2.96079988018158
2.82301904258814
2.97474119884326
3.00684748901578
2.92094775637008
3.03127352068282
3.15285215179809
2.85112021736015
3.15905849792685
2.92644527223946
3.19340280642145
2.9197597619338
2.83340597092647
2.98413969468876
3.09329388169192
3.09684896725985
3.1031471140618
3.03156895060489
2.67162921143461
3.23618886647183
3.13803716475229
3.16035675316564
2.8439951245291
3.04266160223562
3.27674893013209
3.06328525106195
3.27745054974032
2.84921968319772
3.12287995530402
2.90111250121652
2.7330971998832
2.77867469683792
3.07224511360602
3.13550903932969
2.99325013511285
3.1101838646083
2.94248588954873
2.80298934556373
3.12056059516655
3.26292873029649
2.97258708856813
3.01771004042163
3.03669026440771
2.74130816564928
3.17380919463592
2.90417752715467
2.79203778025342
2.65134486460828
2.9545215120592
3.38817281564468
3.13567741673755
2.99077086989688
2.85774484877165
3.02724179840467
3.00865236603539
3.06783662409468
3.10912498209841
3.05238973243414
3.31611704576302
3.09990262817465
3.54646760647585
3.1756472300643
3.18690649348902
3.15282765279549
3.04343671115038
3.06452555570485
3.20729889218972
2.946677814606
3.04636468434774
2.81989473303803
3.30280648134183
2.71377971663616
2.84738691069819
2.9965459871549
3.27301962148394
3.00537895412213
2.86078228107081
2.89066701298066
3.05308355298935
3.12405704577022
2.61658082863993
3.25271404804812
3.14838403392493
3.32892497370063
2.9216460167584
2.92732930965019
2.87869545035007
3.15577617320159
3.16340159546615
3.11974052168644
3.046513927649
3.01986240173025
3.03373790532496
2.89949311394064
2.91594578977722
3.09280144467982
2.96429791393681
3.08464457693544
2.99468108642956
2.98983993511806
2.93672613452195
2.91811090502735
2.78716148439292
2.91272895472038
3.03144481798289
3.08028139841858
2.79128208664678
2.72860980035807
3.27953836743929
3.01270713811163
3.04791420061611
3.36394785516811
2.46505239778109
3.07525763506258
3.13400421352013
2.99012405507064
3.1003393733105
2.99486973990679
2.98727253434684
2.96735069681001
2.88512991951453
2.97672525886615
2.7170768608418
3.00051492072988
3.2037158116644
3.09225248024157
2.88603215001068
2.94224305106026
2.8483105309001
2.94459199051892
2.65348381795321
3.07571924963819
2.88790014689107
2.80910950531349
3.17832438253174
3.18423017530067
3.14549912640118
3.00691444695145
3.03592314690949
2.9571988666973
3.69256467696804
2.64233386066667
3.13467609186974
2.86520614317959
3.0483528664181
3.07077569682381
2.5510383168613
3.28448090464252
2.64414281785925
2.86519849362778
3.03406662972208
3.10164898442778
3.11386128014332
3.00555857085776
2.61124653954671
3.10310267453981
3.22434142927958
2.77909725561197
3.32340761974433
3.15729005562088
3.01464772038043
3.29304489387643
3.20184351775418
3.01692080573823
3.39367388421226
3.03174807934676
2.9250237395131
2.98673645773893
3.15986030595645
3.04120381475171
3.28088445391245
2.98081975691109
3.09972303720784
3.26291167599307
3.01223285448404
3.18777420007772
2.77009117646468
3.10543851339099
2.68630911724749
2.97395841484599
2.89629046772754
3.27040474494739
2.81721530420798
2.95504655381694
3.11461364062913
2.75758982046653
2.84056978181573
2.93956855094557
2.87919336294142
3.1215086710264
2.86796904922703
2.97425874675114
2.96413629478245
2.92149451800116
3.1555811488735
3.12050053606513
2.9596797287891
2.76440647161788
2.75202679703841
2.92080659869298
2.8578076462045
3.02067991941143
3.03098524625138
3.09965405492333
3.22649263761946
2.96572414493813
3.31093540977715
2.82234716280395
3.04108080330185
2.91352246435142
2.85511899811043
3.49941274045865
3.05561081388121
3.01397982750529
3.17118921776213
2.89877781730026
3.0237792645948
2.99790764647443
2.80055842588576
2.86035368953665
2.8067919770336
2.74050658066425
2.85062749132348
2.7732323730906
3.16733084321885
3.16522923853543
3.15452657977962
2.78015443974621
3.3793040852346
3.02906476132229
3.02852279451332
3.29599391646601
2.91518939658117
3.11833381772754
3.34514575373358
2.97218637915211
2.78062878184493
2.88553450285384
2.99124464661425
3.0969501212136
2.89598049863171
3.03543016466236
2.74634208945139
3.14846559214655
2.88619597109556
2.90182426222521
3.20742024579333
2.71340168016924
3.30466634224036
2.62839192503722
2.88044377850899
2.92864115580407
2.86720460046238
3.42151424985616
2.86269732632008
3.14100377627116
2.74129670416156
3.05881111642408
2.74597758793579
3.13111932257909
3.19848718464748
2.50679663807401
2.73998765670183
3.18113869796635
2.98808254056947
3.83108406199517
2.78883327134113
2.83876297184039
2.72918174347356
2.87149356209638
2.99660643176689
2.85499984314855
2.72632587758438
2.888687363832
2.86281404258
2.85077815103958
3.13957435538186
3.02388388730735
2.8298827758261
2.87300113660594
3.13384583460124
2.89519025181106
3.18431371943041
2.92132992608529
3.39870520650282
2.88882665557889
2.9998992661111
2.77858354931506
2.81473034474502
3.6527819747155
2.97993132666217
3.47654400030391
2.98206350485122
3.07937011236313
3.28274428500889
3.01529272691146
3.10909209759326
2.78589145941441
2.8621967712977
2.5125615906621
3.0890322945975
2.74280623147702
3.1696107212518
2.72063891238264
3.0538081866754
2.83066138355061
2.78254621925256
2.8581346620159
2.88438609046809
3.07010645201832
3.10769579107619
2.86918722157603
3.22372670556196
2.9325212012237
2.76661701903647
2.8852078934477
2.91619307885653
3.01100442232309
2.99796355325599
2.96456215361347
3.26243366429396
2.80356741932636
2.84218202924804
2.95867283990818
2.98115059553085
2.787808007521
2.97650054875258
3.05767215448854
2.6942826181534
3.37041231975859
2.90382304423126
3.1806957142727
2.19672463656071
3.01111859504481
3.08397391281226
2.80989747788044
2.8638537476973
2.61866876603231
3.11522079121274
3.85693177331481
2.87946430718252
2.92184448265391
2.69270755550612
3.01693786382921
2.86632242486636
3.38454022869517
3.36779359259965
2.564525677724
2.89268130028602
2.88617415712259
2.21039334499397
2.28591697215894
2.70635321641497
2.63307388229098
2.60576203690555
3.10700211502505
2.62848585796614
2.6970497055181
2.75450439950674
3.22832944668686
2.92375375355074
2.86628558057645
2.59943794846791
2.83438279266772
2.98291229534716
3.25991200253264
3.17966767221094
2.98237233190269
4.45141467252663
3.16412910408667
3.24638868752018
2.55059810750286
2.88594621765908
2.87388786321874
3.43541946650762
3.21701123940301
2.71779358385912
2.88811372731492
2.77813667113538
3.01342185403171
3.16903845329154
3.14318494334726
2.9960712990124
2.60817194947083
2.7288187183607
2.81786957316959
3.69113688599412
2.56612240101432
2.99791240344315
2.37553487742418
2.78021257044622
2.68315290144663
3.09001991302291
3.02536935324382
2.70609883998749
2.80580640341409
3.08397910082406
2.88840532113786
3.02735324094693
3.18674349765079
3.08253488979681
3.16156510181631
2.93705127594083
3.20249238766718
2.7435343091417
3.35161383566288
2.63458022036794
3.12475679765221
2.80538802629436
2.84929338565626
2.26263499369331
2.77167132658174
3.71010041226659
2.91197591050628
3.03603121157287
3.1579654496644
2.8918547665327
2.86745054164556
2.9449184438131
3.03339604910318
3.15658833313731
3.00375938321723
2.71035675198626
3.28576590871147
3.70835436807453
2.8327808103555
3.16889237780232
2.71056567985373
3.02318389912068
3.1274049072555
3.03931815496874
2.97922767158719
2.82081022864744
2.85070015452955
2.7749229581363
2.39449843803629
3.15452949374517
2.69250839734374
2.84837704443675
2.83189232129665
3.01803145611975
2.79146899263521
2.91667941213753
3.08349517657755
2.92218946412
2.33299497962358
2.7822099699676
2.77336103474735
2.48341637047275
2.94855838879617
2.87782767684282
2.80368485017684
3.71132017640679
2.56271564695607
3.07219245711537
3.03710043550964
2.67627477833265
2.81405222499452
2.70538663408184
3.06725958309724
3.21361593418954
2.92770404327467
3.06544571071867
3.02196001448542
2.99168206396696
2.86859115682907
2.9382669740853
3.77673318926673
2.68137746404872
3.01659625810263
2.74200750567413
2.72788511638499
2.96182626659148
3.03931509216188
2.41030996229548
3.27261293242169
2.88745635130579
2.79184222600715
2.79907093044289
2.98592201830327
2.76017852015389
2.97476571878955
2.91129723653703
2.69710945339506
2.99068258766568
2.71027892363188
2.84362696191184
2.97175918242355
3.13126102803499
3.41395197748948
2.92490694093679
3.0620760731521
3.01466876140419
3.35897937905104
3.84103468082751
4.04137988441785
3.34347871025508
3.27848303850651
2.45850772045656
3.00110313200925
2.8004409460143
3.07885918681542
3.03620561566808
2.99650051559692
3.00515725321026
3.17927414280966
2.76081420793636
3.02136011776763
2.80454313289893
2.75086399319849
3.22278227595938
2.92326362195202
3.29102683885162
2.99515021781417
2.99299292461732
3.1462574072059
3.58764739415983
3.10197127925438
3.64491738435333
3.05891116371163
2.85256669219997
2.63234146319378
2.85496279880329
2.85624156583228
3.1264532092227
2.72441092994957
2.5851917104372
2.8469358968866
3.41476112259545
3.01124206613804
2.72776832257792
3.05498400337352
2.64300533850652
2.71701137004393
3.37183618129312
2.97763766998335
2.86483002336406
3.06519110770619
2.95324183428405
2.80754753958339
2.88228567855157
2.81691319099965
2.90563068675442
3.02212616630602
2.92001798445053
2.87123094265266
3.19180862826977
2.58128843211219
2.84562339634475
2.8983484346198
3.46467773107757
2.89937212459273
2.86083834346026
3.03228614687319
3.1198193130252
2.42146184600502
2.74092425945927
2.87727934248009
3.03130276477286
2.77983113583724
2.98664082314356
2.74698618358901
3.21862980439788
3.00597773400474
3.08958619205411
2.99783522094258
2.83951160621558
2.65621493020468
2.73069040808165
2.73743934144825
2.67764870994951
2.93292594365507
2.94473136229729
2.94070596403612
2.79247550208722
2.70315099647866
2.71076717190392
2.98745415220684
2.74551387354356
2.44727628830664
2.80256871559091
3.10842945506511
2.95532537436877
2.7305531062779
3.03631751692986
3.03961450531455
3.07316170370458
2.73805541174504
3.05781564143527
2.97278871623601
2.98262182167395
3.12624860080867
2.99907196852184
2.93553067924217
2.7568026279941
3.1925559972451
2.77893849393859
3.09260876358735
3.07424364111591
3.05544885065668
2.96137735516992
3.28893832554962
3.0092426453452
3.22391591057664
2.99711230476486
2.95494320208858
2.8346454991841
3.05022718693662
2.89775836719886
3.08193834830614
3.0849046062527
2.9954128674602
3.25663142512866
3.65634524829909
4.05370950976238
2.80110957628129
3.2404779577625
2.95783380265102
2.97662297609762
2.76646026885126
3.11862568075176
2.86763257634353
3.19371531692299
3.31811716998187
3.02512053425559
2.75091237765475
3.15049034089287
2.96435137324961
2.76804508211646
2.91079309570616
3.01257555281987
3.08524361417708
3.2925663413775
2.88908869134505
2.9377010993221
2.74492096129538
2.8666359510258
3.07406624764905
2.48366045360643
3.14264808569024
2.79291367522242
4.11807786165193
2.85451531887745
2.61593613411534
2.89234335017415
2.84968461399681
2.40427690033741
2.81578745583429
2.69880322183327
2.85126965143343
2.63920393344487
2.82177033914662
2.96356373497753
3.10243157053308
2.68103516689879
3.39194975195398
2.85384562160554
2.90009931490388
3.245537253185
2.760732264248
2.88550040899325
2.83325983480547
2.91679486689897
2.96535195103332
2.86262415522044
2.8798743287801
2.51657412969626
2.78591392497929
3.19748877133615
2.73542564416588
2.90674121583336
2.97723287766456
2.76619878921657
2.50353506199574
2.52182629638402
2.53542243862004
3.04567816187498
2.9123436413972
2.949841361211
2.70062656374348
2.97074968757145
2.67074437634221
2.7147181610872
2.87210174118011
3.31063536525134
2.35586105920797
2.74525735120653
2.83214304746761
3.05810293257063
2.8307020877204
2.93319825034008
2.9007634308094
2.97581887746579
2.85526191156346
2.74210273836532
2.7523427549154
3.02233407681025
2.91961297737438
2.824307732573
3.15403593295496
3.03142379839312
2.7949199193099
2.79015760068608
2.48628617308172
2.76202514757058
2.76503167545685
3.0028705208621
2.56282194008524
3.13608245172528
3.03388386381545
3.01743564436305
2.8750746299855
2.98459771555598
2.60891725967169
2.24325494605238
2.65746775459817
3.81795279493954
3.65525969351284
3.66957532346158
2.8795698524726
2.99797822083751
2.635662281783
2.94332121930386
2.60272858044411
3.15332498192359
2.92958492735363
2.90318126591908
2.51256520784021
2.71416990081483
2.72949720395285
2.65340844542626
3.28446382787304
3.6029673746386
2.92751177875918
2.76651903460891
2.60479951461637
2.40580444907838
3.18597649900749
3.33787062427896
3.49661870389937
3.38212534931499
2.88670557114971
2.87563496079188
2.93481921761149
2.84578769701626
2.94395166360644
3.02318925240253
3.02690008800146
3.00393366790738
2.68835767917521
2.90272882331118
2.93628850413717
2.96988514582341
2.85815686404788
3.38648054443063
2.77325452651476
3.11447648057185
2.7805172336706
2.90702326744961
2.76284496114713
2.98535583707952
2.64302468457072
3.99652026341609
2.90911254487694
2.72648052158808
2.92910609604926
3.20238036967146
2.86043534843843
2.52555134076227
3.12710086498918
3.06422883387595
2.74830672396705
2.43348165078252
2.96082789771378
2.84679756182788
3.38358222286164
2.78919867416257
3.14022847544672
3.00686883986071
3.04002367398465
2.33352104594912
2.82260207979416
2.39227527791584
2.74771902986292
2.93466285522675
2.63620356962451
2.93639217475762
3.05489305395564
2.93339934960989
2.44295096204735
3.12938807750509
2.99503290331015
2.86076937620322
2.53674430308122
2.6090543171008
2.71085833648715
2.96200397797438
2.72199505260334
2.934606030587
4.38532046346815
2.49728292234918
2.70586260096181
2.61864325987927
2.937244404218
3.16426300887073
3.10914901615002
2.92035164975473
3.01110211875535
2.9124316932473
2.56926759565307
2.84458118191722
2.84698563659131
2.92007292945353
2.65324249588057
2.64038921776247
2.72718587289959
2.52877452138294
3.86283757062206
2.86094400933607
2.82959797713292
2.75416924954357
2.68744548175221
2.57136350677018
3.01709102021763
2.77979418500983
2.83797186184356
2.93027041032747
2.8438092056731
3.34649100634658
2.8869446474096
3.16047646102085
2.71789404247354
3.02942662350881
3.15935913439585
2.74390168488073
3.35723813824356
2.43103555338265
2.90995363345893
3.0396685721327
2.43771082565683
2.75561081770134
2.80265694675193
2.69014651567367
2.51311382249072
2.7701360624131
2.72093877881221
2.70474811876602
3.83511687446476
2.84929408350528
2.70763165485925
2.79817247575477
2.58744295524088
2.81774594749015
2.30916753162847
2.84198486992921
2.76231397625124
3.08277428424534
2.86203583916999
2.9030144594519
2.78348969083975
2.60044780315854
2.98616975302914
2.66105139892701
2.8256894362669
2.76266346437366
2.48146416453399
2.96911348960593
2.7647305871714
2.64117394640718
2.80686883111503
2.64216252072813
2.92984847653784
2.49623264113296
2.97876664262871
3.03392723481924
2.68662328958982
3.05403634934171
2.77036623944598
3.27120141289227
3.01969177260898
2.56657782046393
3.01138175650788
3.0332161703769
2.64164876515225
2.91011012636417
3.16817934547878
3.18884003961664
3.34497453195678
2.83191995782138
3.0467394124155
2.45629205979118
3.06900850621247
3.04652044716314
2.70449255227242
3.23394125590036
2.98757205800264
2.86703260350759
2.99981154396248
2.90708439719556
3.02923723560051
2.72800362674567
2.9801272993455
2.956384298291
3.0125106832555
2.778143029284
2.9189447240428
2.99001580299583
3.22874260279393
3.1853614634085
2.80430584202658
3.07520958319681
2.9521896327112
3.20962341089239
3.01724075591716
2.55615033722815
2.89854110946065
2.86451764662147
2.87335694816058
2.78101545874472
3.10685716772601
4.01441251091424
2.87246483774974
2.86250072879546
2.61036031568775
3.86269693448441
2.82337999610046
3.05634431050536
3.15583010961731
2.66018873153311
3.21024324807935
3.01688835726796
2.85673369792709
3.11419679365157
3.28052228656033
2.99183723548213
3.01938469825773
3.18177146566874
3.19208639429657
3.0312115086135
2.6820606299124
2.76851199139133
2.8403395764409
3.63489099398201
2.89340266011966
2.96426983889714
2.70343510588225
3.01907450723318
2.96232360412667
3.17936599845384
3.09785620533717
2.7767560605697
3.29379393206695
3.13091814205773
2.72299100398438
3.19621045315599
3.42115327447251
3.09698021137305
3.32695986699257
2.86567701071091
2.78274844652133
3.08867581285099
2.82536051606688
3.31847264572742
2.9422840159753
3.00482794542432
3.36225445016876
2.97712522535473
2.81040875904134
3.06283303266286
2.8930242544257
2.91590173395425
3.21589272814094
3.00936055752126
2.90046116226622
2.92398659007305
3.11070893581509
3.18685233700312
2.87057744085757
3.18060115243004
3.01848543616942
3.2496306359033
2.89418726580459
2.51209676905568
2.83611398229556
2.94312663035878
3.17191712236174
2.97690434566337
2.69146773093114
3.04044237046044
3.54694179711705
3.12462208778454
2.80569137055567
2.86849887290667
2.82638407292315
3.18129660909755
3.17084018887759
3.04099734543108
3.12521573975806
2.62971213242613
2.5594004576317
2.82295424196337
3.06552023365856
2.70281722165435
2.92342271054337
2.99454691108315
3.06514185214123
2.91865531996287
3.33446209250683
3.33733410680146
2.76880924325092
3.04141769813641
2.87115280912625
3.24736936500193
2.94737481715419
3.08006018187644
2.77801914420092
2.98965364939265
2.9553827587125
2.89794314505324
2.71103595454238
2.73899473328241
3.0161776478846
2.50511191504651
3.02247608233016
2.87911267850413
3.00917884749349
2.73247047374568
3.2103505916962
2.8992542919846
2.90970639480653
3.01754324902151
3.22693796275032
3.43171371466831
2.86332757473888
2.9894772477447
3.24433434567787
3.05853341025541
3.08304786181128
2.86430241443405
3.19100287410973
3.06693245697796
2.91816433117496
3.22985166900916
2.81455231681685
2.90175127830286
2.96947465055001
2.88545078061617
3.57204843314934
2.80372319368951
2.89586994364779
3.04644842158839
2.67152813111184
3.17158002444916
2.84448856979501
2.68121589069457
2.68201042067729
2.81285789083925
2.95799888098622
3.03610713441514
3.00197731740198
2.99871052902793
2.921028904555
3.07793916846807
2.73465882360118
3.17599091725218
2.95536294396201
2.98600854142466
2.71330944148863
3.10867579989564
2.9058357971049
2.95954338264492
2.90005580278881
3.16848316972127
3.01019899911625
3.07745127309976
2.95865030530418
2.9171721915158
2.7151405705529
3.18587019459892
2.84069155854312
3.21914000347275
2.82304981854153
2.87105577376792
3.2180757312147
2.96467215181338
3.11475240736084
3.43426963570088
3.86082913825802
3.29638321906513
3.21658308514619
2.89510554536372
2.90789854278793
3.18152086040721
3.05861280528726
3.01923632961264
3.01545599572225
3.04629001545746
2.34675074208078
2.68333130769059
3.09377968353365
3.14795298327718
2.81217677666128
2.79139193515544
2.90502476081177
2.83819285730253
2.61964081481911
2.36889701372938
3.3011110267381
3.03153400999243
3.40221772816575
2.778114532122
2.93175710997964
3.1233673959883
2.97884356339515
2.85555424797429
3.08094952023838
2.9532710626057
2.96299346568179
3.02781953903085
2.91723868265038
2.80473741419857
3.06301726406756
3.03583414937
3.3864771195172
2.84538066849108
3.24438637068965
2.87396802637579
2.98659708466896
2.98684106953566
2.97419959536207
3.10074514953715
2.99637609857806
2.71915402745262
2.95062350567013
3.00221527073319
2.92546083771148
2.9495545169303
2.94440729649909
3.27882749050406
2.52679724123978
2.57103014665122
3.19283393118103
2.83461087438185
3.07582070667872
3.25939849944827
2.95212745727686
2.93296261831426
3.3955074457702
3.0376534357051
2.93708605166675
3.16564533994167
2.84204196440492
3.2949183341346
3.17883069422906
3.20950100938938
2.93968720464943
3.86136407382704
2.69701566247009
3.87420085093785
2.91110489582421
2.73991201481783
3.41118941708163
3.09013501366374
2.91328767618854
2.81442506223046
3.06571480496089
3.29271113521109
2.85348984179729
3.3634556353048
2.92833050801334
3.61408312637663
3.02807871641914
2.92065107413838
4.37228769718511
3.999736867458
3.12428519537665
3.14605846055907
3.92326358877285
3.28893031727768
3.4688084098667
3.50608770916226
3.24582826838061
2.79009801536041
2.63964890429352
3.06668074991788
3.09988956982863
2.83439670967283
2.93322392635742
3.33128287500713
3.20044334892983
2.59062163806854
2.6933051038854
2.9544613558169
2.85815681669218
2.75772331564563
2.9154720382508
2.37831099761083
2.63935321373021
2.50558078335369
2.69804802339028
2.84813463763166
2.9178053198474
2.77595589653324
2.989220906152
2.86515371270396
3.08095821728442
2.83388700338454
2.94967781107231
2.65366352757914
2.63345293855608
4.22243224674141
2.7955397476308
3.43764734561648
2.86003762543768
2.91715683506871
3.08317040032094
2.51264173310157
2.55451277356586
2.99301573625481
3.94392136545906
3.19848344045992
3.01003191688779
2.46927721942379
2.94896549014323
2.93486494074436
2.84203360760953
2.91517703373598
3.1021920647187
3.14486182910413
2.4103547213567
2.93509809470317
2.64942421476122
2.8527682833224
3.08662279162107
2.97512079790486
2.30842991053739
2.73784421080671
2.84159057787952
3.04301934415449
2.92424453816133
2.8683463645604
3.05170341652244
2.85177170650857
2.85157837078158
2.83374665949127
2.8237443376213
2.95961254558678
3.06972488182338
2.71292920339671
2.75599274989995
3.67750524006103
3.02497799429071
3.00764724448241
3.23045515047875
2.92743280152482
3.2892896302618
2.81995083014899
2.80962536705998
2.80267241537054
3.35184355136698
3.74867556864463
3.21950289899133
2.37759269310088
2.3931945267423
3.30700082996687
2.93292328233272
2.98302579661618
3.38416354474738
2.94340687893175
3.34142357747658
3.08135145117188
2.81617626959959
3.30980267668581
3.1822944259822
2.85664424219179
3.39961415647365
3.65468851378287
3.28723335269736
3.08113258182302
3.52729964845306
3.16170318136463
3.16502249335787
3.60249417810661
3.84735136197584
3.41913347541657
2.7510928267348
2.5357511440244
3.35149171869666
2.94724138867111
3.22821728366606
3.16656779311601
3.08495633833626
3.24266320995679
3.31802325119754
2.86094062469804
2.97504015409016
2.91281380056418
2.97775054035741
2.84175964077461
3.05387714511699
2.85724896692737
2.68952672968428
2.83500461643597
3.15669610265921
3.08023558899238
3.08733838981737
2.99607892445612
3.198094059141
3.48796365056394
3.51606044797912
2.54648602731313
2.80946698685856
2.99670044902008
2.91717677859904
2.82096366066979
3.09643301740879
2.87240406423976
2.89618092349685
2.96620292752566
3.23325631549182
2.65750776009827
2.89163294044589
2.88315518961272
3.20823118941183
2.85426351474139
3.11385778567721
2.74234660185817
2.48417516932574
2.33316849033817
2.67692963144259
2.50131174704463
3.79268741642514
2.88102398437486
2.71496387047113
2.40619269190632
3.0648925278151
3.41801646917133
2.76712321790319
2.54460953834736
2.58350813146529
2.7986182536715
2.77251843774997
3.0006074306381
3.2201822641395
2.87352178335905
2.92600532523741
2.83929553361136
2.76281975811436
3.86612192769767
3.75978931428418
3.06554411635325
2.84837480729185
2.99514706416507
2.91538346458738
3.1591572849499
2.91219790434537
3.37367508706889
2.64644459096238
3.19466985007497
3.09482671918418
2.93787605960881
2.97144309079003
2.98741436537615
3.26105169245445
2.58050635267374
2.89438465866062
3.00399066390207
3.09875144466915
3.08654921644405
2.97087914653654
2.95488093878547
2.92993086213562
2.86307054402671
3.12739035138114
2.87965261447116
2.75827930911485
3.08371547833037
2.39450813433696
2.82460794867952
2.73520288652964
2.63915514503876
2.74410552787434
3.70592694450464
2.70549269907455
2.98150040721606
2.64828986207309
2.66997792845158
2.57404476160362
2.65303017941097
2.56166978685759
2.84337467960161
2.88954638218901
3.27445809713981
2.78802473747487
2.6422323115671
2.7984816482613
2.84193514329749
3.07457575318247
2.64311644855962
2.99194215113184
3.41057365937191
3.01272010820977
2.60566653576119
2.76384566083968
2.88441590126898
2.72061743082457
2.58378588028093
3.65952075051322
2.85151817142803
3.79263859039845
2.87153696155245
2.53738549610092
2.84485223893323
2.63654189454937
3.22506623237155
2.79594418891135
3.22305813437734
2.97346518792219
2.75330794645126
2.98221224636234
2.75870785694403
2.98369582645093
2.4346021114622
3.51936120988131
2.34810839402078
2.76241465199116
2.52879515430493
2.86774569565721
2.91617743900891
3.11659788562311
2.57326272568043
3.53062828764739
2.62245611136946
2.90978360591212
2.90879409248152
2.22306606336651
2.58681072567562
3.0959183383183
2.36344537290924
3.61419615964752
2.69600884185067
3.07730758295251
2.65736642297343
2.77226164238776
2.63207668745973
2.84232542453948
3.81571832446889
2.59694412088253
2.91075472334397
2.45270259391208
3.10245208420544
2.64753857082517
2.76628808057854
2.32983406313792
2.71943946131274
2.81905248219845
2.81229863324501
2.82223906611308
2.76088340690165
2.77236067422803
3.11435388800312
3.18781065458474
2.78993381771768
2.69722036642565
2.85190821202433
3.46225032359722
2.57629892017852
2.72109674695821
2.99941929511066
2.73928948166738
2.5856740051143
3.08915182632004
2.08952544191951
3.51180011901877
2.88076748380945
1.98159211323667
3.02117773004276
2.81205920671069
2.96117498753954
2.83867827484298
2.90283312692962
2.84420645829414
2.84116959281658
3.05125832506906
3.23516723433868
3.24695086487431
2.68517971599636
2.54605176478699
2.43387172287134
2.68009129339807
2.81614772537768
2.76928410330982
2.87406898159084
2.71868245464817
2.77212026160348
2.6791494218912
2.6838101761499
2.75852273216287
2.91965182212373
3.238462635035
2.70675813117506
2.74675402863747
3.27373100010107
2.68357433703354
2.62649861063508
2.714169814643
3.26603845578795
2.85651169962014
2.83340785683298
2.71046820874387
2.95991229090138
2.78483142381972
3.06971307681552
2.90473090979908
3.04486835680271
3.31203243573309
2.76543675289787
3.27567882936123
3.01817172400967
2.90791349712031
2.89863477521499
2.44787017233282
2.66924552215829
3.13710712796958
2.69320689143431
3.24774416587985
3.09055269763807
2.86571597145185
2.95527136052635
2.85162986358707
2.83764351469573
2.60605713562185
2.67478613805963
2.96033981139057
2.65226489762964
4.03650898420687
2.85925850279366
2.88845280694445
3.1832120808545
2.96593646664627
3.11602931002562
2.67940849824289
2.94221660219077
2.73895980297348
2.91108330814885
3.04545585807717
3.1794312116826
2.94689605908592
3.00045148853398
3.25506995324301
2.98122535507304
3.21298079058554
2.9414145467739
3.63298484733464
3.0947692833018
2.98586981341318
3.45641417227309
2.97931685551432
3.12092951598586
