4.74029561592245
3.44218916663178
3.13772444614377
2.74959405754911
2.65117264175609
2.63794772891043
2.52216174730521
2.54221362323447
2.53925149831051
2.54761161763161
2.68422931635646
2.57933653614812
2.64569721007347
2.64993625069559
2.58169669759036
2.6372288206066
2.75706709797621
2.69992711824062
2.74421556300942
2.76423813989721
2.68037330154287
2.60103080312193
2.7795155752229
2.72496460627118
2.72348449907866
2.77784401110271
2.66209967852463
2.67831429143686
2.6991228965939
2.7760298251006
2.75077648612117
2.6998611094737
2.68797458834499
2.58923906840783
2.61934064961057
2.67689443160065
2.76557138227918
2.59881730387518
2.74324274340342
2.66801822652333
2.69409978921416
2.62288649781935
2.58618286987108
2.73307425586494
2.62128612400594
2.58870120106142
2.67693898044885
2.50657112884373
2.68379322953594
2.63082760964035
2.57195294082036
2.58040835451986
2.69000342310289
2.65860561018741
2.66905368010882
2.64148519312493
2.59138411210521
2.57324238632404
2.60402041348598
2.64329930518038
2.7265430802166
2.66493881044464
2.64217458128991
2.68788538081438
2.4637079441986
2.59929254729165
2.6024684274366
2.47642763220533
2.33311444909386
2.29408036386672
2.52688603936325
