4.16283860385372
3.76967062427068
3.59010631875918
3.57057378349214
3.55131491173443
3.57763581317679
3.57815538649325
3.5576860313412
3.55307754499945
3.57049435495885
3.54489990931546
3.53556714130494
3.53575939605531
3.53850202643507
3.55282182493271
3.53140945768155
3.51632816680487
3.50975657269431
3.52275446465063
3.51685634532515
3.52129196628015
3.51416634950583
3.5150692040476
3.50112985737161
3.4847252301803
3.49203630799441
3.47655615864977
3.49183664518369
3.48793372920112
3.47512969478942
3.4816063692656
3.49364747810973
3.48930137171349
3.46301684603688
3.47122115190259
3.46622103332878
3.46948017945001
3.46461272079891
3.44515175620606
3.46677575801521
3.45355611641783
3.46743591254023
3.47237633394972
3.48778886039739
3.46219493933536
3.46167621561806
3.47320652139787
3.48885519588325
3.48036785692881
3.49230163869269
3.49008899406757
3.45924095432153
3.46598877378735
3.45777560945377
3.47283647993758
3.47305160021257
3.4468033381619
3.42624584984635
3.46459935331357
3.45263177639878
3.44873007339409
3.45717396565272
3.46770075697613
3.4308398301364
3.44575375123608
3.44541557140099
3.46661882292731
3.47217645400473
3.46456603745152
3.45790114936969
3.45941061906414
