4.36452004541732
3.83542557232982
4.25385493499413
4.06241777374235
3.57453986144601
3.66019626052188
3.73354184596444
3.67519230314099
3.67116532275993
3.39572536662749
3.0698244920073
3.21921643473402
3.00106596775501
3.03694711184958
3.17596462414879
3.06055569915795
3.47489093173861
2.91146899771234
3.58064551416281
3.41677680204545
3.14224396245913
3.12861833286849
3.05184085137833
2.96927468552038
3.94268547053033
3.05956153353464
3.36167553388385
2.6446773944611
2.92079375321133
2.54714998225137
2.67932910638564
2.8250763600786
3.17084018568911
3.12491655922591
3.47981068998053
3.17601603925821
2.82083585137008
3.52386238410364
2.67882396621404
2.80230685677558
3.03075477338664
3.06012208933441
2.92987074990346
2.55159684676033
3.32785686905078
3.09469313921404
3.53733723190586
2.62656529395351
2.95426418213345
3.15163220407652
3.13598289055612
2.57713586862815
2.96014056160089
3.20406527910701
3.21118899666871
3.18457901926854
3.24383917185813
3.22582100426879
3.29774589444553
3.34367594599988
3.52832085637088
2.65381899139522
2.85440688236017
2.66766147953467
2.91473105932877
3.03541285532804
3.24427173858183
2.79851277500683
2.47053146696452
2.55279515769973
2.67954630141044
3.01840700146871
3.31476150222731
2.90577219388286
2.29911001936578
2.50060776828323
2.90929592078649
2.82972675993795
2.75008421215062
3.40161678388494
2.96445839879312
2.91134746115754
2.78830822458784
3.35051027841126
2.66920625120404
3.65899660531695
3.1503873404674
2.9388607267992
2.76373694739981
4.0097979001289
3.27228184649425
2.96098268959572
2.91746275778528
3.71187114316115
4.47674702153779
3.64912996154009
3.49485461664446
4.00668824360663
3.37094160373217
3.59280689318335
3.41563323445461
3.46645348501335
3.23924718094011
3.25240476848173
3.54733013250108
3.51707415555926
3.37526266987609
3.34321256452651
3.45761349720424
3.55685494506178
3.23460255202199
3.40794133754423
3.51170239848027
3.15733100524073
3.20485143860338
3.37271792465462
3.59492675565286
3.31393399408687
3.23153789810619
3.55376645546355
3.3234247986822
3.60293854644361
3.28503430921927
3.31687210892781
3.31051611522117
3.45870600864607
3.64488097239689
3.36851941134303
3.8587896432739
3.17476907039435
3.75979221635013
3.48185645506183
3.60095056170121
3.53107784971801
3.50643991470664
3.35387573975447
3.41512927658105
2.99105943776095
3.1176926892594
3.25360612954801
2.74130496144783
3.04331274570655
3.23833012047237
3.2192904096909
3.54081076623165
3.40438168700166
3.26894859890086
3.26820352228454
3.21229474871725
3.40218293622801
3.66678704386324
3.36413802242468
3.51088555891973
3.68951661386568
3.226736449414
3.27080047348782
3.80037177023005
3.2473655733266
3.21341234538811
2.24722361654036
3.36324895379425
3.30138329043346
3.48276681373086
3.43364917133687
3.31150935088213
3.13479790468373
3.25078834485246
3.40965954178559
3.40114660271865
3.33013685871975
3.34954905091851
3.32312834461663
3.34115210563462
3.44998093855291
3.38292971774125
3.3856273435698
3.32202135347861
3.24142008933283
3.29674599515299
3.15756431662843
3.46387723134222
3.35492018897307
3.34177625674208
3.25554593169132
3.41491652767161
3.39293255970655
3.37456661095569
3.2982549321893
3.39037325972378
3.18145636848264
3.47573478003645
3.46039352402799
3.4821619695743
3.44047505154513
3.30460968359016
3.03692486414574
3.44613143407523
3.45765871753922
3.23270974913056
3.1555292876893
3.50630833558452
3.08397981456477
3.70316566839888
3.20743463876246
3.36228104632488
3.36857412430697
3.1317043066394
3.28142798801489
3.36897802676911
3.17982138648279
3.17796095743903
2.97698559977365
3.28999438370227
3.38194251201405
3.05541788579366
3.5163803119402
3.27269194319201
3.53144019186144
3.32890280955542
3.31481539603571
3.26792905645639
3.1948999130826
3.28412871114498
3.1478006674942
3.41084289960548
3.22600017718361
3.2660577653646
3.61852213451413
3.08073465014795
3.20920188437068
3.07880898125459
3.38587180491553
3.26912139510219
3.31766279014795
3.24976376227237
3.25217263200055
2.83250796645978
3.37848715954069
3.06094592013458
3.41095951821069
3.21021139543865
3.30922230027213
3.10675631403588
3.10974616324076
3.17947448843538
3.25921129438475
2.80351732246355
3.29496600732644
3.38215958786396
4.13179952199036
3.28083537813551
2.90480736657489
3.19903459622774
3.34595202974468
3.48960250281158
3.29125272815484
3.21923898860604
3.25950278413083
3.40383869282066
3.45466360254997
3.2931287552342
3.17275839644868
2.93158366309584
3.07523027913525
3.00406849825069
3.20688579079749
3.21937146346348
2.85586667728115
2.97187205428548
3.00089667078032
3.32840447677604
3.15630918307132
4.00787739861917
3.319595157742
3.24204667953378
3.36321149989226
3.81554686955597
3.08492677356564
3.59265241704355
3.18331411938472
3.43160137341477
3.58162963221716
3.44482210589125
3.1414872131183
3.07282726921529
3.29610562478512
3.16624550443214
3.36082445539408
4.32315249906244
3.19513919853703
3.28465582965839
3.40449333188035
3.10621816658511
2.66809239793146
3.27531514562693
3.14433330471244
3.2494128822941
3.29033646345203
3.1204909672402
3.31365129574502
3.3576635948205
3.24960138175501
2.99656494441309
3.24358191187324
3.23615298604909
3.2051193722342
3.02099343432379
3.20015627033856
3.3974660493942
3.31176138258242
3.43081628073199
3.23113395345955
3.15723449194223
3.15127703631781
3.35905414196075
2.99233247719087
3.0328112318127
3.41613532424674
3.24123126779617
3.22617287639427
3.13349419116761
3.96514489025777
3.16009740618357
3.19938314306628
3.1019031699549
3.22467648898385
3.13400135468736
2.98835547051194
3.29427498883566
3.2561696678076
3.02793688588439
3.14303594583935
3.38933411479616
3.04583774254109
3.29040531948747
3.23313195242099
3.19414193689369
3.39746373435317
3.35310775410407
3.16283920514454
2.99204208535782
3.12313875533781
3.4673699578305
3.42900563582543
3.28482065062619
3.62749920507071
3.37037420771268
3.34268240657746
3.3033635633323
2.93584012346048
3.03368313511993
3.17197287191948
3.02231709593608
3.33443574921211
3.3141434819063
3.27457824378059
3.05600122351786
3.12939963070491
3.12572917402254
3.22389090615147
3.2098766118468
2.94007711941352
2.85836508440737
3.09703267277164
2.6815352935732
3.19227987472968
2.8903751834286
3.5026105604177
2.73267062496488
3.2926202968475
3.34324693818754
3.04550523854787
3.12035269850026
3.19265511750165
3.04777332226936
3.43092419234642
3.19342530972591
3.33061665406923
3.18262859149767
3.20403440104052
3.30358665639685
3.24066830596796
3.92916232441
3.11102686669321
2.91799211449298
3.19243598196671
3.29357683424453
3.52860221976187
3.43723586753295
2.72721224244093
3.13196504614913
3.12211316254989
3.12940805030433
4.03466949441044
3.14693971832112
3.28444021345405
3.53602028563248
3.566659246909
3.38950288789125
3.4789060810075
3.29124145899795
3.07650177985025
3.4569627319406
3.24082323898893
3.04908565392238
3.44635859464378
3.58212702394114
2.97846625539641
3.15649053140739
3.2940099720468
3.12546402644621
3.16090380386306
3.09270211190609
3.30325423933727
3.36395181840847
3.24029140989366
3.32458294083485
3.21383698482851
3.08043462427448
2.9634495533525
3.10975494557624
3.17753924368206
3.3279982169933
3.38338310980754
3.16767573130294
3.11743592049156
3.40017014070133
3.07715701421496
3.12266936934166
3.04136333512815
3.22949117988307
3.19346724831257
2.99605026931296
3.19800426722726
3.20328912644311
3.14271825828809
2.73695203287971
3.55124467245217
3.52664527830599
3.21636811795222
3.59419184714591
3.08443811578337
3.21578662386086
3.30731638704423
3.07141168662945
3.22495719507575
3.27122783803662
3.26268432289653
3.11464810993611
3.36940553291968
3.03289812719763
3.21165057628214
3.4729112945139
3.2322799673254
3.45429676529626
2.97315669825066
3.17719309483057
3.45418616993047
2.77744504905876
3.3019414209367
3.04213687218878
3.79310375833472
3.01336714831572
3.13043582306248
3.10063760838568
3.36418071439629
3.28320048169659
3.14837012602545
3.3281472834038
3.36732878950473
3.12298766597823
3.14422288850898
3.32653439372963
3.15891106553769
3.45963812705642
2.96878466520026
3.38699364855367
3.13846193309363
3.13928338608345
3.25832237692885
3.01096472660662
2.88238883439781
3.01729721503878
3.21441487996563
3.08526445283312
3.12822045577135
3.10563787188297
3.08782405396252
3.01326511007016
2.96143601799723
3.41663701980147
3.12105768204883
3.06351132319641
3.01221722268275
3.19518983038138
3.06874076057907
3.46368073484055
3.23462179234619
3.09670330529314
2.97154092167068
3.13133250183015
3.32897521001199
3.1417062139219
3.04916863960764
3.14820128114343
3.12496136857536
3.16934874601044
3.36514295928282
3.11059194145519
3.2605038039755
3.14866618940103
3.19919016029504
3.28165750481505
3.31993663691712
3.61503521984556
3.22206030604226
3.28473609579587
3.05054854258763
3.32277908208309
3.01821542275745
3.29427886113743
3.42799772553913
3.46577037716137
3.02338628426974
2.88856512262602
3.28735661538792
4.04747543903188
2.75567137545712
3.68900968509545
3.42899096464368
3.29870333354267
3.52866208848612
3.33091836435805
3.53383905150615
3.09825136504637
3.55560859529026
3.03789223204037
3.11823649910476
3.03528584640961
3.05674968417589
2.99773058799267
3.22597238147058
3.45561787217189
3.1993852457586
3.00050006492677
3.05193657338501
3.16617689261807
2.90861441079671
3.33441100918604
3.75850685089976
3.11517645549064
3.2665008479451
3.09706267692019
3.11537164005198
3.29261028268346
3.28215818631121
3.14770989451001
3.03688882313645
3.29117503068095
3.52346798543402
3.17490172435961
3.45927453542423
3.68468226608802
3.95027668720171
3.27608306981617
3.26527589753693
3.20880771581123
3.07942577137527
4.52771953985925
3.05816634599532
3.38205125876785
2.9226733216564
3.2631302053665
3.15018974362201
3.52708237183513
3.16695220901349
3.97859179774772
3.26935080890266
3.05043027611912
3.03549306700512
3.05234184194886
3.039264379531
3.15666307985811
3.42505668033891
3.22859010388854
3.23852545770503
3.45226343870546
2.93006818027967
3.85388175436675
3.13077899077457
3.3756304799711
3.42121668241215
3.10356989528447
3.18988881881112
3.3045759973478
3.79333540167253
3.01038462112412
3.37815509957837
2.85638776734135
3.20332091572092
3.36776833631912
3.14165154200003
2.96773133573035
3.09549015030253
3.07350191449311
3.3962925557061
3.36083521291654
2.98468894880798
3.30115767859581
3.08696964095648
2.94035359105069
2.99426492353758
2.93286111674397
3.20560337530911
3.1462041512162
3.20373678458588
2.98466187331051
2.88442468340305
2.45627717061659
2.97651705697403
2.8296351379992
3.1136933391996
3.19129951234055
3.18059513719749
3.6965924712534
3.16053242739472
3.10509162232858
3.28589923706165
3.3520415381386
2.94041232911191
3.20769688098117
3.70071749436212
2.46798658287216
2.93213710799112
3.1998892010445
2.76981945845153
3.2427416466976
3.01428376779128
3.4991960126715
3.35513203949102
3.02269954261663
2.73926818033663
2.98264425558132
3.17458356040073
3.33435280767757
3.04390861453536
3.48587326559812
3.37652878089269
3.51932398102799
2.99398479791473
3.20403022282546
2.9652045811735
3.31736309028568
3.04403793828942
3.33511125121244
3.16546299038352
3.32285678470361
3.03010972218759
2.75550485712794
3.07703974578626
3.04686240669453
2.947828591815
3.1725161310297
2.93910293342828
3.26190970998981
2.99820754329566
3.07292533323741
2.83760721546624
3.22340100045245
3.22353790872168
2.9197430849419
3.06003961084145
3.92169788939213
3.14664565174227
3.11508357660017
3.09663124934637
2.92275912112663
3.28088134809545
2.90029877238418
3.12639178667724
3.10607346959551
3.01541801456394
2.77299005661515
3.47432825129271
3.2262748328228
2.80148960578236
2.90640195184206
3.19802372081185
2.98885458241666
3.11310107960074
3.05165431684492
3.17751103391105
3.19327632141851
3.03799147806056
2.84011283845628
3.28825495968813
3.27137008286642
3.05356362108631
3.49418016980723
3.29152218827009
3.00127829082058
3.05685350499063
2.87004110823011
2.95542811496087
2.8257151227096
3.15635405894711
3.21674511403236
3.07243225075463
2.93881097223683
3.17636073578749
3.17278492673862
3.38020371483399
3.17642664245124
3.27543905699176
2.98569830122693
3.37389545303182
3.48096481684472
3.29770739909663
3.10744885605314
2.73111611392306
3.2498038696686
3.09026505045382
3.07785234381063
2.89838308114478
3.14119265235654
3.05669083843131
2.95922348915331
2.91856521073492
3.00625884546501
3.19522452758273
3.26294152528466
3.16650568438732
3.06233031438634
3.51334193983967
2.93491341540526
3.18079326664155
3.21569839045065
3.72458040060033
2.92509580901082
3.07886773505641
2.94796276846681
3.22888686606792
2.93256646791911
3.04185828740189
3.13090527999147
3.19202214954805
3.10811625172852
2.9162536355265
3.06563361030422
3.30251260839361
3.08628822021036
3.0090255668379
3.08859552070695
3.13201456624787
3.13364120741258
2.9408837373296
3.00937188666639
3.14326953371757
3.04773382984222
3.082730482502
3.2945690122344
2.98546696928216
2.78383442812728
3.10049983643858
2.75257319555777
3.28092437394102
3.35217577279635
3.11212508706205
3.38761893990695
3.25896545529545
3.32240008330926
3.16880296038505
2.83392446162005
3.15945568208896
3.94953949522584
2.98352554714821
3.01243009521345
2.84498818078182
3.56242366516015
3.04423286581659
2.98303734520098
3.04393213776744
3.01499667022692
2.96676682009151
3.19421423650853
2.79660018889442
2.71340205127892
3.26761113156288
3.3130805724922
2.93118932880278
3.18937664942963
3.08663353304678
3.02135312469128
2.93066112683037
2.79927588984396
2.98633952009804
3.34923203820924
3.15604611044473
3.03945424205239
3.2587418169135
3.20513174639898
3.28654913230507
3.54810897428361
3.07755761564902
3.09057083957939
2.95410178022023
3.49955426674663
3.13649091896857
3.14784798040846
4.47247832870903
3.22060334892698
3.05056035573221
2.8242208665393
2.83750252513981
3.00118445956113
3.23750539313053
3.09049221015628
3.19093263019089
3.10981175046294
2.66972969164426
3.00315430417744
2.73129852199801
3.18173891862961
3.11355150079472
2.86365756324313
2.8047192190742
3.0933671083958
2.90987725301408
2.88776516500703
3.40176037164223
3.88576260761935
3.18042759322406
2.95552677565207
2.82346680951335
2.94243954095948
3.22754967015293
2.72809106442484
2.91298022385105
3.03533168341577
3.17705974488972
3.66530805506976
2.64593107351664
2.87057452964706
2.72942441947374
2.74591025718166
3.11219682521584
2.82615290816823
3.1127914712275
3.00333645193946
3.21641712442033
4.18199120897189
3.08283079348233
3.19789429305395
2.77999103638407
3.12331718627168
3.21714667381267
3.23678625822742
3.05498435764984
2.91886923686391
2.94859660024678
2.95893733799112
2.85360015092939
3.02234079623662
2.97659413744462
3.05217380365694
2.97135151729214
3.65493526872987
2.76698312478158
2.99159373226913
3.1427116257143
2.96971951031962
3.30448969270822
3.20484066320679
2.89213584662687
2.84997891009578
2.82333016923767
2.75890239604724
3.0023844621536
2.92486260732929
3.176543465552
2.70632286920424
3.11122390169393
3.13725406159336
3.12452404969737
2.74581118053061
3.07268645731548
3.09412782738003
2.95811859076931
3.49197645323977
3.34548976443888
3.34103024035945
3.32833054965703
3.10348066595983
3.22548845503327
3.26950719272384
3.24460641704748
3.15786968682005
3.30855186825213
3.3875298300539
3.26208583147832
3.47811993508271
3.39363363390986
3.19004069425934
3.39660907058232
3.16315657608612
3.17820145767998
3.0211535349953
3.38791997545912
3.27140128233358
3.43765719123712
3.25069699450412
3.02774962155727
3.24001518160726
3.16186278752364
3.30497195512216
3.10524848464615
3.3974663003405
3.56006554804677
3.22742560222543
3.01093101624534
3.33772428811744
3.63151246467696
3.25977781890919
3.49714379193296
3.3626232468316
3.19253277357256
2.99203870999475
3.2752072435091
3.13533385936321
3.39235663661145
2.84382294623863
3.22551291482619
3.35899798332355
3.21653268286406
3.40073102652297
3.37784100013958
3.15215085564578
3.24370273396598
3.02416630609155
3.28878058543461
3.19072994243664
3.09076174400991
3.10282169139864
2.74682377756721
3.08615175443087
3.26637577321166
3.01445806871228
3.1653963264862
3.2210143328772
3.1877270365273
2.85162832214028
3.0990480023936
3.91839089133728
3.04011534749695
3.18252901113201
3.05922093444857
3.04695904064194
3.35287022728069
3.09816656187944
3.16555884620198
3.5229365052701
3.78705201384695
3.06434364979582
3.09766544771924
3.16050259605058
3.0367378931552
3.17102919223367
3.06398231995132
3.17303799993493
3.12879104228952
3.04830001618679
3.05582414657113
3.08118939362704
3.15541675611687
3.40156736892937
4.23628826023875
3.9024588388711
3.08623274478964
3.33041469559369
3.10278009435733
3.21195700725369
3.15154055813673
3.19829069733436
3.12434937149431
3.13564503704093
2.94724255577869
3.28510513675915
3.35430325070135
2.94469189781999
3.02916455847521
3.19245533461407
2.83029679847937
2.99250930958014
3.1586880682271
3.25643208528497
3.13413370448248
3.33477973527288
3.19792818493173
3.25579060406136
3.1801086476612
