4.59050537264211
3.36706231222664
3.14636180732391
2.66740109913517
2.52320538612143
2.43217860707021
2.32653823248486
2.33600193675316
2.30367028813874
2.35483250653783
2.42529565194869
2.33718010761365
2.34364812972439
2.38620839131685
2.34342534294641
2.34125239734012
2.40111786742137
2.37895001066504
2.38637071400359
2.42762029951151
2.42306088695918
2.41193024603304
2.43731214172726
2.4154069049877
2.42712290075489
2.45267064686946
2.45388216574454
2.41261461648893
2.3869481539182
2.45141883102329
2.42264868199648
2.41476393150981
2.37343676451597
2.39358099718114
2.42858418486048
2.37605743045413
2.37507807023859
2.38490890251969
2.3921948305708
2.35798019910798
2.4082772894793
2.39058190088851
2.3548359190497
2.42136348993902
2.37955232115224
2.33901421514937
2.39938629094365
2.34585320096758
2.40364308980893
2.37705689191658
2.41581949652855
2.3781194388922
2.41227408536132
2.39680207680521
2.36476016624859
2.39657186995444
2.3758134765188
2.33074144178708
2.38492884206988
2.37234601855747
2.41902343889693
2.37555075484451
2.38744533641242
2.39324541625214
2.2710595969126
2.32388369799411
2.29990927821678
2.17254431944164
2.11804736934635
2.05021261853417
2.0610335894185
