6.04248825233176
4.72746544383328
4.78984812258397
4.91441133816639
4.98628309452169
4.9200862864297
4.8057485217968
4.68283030970271
5.10063972493141
4.83330537122453
4.92576646317971
4.95693668748385
5.00016586073276
5.09597083219571
4.76800169018655
5.08620215705099
4.98781447886793
4.90676815233061
4.99210875529305
4.94325089344865
5.10908440228643
5.08175283704707
4.891316535303
5.01820118072792
4.90053262183103
4.92892045196293
4.96854001507456
4.94551777075829
4.91895267742397
5.04473586224638
4.95661482701738
4.94599940521768
4.89847940200238
4.92676222206119
4.92963373484546
4.98989475632652
4.85113391905948
4.92021864804563
5.02314754824878
4.79478947070968
5.18253177977519
5.03509152200623
4.91896017309632
4.92488323764894
4.93916720319798
4.70547492422126
4.9856388310824
5.02186488541239
5.08085424072452
5.23483944376915
4.84267152337745
4.97036657296376
4.88994670051793
4.93365492418485
4.76351292254376
4.82508999761259
4.82003581400343
4.96646280249403
4.95945921946839
4.83950834621326
5.05348142519586
5.04231446784977
4.84456734518386
5.03766574537242
4.72337394901581
4.80517561346026
4.96887481116734
4.90852603573874
5.06445181707106
5.02631596132411
5.18230671244498
