4.16187718209058
3.77898604160451
3.59880728959039
3.56969810895558
3.56402720451615
3.56640359121487
3.57784828140149
3.55374568292205
3.55108615861194
3.57669151260244
3.54993871881998
3.53924582102401
3.54432277481238
3.55628843614184
3.57227807210353
3.53386008424366
3.51604338118476
3.52874428050136
3.52697293313015
3.51943322735442
3.51771952365728
3.51542288662194
3.51666841978417
3.50108543379861
3.49468233509715
3.50064955947806
3.49626076474574
3.49137041366366
3.48450647393236
3.4585466167432
3.47919360693165
3.49437553003642
3.48030189986928
3.45696480738979
3.44781639365916
3.46595014470508
3.47097153828194
3.46270074123946
3.44145236826851
3.46432746962325
3.43658839022625
3.46618379458031
3.47011450215699
3.47544045386255
3.45838666418263
3.45289683941313
3.46323785328216
3.47975475831107
3.4856264592952
3.48207779874614
3.47856106479805
3.45015941231076
3.46740932954577
3.45499041752199
3.46859898939768
3.45975719204028
3.44858608897162
3.42539442984734
3.46494408150709
3.47396697425677
3.45247130719628
3.46916484163092
3.47268611202731
3.43282334009387
3.44204957893483
3.42477388392109
3.44387675202347
3.46716472692374
3.47025440805777
3.45530578343513
3.43052101715805
