4.16315494528737
3.78292593858892
3.5990181157519
3.55893757955899
3.56966858523142
3.56140049084567
3.54517058646756
3.5417428748953
3.5356922942968
3.59935166247568
3.54791458142809
3.53029927034946
3.55157138290646
3.54662830506035
3.58064097567973
3.50204840079972
3.52501810372535
3.53428401665297
3.52201957438935
3.50998782121586
3.51265956732022
3.53947094617573
3.53468963299517
3.50375216963964
3.49247693447516
3.50408379970301
3.49229701764818
3.50028992379057
3.48574135179363
3.47115268375383
3.49722951522983
3.48773843628476
3.47953828624042
3.45250445900822
3.45573411458136
3.47048784381125
3.49519141640181
3.44558132361839
3.45578349137968
3.46699761213649
3.43157839038753
3.49563135318447
3.47476069539833
3.45780805099342
3.44814080959918
3.45263254428348
3.43057008643099
3.47480258491761
3.48594402527273
3.51076103227709
3.51502834120131
3.4487108958514
3.45320694085072
3.436255376377
3.47476908983964
3.45210003712555
3.42411609718149
3.43103278331636
3.46880725486074
3.44920069385875
3.43894712371249
3.48278664245254
3.48334196976032
3.43429179972334
3.45714652960737
3.42338366378145
3.43232382331805
3.48542432259485
3.4730583086246
3.44771667770748
3.34640189648468
