4.54293682803464
3.30566154919306
3.10681832173868
2.68179626465117
2.49410049522132
2.41358664384571
2.29763107906349
2.26889646115837
2.24681496822061
2.28792581704838
2.35143048608889
2.28695489081956
2.27978971889213
2.32040516974298
2.25673991572198
2.28403117446371
2.31285084928564
2.31006881360722
2.31524274193145
2.3486959683626
2.33407038268599
2.31223201738214
2.36989308246028
2.32490476729301
2.34221233893649
2.34371659491302
2.34647101824652
2.30843481202017
2.30429983186564
2.35361729063163
2.34340152164567
2.3559824055947
2.28403170439296
2.33695142187656
2.33225829405144
2.3150335145196
2.30670481639785
2.327181766974
2.33442044280819
2.31355396466353
2.33382369051351
2.33221999794965
2.29209047012609
2.32842196487041
2.29561600008064
2.29951110550769
2.3070703796265
2.26833202709754
2.31033630808094
2.30598628375173
2.31677679106225
2.30608989743111
2.31841819766365
2.33050612143888
2.31161703766594
2.30557054200409
2.31125609972009
2.2696931848838
2.28958434642301
2.2982689294565
2.33086095554596
2.3028489153795
2.32065277016939
2.29616219980328
2.23265865630598
2.24190966872576
2.2227117321886
2.15909183173336
2.0425111534568
1.93401193580433
1.91521839418464
