5.28759476869137
4.51973604401793
4.11687405017483
3.7659408251564
3.4491403222079
3.19122360742331
3.00602893018704
2.97639425079188
2.9833672820038
2.95338451197975
2.97977718143417
2.88788365782929
2.93313377884695
2.90721489260943
2.90968826162921
2.9284948039567
2.93236450648232
2.94090471169903
2.95257297694909
2.96447926871204
2.94781844995891
2.98017021123009
2.94955705038
2.9593162323796
2.94123908118282
2.96442858354664
2.94776943544846
2.95886308337828
2.92268385258699
2.98418238740534
2.97289444917082
2.93619112025423
2.94971762276467
2.94395600504064
2.94035175393896
2.91920914963387
2.91976378378472
2.93892813497071
2.93135724463241
2.92662498072968
2.95919972994635
2.94749788408028
2.93523969666646
2.98347390896856
2.94143044991601
2.91933948530486
2.95165212485701
2.91897162242262
2.91269375202978
2.94010509029917
2.95945707173898
2.94610852247223
2.95523361350079
2.92587843354216
2.96610978782232
2.95386073068221
2.94083283695783
2.93281712359912
2.93851081365577
2.9019173524329
2.94945161952979
2.92470507157382
2.94513261950569
2.9604772003086
2.91804606158929
2.8819410571392
2.92788834826551
2.84429657871957
2.79445915036366
2.66228883504557
2.53305723653827
