6.08365038863917
4.80954445020886
4.80768759655801
4.94005317006041
5.04705373017337
5.01061273932785
4.90266453066188
4.79939104505478
5.06602478091724
4.91916139289201
4.96909020058834
4.9218141121554
5.04112354596853
5.06581637838178
4.95058285150769
5.02898687658775
4.94230991084601
4.95516901855799
4.99453897225999
4.99667574350375
4.98658028042361
5.01325815367203
4.89251886792795
4.99002219203592
4.97006227475448
4.98283031914855
4.91822146686245
4.96113875267439
4.90681709513763
4.99185571554925
5.0107933075194
4.9446022698543
4.88308978409099
4.91192124044326
4.92312663189219
4.91013485960918
4.94758451273483
4.82888897885476
5.00149769821869
4.82287158495052
5.06951128576533
5.00624829447295
5.02054263680158
4.90066650492203
4.93604709304537
4.90881282649478
4.91253276556372
4.98658061941669
5.00396845194954
5.03985924088306
4.87759163221896
4.97837841564311
4.90510791202567
4.9033735779766
4.83106690718431
4.89985772209291
4.7879312620388
4.99214698839336
5.03264000360686
4.88522742840717
4.96921303933925
4.96896257128743
4.82272141793831
4.8887829908776
4.74173037289347
4.87304436913728
4.85768669880577
4.94728225321471
5.02938366974426
5.08459824555497
5.13036173470215
