4.45908596805272
3.18987670895037
3.02790836529011
2.64006655474098
2.43937253850603
2.3462471647269
2.22254871600789
2.20072533305536
2.16142525240651
2.217917630239
2.24158506860094
2.17124081702847
2.1702105111701
2.24640690374324
2.19572926639879
2.19803268536648
2.20240952682401
2.20145054729958
2.18480391915473
2.21078767163818
2.20716746369572
2.21605173541746
2.22481463915884
2.2112036424655
2.22342983644231
2.2304879363491
2.21316552203141
2.19483851049104
2.22157067038319
2.24664306217145
2.22805434277093
2.23116204395737
2.19403006651514
2.22009054690416
2.20544974771876
2.21769203175789
2.22052479280251
2.21239498249174
2.21149464979322
2.19546487981935
2.22145764770817
2.23460161607248
2.18901201826327
2.22356515882616
2.18564272153581
2.21010006034863
2.22767911367932
2.18245731201306
2.18923553458396
2.19560354978921
2.20325593185573
2.2272558811509
2.21615244618486
2.23859365876424
2.22364650598953
2.20966384951415
2.21004044424669
2.18780391946093
2.21667174380622
2.20317053651826
2.21225779003161
2.21541118206578
2.2036107157578
2.19177301640242
2.16585364494618
2.15693125591553
2.11717689720051
2.05184456207391
1.94855897384725
1.86170205590314
1.79741413342031
