5.08984958867166
4.35651313680706
4.01847527043632
3.73202729980493
3.44777379307296
3.19551490144822
3.00524741972214
2.93945861481461
2.90595954989339
2.89885115897603
2.87450090870761
2.81584659835754
2.87595665061072
2.87134230315379
2.83483011944144
2.8405051453349
2.84599384669446
2.84728055152136
2.85024511147416
2.86228422120394
2.85585737512728
2.88031965789493
2.86474521917291
2.8748362935346
2.86799524893258
2.86916708833827
2.8513290136124
2.84883394646897
2.85505247159996
2.87774757681935
2.87129572834697
2.86672659732981
2.85458022593597
2.86291623997103
2.83166853415413
2.84849171946946
2.85276399842413
2.85101342056325
2.85524219806766
2.85746950372027
2.87573091064523
2.86969074915409
2.8666565542195
2.89508908636866
2.85853835994725
2.84231072159838
2.84604524546718
2.84720434908005
2.85851324316643
2.86171645754067
2.87039708798683
2.87951697469351
2.86441916387481
2.86425060026355
2.87841254434698
2.86867559075113
2.87016985601503
2.85406984671583
2.84715350844476
2.84294639337267
2.87820143533434
2.86390923247743
2.85534062993864
2.84050852730948
2.83961928275746
2.82870911806791
2.82093536969867
2.78128335952009
2.70051530609813
2.58291861337849
2.42037847491551
