4.48001277228873
3.23959027127291
3.04914307128433
2.65649366217825
2.45328658219614
2.36884984508663
2.25593618786111
2.23130682114813
2.19191066912191
2.24746427499026
2.27624821522101
2.21909048298612
2.22058117877649
2.2821770523328
2.21944692891489
2.22135209676311
2.24917859492543
2.23372837468767
2.22974453876693
2.25034982397162
2.25011325599384
2.25730527203546
2.27349248947182
2.25812698760733
2.2564431098564
2.26852460856391
2.25362552343544
2.23157136421108
2.25976321984979
2.28984928037971
2.26175402755086
2.27537817136755
2.21936085350023
2.26620949339518
2.25489960153036
2.250557563905
2.25049835160284
2.25721123895375
2.26243418185947
2.22552991017276
2.25278481020648
2.26926524155633
2.20495960561841
2.24562751640746
2.2175472397661
2.22780892954191
2.23947623875109
2.21503329733829
2.23367268252106
2.22916481511892
2.24392637887704
2.25920273677191
2.25340368041583
2.27930231431615
2.26652443964363
2.23814373926621
2.24894641524604
2.20203308371728
2.23756802764632
2.24054927175638
2.25372183530345
2.24818921667832
2.23264505082608
2.22424041547991
2.17149428159259
2.18897959504043
2.15136434183495
2.1046268146143
1.95445862317824
1.91756491341344
1.81277072368627
