4.51523347539097
3.28330230964311
3.0706816338693
2.67393890686719
2.46463126638943
2.3899851498744
2.27009812836581
2.24499547318224
2.21506380331957
2.26406624306427
2.29843028436946
2.25093888940103
2.25211113557399
2.30091255123961
2.22906767280692
2.25188633928068
2.27780866953145
2.26180023690587
2.26697069474912
2.30405870119207
2.30296094066055
2.29173207726978
2.33186330294173
2.30498598369961
2.32136687770957
2.30311022529266
2.3008621352211
2.27814741608349
2.28383467426511
2.32969699200616
2.31771746862057
2.32651680381812
2.26352730049965
2.30236107656296
2.29882663342645
2.27793796099973
2.2853409553379
2.31107153803207
2.30542875093696
2.28859815074225
2.29641044819996
2.29685868570436
2.25019049382342
2.28691201725202
2.24893272082495
2.27954001950961
2.27281647437083
2.24392421489526
2.28008018047993
2.27609921537667
2.29601460718692
2.28758747997307
2.2810959342736
2.31357506023271
2.30429588328601
2.28509079006072
2.29841368186918
2.24446378366033
2.25904534429902
2.27732683294379
2.30640330964979
2.28417850634486
2.28118920746964
2.26131303308293
2.2100780387308
2.22623404002024
2.19169520891328
2.12824291442681
2.00936773481155
1.94116846910404
1.83632663399487
