5.13017986626542
4.39029073306365
4.03516214109673
3.7380478632823
3.44199421792298
3.19637645108625
3.00641284118017
2.9439355708661
2.92550253450515
2.90608715784894
2.88189793435417
2.83482755580994
2.88485806562896
2.87684529835082
2.83831718562712
2.86278161032409
2.86552586992034
2.85668998604034
2.86705163716222
2.88211518481221
2.88416709108476
2.89812364237366
2.88437790244857
2.88601855527051
2.89758739924204
2.8831184981668
2.86897771363556
2.86895804825102
2.86745216087681
2.90123378748791
2.89255686891488
2.87982802154634
2.87656112656871
2.88132468595289
2.85202113263223
2.86226269438981
2.86944846455198
2.87740526374875
2.87070237846935
2.87258398629466
2.89645416983133
2.88919445645366
2.88194089535723
2.90767670344559
2.8769880447088
2.86740686437034
2.85868533551146
2.85749716982085
2.87018256674232
2.87875194466426
2.89571576139962
2.90518898564522
2.87338387450858
2.87579321091532
2.8933865783938
2.87859283067387
2.89266832547309
2.87383755530908
2.86183522777814
2.85892089538049
2.90783330109788
2.87859183913442
2.8784992670138
2.85934303809199
2.864751111229
2.84118312520189
2.83576342620743
2.79040491429366
2.73440454106628
2.60396622954841
2.40494718830189
