4.16777399090445
3.78080689314558
3.5964883356434
3.57893406947498
3.56392251940019
3.57996960651513
3.58244629046782
3.56982104185155
3.56119771016522
3.57334438683769
3.55283239532805
3.54104226401646
3.54015553736471
3.54167643156791
3.55775832544931
3.54217182321177
3.52790896990169
3.5147436868568
3.5221514777315
3.51672899590996
3.51827555726347
3.52054737791851
3.51753250165245
3.51271805424623
3.49661202977825
3.50593362184595
3.49673407968688
3.49607718113183
3.49608636684257
3.49400687553267
3.4855917757648
3.49247649694457
3.48550111437453
3.46154886231967
3.4756458565088
3.46340080890141
3.47340622108866
3.47331957831227
3.46782219145176
3.46797005154718
3.46047479657359
3.47781181462928
3.46800204880373
3.48403568835558
3.46975364112053
3.47283505153023
3.48503933548981
3.48629462419051
3.48224024398622
3.47843217930269
3.47486089783418
3.46446507685578
3.47014270239881
3.4526969054905
3.48080886764976
3.46531109385582
3.46191479653983
3.44539999434624
3.47336090409242
3.45779992693191
3.45925712764751
3.46365285747955
3.46383544831093
3.44993633870558
3.45412575210328
3.45741254232345
3.46868712245081
3.46685162357751
3.45886166472337
3.4614585897901
3.48110751534136
3.11511704949403e-05
