4.16656166941166
3.7769619873474
3.59530204313227
3.57568542627105
3.56082189588397
3.58181733588292
3.58125357157925
3.56524052134241
3.55758191179246
3.57373195457353
3.54845868471124
3.5307963168452
3.53975864674761
3.54273565539782
3.55685945376589
3.53617511244058
3.52357111832905
3.5158655458854
3.51827204768124
3.50956069321184
3.51561310348875
3.5152366718629
3.508047877588
3.50456685629919
3.4887316808029
3.49963368499986
3.49442391119602
3.49535504997963
3.49144488578004
3.4951253857444
3.4852125705174
3.49342283483236
3.48790067619587
3.46219852311362
3.47502316772204
3.46422317718203
3.47709811139222
3.47002650697351
3.46579635660439
3.46714745811801
3.46243783948853
3.4773749308831
3.46727460200182
3.48704063373051
3.4721010009685
3.47171980596433
3.47879709682602
3.49102290834436
3.48177110771707
3.48193145652368
3.4765317880157
3.4665946982746
3.4663958647375
3.45440241843125
3.48002647226625
3.47044214166131
3.46191036670365
3.44701386518955
3.47485124672475
3.45840266066038
3.45944179045154
3.46878081287187
3.46509618230034
3.4489138135435
3.45750516114096
3.45445999480152
3.46342744790806
3.4705127881546
3.46239725153533
3.45139028145336
3.4857028834527
