6.0215177747313
4.80060443179565
4.85340316385527
4.89456215488617
5.09482563513576
5.0148257443943
4.94038931766613
4.87394705263706
5.03472488067273
4.92172864445294
4.93746028244506
4.91442547001258
4.9986293682334
5.04710513229004
4.93789458209269
5.01644084139035
4.90581871063535
4.95656366851357
4.97560568362683
5.02322229191907
5.01567937051668
4.91415208069029
4.90452048724118
4.92485568804989
4.98337151030056
4.92466350009554
5.00292470885678
4.95222592614349
4.97308793230914
4.91517929554455
4.96288394608603
4.96436320291017
4.88698960999777
4.98077585381312
4.88006705199006
4.93210114194065
4.95243138640343
4.92545841059737
4.93081360011757
4.91184028018263
5.00091268508267
4.95199318202878
5.03049278353552
4.90404382480877
4.90795229306169
4.93334778311785
4.96455441253131
4.95543223548343
5.02085444236503
4.99069199872126
4.88305062471654
4.95858884430934
4.91887902178902
4.95187559160402
4.87984534788621
4.90408016950639
4.79884310575885
4.96177478460252
4.863654425554
4.86686791125469
4.92124439755393
4.93665155613779
4.83197957141577
4.93091094970111
4.84027459492758
4.93051229765745
4.9370880465452
4.87214243229942
4.97729618934917
5.21623755255487
5.10479758439694
