-0.000111111111111111
0.999888888888889
1.99611067896433
2.96710014449261
3.84349276974416
4.53457506134285
5.03564223268326
5.37076247325149
5.60635171790235
5.80522133938706
5.95373543522961
5.86186703410265
5.91235151654942
5.97429067747539
5.95224817009411
5.9296710986704
5.9836161497952
5.96695284017406
6.0074450484519
5.98314740090197
5.99010491177873
5.99377841588897
5.98965102286402
5.96452355006659
5.95045045045045
5.92202227934876
5.91937869822485
5.9115494355539
5.95089118783497
5.95376519233179
5.95907316458884
5.94886723199595
5.91128929616902
5.97363031233999
5.95436968290797
5.95036931450045
5.95654443429466
5.94954007884363
5.93226828624241
5.94346383543464
5.95960538594854
5.9720176730486
5.94815513062214
5.97712197103019
5.96694327302408
5.98592319256526
5.96912733260154
5.95933838731909
5.98724701968395
5.98857302118172
5.99747863846477
6.0106981981982
5.9799406695861
5.96395117797332
5.93505198689645
5.94379290617849
5.95891985061764
5.94749747584018
5.97751668117203
5.97260073260073
5.96104857819905
5.96658675456997
5.9702199144777
5.94278489015331
5.94627756590947
5.92182237191987
5.91463176401641
5.86848635235732
5.82991032687301
5.85757444971946
5.84995507637017
