6.00356228045383
4.82003750425504
4.81921171693079
4.87609954060685
5.10730380073169
5.02170229560824
4.9299947303227
4.84042391026965
5.04017714198181
4.90881564090295
4.94734120275079
4.87181743562037
5.0095837031248
5.0364533422524
4.96645354897675
5.02753548667773
4.90700148166307
4.98555038836011
5.00661321851045
5.03451047925759
4.98470759034827
4.95151883830972
4.91085783693689
4.93266557000372
4.97381343037633
4.92916945921964
4.96970362978413
4.98294821319331
4.94636538323889
4.94470728384486
4.98373553819607
4.96137729891524
4.88450541691888
4.95781404123046
4.9273430991938
4.90779452735611
4.95370488294676
4.86830473491757
4.97437275091303
4.90313405637094
4.97998401402369
5.0174716410928
5.03011318674137
4.84803574310252
4.93893051662201
4.94476394305171
4.93916998669427
4.95066239625055
5.03371851354172
5.0565213926044
4.86580009701105
4.97044012961525
4.92664862763278
4.93832291792991
4.88832640050804
4.85902716172399
4.76560172790528
4.96910478545532
4.89437833933113
4.8783752594873
4.91414940838879
4.95073055407071
4.80971571569297
4.91451677447717
4.83243299068068
4.93706956437715
4.91853439974078
4.89136091485026
5.0252057644928
5.16333468618616
5.07103689908601
