-0.001
0.999
1.98
2.87
3.515
3.85957873620863
4.04431017119839
4.12197580645161
4.44646464646465
4.47517730496454
4.72375127420999
4.55168884339816
4.36307692307692
4.41425619834711
4.38549222797927
4.45057232049948
4.50417536534447
4.38509968520462
4.44831223628692
4.3968253968254
4.41711229946524
4.37432578209277
4.44673913043478
4.39978094194962
4.38986784140969
4.39377085650723
4.36670416197975
4.42937853107345
4.43522727272727
4.4324942791762
4.44661308840413
4.41714947856315
4.43873978996499
4.38660399529965
4.50710900473934
4.53214285714286
4.59518072289157
4.48422330097087
4.5115712545676
4.45945945945946
4.47037037037037
4.47335811648079
4.43017456359102
4.4874686716792
4.47110552763819
4.47793190416141
4.53291139240506
4.45870393900889
4.5625
4.53265044814341
4.54311454311454
4.56314432989691
4.59455958549223
4.46761658031088
4.51238591916558
4.44619422572178
4.54881266490765
4.50066050198151
4.59096945551129
4.58210947930574
4.56586021505376
4.59158751696065
4.50969529085873
4.51
4.48053892215569
4.52912621359223
4.58730158730159
4.37423312883436
4.38802083333333
4.43775100401606
4.4054054054054
