4.65470495474987
3.4086350102881
3.1608610978779
2.70445965403873
2.52142146070186
2.50644257273301
2.40808170590824
2.34915547758781
2.35439291967981
2.40089119432875
2.49370787089928
2.45892372982451
2.42445862935697
2.4777748087026
2.47347827089793
2.42904408994376
2.51489701519325
2.47027638939823
2.51241590303253
2.50151591065957
2.49641645549686
2.43845101350179
2.53486132101607
2.49340915673668
2.51192399860607
2.55917728232256
2.51564005650004
2.46992460348037
2.46418688700736
2.52112340455545
2.48510031409849
2.52710602825027
2.49514964237235
2.46061788878242
2.50899501654949
2.46866985729787
2.50052003264871
2.44113627393883
2.44590572385031
2.46433086321426
2.50718256173198
2.47325059035605
2.41403385992895
2.5236451402567
2.4123078440973
2.40530420205233
2.40663534323547
2.34557936042496
2.43770339143033
2.42189769738164
2.45124191703459
2.4448772263023
2.50419870903616
2.46024112476986
2.44222261917779
2.50232779534531
2.43973136543942
2.41341663388259
2.47864451947315
2.45172842808851
2.50690602880914
2.51804638318213
2.4684854906504
2.47578729554214
2.33074806973227
2.41390467612942
2.41949844840714
2.28705437882654
2.22537311940424
2.1869350100137
2.15303307650873
