4.1693262845072
3.77829534570905
3.59810006397122
3.57844172503885
3.56463423317051
3.5857877009115
3.59383554958621
3.56737003475666
3.57225156488861
3.57289380157713
3.5545838896668
3.53979985717681
3.54019870370019
3.54245443595874
3.55061956438515
3.54261479606969
3.52613966491793
3.5173113863915
3.5282821472055
3.5247691488872
3.51846210597646
3.52257937252616
3.51882706937279
3.51461167771949
3.50546178004756
3.50660410040538
3.49625253278074
3.49907945811109
3.5013411193941
3.49524568365164
3.49165209881139
3.49016748506213
3.48471854865716
3.468758345195
3.47830072943801
3.47146579807925
3.48173310110786
3.47457646796226
3.47552083943383
3.46981096864123
3.46664805504151
3.48286817036931
3.47309866676215
3.47736475094041
3.46918770896049
3.47235739121138
3.47975762667312
3.47944147983458
3.47791825727918
3.47761695481994
3.4743504032852
3.46288139976061
3.46336608145442
3.46089177179446
3.47676006649802
3.4606454947024
3.4633814389468
3.45051925081177
3.46590238740342
3.45736024055918
3.46139779222409
3.46832272852765
3.46264710112627
3.45268748361412
3.4635451676498
3.46568920330413
3.47646120497938
3.4639307790344
3.4606932069588
3.45501237249993
3.47405751618818
3.11511704949403e-05
