6.02966711058886
4.85682651102356
4.87300898115404
4.92880713490099
5.11504556679005
5.07961890220661
4.9642652547899
4.98923561428269
5.03632484912436
4.95913748199272
4.9579061670117
4.92110047700768
4.99280138215277
4.99792205047396
4.98431617767513
4.96611384673947
4.9853276152749
5.01033280425524
4.97875580342154
4.98760384710557
4.99459934989347
4.97386248682216
4.97871461801389
4.97772112685698
4.98053063206395
4.95539026816733
4.99738258703651
4.99221737744661
4.97418442914267
4.95765922229248
4.93535409172667
4.96009531287091
4.91109042684492
4.9463497139902
4.90784713115211
4.95556165448358
4.93892769877484
4.96287217867846
4.91455825279398
4.90057918070226
4.99062526120127
4.91965994999664
4.96070201103382
4.91150469037373
4.93481321764425
4.97551275481358
4.95431089728934
4.97151708971081
4.96325328247363
4.94321306073085
4.87963650725392
4.93526672891761
4.9043623291917
4.93445672990443
4.8686000823949
4.91827188292184
4.84171073873831
4.93393707785713
4.88200380295411
4.88289489005218
4.90430562846253
4.90456595216404
4.90052885151125
4.91530196551026
4.91660774388766
4.94475783862915
4.90611520355129
4.90576513134937
4.98668163176029
5.2009245268996
5.36592562588093
25.0096836248028
