4.36452004541732
3.83542557232982
4.25385493499413
4.06241777374235
3.57453986144601
3.66019626052188
3.73354184596444
3.67519230314099
3.67116532275993
3.39572536662749
3.0698244920073
3.21921643473402
3.00106596775501
3.03694711184958
3.17596462414879
3.06055569915795
3.47489093173861
2.91146899771234
3.58064551416281
3.41677680204545
3.14224396245913
3.12861833286849
3.05184085137833
2.96927468552038
3.94268547053033
3.05956153353464
3.36167553388385
2.6446773944611
2.92079375321133
2.54714998225137
2.67932910638564
2.8250763600786
3.17084018568911
3.12491655922591
3.47981068998053
3.17601603925821
2.82083585137008
3.52386238410364
2.67882396621404
2.80230685677558
3.03075477338664
3.06012208933441
2.92987074990346
2.55159684676033
3.32785686905078
3.09469313921404
3.53733723190586
2.62656529395351
2.95426418213345
3.15163220407652
3.13598289055612
2.57713586862815
2.96014056160089
3.20406527910701
3.21118899666871
3.18457901926854
3.24383917185813
3.22582100426879
3.29774589444553
3.34367594599988
3.52832085637088
2.65381899139522
2.85440688236017
2.66766147953467
2.91473105932877
3.03541285532804
3.24427173858183
2.79851277500683
2.47053146696452
2.55279515769973
2.67954630141044
3.01840700146871
3.31476150222731
2.90577219388286
2.29911001936578
2.50060776828323
2.90929592078649
2.82972675993795
2.75008421215062
3.40161678388494
2.96445839879312
2.91134746115754
2.78830822458784
3.35051027841126
2.66920625120404
3.65899660531695
3.1503873404674
2.9388607267992
2.76373694739981
4.0097979001289
3.27228184649425
2.96098268959572
2.91746275778528
3.71187114316115
4.47674702153779
3.64912996154009
3.49485461664446
4.00668824360663
3.37094160373217
3.59280689318335
3.41563323445461
3.46645348501335
3.23924718094011
3.25240476848173
3.54733013250108
3.51707415555926
3.37526266987609
3.34321256452651
3.45761349720424
3.55685494506178
3.23460255202199
3.40794133754423
3.51170239848027
3.15733100524073
3.20485143860338
3.37271792465462
3.59492675565286
3.31393399408687
3.23153789810619
3.55376645546355
3.3234247986822
3.60293854644361
3.28503430921927
3.31687210892781
3.31051611522117
3.45870600864607
3.64488097239689
3.36851941134303
3.8587896432739
3.17476907039435
3.75979221635013
3.48185645506183
3.60095056170121
3.53107784971801
3.50643991470664
3.35387573975447
3.41512927658105
2.99105943776095
3.1176926892594
3.25360612954801
2.74130496144783
3.04331274570655
3.23833012047237
3.2192904096909
3.54081076623165
3.40438168700166
3.26894859890086
3.26820352228454
3.21229474871725
3.40218293622801
3.66678704386324
3.36413802242468
3.51088555891973
3.68951661386568
3.226736449414
3.27080047348782
3.80037177023005
3.2473655733266
3.21341234538811
2.24722361654036
3.36324895379425
3.30138329043346
3.48276681373086
3.43364917133687
3.31150935088213
3.13479790468373
3.25078834485246
3.40965954178559
3.40114660271865
3.33013685871975
3.34954905091851
3.32312834461663
3.34115210563462
3.44998093855291
3.38292971774125
3.3856273435698
3.32202135347861
3.24142008933283
3.29674599515299
3.15756431662843
3.46387723134222
3.35492018897307
3.34177625674208
3.25554593169132
3.41491652767161
3.39293255970655
3.37456661095569
3.2982549321893
3.39037325972378
3.18145636848264
3.47573478003645
3.46039352402799
3.4821619695743
3.44047505154513
3.30460968359016
3.03692486414574
3.44613143407523
3.45765871753922
3.23270974913056
3.1555292876893
3.50630833558452
3.08397981456477
3.70316566839888
3.20743463876246
3.36228104632488
3.36857412430697
3.1317043066394
3.28142798801489
3.36897802676911
3.17982138648279
3.17796095743903
2.97698559977365
3.28999438370227
3.38194251201405
3.05541788579366
3.5163803119402
3.27269194319201
3.53144019186144
3.32890280955542
3.31481539603571
3.26792905645639
3.1948999130826
3.28412871114498
3.1478006674942
3.41084289960548
3.22600017718361
3.2660577653646
3.61852213451413
3.08073465014795
3.20920188437068
3.07880898125459
3.38587180491553
3.26912139510219
3.31766279014795
3.24976376227237
3.25217263200055
2.83250796645978
3.37848715954069
3.06094592013458
3.41095951821069
3.21021139543865
3.30922230027213
3.10675631403588
3.10974616324076
3.17947448843538
3.25921129438475
2.80351732246355
3.29496600732644
3.38215958786396
4.13179952199036
3.28083537813551
2.90480736657489
3.19903459622774
3.34595202974468
3.48960250281158
3.29125272815484
3.21923898860604
3.25950278413083
3.40383869282066
3.45466360254997
3.2931287552342
3.17275839644868
2.93158366309584
3.07523027913525
3.00406849825069
3.20688579079749
3.21937146346348
2.85586667728115
2.97187205428548
3.00089667078032
3.32840447677604
3.15630918307132
4.00787739861917
3.319595157742
3.24204667953378
3.36321149989226
3.81554686955597
3.08492677356564
3.59265241704355
3.18331411938472
3.43160137341477
3.58162963221716
3.44482210589125
3.1414872131183
3.07282726921529
3.29610562478512
3.16624550443214
3.36082445539408
4.32315249906244
3.19513919853703
3.28465582965839
3.40449333188035
3.10621816658511
2.66809239793146
3.27531514562693
3.14433330471244
3.2494128822941
3.29033646345203
3.1204909672402
3.31365129574502
3.3576635948205
3.24960138175501
2.99656494441309
3.24358191187324
3.23615298604909
3.2051193722342
3.02099343432379
3.20015627033856
3.3974660493942
3.31176138258242
3.43081628073199
3.23113395345955
3.15723449194223
3.15127703631781
3.35905414196075
2.99233247719087
3.0328112318127
3.41613532424674
3.24123126779617
3.22617287639427
3.13349419116761
3.96514489025777
3.16009740618357
3.19938314306628
3.1019031699549
3.22467648898385
3.13400135468736
2.98835547051194
3.29427498883566
3.2561696678076
3.02793688588439
3.14303594583935
3.38933411479616
3.04583774254109
3.29040531948747
3.23313195242099
3.19414193689369
3.39746373435317
3.35310775410407
3.16283920514454
2.99204208535782
3.12313875533781
3.4673699578305
3.42900563582543
3.28482065062619
3.62749920507071
3.37037420771268
3.34268240657746
3.3033635633323
2.93584012346048
3.03368313511993
3.17197287191948
3.02231709593608
3.33443574921211
3.3141434819063
3.27457824378059
3.05600122351786
3.12939963070491
3.12572917402254
3.22389090615147
3.2098766118468
2.94007711941352
2.85836508440737
3.09703267277164
2.6815352935732
3.19227987472968
2.8903751834286
3.5026105604177
2.73267062496488
3.2926202968475
3.34324693818754
3.04550523854787
3.12035269850026
3.19265511750165
3.04777332226936
3.43092419234642
3.19342530972591
3.33061665406923
3.18262859149767
3.20403440104052
3.30358665639685
3.24066830596796
3.92916232441
3.11102686669321
2.91799211449298
3.19243598196671
3.29357683424453
3.52860221976187
3.43723586753295
2.72721224244093
3.13196504614913
3.12211316254989
3.12940805030433
4.03466949441044
3.14693971832112
3.28444021345405
3.53602028563248
3.566659246909
3.38950288789125
3.4789060810075
3.29124145899795
3.07650177985025
3.4569627319406
3.24082323898893
3.04908565392238
3.44635859464378
3.58212702394114
2.97846625539641
3.15649053140739
3.2940099720468
3.12546402644621
3.16090380386306
3.09270211190609
3.30325423933727
3.36395181840847
3.24029140989366
3.32458294083485
3.21383698482851
3.08043462427448
2.9634495533525
3.10975494557624
3.17753924368206
3.3279982169933
3.38338310980754
3.16767573130294
3.11743592049156
3.40017014070133
3.07715701421496
3.12266936934166
3.04136333512815
3.22949117988307
3.19346724831257
2.99605026931296
3.19800426722726
3.20328912644311
3.14271825828809
2.73695203287971
3.55124467245217
3.52664527830599
3.21636811795222
3.59419184714591
3.08443811578337
3.21578662386086
3.30731638704423
3.07141168662945
3.22495719507575
3.27122783803662
3.26268432289653
3.11464810993611
3.36940553291968
3.03289812719763
3.21165057628214
3.4729112945139
3.2322799673254
3.45429676529626
2.97315669825066
3.17719309483057
3.45418616993047
2.77744504905876
3.3019414209367
3.04213687218878
3.79310375833472
3.01336714831572
3.13043582306248
3.10063760838568
3.36418071439629
3.28320048169659
3.14837012602545
3.3281472834038
3.36732878950473
3.12298766597823
3.14422288850898
3.32653439372963
3.15891106553769
3.45963812705642
2.96878466520026
3.38699364855367
3.13846193309363
3.13928338608345
3.25832237692885
3.01096472660662
2.88238883439781
3.01729721503878
3.21441487996563
3.08526445283312
3.12822045577135
3.10563787188297
3.08782405396252
3.01326511007016
2.96143601799723
3.41663701980147
3.12105768204883
3.06351132319641
3.01221722268275
3.19518983038138
3.06874076057907
3.46368073484055
3.23462179234619
3.09670330529314
2.97154092167068
3.13133250183015
3.32897521001199
3.1417062139219
3.04916863960764
3.14820128114343
3.12496136857536
3.16934874601044
3.36514295928282
3.11059194145519
3.2605038039755
3.14866618940103
3.19919016029504
3.28165750481505
3.31993663691712
3.61503521984556
3.22206030604226
3.28473609579587
3.05054854258763
3.32277908208309
3.01821542275745
3.29427886113743
3.42799772553913
3.46577037716137
3.02338628426974
2.88856512262602
3.28735661538792
4.04747543903188
2.75567137545712
3.68900968509545
3.42899096464368
3.29870333354267
3.52866208848612
3.33091836435805
3.53383905150615
3.09825136504637
3.55560859529026
3.03789223204037
3.11823649910476
3.03528584640961
3.05674968417589
2.99773058799267
3.22597238147058
3.45561787217189
3.1993852457586
3.00050006492677
3.05193657338501
3.16617689261807
2.90861441079671
3.33441100918604
3.75850685089976
3.11517645549064
3.2665008479451
3.09706267692019
3.11537164005198
3.29261028268346
3.28215818631121
3.14770989451001
3.03688882313645
3.29117503068095
3.52346798543402
3.17490172435961
3.45927453542423
3.68468226608802
3.95027668720171
3.27608306981617
3.26527589753693
3.20880771581123
3.07942577137527
4.52771953985925
3.05816634599532
3.38205125876785
2.9226733216564
3.2631302053665
3.15018974362201
3.52708237183513
3.16695220901349
3.97859179774772
3.26935080890266
3.05043027611912
3.03549306700512
3.05234184194886
3.039264379531
3.15666307985811
3.42505668033891
3.22859010388854
3.23852545770503
3.45226343870546
2.93006818027967
3.85388175436675
3.13077899077457
3.3756304799711
3.42121668241215
3.10356989528447
3.18988881881112
3.3045759973478
3.79333540167253
3.01038462112412
3.37815509957837
2.85638776734135
3.20332091572092
3.36776833631912
3.14165154200003
2.96773133573035
3.09549015030253
3.07350191449311
3.3962925557061
3.36083521291654
2.98468894880798
3.30115767859581
3.08696964095648
2.94035359105069
2.99426492353758
2.93286111674397
3.20560337530911
3.1462041512162
3.20373678458588
2.98466187331051
2.88442468340305
2.45627717061659
2.97651705697403
2.8296351379992
3.1136933391996
3.19129951234055
3.18059513719749
3.6965924712534
3.16053242739472
3.10509162232858
3.28589923706165
3.3520415381386
2.94041232911191
3.20769688098117
3.70071749436212
2.46798658287216
2.93213710799112
3.1998892010445
2.76981945845153
3.2427416466976
3.01428376779128
3.4991960126715
3.35513203949102
3.02269954261663
2.73926818033663
2.98264425558132
3.17458356040073
3.33435280767757
3.04390861453536
3.48587326559812
3.37652878089269
3.51932398102799
2.99398479791473
3.20403022282546
2.9652045811735
3.31736309028568
3.04403793828942
3.33511125121244
3.16546299038352
3.32285678470361
3.03010972218759
2.75550485712794
3.07703974578626
3.04686240669453
2.947828591815
3.1725161310297
2.93910293342828
3.26190970998981
2.99820754329566
3.07292533323741
2.83760721546624
3.22340100045245
3.22353790872168
2.9197430849419
3.06003961084145
3.92169788939213
3.14664565174227
3.11508357660017
3.09663124934637
2.92275912112663
3.28088134809545
2.90029877238418
3.12639178667724
3.10607346959551
3.01541801456394
2.77299005661515
3.47432825129271
3.2262748328228
2.80148960578236
2.90640195184206
3.19802372081185
2.98885458241666
3.11310107960074
3.05165431684492
3.17751103391105
3.19327632141851
3.03799147806056
2.84011283845628
3.28825495968813
3.27137008286642
3.05356362108631
3.49418016980723
3.29152218827009
3.00127829082058
3.05685350499063
2.87004110823011
2.95542811496087
2.8257151227096
3.15635405894711
3.21674511403236
3.07243225075463
2.93881097223683
3.17636073578749
3.17278492673862
3.38020371483399
3.17642664245124
3.27543905699176
2.98569830122693
3.37389545303182
3.48096481684472
3.29770739909663
3.10744885605314
2.73111611392306
3.2498038696686
3.09026505045382
3.07785234381063
2.89838308114478
3.14119265235654
3.05669083843131
2.95922348915331
2.91856521073492
3.00625884546501
3.19522452758273
3.26294152528466
3.16650568438732
3.06233031438634
3.51334193983967
2.93491341540526
3.18079326664155
3.21569839045065
3.72458040060033
2.92509580901082
3.07886773505641
2.94796276846681
3.22888686606792
2.93256646791911
3.04185828740189
3.13090527999147
3.19202214954805
3.10811625172852
2.9162536355265
3.06563361030422
3.30251260839361
3.08628822021036
3.0090255668379
3.08859552070695
3.13201456624787
3.13364120741258
2.9408837373296
3.00937188666639
3.14326953371757
3.04773382984222
3.082730482502
3.2945690122344
2.98546696928216
2.78383442812728
3.10049983643858
2.75257319555777
3.28092437394102
3.35217577279635
3.11212508706205
3.38761893990695
3.25896545529545
3.32240008330926
3.16880296038505
2.83392446162005
3.15945568208896
3.94953949522584
2.98352554714821
3.01243009521345
2.84498818078182
3.56242366516015
3.04423286581659
2.98303734520098
3.04393213776744
3.01499667022692
2.96676682009151
3.19421423650853
2.79660018889442
2.71340205127892
3.26761113156288
3.3130805724922
2.93118932880278
3.18937664942963
3.08663353304678
3.02135312469128
2.93066112683037
2.79927588984396
2.98633952009804
3.34923203820924
3.15604611044473
3.03945424205239
3.2587418169135
3.20513174639898
3.28654913230507
3.54810897428361
3.07755761564902
3.09057083957939
2.95410178022023
3.49955426674663
3.13649091896857
3.14784798040846
4.47247832870903
3.22060334892698
3.05056035573221
2.8242208665393
2.83750252513981
3.00118445956113
3.23750539313053
3.09049221015628
3.19093263019089
3.10981175046294
2.66972969164426
3.00315430417744
2.73129852199801
3.18173891862961
3.11355150079472
2.86365756324313
2.8047192190742
3.0933671083958
2.90987725301408
2.88776516500703
3.40176037164223
3.88576260761935
3.18042759322406
2.95552677565207
2.82346680951335
2.94243954095948
3.22754967015293
2.72809106442484
2.91298022385105
3.03533168341577
3.17705974488972
3.66530805506976
2.64593107351664
2.87057452964706
2.72942441947374
2.74591025718166
3.11219682521584
2.82615290816823
3.1127914712275
3.00333645193946
3.21641712442033
4.18199120897189
3.08283079348233
3.19789429305395
2.77999103638407
3.12331718627168
3.21714667381267
3.23678625822742
3.05498435764984
2.91886923686391
2.94859660024678
2.95893733799112
2.85360015092939
3.02234079623662
2.97659413744462
3.05217380365694
2.97135151729214
3.65493526872987
2.76698312478158
2.99159373226913
3.1427116257143
2.96971951031962
3.30448969270822
3.20484066320679
2.89213584662687
2.84997891009578
2.82333016923767
2.75890239604724
3.0023844621536
2.92486260732929
3.176543465552
2.70632286920424
3.11122390169393
3.13725406159336
3.12452404969737
2.74581118053061
3.07268645731548
3.09412782738003
2.95811859076931
3.49197645323977
3.34548976443888
3.34103024035945
3.32833054965703
3.10348066595983
3.22548845503327
3.26950719272384
3.24460641704748
3.15786968682005
3.30855186825213
3.3875298300539
3.26208583147832
3.47811993508271
3.39363363390986
3.19004069425934
3.39660907058232
3.16315657608612
3.17820145767998
3.0211535349953
3.38791997545912
3.27140128233358
3.43765719123712
3.25069699450412
3.02774962155727
3.24001518160726
3.16186278752364
3.30497195512216
3.10524848464615
3.3974663003405
3.56006554804677
3.22742560222543
3.01093101624534
3.33772428811744
3.63151246467696
3.25977781890919
3.49714379193296
3.3626232468316
3.19253277357256
2.99203870999475
3.2752072435091
3.13533385936321
3.39235663661145
2.84382294623863
3.22551291482619
3.35899798332355
3.21653268286406
3.40073102652297
3.37784100013958
3.15215085564578
3.24370273396598
3.02416630609155
3.28878058543461
3.19072994243664
3.09076174400991
3.10282169139864
2.74682377756721
3.08615175443087
3.26637577321166
3.01445806871228
3.1653963264862
3.2210143328772
3.1877270365273
2.85162832214028
3.0990480023936
3.91839089133728
3.04011534749695
3.18252901113201
3.05922093444857
3.04695904064194
3.35287022728069
3.09816656187944
3.16555884620198
3.5229365052701
3.78705201384695
3.06434364979582
3.09766544771924
3.16050259605058
3.0367378931552
3.17102919223367
3.06398231995132
3.17303799993493
3.12879104228952
3.04830001618679
3.05582414657113
3.08118939362704
3.15541675611687
3.40156736892937
4.23628826023875
3.9024588388711
3.08623274478964
3.33041469559369
3.10278009435733
3.21195700725369
3.15154055813673
3.19829069733436
3.12434937149431
3.13564503704093
2.94724255577869
3.28510513675915
3.35430325070135
2.94469189781999
3.02916455847521
3.19245533461407
2.83029679847937
2.99250930958014
3.1586880682271
3.25643208528497
3.13413370448248
3.33477973527288
3.19792818493173
3.25579060406136
3.1801086476612
3.12818769292933
3.35354147849265
3.9844137851179
2.89498943645831
3.00055830869434
3.15020143870153
3.1660322555836
3.17676075136384
3.33723465617843
3.26148689614354
3.10246674253395
4.22951669381655
3.20610847468837
3.33635590399558
3.06837907026371
2.74243443263985
2.84412000013457
3.10168856218571
3.31947642394626
3.27358679045022
3.13828610887177
3.41799928273869
2.98280378289312
3.11526815022668
3.10664321912793
3.23367567453219
2.85546480715444
3.46979815951646
3.27869548698514
3.21713398972498
3.34617272911217
3.14571659207743
3.06492245460781
3.21249711157912
2.9930817793448
2.90545015048827
3.26315768936093
3.34550206379662
2.97680513709896
2.48792849716122
2.85098391592405
3.02877360194934
3.28488763642661
3.12414704293106
3.39029607372202
3.57851584508077
3.3121107394484
3.33846287768365
3.77979623370689
3.19432113410705
3.15560341969943
3.17107647195693
3.53654432320972
3.33014039998864
3.19792886125976
3.13487144648144
3.6339251917404
3.31371526396667
3.06999653481786
3.25817737710643
2.78589172581071
2.8868445893367
3.23896714825928
3.19786002353864
3.01290865826092
3.00737892739055
3.02942103156398
2.99770496404662
2.8189586716553
2.86986529206554
2.7080600148353
3.14020017628991
3.77041136320639
2.93030937199708
3.29879774753661
3.33289152219188
3.73431843350291
3.27803377704838
2.91853405561032
3.01057965793452
3.20771360885126
3.09752377305166
3.16696412711205
3.44050570428493
3.32794613406931
3.18946980779277
3.27974388898075
2.9733335046733
3.03581039931401
3.51986490994653
3.51097424012894
2.91394737413523
2.96602975181178
2.97199927707978
2.9230339649262
3.42827827416913
3.26827640695326
3.27786558630466
3.03254842079252
3.29393381700517
3.05504104460044
3.33485992639649
2.90864505678365
2.97666995967732
2.8803305964707
2.87339102817844
3.02164395259152
3.05381369378094
3.66630896131412
3.03957470365213
3.00388102038902
3.23389614796907
3.01678354142568
2.97844075730135
3.11402368684228
3.05314588166235
3.07416611142147
3.4465340224032
2.97387312725105
3.54284882528229
2.88197150209805
2.79086220686213
3.23883307338115
3.12378199800027
3.078689889738
2.9865506343397
3.25827756877905
2.91556362200394
3.56897658580899
2.70360719665813
2.72706760582149
3.60859940185413
2.81589689974112
3.2202685251025
2.76407890394038
3.22842289256153
3.21637500901797
3.27168510938078
2.91286928471382
2.99911095622302
2.9450867374976
2.91326734140142
3.2841766379605
3.00685758170603
3.61163291800807
3.37256138374695
2.79456623564919
3.09123831308649
3.2529916470558
2.78014013966023
2.81145951347811
2.94039304827148
2.8845866346365
3.02000619866959
3.00663473755324
3.12549097145485
3.3201476105263
3.45096245830852
2.77916476939732
3.22159546178206
3.00215435392923
2.79691793053746
3.20960565828247
3.12956819687937
3.28655491941094
3.61117567571986
3.17176057294449
3.23655610018003
2.8498737850331
3.07071134179906
3.17560319060867
2.9699903831791
2.83791079093988
4.33960837015294
2.94287633862802
3.07012897843073
3.13413650067114
2.84121572470861
3.14988311634893
2.65262963988599
3.29582617319484
3.1837032959208
3.13164080807492
2.93554377783251
3.07510922253038
2.85441764773146
3.03859798821542
2.97203697277131
3.07939617690731
3.22181455878879
2.95682480839059
2.8029859228864
3.09319224692225
2.83203653607237
3.32688185163
3.19905601348028
3.18110210249222
2.82338860588189
3.47830370087203
3.19976708526164
3.43792105169658
2.86415957090786
3.53170124891778
3.12279574201251
3.380307825072
3.06888698162608
3.14172436785846
3.4276902977272
3.04449003601655
2.91866890056172
3.17098959640704
2.84028679653338
3.15258606935518
2.89221849231252
2.73946706713057
3.03084454237522
2.9685138015023
3.19125629451143
2.90699625155493
3.25715084650847
3.55536580062664
3.13417249651734
3.02573334590821
3.24934592448689
3.26236323210897
2.8620231094435
3.22599186745127
2.9753171676408
2.97731592432169
3.11105830050369
3.42981674989836
3.10053171227858
3.09036987204873
2.92214654832354
3.19136394828115
3.06672670340078
3.12820030005266
3.22991186250518
3.166722186394
3.15740103320798
3.13940404577398
2.87540487355094
2.95032603341892
3.11019473825742
3.10268184114481
3.1400422709012
3.22789846130082
2.93053103632593
3.64207133727955
3.28166775857503
2.90654185738347
3.16064167954317
2.81193852633038
3.08671551234339
2.87411891413314
2.82996974903194
3.24570567099966
3.01099037816196
3.1304789289073
2.89948013379565
2.60290249758614
4.111723751963
2.48325584496839
3.24412400557113
3.23690568614607
3.52959659154462
3.12036847964477
2.99643421767728
2.55347248425897
3.13103671244673
3.00988214368879
2.97372030809048
3.12614000492435
2.83231160449702
3.24436541125153
2.70962513938396
3.2623659223987
2.98727044774388
3.46438557081633
2.67837981196833
2.91974327020152
3.09321332203701
3.00819061379257
3.77618081245726
2.87294005852506
3.14732317777453
2.99475157417908
3.19314757005723
2.78637847904365
3.31926419546614
3.48041022879639
3.10835911725153
2.77765882995155
2.89197281434906
2.98444573445737
3.04571442307715
2.99483454701769
3.23408396982218
3.04001045956044
3.28782408877672
2.94720768787905
3.11098085185798
2.75093238901039
2.99165943648797
3.14160314000064
3.26180225725833
3.03834760349004
2.84813476519664
3.23587054014077
3.16308979817277
2.89487973728865
2.90885859901869
2.88236506769803
2.97618507711826
2.64374512341069
3.1434290162318
3.23087913304504
2.717546326798
3.05332473742485
2.95199409091153
2.6556861217889
2.82652578402032
3.00592059779858
3.06893854560896
3.45532830021847
2.98346288342519
3.08369602897446
2.84524410401413
2.92685116443785
2.81731599567091
3.23507554616861
2.90562273858708
3.11985013071257
2.79396451943859
2.74453622887947
2.95576741029214
3.20932449800435
3.21983014065852
3.09430688678439
3.09406496885377
3.34477003136382
3.24737685544628
3.00546183999572
3.2545973134686
3.00729201337015
2.91347972664548
2.88121326540363
2.98146520196862
3.38333034127529
3.29588190222818
2.95126765952382
2.74623911725088
2.89784118321988
3.00269775006283
2.90879702388235
2.92010575229633
3.30470241229766
2.66105640067551
3.15932034419772
2.71918482835702
2.76343923619865
2.96944889558054
3.11037807134849
3.46216188026165
3.0338117659938
3.10043650487228
3.12365896460818
3.22369415058919
3.12709669161514
3.22239569390447
3.35018948925456
3.00877475520272
3.42005085563078
3.40124599470869
3.25947590949326
3.12528895510288
3.2856257151614
3.13620153126675
3.05214066676196
3.05470926463536
3.01805796424732
3.13415762215858
3.15585923549322
3.1837946164424
3.12947711696999
3.33432418218801
2.95521496316766
2.95945129312567
3.16316663805128
2.91663195536214
2.87508193746491
2.83368308708884
2.84867762353329
3.15041590000988
3.14460221038427
3.02407840409812
3.03084348718134
3.28596973353376
3.02400404160309
3.22944525779532
3.17125381292054
3.23307653499505
3.16770251989234
2.87888089577473
2.87094825887664
2.9376426034534
3.20619925283356
2.96656583180685
3.24561377090812
3.03411292763981
3.04000587778273
3.07711959662935
3.21903428264874
2.66102559741722
2.96229256592025
2.89774241333797
2.98265974773277
3.06038852902609
2.97023514397384
2.95717061730931
3.19228162671215
2.89068465660772
2.48439361224065
2.99353414765272
3.05697692237964
2.76799674057405
2.80286353450937
3.1754944735529
3.10986988657181
3.04462402197388
2.73501607011988
2.73805302692941
3.09069537475095
2.90210854184587
2.81742970140152
3.0697547969214
2.73112471767328
3.14447564033172
3.00912960228094
3.08492714028278
2.83405003584205
2.54606333122659
3.09088680255592
2.86140381712661
2.98889086367439
3.12349338379098
2.9577304591603
2.89815751993005
2.90614824511508
2.91731269762337
3.29644283434973
3.08015020858598
2.77822758891556
2.92216622511173
3.07093952441384
2.66036870304645
3.1471200817495
2.76494151558868
4.16869666144764
3.25385403767365
2.74513684855319
4.28754604479867
3.1215662475318
2.88839536957246
2.9775088824942
3.67711348934807
2.82358651215831
2.95511016523362
3.29413126082599
3.4746524026723
3.83853760167454
3.37848553499605
2.99951703384517
2.69064960127043
3.05894611958021
2.30558823110704
2.91570636867562
2.6798205361298
2.84980777309735
2.91092852869723
3.13545243405036
3.00267932931207
3.04689638506744
2.90248782469919
2.82475711182103
2.94147670330728
3.20307029003618
4.27551490700097
2.83913407670742
2.8139253474982
3.28376030021144
2.97540684641317
2.58372845353385
3.16498648395925
2.63088679956692
3.18197132477923
3.31345489542674
2.6782860376682
2.79229222678568
3.12353154232827
2.5166896684189
2.86810159431615
3.0370971108099
2.77585745813552
2.48261144241359
2.77914207119077
3.22111200082874
2.79128839418124
2.87174902641595
2.86325767955167
3.06041538679702
3.0307826998571
3.05350510786753
3.20127952348184
2.83131552289243
2.67194535478968
2.99974615906271
3.31886183175925
3.01370412279947
2.93518194539521
2.53801309598055
2.8060013369933
2.87494017059406
2.63151462123453
3.02026221224182
2.91931405490572
3.07879176312574
2.83210683172698
3.1077192950343
2.98816532977866
2.86319056686924
2.5554243008346
3.20204818319274
2.78009840725075
3.2125865976199
3.01348582874071
3.45984620413579
2.9755766764919
3.2334460382322
3.2237165094309
3.30305082985776
3.04542040370363
2.91235119524761
3.41794251035724
2.87563971715516
2.83960131057464
3.05764477899777
3.04283781639332
3.1313909653937
3.01594264946158
3.07131131298904
3.83266132619471
3.21995556914167
3.14949468336063
2.70728304091816
2.85108284022483
2.67186167061017
3.34916616877417
3.13902937822267
2.84037390764383
3.03435289999719
3.02948596739226
3.33887694178314
3.24454816626649
3.199687010786
3.47284841870231
2.99263455873716
3.00054079550748
2.52090847533517
2.68256555756245
2.5750375781687
3.30596858957627
2.51966179231876
3.16738785457591
3.04962458299837
2.96068466984165
3.13676622865182
2.72451534962068
2.79550198915906
3.18075386354492
2.92088021154084
3.21920952719134
2.89873602451435
2.66115720177628
2.80841526439514
3.08548354781437
3.04152440318184
3.06898142222591
2.9170643762634
2.69585246210443
2.8566059631567
2.94646293705648
2.9934173278694
2.98799578980082
3.11328479401836
3.41548062576389
2.94538957097344
3.0791535510668
2.69118380357089
2.72976543636477
2.94834077556076
3.07079540693049
3.10810989636232
2.94833950618771
2.72443426410746
2.75803070830018
2.90477936617974
2.88754906863397
2.66231049053802
2.99062920563641
3.1251593148971
3.01475723827108
2.87970361933018
2.89791399993917
3.1072306475839
2.87825100408425
2.93486653074953
3.17098995837183
2.97480835187162
3.02849120265482
3.78137670702631
3.15935021526637
2.73619214906594
2.79464967726413
2.80513124301516
2.87620398515724
3.03377212208703
2.84336812489537
2.94207434087472
2.78599849542972
2.85263533872496
2.60609378037852
2.70303613987313
2.85602431823218
2.83736702455718
3.59126865211484
2.88338679983701
2.70913623173016
2.94061030864862
3.06495856974512
3.12627124680681
2.81832980604483
2.81086328869311
2.64994898540881
2.95343399378891
2.98142636802326
2.74793471138096
3.00485824662004
3.06779734876964
2.91573711471501
2.75078335964884
3.15486244016452
2.6812605683146
2.8960889430291
3.17349910655925
3.21855284676317
2.81897079158345
2.8627097850807
3.11451613662675
2.76854546555156
2.71858366980124
3.04325817703616
2.9712712269844
2.88056729569738
2.79048783452038
3.07923424506787
2.63720960822297
2.98350834939827
3.65975329530418
2.88526288968695
3.07448651783635
3.01690704682367
3.5449517255159
2.91547862188097
3.8220918138549
3.5958280432039
2.80496268468032
3.03124576233921
3.09001683670157
2.95265595642773
3.0291863230185
2.82176153083908
3.12067862746523
2.64866343721429
2.9333355370266
3.02305827374957
2.49509265595743
2.83174263226387
2.90031397045856
4.20089642086971
3.10114086726498
3.0263983264704
3.04260224758535
2.76402704363605
2.94277546297633
2.95103631625018
2.94539890594511
3.11842981775508
2.61522579179415
3.28004606427973
2.7834918658156
2.9278779701351
2.94691746107536
2.73658009515472
3.17110931715609
3.14228850161774
3.10595042166209
3.21729485663537
3.23722783042297
2.95428442986654
2.96925837266112
2.94140647333479
2.9701640886149
2.98508130501169
2.80943723443681
2.98089086502664
2.91873584994367
2.95214773455012
2.97534812961514
3.23062816784864
3.49195274301692
3.11693099084619
3.09417361565074
3.13894492627698
3.16914578386282
2.59025054459317
3.48781443836501
3.20287961422646
3.0739174266323
3.00049467230813
3.02591828440405
3.09828901560366
2.88008043921318
3.57417329627896
2.86881612856817
4.47133027270803
3.18275736409672
3.05796927054443
2.88268334327954
2.72072370989911
3.08358711428228
2.61947795367415
2.89387626844101
3.02146232305412
2.72416851887988
2.94502189279995
3.22563682316938
3.1650763081264
2.69790596875861
3.04804628235318
3.05920131485805
2.82987178638105
2.80122349161734
2.87539308058271
2.91747962470808
2.69512694916563
2.85021818583599
2.97074805113094
2.70348463823963
4.1114518909127
2.93778343562066
2.73761460286789
2.81143749202424
2.8367352883895
2.98337479770222
2.81868061778461
2.80324135641583
4.01383564191704
3.19889872587695
3.18320375592097
3.09182766409306
3.16626247127788
3.19370437719515
3.14235588628482
2.92005047731122
2.93133423478101
2.84256891695261
3.21906578343339
2.47952114991255
3.0453001046994
2.89138146118625
3.04297999045994
2.99127757870894
3.07817423667633
2.92570472642311
2.91044978385252
3.04002122671445
3.1567439394318
2.79744956315525
2.76566795475389
3.32252677471162
3.11339657894716
3.02332441513603
2.96545904692805
2.85250190472136
2.97733461073309
2.73702719564493
2.66087870778878
4.00481332495732
3.13058312151495
2.83850464665477
2.82631014987977
2.6626444307648
2.77590326641879
2.9665433771184
2.92325251429202
3.31294577866769
3.2571419136176
3.30370962477388
2.91747621274505
3.1506841159643
3.07788328195541
2.71218738403731
2.80945137208382
3.27393776644664
2.81431963492748
2.9786470232488
2.68968183492544
3.07634862405536
3.23009908489572
2.98990920115023
2.79134833856602
2.909923133623
3.05154326847342
3.05536769029902
3.35172240311696
3.64773610386011
3.23766312972793
3.10915107056955
3.32151859542442
3.22068799443329
2.78683327858596
3.04371082627572
3.07010107641112
2.9588023212093
3.50704531034359
2.70829938019885
2.91999463243086
2.7850011876819
2.90463423409026
2.85859770646104
2.83649655445116
2.86279046667403
2.91682917858006
2.62879989077344
3.08878035662742
3.13976103805581
3.3619046996032
3.12609281586097
3.13867701038481
3.09097222227545
2.99946274431748
2.84297727103405
4.1155623328131
3.37803078575402
3.2866650984485
2.87069162186367
2.9942569125992
2.71102095428213
3.29144055248063
3.18545218916628
3.2011034929286
3.04455761276759
2.89359236649861
2.87135752013837
3.1424550134247
3.84034857888893
3.23572259886067
2.94030273173134
3.04082153765049
2.85387782470729
2.67374144024469
2.9766420403307
2.94880167890545
2.79569775036307
3.17976997305331
3.10616412605057
2.84427700034546
2.84964666147882
3.06998298331277
3.11880214750748
2.95968278482171
3.18600803596954
3.01717960451326
2.79808856326694
2.94019517036217
2.8787867922614
3.3047273317726
3.1151595343273
2.8938802201433
3.01884490497012
3.43336793525222
2.838955506742
2.88290996879429
2.87501744465736
2.65472705299197
2.96794033832315
2.67461602094709
2.78491075084805
3.24571553144017
2.99473247253638
3.33977721525697
2.79119893663001
3.02956053910252
3.3835150187546
2.74279716154541
3.00759811248217
3.2980890339943
2.72725907474512
3.13272191551875
2.86052608231109
3.2582459546789
2.75381723596935
2.91281324925581
2.87891371401993
3.10829040410723
2.95933791496668
2.76961240614961
3.0557320528184
2.912582464492
2.77497531635464
3.21475679064351
2.99646001074218
2.91151397540609
2.93494309551708
3.15278134805289
3.22155968392228
3.0990807332367
2.95066866509443
2.63143592654784
2.96891715868689
2.94977995141253
3.12426503203656
2.7554314118298
3.14149238591863
3.44198459888382
3.4817146573097
3.1896380022018
2.99251144601294
2.74249745663472
2.92292112930521
3.02608646508766
2.76621368295057
3.0756461101425
3.24585151947147
2.68896365017712
3.07918263857125
3.10215581380065
3.26041797847555
2.8381623779374
3.31741302931834
2.85545432367021
3.11851338136331
3.16275249768002
2.95315975232835
4.47917692082454
3.15462162128197
3.06620848452488
2.91908432302583
2.9365744892187
2.67227758938683
2.92140297495113
2.99433646965691
2.84778417218579
2.95079137171209
3.31426897245099
3.02051658842966
2.867936966915
3.10099760876774
2.87505294283399
3.26162363767499
2.98277582061489
2.71045958802177
2.95956173316666
2.54500199054558
2.76918679275015
2.79018059650437
3.00809281453737
2.8285250039133
3.0860268219381
3.04314154421322
2.84104944342895
2.83540665010364
2.72995526205107
2.95922032159428
3.08651581420637
2.93726689980948
2.74678996999886
3.5318641382274
2.89558367255394
3.20276228307991
2.92475957429781
2.79367766226837
3.19062724995164
2.80020650085857
2.82860506113911
2.85306748572274
2.97535665283658
2.70808719847749
2.82712497004128
