5.05480602544772
4.32568585360778
3.99408222158958
3.7184015011228
3.43518269279179
3.19203129676604
3.00907755583131
2.94363727448062
2.90846840671759
2.8945777814004
2.87025090391862
2.81801813349654
2.86601676276466
2.86266133835144
2.82937913615235
2.82082079234757
2.84019632846751
2.83926276438605
2.84360872711037
2.85287987381202
2.84211859983061
2.8688376635206
2.83977078060672
2.86100218462029
2.84751799397754
2.85973179166649
2.84028558493782
2.84602047963072
2.84506300914634
2.86833921503531
2.85207075504893
2.85040369108584
2.83987837846822
2.85597478717665
2.83074231427886
2.84441928960762
2.84474658331349
2.83972520104129
2.84296059510634
2.83381666448687
2.86023204087667
2.86042675159754
2.85262961749771
2.88126194922693
2.84338675352911
2.83591944107195
2.83872965626991
2.84132215553164
2.8442317998573
2.84741884409646
2.86337879211352
2.881204972079
2.85735194649147
2.85956306225299
2.87130399550461
2.85180737710694
2.85314408353479
2.84703891202024
2.84128872499931
2.84294230097337
2.8630972693248
2.85342374165855
2.84483289854152
2.83037944747194
2.82831646719605
2.81743886834572
2.80316993408443
2.76821342904451
2.68658827451018
2.58039557893433
2.3903236403492
