3.63354452458337
4.1666793149715
4.02644838979017
3.7672461053889
3.74046152548134
3.55704707925059
3.21548498076335
3.83129452425788
3.38513056597537
3.37202134384383
3.29988713989197
3.02080306960544
3.71508336016526
3.6855342506158
3.76273464554472
3.68506175991151
3.58533731396099
3.82460632434405
3.72182751634328
3.53576069493611
3.60765604424914
3.36526144285686
3.30411809993213
3.60799524812412
3.43283371110794
3.37041755975479
3.5453617599578
3.64141603855297
3.83654011080276
3.76201479239025
3.68756439927552
3.63472759466273
3.46660330748517
3.79753060185016
3.31107647965982
3.4441787577446
3.45488978455453
3.47843983172942
3.30810064701679
3.15604779931326
3.34944248719977
3.56798021177798
3.4050633583822
3.85265506964489
3.69704673533533
3.59258373083274
3.62477126439234
3.70295653073926
3.72778251977445
3.74519871137075
3.58929755136254
3.79805565026264
3.89984443545012
3.56122237349169
3.41217393423908
3.52630484330218
3.19540711042598
3.32651888193116
3.49912515403123
3.61234200645744
3.78760778051584
3.21455235886368
3.60914267688595
3.55195171078535
3.74629066111004
3.68427119624269
3.76818187412262
3.82527648310914
3.57097311013229
3.71401889505107
3.2862228930233
3.66833513547425
3.90829499029574
3.67325832868892
3.19784780234688
3.65142564763374
3.39420892337763
3.77955789168701
3.70704685156522
3.62937353042998
3.68458685000524
3.36973487806627
3.53158552318621
3.57895522927741
3.57112913264481
3.68244246413096
3.38517467302693
3.86544323651605
3.4523368984947
3.9341581139931
3.55786013932021
3.67700821184038
3.74858786040573
3.7142543733917
3.55931306528348
3.72000018286931
3.39071069196613
3.5013642404904
3.36091631676128
3.43953909841726
3.6047727958902
3.7268146428328
3.58568743927303
3.61027513732482
3.72225913923027
3.58776350877045
3.49543628027217
3.57356236123792
3.58666832896861
3.62531317426209
3.49474650825717
3.28737979044658
3.62729997785468
3.93152224765879
3.92344090868091
3.59900103443493
3.59492781796665
1.79219153906908
0.831047799917995
3.53535309456783
3.48395284636979
3.76272682346462
3.68853813514832
3.75194729388617
3.90603249401688
3.66377153370797
3.44966364899407
3.69183969978837
3.50825613011608
3.57458048935003
1.3211867886426
3.29602017424325
3.48352895171476
3.53951870332653
3.43331936077467
3.53807222458544
3.84597197780426
3.52924765108147
3.23596623178456
3.69923476330597
3.47954053559681
3.3192318363759
3.52441338607023
3.44111214386483
3.71383876062141
3.55613473721871
3.56959112544419
3.58515282809912
3.44266960615169
3.50262430746972
3.40376863288678
3.2780897058472
3.47604210562819
3.41315979704405
3.392906793218
3.44962447588731
3.82605411793432
3.4626919511993
3.64496192724075
3.48778869209164
3.45463137269973
3.26295087656286
3.6765651522049
3.59646322409859
3.30363606822865
3.42999408012405
3.4710933807001
3.59223301814204
3.32656265058055
3.51452995397461
3.74276172426524
3.52136560702855
3.15602785962131
3.62942786477201
3.54247621442767
3.4253859782021
3.31413940713512
3.52445705032564
3.55450810889124
3.58114278336109
3.50140589441775
3.53842977594293
3.099823639606
3.42359846653509
3.48789410650475
3.49615314548737
3.4489015516876
3.35194312775651
3.62641168282247
3.49316234645135
3.53540201176699
3.28000694144282
3.32024512315969
3.54437820345985
3.5260561832257
3.55028549200694
3.23936785728416
3.28521653564126
3.44523837195698
3.54609408780821
3.52997695858837
3.55188564287849
3.61317889883525
3.43263856495837
3.82929749617121
3.69376403678346
3.76606122472258
3.60563773391538
3.84867464764644
3.17667824542339
3.43836516865497
3.3805644412313
3.69665023072211
3.59764547304224
3.27458812775832
3.80987537703349
3.75504281532198
3.52395996107319
3.84923742712712
3.77695311348474
3.75925388427456
3.46597221516276
3.30417169667669
3.37398990558618
3.7062954671005
3.34514930793709
3.43759607558112
3.23180993823171
3.38011207834919
3.28432547175076
3.53449923080291
3.30028661620568
3.57628173644393
3.53928931011155
3.37064485842869
3.36156867647199
3.70770304843421
3.73163180456613
3.61749014280201
3.5498467016141
3.63446315304654
3.96768641185667
3.69906286485071
3.58826796151491
3.52963049275397
3.51775728370113
3.62453173920704
3.51011131023972
3.61136675129481
3.46365310584478
3.5090631954415
3.66402454284765
3.45875189391485
3.51406894856439
3.5605770403024
3.86871761785331
3.64894527755231
3.54445199405197
3.41572323114291
3.81582219686936
3.5780954430744
3.89216890580601
3.66953873035575
3.26263182380114
3.62152883608051
2.95392898184365
3.41440697220165
3.76481761572829
3.4978338213799
3.98407323408845
3.9107123253525
3.65302501747947
3.59493761259063
3.69263317039192
3.4998861872614
3.35852896686471
3.43273474346409
3.68530401420497
3.54697690170002
3.33473434836439
3.30570141365923
3.52667774102738
3.07126004407
3.20686798640517
3.37241989274256
3.68383682831305
3.80015437929684
3.75957419529082
3.3810833544806
3.59452607194936
3.59435818473289
3.69568398271235
3.94948233299124
3.61156761709244
3.59979122760942
3.61603752168442
3.55430230303978
3.58369420966825
3.10889227929079
3.50018752291797
3.32631403905604
3.23231185975917
3.65892341027686
3.63090726567132
3.68166239131046
3.66737272188603
3.43630444421538
3.69231511841228
3.55998592843316
3.24279864719527
3.54345178535739
3.6197624879536
3.23509453245
3.4583330532871
3.10056037587226
3.40476375201339
3.34651279735247
3.35558136025696
3.44388864086284
3.40943766823119
3.3234375233189
3.6704423241494
3.81263591648429
3.61997075081301
3.291298657116
3.52917815831498
3.48379839956336
3.52339167806976
3.49034318230712
3.70002301708336
3.66228752681263
3.21020033911637
3.38686737286566
3.35748391148089
3.63966556191163
3.25395231656543
3.63400876189576
3.65045660362159
3.65492340235007
3.58754593730651
3.14369665024444
3.39057701782594
3.59243065609985
3.46620164218264
3.36691844514153
3.50932435930407
3.78979558606817
3.80601229867523
3.69093163513556
3.27586768260812
3.59562609074942
3.49259838897512
3.43300609903372
3.48592897902149
3.79731226531939
3.55636504443263
3.56615559176673
3.66014108775671
3.51653650363267
3.67737015150108
3.4739495753011
3.5316528219483
3.53656490661399
4.50042300506873
4.37214116486366
3.84109006257284
3.64128550071502
3.5988221987543
3.40545361122488
3.49222290707888
3.56835598432498
3.56689863539353
3.56289062151539
3.57770151466682
3.46940855343201
3.62425992295212
3.38947386180752
3.48005600151053
3.407935686454
3.59650796105694
3.64140964830336
3.7228055379052
3.84628824241604
3.56307579735298
3.639168903769
3.46956866313047
3.68995135877739
3.75588454030525
3.63320741733965
3.69433310914111
3.51733150186827
3.39389102007172
3.58439688883778
3.47398538908148
3.30497104046494
3.59134900244171
3.62534365820665
3.40769641408031
3.62062153219526
3.33048325525161
3.48875394917773
3.59959040118441
3.49051114550674
3.5814665425771
3.82939497441332
3.50379055040765
3.44483614992903
3.27115035576945
3.40972754062216
3.26360951524435
3.60206383951891
3.4185947372459
3.49189181963791
3.51643259054674
3.52627235769505
3.5584480107971
3.72949196060052
3.56238953479404
3.54851074458126
3.52122634792312
3.526444573132
3.3473538799109
3.56688587695824
3.51400097438483
3.4526652540709
3.31808548116287
3.62770092735069
3.49862650707007
3.40647227043869
3.47309977949676
3.43501721465209
3.48712444101082
3.48889454276021
3.56267176472848
3.3918121652168
3.62979526355282
3.54806449926297
3.37859843109701
3.65507006421119
3.67624974938095
3.54816568920702
3.32271051772154
3.45784012245751
3.29025131966958
3.59854479330498
3.48884387683294
3.22766219776775
3.56664845548316
3.53938089978131
3.27868967107024
3.59074498034746
3.44293185005268
3.44214043148775
3.61696182256839
3.50848500400358
3.59431754593607
3.52494667572793
3.02975093163159
3.73070839904867
3.52891964876371
3.34436739380536
3.32746832476624
3.67105002303606
3.8536037938692
3.2197359179223
3.32516042817251
3.75804773630057
3.39146805084589
3.27673162677514
3.54207149627153
3.7238937653608
3.42994847642941
3.6106785183398
3.59960948584557
3.52782233977443
3.44548361744222
3.63984407170838
3.59047978915927
3.56350239164674
3.50152662251162
3.66875630761305
3.28763540644843
3.59268669701798
3.77904207408508
3.35836962032464
3.29478959253406
3.50027725480605
3.6549965581617
3.44306246276874
3.5393990421211
3.53382167530398
3.38409518040039
3.43730117292299
3.65669266615376
3.23260833804786
3.58594717840683
3.61300427979641
3.82364844400331
3.97706345233833
3.58247572581246
3.45473104539148
3.52437483009246
3.46237272466085
3.49393503852893
3.50015924614821
3.56361695319306
3.54334580025817
3.49123391745847
3.37169835318002
3.38021084439686
3.4622305217673
3.42403488890942
3.50785196060817
3.40013519381435
3.1948581080764
3.49887751530501
3.549552822598
3.55831767853075
3.76273603940137
3.58678118782549
3.64229658084461
3.66927916304321
3.79484333128642
3.64330770185913
3.53146435941053
3.48644824838039
3.62487925215824
3.52408331185164
3.66535378337043
3.58070403718775
3.36753147916953
3.67613805681314
3.65129279685935
3.64290999437485
3.59440362909455
3.59906748863205
3.39268871446173
3.75914646672097
3.51480858051011
3.17034405016553
3.62027158623742
3.04200022069558
3.56948113447985
3.62638695084501
3.6980679500311
3.59456915561144
3.97127738607979
3.66483814211978
3.74709427110473
2.92750666948332
3.48195541912454
3.58959117559837
3.45796922976713
3.66631201188812
3.6501255383298
3.51625979476544
3.3385449259251
3.42796273906323
3.30979693496533
3.38998458319292
3.53904170155156
3.5287899111355
3.3967547773746
3.82046185841044
3.59467054025728
3.49779651563489
3.5348659240737
3.21800746477975
2.45961742091513
3.65517863497505
3.22018826870016
3.33863128128817
3.66937877363075
3.46005660256814
3.53781840357648
3.48708745725899
3.76582980954536
3.67841966920552
3.51939177941125
3.5735931052619
3.4887185210059
3.54759345401253
3.80745131759758
3.76527813733641
3.63807556523605
3.77022357696061
3.45986381679858
3.5781881733404
3.61529649840234
3.54830154299951
3.40451347924614
3.81365275494107
3.79297721121314
3.56676124093338
3.45036900542383
3.44240844196081
3.52480637662669
3.37962734000187
3.42602538466249
3.12818977595551
3.40618431221642
3.57250339213526
3.3624442685999
3.79444128330233
3.56290550810923
3.39077704172576
3.42355824315597
3.69729017044524
3.76202911463907
3.44598988300434
3.58657969787099
3.79180843486643
3.49479125573055
3.3220016681833
3.57034365048374
3.82211292849172
3.59517537166385
3.55664365516705
3.24356562416573
3.42200404955116
3.47184749503325
3.4326364313991
3.55327940346051
3.67682507115884
3.42136380771033
3.49117182750386
3.43043383582158
3.42541158677873
3.6649761809539
3.60993413027682
3.50053251430405
3.66820002196734
3.98394325733276
3.62436550477291
3.44940850355093
3.49378797381457
3.4065093446103
3.42614535292406
3.49322431845095
3.58466108620886
3.50339946569206
3.6025399287286
3.53182482411246
3.26719626415767
3.66403299234337
3.57100184195076
3.632091012656
3.44773246541338
3.61949246425054
3.48241357260867
3.59123780226338
3.53641798036434
3.50902710940721
3.4663285617329
3.38066396291472
3.44073641940144
3.19943502265679
3.39399215764109
3.43212754311044
3.29359725268038
3.29483113986234
3.41038430553229
3.31115018603592
3.35642677440134
3.41700826633547
3.40275459085093
3.41342708736226
3.31687197002964
3.69584585387614
3.48097337568862
3.68923680433081
3.4800097901003
3.45201893104531
3.44054911282626
3.7359006608789
3.47615380482625
3.17280158301438
3.36511718266229
3.31115374681139
3.33700047798081
3.3306299883015
3.48444311225611
3.59200945412929
3.67080365332384
3.48600525755001
3.3230310367481
3.55241276993049
3.58911239707705
3.30893562335766
3.54579778945708
3.46924437874073
3.64587295758389
3.7603778820501
3.59360424450223
3.42206224550183
3.6410144317358
3.54123067894901
2.8099983843901
3.24143245615672
3.58195024874393
3.81318596881053
3.59245475802017
3.43164239611337
3.54279467167799
3.58775894548318
3.55602509560481
3.46816983158596
3.6286630349996
3.46428044135601
3.49579372900559
3.59956249120287
3.44434208247996
3.70446941435462
3.66271973313429
3.55931469408362
3.44564164066759
3.47785857231654
3.69657239282037
3.43229163218913
3.29339218197496
3.28353836618028
3.40236946819805
3.42839329635778
3.32887330684076
3.50220499756107
3.47305196632671
3.29864579994319
3.32969034979095
3.38808042234119
3.59171848484376
3.49650157625105
3.52412067681387
3.61457168418286
3.42925961644371
3.78135088784993
3.56637919770606
3.6047345042997
3.44705353285126
3.41035995925769
3.32961366688978
3.43249792378765
3.47797969365344
3.28166146652299
3.45595218930052
3.41976808978116
3.57906024539056
3.60887668147643
3.4386317420711
3.38818241713695
3.42140105839392
3.2376552430013
3.60114392555715
3.58777620072179
3.33511098763283
3.40104812743647
3.69072500264556
3.54945421601321
3.55230030059693
3.22640583193219
3.70269355864608
4.25978366617467
3.53705117367555
3.47909453831417
3.47835814663527
3.39581847237492
3.61919151655024
3.40017934114749
3.65555158804631
3.6362704910624
3.53605321597663
3.36418601211679
3.61446904008089
3.60995127541348
3.45913604606122
3.27217107787929
3.5234488909486
3.13290704724473
3.26575880506398
3.44151915097546
3.03392991835782
3.63263772043806
3.60580821295245
3.53013724704323
3.50229046345532
3.50170415239241
3.79379847087545
3.42818902016813
3.63455329954249
3.42567357538519
3.45842402783886
3.16464550569214
3.66514679571595
3.76987961800901
3.5494677777539
3.61552900742614
3.84097136088542
3.53488651507142
3.42529371751607
3.53803412808602
3.57730014608797
3.51802757031098
3.62837873818373
3.69727034952588
3.3066125775878
3.4718921477535
3.54728649877088
3.76466429827289
3.53401205581159
3.36312772018681
3.44233716728803
3.51479122907114
3.63275034871346
2.83412284506167
3.75737791729037
3.69730054028862
3.21013509085054
3.62449863123096
3.7576558555806
3.51255718903268
3.42129021413191
3.57619554399539
4.2531428442863
3.44858435293734
3.51337388867283
3.43428168735811
3.57616286428519
4.01077447220084
3.51117947494056
3.63157685729841
3.71101052140304
3.50956227643678
3.2361862013607
3.48355045846591
3.34814169008
3.3233689280289
3.57386867791664
3.708718657765
3.4923819597258
3.21664980056899
3.44435790717165
3.27193758788331
3.58888178554108
3.31088625141696
3.44261616323229
3.51413402987952
3.24833673549178
3.18567923188667
3.01108826559781
3.6678256541521
3.62745005852732
3.62130285412521
3.65359159314423
3.3555847128817
3.55473094144364
3.51304063466931
3.57278357190067
3.50157643520383
3.44523653972345
3.20310523977242
3.54309900897015
3.48338929029194
3.48378381009025
3.74522776083019
3.69764994441176
3.55554546348602
3.61763866515498
3.43626354228511
3.54361047479547
3.30559918844798
3.35783986041957
3.80707543006371
3.51863361438226
3.68294771804157
3.48034968543113
3.53293823041976
3.70379266793923
3.59193007471156
3.56729277541075
3.65379257204778
3.51108308726974
3.37183773436676
3.59785351546903
3.72921251598969
3.42767460008772
3.4133113399846
3.64027431916118
3.55215417056582
3.56451252417769
3.69934223806168
3.70478235466876
3.53939230966685
3.68072160614661
3.56569576763463
3.58772018865853
3.56559171734798
3.50229945211573
3.69488464268013
3.70025699229021
3.13711855710687
3.52351043043124
3.53508100730939
3.53444379545301
3.59056495315701
3.70773910087309
3.16454744011788
3.73572011643811
3.6909867023808
3.54123245393952
3.32948619974461
3.39464333404871
3.58624250761996
3.39048060063805
3.5250891908871
3.7268160810945
3.66398858528005
3.44957780986006
3.26250152554229
3.45749303444316
3.35402385814409
3.60030139242266
3.40463889862324
3.28595977899988
3.64085633101467
3.40122183702849
3.51017068410674
3.27722394652361
3.55677556292596
3.21670609621964
3.05469364393057
3.72367843530025
3.58252552347577
3.60008590546261
3.44112162537464
3.38553982691056
3.6249682150721
3.88798169792807
3.72648601397145
3.63323893281724
3.48554758568352
3.44376392067648
3.75341440045127
3.51245135916694
3.68385466649323
3.74889730159974
3.2154298128225
3.61029940268539
3.71369069880705
3.44050852770101
3.68562185728321
3.25358765658422
3.59778910444708
3.51528146911956
3.63703793836757
3.57139195578233
3.22107741879116
3.57148789716756
3.57735630095926
3.38376114234388
3.548369919859
3.48017406884468
3.589766375133
3.76691348122337
3.75601377058575
3.52875475724538
3.71722311261275
3.84896911895771
3.53711077340447
3.577767565649
3.49896516347525
3.79400694642899
3.67210534086087
3.61127677684877
3.5837725009004
3.4017503917763
3.5304458773197
3.30903014380732
3.70457774804373
3.48126995983461
3.43953691089
3.45561886616728
3.6025351901197
3.61350601713191
3.77855380871069
3.6778730520535
3.81757304436607
3.86897186701694
3.68023493128277
3.73507020887942
3.75570019009235
3.59015871194096
3.48217195853506
3.52017537594338
3.66610361657618
3.38319874034252
3.41185734561839
3.57114891172768
3.92282149201237
3.89222678123001
3.70421268893494
3.46453983587044
3.40756892340156
3.61223217997064
3.64871647319797
3.58485238172049
3.39392154884715
3.61903865084368
3.53392685792963
3.5519447545515
3.77375728032948
3.59213698239703
3.86158517971679
3.74062197461541
3.45383117231477
3.78796542364903
3.58783944255166
3.6413968657213
3.49988829702973
3.6113071353095
3.58634197281305
3.6270197889749
3.66677341458029
3.30456276490734
3.62614077456253
3.82528869403726
3.70290078757806
3.31541180705567
3.39955337216236
3.46759776636668
3.54633211615535
3.45728502107995
3.5863410082309
3.54805280948672
3.5553808660483
2.9767530716763
3.33937478077253
3.53906635695524
3.47804061801015
3.57327293423492
3.43964513134343
3.9575294569314
3.86728068160441
3.6290455217565
3.6514568714661
3.74519671217283
4.05437454245856
4.13999116508475
3.59576107794114
3.34274663220612
3.50096417658113
3.61470193944363
3.67446468116588
3.60518864506688
3.46993719227672
3.61492911778978
3.87115587174478
3.80345204460444
3.66764198595821
3.39680043375756
3.2497594348453
3.48970851380272
3.63821403412542
3.98275049302771
3.45550590238029
3.70087186871501
3.37964648837403
3.61154839925234
3.42392972808794
3.52688504090639
3.53795800882232
3.45561243064053
3.45549801043122
3.62916940923807
3.73737335408085
3.66145049248799
3.21235551812038
3.49421913854835
3.50059006602326
1.52137618704846
3.3166401418014
3.69369523063856
3.45447258530921
3.63749540172473
3.50062452975296
3.32697131546355
3.27266003679777
3.85750451387369
3.6447749465163
3.74934792756399
3.62028065564875
3.44072665236437
3.68685964320906
3.33248662226096
3.21838059490346
3.35151260774146
3.76414132137691
3.48117950707613
3.41251752827508
3.35460338154629
3.45734461898383
3.58791055473652
3.35390515649515
3.44302308506877
3.48886387538041
3.68147082421607
3.5181181096862
3.34283679643329
3.39167919608796
3.36891807761018
3.30128391908442
3.35698514977245
3.39021045512197
3.70098165714123
3.52226650829526
3.72401227438231
3.3287460127413
3.40649892737493
4.0158951092024
3.45782531200259
3.70945117625668
3.43021182160531
3.54025227644076
3.40742481317084
3.53508757020084
3.47600703680121
3.46625331811212
3.60202743368536
3.82022648448661
3.48315369966064
3.57891397340165
3.54162530849177
3.27625132516659
3.52060975340552
3.75815457928694
3.58779039193128
3.60776333004011
3.52720529096546
3.41394842348382
3.74660101034566
3.74519720075756
3.67050955834481
3.93958786387922
3.69743907781835
3.66488057423391
3.34984239048446
3.37832174502936
3.25927191209587
3.8594030563897
3.47994250244014
3.39429615175344
3.75758971584768
3.64210067096235
3.52962763723357
3.68247552051382
3.45912746159479
3.52150132609823
3.36936599382174
3.26074178475889
3.67649172415155
3.52247215858511
3.30139218356183
3.21684433187933
3.26335835263185
3.39760494048278
3.50456777240584
3.40991007508877
3.42195788057666
3.46196745537956
3.40054293560095
3.59402143391844
3.68145961042784
3.36725998830078
3.57071720292306
3.69554016242391
3.57283862318087
3.77875563492548
3.63071403121549
3.76006147034568
3.60327027099594
3.4504829198783
3.59389567890332
3.62234928601444
3.26221704195173
3.52557571658171
3.62145322171088
3.68008232344672
3.58601927728458
3.68526118751809
3.63506583620657
3.46158079796062
3.35808656372403
3.35177065036763
3.56337189048133
3.31746987364166
3.54443642837143
3.44058744497312
3.71251731980791
3.71483916255276
3.43821345180878
3.60737161390682
3.34826954808757
3.2779197399387
3.2944517919117
3.56615810986043
3.51092342457974
3.19810046496712
3.57758773992529
3.38173845117283
3.64532348578699
3.53231110989904
3.55501843209189
3.69110220976557
3.69037307726692
3.50094811690933
3.49009396295639
3.5721003720299
3.51004395168646
3.5043287310203
3.36762064422339
3.4222534077644
3.46582960111755
3.4097028030119
3.54342081801783
3.5984215593532
3.47681030499435
3.52438206491208
3.63652351365895
3.69603987465204
3.57605043421413
3.39112097740526
3.62483702462704
3.5021173464604
3.37514044228891
3.51331664703225
3.63455356163736
3.42898289938841
3.6160405996668
3.46884675789693
3.36998479184256
3.63205569656325
3.42866338153486
3.50560542036929
3.32381283373324
3.18241393938165
3.31433016636029
3.56105496362662
3.58684073794447
3.11570702819907
3.37291711366982
3.49451408144941
3.1670846081264
3.46417333283712
3.65638143079825
3.51815920396532
3.76024034132967
3.57478827245896
3.69403501866573
3.65057390553244
3.29703731532707
3.43870717612898
3.49424955483327
3.80294187606374
3.65903779883415
3.50337229027087
3.35259250677305
3.46031116779699
3.80654947459477
3.91983532679333
3.41039286346352
3.5807576682988
3.82574573884803
3.42695885900852
3.53263806282561
3.38394414122886
3.67964786187344
3.57308111697351
3.46230836312435
3.70685198793975
3.65353979784452
3.6366807953783
3.60118436537976
3.64039991892432
3.33875900047582
3.59720421664714
3.71913138334788
3.64476157306709
3.49469522965294
3.58957053471099
3.58237766805237
3.30337233043899
3.45546887856375
3.40310094555354
3.60147432644163
3.79432327556969
3.66013984002283
3.5569946169566
3.40922668010023
3.70893938998806
3.63792853338589
3.50609050937476
3.45451993410927
3.60078436536277
3.78396404162258
3.73149976139516
3.48835121180965
3.75125274655439
3.4907366632838
3.46309693770002
3.57873121390313
3.5595493875633
3.53095867814301
3.82766761722171
3.24160864073606
3.4447226549254
3.69405121764764
3.51927377845266
3.5384828337305
3.13283209914357
3.36186357851587
3.42812657807211
3.71307625567915
3.34474530549947
3.58048062392503
3.47845648872071
3.74761600684195
3.75935744483473
3.51068651774736
3.4403686259081
3.33537810004872
3.64694885751923
3.78208704918543
3.684214383486
3.90790884778572
3.93498682392922
4.11782958317216
3.57696429086988
3.61528021122961
3.49032421450821
3.66692547281462
3.46642582755625
3.19133153890292
3.25044803697858
3.40968218923418
3.66544074066594
3.45462944333939
3.56797265792508
3.39367972554179
3.58969202556281
3.49323495991522
3.36104164610689
3.79445640341181
3.4578141765412
3.31713731840184
3.3639172496231
3.54577873192197
3.43169642177673
3.39967239326268
3.48230160342396
3.40955410497332
3.75602592766659
3.85336575220617
3.53822671824589
3.73051633709465
3.71882869877495
3.7798192150762
3.70059473409523
3.65840716497476
3.86879542065934
3.95367958711198
3.58278810638958
3.61036567743598
3.47607056430359
3.54522506169534
3.50821715377171
3.4927684888516
3.25839796941059
3.24635717261092
3.65856804527106
3.57673545367394
3.29600868992694
3.63283150316799
3.37391732766869
3.49872551235906
3.68249462132949
3.47585955073749
3.55929655250617
3.3969673837946
3.44418608863817
3.68347324411713
3.54370072918522
3.47610600097131
3.81509091597857
3.59661578334972
3.37404427111215
3.38550933153249
3.32299788985705
3.55284157096036
3.73263343291329
3.61803196425962
3.67820144016528
3.52914877904917
3.74584180809935
3.52663602425015
3.46496564197422
3.42023695656795
3.45479940705266
3.48679331712615
3.59327124232762
3.69528658948566
3.58923518661835
3.66366772326381
3.76857723431071
3.75387716950282
3.51509331655624
3.40710209709454
3.60809878530233
3.7872580293904
3.68398035137437
3.51324459530388
3.29000801903253
3.66260393248048
3.58378852892085
3.45506370607807
3.36611047886607
3.68368855504158
3.30432082529291
3.30741246970348
3.96041287919335
3.4850056942763
3.0729934835914
3.49927866688086
3.35368589572118
3.51427105615824
3.5699525457928
3.43675316933393
3.38259897532016
3.47389178955241
3.30263750818201
3.55738381496732
3.52981358091569
3.59821569952897
3.44757963452768
3.2741638451827
3.33231632282741
3.57400031075665
3.25412723666513
3.84798202884174
3.78079243450292
3.54866228814788
3.52461051246459
3.36905834350873
3.64941302929207
3.59177166819468
3.37438343345527
3.82333848861012
3.73824459582804
3.48445467164835
3.33983103668953
3.24656100340071
3.69598378603041
3.63653838686724
3.73152820975479
3.54683056332067
3.53259560227265
3.55967714178501
3.19681831967416
3.51689873400539
3.48959104286434
3.56711906164096
3.4913829213373
3.41550680445844
3.63694302412519
3.55495305763629
3.39579388472933
3.81928015878622
4.06863518395657
3.73713942187642
3.54238809521845
3.7899579906073
3.58352430311525
3.69181313017669
3.6257679859724
3.62651590960425
3.25772655852429
3.78077306887491
3.7559630201949
3.52953748748643
3.66411905754918
3.33486265963349
3.58068085411786
3.5686770725399
3.47586516096772
3.67890028813287
3.55980319446382
3.50599065747704
3.13776541159903
3.58209568770816
3.29793334343004
3.6450029873396
3.30630328533302
3.45954575777242
3.37670186468567
3.6795210595401
3.56946417820602
3.46453931908077
3.56573056390808
3.49078507904111
3.36614298864859
3.45539986804041
3.49486779743486
3.27643991736564
3.26446203733658
3.66060494991046
3.45536797407615
3.50511373261319
3.61244594689998
3.59568301270092
3.43326702639333
3.63819403140621
3.09501815938395
3.3806496131925
3.63648685853909
3.41661365974861
3.48070418454274
3.48508125823395
3.47233458866135
3.58612544072716
3.2231318995659
3.63685076189881
3.66878337873021
3.49861021999829
3.58638092689253
3.67890420988368
3.48496821901131
3.7212251057224
3.59753984533505
3.57551362322291
3.84946576645305
3.54914552086307
3.52410465753702
3.7263712175044
3.11247700911735
3.38060127868453
3.36200080095281
3.89345890031818
3.88683728768067
3.5776233777943
3.8080038220579
3.48893925408737
3.35002326389852
3.68304909984488
3.62762276483413
3.45461831369109
3.62331241588017
3.62907303220676
3.51125633882637
3.54690305809197
3.16940128417415
3.28761752555084
3.46659506497429
3.39145012219443
3.39409823586024
3.35145455275243
3.49875605671285
3.37558491870373
3.7077858818704
3.63241059868232
3.16692713377341
3.48615511511075
3.23748604027005
3.67374691227541
3.43625362103423
3.48796716213408
3.7026195088394
3.66243185530653
3.46257225445802
3.28427199697285
3.79414605116005
3.52426314947662
3.60299352588113
3.49925280354751
3.04923442123078
3.28987601653755
3.6380706325138
3.56059032551487
3.60452532836496
3.36319629010041
3.62408354050654
3.59901214659357
3.44889303730717
3.36950502872198
3.15154408461393
3.43810522676078
3.41894008224043
3.43844119724359
3.43386588594458
3.53852498690615
3.45739277263699
3.41357859519013
3.42829008768586
3.47222477815634
3.41904423011509
3.57284323384517
3.49313001153669
3.41867882755931
3.32166612977476
3.41174219559278
3.23952890588393
3.31591199668321
3.24434195317411
2.80435374485819
3.37595795230822
3.43690441420175
3.49853108174492
3.5703176691282
3.68146900724981
3.48709680815362
3.51942637435793
3.46685437677466
3.43172890627514
3.25443158892782
3.22262568890937
3.41231578561109
3.62697577958494
3.31586675950739
3.50189344367852
3.86148520976894
3.65310403340446
3.63688404316169
3.73448534303088
3.74903592854928
3.69921458332683
3.45896117802328
3.44968951603366
3.38489113582428
3.40883959393093
3.44465206240204
3.75313848359791
3.5593630381889
3.30690705048024
3.61416429768505
3.6040473068047
3.72006439967857
3.4062591301056
3.52841519487496
3.53130217153464
3.40525230184455
3.59598514397038
3.42720351622992
3.7258794222663
3.89200601241263
3.42398460513047
3.02752613919502
3.43556890804427
3.58088992698
3.41293002450832
3.59685229447325
3.66419775765069
3.63071414997423
3.17389549259386
3.29363393258303
3.53959471381729
3.777869920375
3.51217650052257
3.42625062841703
3.45747379708593
3.55175443398633
3.71380217958267
3.51030115434769
3.57054618498111
3.59858465204311
3.53358353211282
3.70768586779621
3.64117016567126
3.60287557590016
3.29333926076071
3.37985555478946
3.55652347363716
3.54903735323993
3.38709926409656
3.57830609771811
3.26320193467271
3.25491257183951
3.51017101693052
3.41488410014219
4.00095983115031
3.48078671512787
3.45224718919614
3.37382773873645
3.37520534006235
3.59857703827141
3.25963899458743
3.17680534543743
3.85960394976204
4.21441959628625
3.74617689813781
3.7959381717216
3.62728139018573
3.75960703349603
3.44528255712967
3.5726825052859
3.54131969156201
3.53416293676532
3.5258892869667
3.2704266353962
3.63683249912273
3.2737041085514
3.47278964139088
3.47201731309993
3.56391002403403
3.881908665326
3.55949576585763
3.56137173884724
3.45868622504181
3.9228751453733
3.95075036495983
4.14534211582699
3.44469093991878
3.477997563218
3.60287763539534
3.37469554218116
3.44291392174342
3.65567889455099
4.1006981005511
3.5105451384166
3.34854621440833
3.78469777025166
3.29587492119936
3.57272428925295
3.39886124320598
4.22613667351953
3.39723476294176
3.55745499391544
3.26032545086627
3.39105421627505
3.75092384775934
3.41845702650878
3.49896397930297
3.62841778025636
3.63496296206355
3.3086031429154
3.78216856122624
3.81201162114978
3.64334026557574
3.54963194749006
3.4928269871036
3.50457630635086
3.35013835022425
3.32930230300388
3.3858362467696
3.6901220290817
3.68436146885825
3.79187982176047
3.69201195963553
3.67047455354377
3.91949695992641
3.52630513075889
3.56803052619825
3.61340384757534
3.44491452320478
3.55461895528627
3.33243975104883
3.27411759733543
3.36200988375502
3.71901260175589
3.6220292313613
3.47214526470704
3.82855199892154
3.63564518182143
3.58406263040841
3.47660194452557
3.53155936945789
3.17704644810873
3.60502134958223
3.62978135663822
3.51644831440159
3.68722295759944
3.70997807762222
3.53650070297783
3.43516288122719
3.48012176161114
3.52124814867649
3.36595935229751
3.25006605852203
3.41039037577866
3.49951287781127
3.38923089125402
3.77963950645218
3.67506605058853
3.34519318323566
3.59640709308125
3.58551050134269
3.30256302380875
3.36841044952785
3.6180580916391
3.18702312762248
3.46021625965363
3.32246548851158
3.54940089186758
3.39019996270982
3.40641207274845
3.71483588545381
3.3493292979819
3.38868452373562
3.55490893414463
3.55897394375136
3.67613798677968
3.63551391695381
3.87529714922431
3.32334996646122
3.46983009360892
3.52756699268689
3.75593712100191
3.53755801794529
3.42458802463542
3.57179189146463
3.70489062282143
3.63952625599701
3.40311742399907
3.49990194105404
3.72696443319075
3.71021729325967
3.58393775024378
3.26587000904785
3.25739655705552
3.3566427919
3.72419207092047
3.7315334090844
3.98833091314574
3.6654586989633
3.87447209619329
3.73044035576221
3.8137167538037
3.67381832296302
3.3905037368986
3.64574762162336
3.35032682647977
3.57433992873908
3.80645406579692
4.24524737232972
3.47366928145077
3.36296476392037
3.5418430487985
3.47704002928964
3.51360511474017
3.5754733087351
3.33521843458979
3.29728074240966
3.59666781469231
3.67994277168268
3.29014269113681
3.37665241244918
3.3084327155543
3.24925064115171
3.62204816038457
3.19877973815566
3.44851195865293
3.57296139960872
2.83856813168377
3.64289484391217
3.46786998289478
3.41404609724242
3.41830185105984
3.66119712983371
3.59974560356171
3.59996003908822
3.50041865501782
3.55646553576556
3.56941196347517
3.48128322632864
3.63353018139884
3.37058172856969
3.22183579015452
3.50592038222402
3.41020996026002
3.48869932260205
3.52776662819032
3.57963466417205
3.60642807326346
3.40932100996976
3.19327678379181
3.15356594750821
3.47001395829247
3.83715665115817
3.47347377889868
3.55553942492511
3.2613076896468
3.62063807747984
3.50512809071212
3.47393263512379
3.5268399073913
3.65144724864686
3.62205817334891
3.51320944366192
3.42894302369456
3.40689788860432
3.50537954060175
3.52157503020293
3.35999402652049
3.76738541482241
3.51439662298077
3.30071812405478
3.45586205167739
3.36467532700244
3.71717501102464
3.51061484200544
3.42869264403551
3.59852495727524
3.52302725548786
3.58161393313763
3.48364659265975
3.33717012480893
3.3518119681214
3.60248741942682
3.81083712761998
3.47367034191094
3.56870694075467
3.6929668999498
3.83858281770305
3.64136211082388
3.49745537412803
3.56207483479265
3.45558796846911
3.47504812119537
3.35724267276495
3.57781850821429
3.48774399112135
3.44371961671926
3.42609177324254
3.60255374569674
3.4780918220234
3.66577837415062
3.5783063697642
3.44484596513172
3.53558733027878
3.55112026563607
3.70200892534008
3.78982454483739
3.88019052215829
3.61458948146825
3.52269266470505
3.72061019872704
3.71349789167812
3.68356500108087
3.72172742243777
3.71425984511624
3.7727918008124
3.2726821865987
3.42400770120608
3.468941600543
3.81615986691514
3.64641986542384
3.40535748907576
3.45611845664062
3.51494468719874
3.43669675551292
3.31925967359679
3.52359631810543
3.5644636495082
3.48391114585669
3.41818485943667
3.77731784193147
3.42092990592239
3.69275552750092
3.35243985325769
3.48191048898151
3.57834224213565
3.63022149206628
3.50226828443231
3.70372943250243
3.80560100978861
3.94157569759403
3.65662781211421
3.77024600482737
3.37538503392816
3.37091736399401
3.65748541516054
3.51471976805077
3.28321860580232
3.64935392360849
3.76302894160958
3.53553602961541
3.33389221029867
3.46053449597408
3.57100167258699
3.54019431189275
3.45753355986853
3.44510357273091
3.27229966133531
3.40987492768171
3.59320097236896
3.69967229770301
3.41339015533678
3.41700244254411
3.31084709268654
3.22791688874394
3.43251786950195
3.75856317273457
4.00307288111646
3.55237442752558
3.47956124700717
3.15021492036651
3.98900962137792
3.48042580111148
3.44424685251362
3.56411399913532
3.48034470666184
3.66828713493707
3.38136192639147
3.52642096408105
3.59116077557423
3.37978992167989
3.57202406353158
3.51097784192387
3.55037394141715
3.43474836812257
3.28137657501786
3.65532198662584
3.50542831174383
3.56262690620552
3.71713976769411
3.523584324619
3.64131507490135
3.37978470587494
3.262588858562
3.42561881784746
3.27370425477693
3.60546240513508
3.47492369688311
3.45675277076509
3.5303498472904
3.77896999868932
3.20120841708912
3.17546276525232
3.64152912023537
3.32744469229702
3.58600545552258
3.7024253059353
3.52339084808568
3.6620145784124
3.52725930329198
3.41393641999997
3.54157613125983
3.0837617382924
3.5530426608911
3.53483871056562
3.70362089722665
3.86315896877929
3.59642298359592
3.40130544347462
3.89048715808753
3.95970454732074
3.54057222331766
3.40760947443551
3.6304147585181
3.56831096207132
3.41077980512552
3.70324084279103
3.66362583846958
3.2022717121705
3.57305715563258
3.65650700504267
3.61650461144041
3.4585924960818
3.35840963623342
3.74843111658148
3.70732531793786
3.49389730090847
3.60929063783264
3.62621653138056
3.54515261475416
3.39833313683719
3.44343431253498
3.33982013048863
3.48792133509343
3.53389477878916
3.32530418731639
3.28266569643678
3.77557011724192
3.53799967418294
3.23700194988617
3.36976609456115
3.03283310256491
3.686945036994
3.42899513318401
3.54033760313081
2.98457849961886
3.41615716820005
3.29127861740704
3.24968672249984
3.39697298597972
3.40427378149228
3.40132815416415
3.2514862333846
3.67651861048999
3.42459887453305
3.48200497064843
3.41455465900725
3.4327207462066
3.40505400630157
3.40560129935854
3.45497627946365
3.51189278201319
3.40525232616988
3.59294325455001
3.48000698224203
3.51334163932347
3.55427903160767
3.8125470041708
3.46487701885257
3.38299016288708
3.43434665335931
3.47422498078399
3.47023640608062
3.62273564900749
3.61976046867258
3.75412792758445
3.39502493724014
3.31512469041766
3.83086750397042
4.06727319848655
3.90031291864408
3.79420813704997
3.47430623562879
3.68527589416168
3.78808607781327
3.60909197687861
3.58818214071312
3.57154283677456
3.58484325603288
3.524783396494
3.42673088894275
3.39709668056515
3.37246571370589
3.69178500385645
3.33683428512477
3.43462807059579
3.38003913081854
3.41574243027231
3.61121133307213
3.33819216504044
3.58402476562086
3.40581388911766
3.47963270427959
3.26114683785444
3.35659933857591
3.7224148037194
3.60013819078596
3.63854417393153
3.64551638414535
3.54217004549683
3.76063094998497
3.62980828727328
3.41691758077292
3.57262972183775
3.66350956081294
3.43429424167058
3.64581912200883
3.43389641314575
3.44334412006959
3.42633011692882
3.58634585302333
3.67848519018275
3.3483868357421
3.52994501869231
3.53995198505862
3.59668746987887
3.69008197587645
3.63825484074524
3.39622766483631
3.66877914347328
3.40126322411283
3.47697616072019
3.59970080093635
3.6550234178525
3.60393721894419
3.43359976726621
3.49330626949387
3.59888260620047
3.63692551671554
3.44273926327839
3.53527089296609
3.64179555690118
3.53697926555994
3.74511663508154
3.76707178179105
3.73790638796404
3.79450745485615
3.45148489927466
3.52670738732294
3.46064079393506
3.94464427753535
3.44575216583834
3.22546731930557
3.59292865571532
3.39730523814262
3.44951134886636
3.54917010124975
3.70589576366851
3.20210190242439
3.44183785577787
3.71066764646235
3.63511755319029
3.63812214160055
3.52544866153893
3.73321254799411
3.52594938169339
3.62760423754474
3.69045952762485
3.58705794726281
3.17056653486362
3.45705815708306
3.407426855559
3.92488249098352
3.61326619125641
3.5699131853442
3.42209843739772
3.79914506371868
3.35179695184347
3.55870392577187
3.48024335291556
3.46067611607802
3.56635535060969
3.37071739993575
3.44411434647629
3.79761238538776
3.58982640677382
3.4741266799416
3.52939433222322
3.5598296333181
3.34375898932446
3.55764103874188
3.55948757767774
3.49124283326742
3.8112473638049
3.68363986204049
3.5846025716702
2.99128516781895
3.61689934162899
3.50772475359279
3.36212060340898
3.74624847175181
3.29552799144424
3.51868771738304
3.28953796055511
3.24228446423632
3.5350647104251
3.49317492996822
3.69033376230985
3.28625634638415
3.39169136072234
3.58119816949962
3.52437967909686
3.49130489039648
3.75283588594691
3.57552762899506
3.39462893791769
3.43213420840431
3.48950459777214
3.74449668977345
3.73619573845111
3.55478857981346
3.49374150928054
3.35762593347919
3.52197513515213
3.5569580626557
3.90891871892714
3.79119092880991
3.40048030656253
2.97687232110231
3.49547774609506
3.66669808508001
3.48776155393916
3.63865595223533
3.44666213409825
3.59831943040219
3.4376443904048
3.48020956520851
3.60714536415562
3.58770640326722
3.60948950804903
3.23838862529524
3.28669972677201
3.69677063828811
3.75953340758536
3.36415637608738
3.42983611778247
3.34127280558178
3.69813124437344
3.37372568047536
3.55237438605033
3.26941963443788
3.60989371270442
3.5812164210142
3.50643384036713
3.54858226871929
3.66127263272516
3.56354417087834
3.7564134802694
3.7549633394515
3.60419240084688
3.80888127208419
3.62707061068161
3.46613653853365
3.54641242750066
3.84022379387253
3.34313173814822
3.21195002504843
3.65173798237551
3.21480183665693
3.5159877350411
3.60549171477371
3.60676118877752
3.48883506978695
3.56756056589762
3.79956617198837
3.8903214463765
3.94939848320575
3.73241931688873
3.32190331428087
3.52023974736807
3.50227993909478
3.65634983548639
3.5632033756533
3.63672674853808
3.39502661253416
3.63044452756818
3.43086609213697
3.40759826029841
3.71491227958555
3.32084364344058
3.43927530441055
3.54949605826621
3.46098986664837
3.5187944027382
3.45924374463988
3.48767517735369
3.3335899452331
3.54158266564557
3.5313274840688
3.53578653813944
3.71225511598028
3.5172843271363
3.35191627242529
3.50815627748689
3.74528553205238
3.75167298096365
4.03870362613728
4.08645909676829
3.66545482013439
3.53793374802077
3.5583237519345
3.57645487158387
3.39351611729516
3.620086044047
3.35395313089972
3.56887985221111
3.35408619045858
3.71030148687667
3.49499456699537
3.63909540832638
3.44045131694306
3.53311676115994
3.76741539178597
3.67354893033303
3.61812902204682
3.25841668416042
3.36881439458324
3.66926556790545
3.59618490893914
3.55274079029739
3.75683890068978
3.60689395153773
3.56821028695264
3.6468710588936
3.65026596277221
3.29890957492524
3.42215055754083
3.52282643675725
3.28075502551982
3.65058654648813
3.50988537640735
3.7029422358988
3.47092701491589
3.56624346081654
3.6754717420741
3.33003704640144
3.73285095382092
3.84471368657705
3.60361228137009
3.54248415956845
3.41819563324509
3.76422518747762
3.64735827772068
3.83183439261625
3.69844071211059
3.5085954970004
3.37569105829651
3.74171350522471
3.7558539949867
3.85681957877527
3.46223874770752
3.49691528991286
3.24224547339393
3.43853035183289
3.81793717426275
3.70008457869416
3.6840133584898
3.34037729481395
3.47782310548041
3.53466038701179
3.53969589779223
3.68937574936098
3.7484141683651
3.49701180255161
3.46518966392036
3.56447387997791
3.44902353078404
3.43727508748917
3.12511553125099
3.57539922301531
3.49585628061243
3.44394176959691
3.27205870530101
3.38845619023996
3.36118674152579
3.31378962210135
3.3948745175506
3.44032116732139
3.66782304334608
3.65654758853676
3.53953099302286
3.38521788942209
3.24669079761915
3.61031804906617
3.7007158948718
3.59359474185362
3.60082324368156
3.54255540685397
3.9016251331921
3.67956698613322
3.6269733761368
3.46026466605737
3.01842799026794
3.45886308396262
3.43352891527627
3.33988416367674
3.60195817595641
3.87737932973718
3.59384347789413
3.55061559026582
3.61829950716975
3.63644076063679
3.64825220324284
3.83324333108487
3.78983571270777
3.85642110602486
3.76806012551355
2.84844042779829
3.88801199210465
3.66734838495616
3.43262014115766
3.32472415762173
3.55850840201134
3.54614104286829
3.28955123586781
3.34513662939587
3.6624456361785
3.79832195116631
3.50727581152478
3.76980392255343
3.5551476808799
3.38680091597312
3.55785294434213
3.42794541725651
3.40006021824884
3.32512820967395
3.37068942822624
3.26925329063589
3.62882727338609
3.46693189230924
3.45725726728343
3.19213830129735
3.29319620706987
3.49520800645839
3.6217902246945
3.49480900455699
3.62263955029834
3.68419831204691
3.25137761153968
3.43905496629791
3.77977316963861
3.83208431438882
3.66833347199358
3.47614524526975
3.61699541411883
3.76417123008009
3.38875267420191
3.49770844821991
3.6770468633932
3.52685444192535
3.05256623724949
3.43892754318931
3.48987888673083
3.25500592884383
3.55779007387256
3.64071798715133
3.43869696643088
3.18877002121527
3.4763440816934
3.50535470577968
3.35417703653927
3.58258332536477
3.49866888952727
3.53236916620785
3.67904038312377
3.76164149197209
3.66030743814979
3.74909627061979
3.55902128361887
3.65959830020274
3.4881458947687
3.21091150100538
3.52804990512548
3.28818503932685
3.53927405363362
3.62556254537906
3.44218766958869
3.38288294748901
3.28846943421111
3.26676544926793
3.24128156030458
3.3525571055355
3.6180453771174
3.48430738845867
3.36845827650178
3.50657318718741
3.44777942222822
3.40342475716994
3.19520774967234
3.4944972993817
3.67843646144458
3.55363986843485
3.44799536400468
3.55298125186091
3.29586056877557
3.33434387467713
3.22107925451506
3.13554824837249
3.32416559787198
3.38512101138483
3.55433167090038
3.34620454094895
3.29300498297732
3.53939418704272
3.29146025630989
3.30406329847793
3.44364820073145
3.45040987569738
3.6590497853561
3.61217409452713
3.32130225389962
3.65085371046811
3.72409464848373
3.82013255182827
3.39643721115103
3.63678920027048
3.65268081907174
3.63248360699544
3.70351610608855
3.62413302254331
3.63581534415045
3.48375402739575
3.43618560142453
3.57263967732874
3.58245672546239
3.44437278108711
3.36744632963942
3.71108613670149
3.34627831580058
3.35246033252128
3.6165252276144
3.63354877932091
3.55091973677708
3.61119384704766
3.61450488809411
3.6247279366123
3.74490853079976
3.52549938147221
3.68237263387103
3.46919764821073
3.44761889074719
3.52174803330616
3.69001233583039
3.55560415127583
3.62508251186158
3.55189453685423
3.53206840256249
3.36145641973951
3.52855087021041
3.38760125070932
3.44738028042255
3.61804443390942
3.3824412902117
3.69700528397503
3.68519376160365
3.58136669389898
3.66152047015181
3.44877754376208
3.61857846396944
3.5505888066499
3.72716758047436
3.38465600569489
3.38107819071155
3.63285985670883
3.59302853458957
3.68343198906249
3.6269844855392
3.71327001151034
3.80256465471002
3.76761586521321
3.58718907715857
3.61519645163863
3.62669624071856
3.52686397547344
3.47081358255397
3.6431244502547
3.66255040449027
3.39369962548628
3.5176383695192
3.53293916518984
3.58937696915953
3.595775686613
3.18672844913697
3.28888767844861
3.53575872816376
3.38102994047056
3.49984771037007
3.52403221198186
3.58353917422566
3.61199538630425
3.40606772971785
3.30140614611001
3.25187326002378
3.46529806522759
3.41589867455315
3.40559801879121
3.732646120448
3.34700458491043
3.4623774035582
3.79298123856369
3.28566187663958
3.48633778135408
3.22045309961449
3.31182658904379
3.69201620790003
3.56978130772319
3.52269856820431
3.34611133310627
3.65307651069042
3.40776155323274
3.59051440290472
3.3319385126222
3.5670267317218
3.38650357544199
3.19125106726254
3.36925351106978
3.45169060386898
3.69621605546137
3.62703247454203
3.72605782359837
3.62493592174997
3.5665354294245
3.55135448193114
3.74629687921305
3.5019558223693
3.70705242458658
3.6143140281983
3.46059897980791
3.75627491370173
3.72788678647587
3.42452168619572
3.67951955210258
3.50121499125943
3.50574876302692
3.64069593336129
3.42261722193247
3.43036885495638
3.41955080813968
3.27255657212271
3.42219563548006
3.35903659895043
3.68539681308612
3.41577265044084
3.53989305145115
3.47438233919958
3.45161350305277
3.58980394705234
4.01405125082337
3.86273934064524
3.79195505576767
3.94903478032165
3.69075077653711
3.34458247340037
3.68887395077907
3.84594754916998
4.08577791769514
3.60251907184521
4.14886706059674
4.07818875837319
3.58661799129636
3.60830626194162
3.70357240941991
3.59709952983234
3.71260933253821
3.97717633107078
4.03529507642336
3.55784480670541
3.4017541436081
3.60943760280652
3.60496132841012
3.11682753332203
3.50210572735022
3.50041168674105
3.48414860656519
3.8947786619373
3.77134921187162
3.49468882302542
3.27002719635214
3.08135887411197
3.5947466427245
3.52026676140967
3.39167869350536
3.47725286076748
3.80436805342805
3.60631490304872
3.48321279064869
3.64271104489857
3.43352980174171
3.40777938980726
3.6739458708323
3.12227287450881
3.41342507391618
3.49977972876643
3.43717931042244
3.57778917623719
3.66200666577601
3.63130397832773
3.76784042488801
3.72590752631651
3.51607327719681
3.68354411121681
3.87736567143046
3.60268878210409
3.45463817907579
3.32272498150832
3.28132389691668
3.65044259453225
3.15990985891318
4.13548560871049
3.62810459647103
3.42948325278167
3.39721633378011
3.27467348698688
3.36165795082813
3.56681386840087
3.4831593216634
3.55497535518259
3.80778399375435
3.72714459255936
3.61855142936408
3.46812182147513
3.45386894483514
3.86411725746302
3.03757599335641
3.31246796555691
3.27357689838404
3.48601164911433
3.72140475412988
3.41439695386192
3.4200571344433
3.45427811520528
3.07983692982087
3.42156738094604
3.3182640395071
3.53484068919107
3.67599089776256
3.8420785690737
3.68597007427772
3.40813404896211
3.27235201761143
3.4769690935769
3.50038756316459
3.62068979508694
3.27943663897707
3.35342859996935
3.47180381011687
3.41860359050892
3.86924975820126
3.57833180159316
3.41960636439957
3.44668521347094
3.68620754403745
3.40917553144161
3.8211951767493
3.61045875395643
3.54116537750424
3.35629461482753
3.45413318706805
3.37760028622002
3.31063773237509
3.52798312325932
3.56771288800675
3.43222866879498
3.49014733543642
3.50639102139788
3.5480191827522
3.17012144775904
3.00372811878955
3.37812088082597
3.62966875343536
3.38698911881014
3.43028802247421
3.58653705675089
1.13119885099898
3.18191094517406
3.58496964440307
3.31408702106929
3.89295462929836
3.74448106124748
3.63749624652775
3.55864190210146
3.63945874571666
3.57672325695554
3.31233697011338
3.45307407259651
3.47150247769576
3.48062038504095
3.46676550038959
3.72817669973454
3.61456202716972
3.15369063550503
3.24629518869181
3.43923495118379
3.42482653429659
3.26011795635227
3.56862850520293
3.58985903692524
3.38378585326004
3.36469459957968
3.29732268398148
3.56280392877752
3.05037938815589
3.56382547550943
3.39780023794194
3.62827074911693
3.37424341601465
3.38469407803489
3.69723379051793
3.6425175288545
3.38058295164512
3.3307917086058
3.29457784853493
3.73716257861172
3.63120130497766
3.49191289289311
3.57961477884534
3.56684807216074
3.5831348817254
3.4373310857441
3.41043839515125
3.54323886622333
3.66760803621128
3.51423065152342
3.19720426614006
3.46249556453284
3.41603100470219
3.61844089990604
3.56769065218941
3.58463155458418
3.56086812675668
3.29308194858829
3.58800616175563
3.23699720871323
3.53631629734286
3.30314551668393
3.69894326508142
3.80690985611594
3.69571981143732
3.58073622751544
4.01001340478628
3.71513264476889
3.66257183581972
3.61011478967004
3.61229126205641
3.82712572209639
3.65651642229746
3.78547726892433
3.60744641097733
3.558606703125
3.47621748356787
3.59221690485269
3.76311144069686
3.3495868939499
3.33084330071734
3.5003320313566
3.34404873522978
3.58711688607181
3.45757072234348
3.37227572591846
3.50303151283999
3.70856904556142
3.60689994434168
3.68578410594312
3.56065468548599
3.64933787416057
3.67098965480017
3.44755640383069
3.43790169785213
3.40476927859175
3.5926879547743
3.42445274751352
3.39822968447842
3.1736277769983
3.80879332673681
3.74854883559425
3.6101219541553
3.50645190393319
3.52228982837925
3.36794544096154
3.57081736456235
3.52998192983503
3.38970156619686
3.60770167023222
3.51673517038336
3.46888229961816
3.11227302257323
3.57452222392781
3.67196962949448
3.57539130585983
3.60849211497185
3.42916086702147
3.61525457080205
3.37499051740562
3.58980244801782
3.35515405563733
3.75258468863166
3.10126673332688
3.66757452779544
3.6828028118088
3.32739005534896
3.67861743420633
3.64294417946218
3.68114609187964
3.3994509882581
3.32918978491099
3.44858648450252
3.55385451742829
3.62890632921779
3.55489175730805
3.35053035682865
3.69153187300903
3.96257650430582
3.42756904387784
3.33598327096852
3.68882300686208
3.21910499783494
3.49795348082204
3.48398842236721
3.5591604426484
3.72742878720158
3.45719451789105
3.42316669844085
3.52350321731057
3.62458938146442
3.56219932423579
3.57842309053014
3.49310485161965
3.42714037481944
3.41007748184933
3.45972417399414
3.48981329951459
3.44786855327412
3.19071101625278
3.77286337986374
3.54429499373678
3.40422425305901
3.72426699010241
3.49455566665974
3.48366274674775
3.32196137865804
3.15555633094166
3.76317928825885
3.60261559226424
3.57923826167762
3.77444253918322
3.60919641791095
3.54687709329826
3.56844316070366
3.51280186376282
3.44878384176728
