4.46538930575844
3.20586594336451
3.03521983515459
2.64748033343389
2.44311913521031
2.36263076939526
2.23847181283661
2.21419369333222
2.17701863243807
2.23493730723458
2.25858131406444
2.18906616407085
2.2024673550166
2.26397298976051
2.20434974966051
2.21280220889674
2.21801908671874
2.21137243336648
2.20450097774232
2.22664279466875
2.2223598888308
2.23856095278156
2.23943163664106
2.22801925094616
2.24986037402816
2.24185063597431
2.23540694790222
2.21846086434836
2.23440786527476
2.26606353558432
2.24614962737284
2.24769210411804
2.20271036784494
2.23421184882152
2.22600567741572
2.22798715267788
2.23909609505962
2.23437556091281
2.22665834762881
2.19671373309845
2.2274785970757
2.24825825672496
2.19655176627798
2.23157228265137
2.20522438918193
2.21284134316643
2.22742898062199
2.19272108223213
2.20808222175648
2.20701487649562
2.23023727923206
2.24178073845242
2.23621352607649
2.25922556169385
2.23449111089846
2.217008788686
2.22896509801024
2.19600646114768
2.22829400842338
2.22909382696699
2.22450406606855
2.22429944878786
2.22241281937828
2.20830480117788
2.15883520729462
2.17509232581248
2.12037226864356
2.07647435369966
1.95400136410353
1.89675342807517
1.81104428092967
