6.01516251336152
4.84808657692624
4.8722998254581
4.92348167089563
5.10617273188411
5.06719542162651
4.95945256203146
4.98005216956141
5.04349625566395
4.95413112293634
4.9493479229683
4.92724145916885
4.99448638240926
5.00216411779916
4.97992576477618
4.96714780848665
4.98329719228987
5.00645368224818
4.96353786511336
4.9820589091748
4.99340690701256
4.96851050053774
4.97896493221739
4.95716640905697
4.98673264573551
4.95419928724685
4.99995343704494
4.9919009556847
4.9563634528195
4.94988493850602
4.93517520565327
4.96444944379947
4.90679418218944
4.95800287239647
4.90610776967471
4.93199421140416
4.93894840595314
4.96858810609352
4.90710141072733
4.90207172967537
4.96575736104486
4.91785007205381
4.97105335445937
4.89129253751575
4.93566065104775
4.97507868898539
4.9574797885938
4.96247578432519
4.95536497804958
4.94578784751333
4.87990969859051
4.93376654131802
4.89552381406069
4.93861080465738
4.8618232274035
4.91959920196269
4.84114161190608
4.93450067064154
4.89075171140611
4.87253792984517
4.8932697623251
4.90037306494268
4.90023691800091
4.9049465934209
4.89863914283407
4.9387990719799
4.90369894718788
4.90544660862024
4.98113187480312
5.21345509264302
5.32025737792363
25.0096836248028
