5.3596249537645
4.56910148394823
4.13290105711957
3.77277425957275
3.39938966081287
3.2210838899078
3.03526157816263
2.96859211883217
3.01700455464375
2.97505389081136
3.02456089436176
2.94368865698957
2.99164096796798
2.96278162059747
2.97903175287864
2.98142173461915
2.97324193012743
2.98949744390043
2.99690191931595
3.00364650423448
3.00059034780259
2.9980559159956
2.99022036809776
2.99986606764423
2.98280940791134
3.04270383494926
2.98270977266309
3.00523624800862
2.9803236291732
3.02307209747423
3.00541101246417
3.00890570950042
3.00684304114831
2.97688221600973
2.99214923980178
2.96005768968464
2.97606846893245
2.96900862713463
2.95772342791765
2.94413342332413
2.99728910747836
3.02232768028557
2.95628408955279
3.04822330653365
2.97453132160524
2.95967586867402
3.01004819813748
2.93197281035978
2.92291918653499
2.95977684261009
2.98078095544273
2.98907145305141
3.01733959582107
2.96087835262299
3.02739881144191
2.98953339168512
2.97589427136784
2.96281520399334
2.98968502938997
2.9385388100128
3.01833389214879
2.98877246141683
2.98847643357391
3.01060329721653
2.94597595945367
2.9305075802442
3.00112002623858
2.92079070428679
2.83995313780941
2.72946853108755
2.5681650517386
