-0.000142857142857143
0.999857142857143
1.99571367338191
2.96184078890953
3.82065217391304
4.48258064516129
4.95358893052753
5.25869061413673
5.47514534883721
5.67308814944542
5.80464159811986
5.71588729901165
5.75062972292191
5.81044487427466
5.79292853945994
5.78263473053892
5.82877741063382
5.80703077851539
5.84285497802697
5.80504866180049
5.81209899175069
5.80055189330063
5.82132386977318
5.7949394597951
5.76903870162297
5.74941158010356
5.74616964144685
5.7413409596441
5.77997764649529
5.7946371226718
5.8009356347798
5.79376926821353
5.75207959549829
5.81050041017227
5.77944820750041
5.77096827769474
5.78798527443106
5.80121293800539
5.78497716122483
5.7828231292517
5.79015721120984
5.80525051475635
5.76767850983098
5.8060994628314
5.80094043887147
5.82101576182137
5.80291842475387
5.79975278121137
5.81693892045455
5.8283369022127
5.82400430570506
5.8217375630858
5.81135829263881
5.80116321337695
5.7692588535962
5.78727306070053
5.7913059495303
5.769985196151
5.80547282204021
5.81151241534989
5.81653992395437
5.80912064652684
5.8063124877475
5.79257154455044
5.78017057569296
5.74948758824869
5.7535723238907
5.7242774566474
5.67434944237918
5.67761692650334
5.66398158803222
