6.04295619238413
4.84217073069485
4.87761185526808
4.92044574292073
5.0958142484825
5.03370447157855
4.97152605027469
4.92172896152205
5.05869580967904
4.93514999508198
4.97050120275994
4.91871705189443
4.98725312079426
5.04635590466308
4.96683907466784
5.00808966946113
4.95121608819903
4.98186296179448
4.96620817554266
5.01444187633108
5.00282071263727
4.9719397575461
4.94421160847208
4.95058965565098
5.00235014406878
4.96961422451905
4.99452608457595
4.9933932890432
4.97904610403411
4.92376572376044
4.95644738226417
4.97123261285661
4.88307144374552
4.97046985008771
4.88932174536947
4.91633631629396
4.97519066755549
4.94528913621369
4.92274363083943
4.91207565191227
4.9906691307176
4.93701844618882
4.97725907559976
4.90461655858439
4.93367252710364
4.98615084313047
4.96008746586157
4.96075079340756
4.96674657671013
4.96299155705573
4.87229330522125
4.9731692919676
4.87857977572727
4.94061433245657
4.87441239388589
4.92103671094336
4.81513638779124
4.98057875614227
4.88905291156741
4.88961048600447
4.91247001010753
4.92790519368607
4.89794628638139
4.8966458274934
4.890691594667
4.9004869585299
4.91923958763565
4.87249899950084
5.00029326396815
5.27773776363621
5.22731743195798
25.0096836248028
