3.63354452458337
4.1666793149715
4.02644838979017
3.7672461053889
3.74046152548134
3.55704707925059
3.21548498076335
3.83129452425788
3.38513056597537
3.37202134384383
3.29988713989197
3.02080306960544
3.71508336016526
3.6855342506158
3.76273464554472
3.68506175991151
3.58533731396099
3.82460632434405
3.72182751634328
3.53576069493611
3.60765604424914
3.36526144285686
3.30411809993213
3.60799524812412
3.43283371110794
3.37041755975479
3.5453617599578
3.64141603855297
3.83654011080276
3.76201479239025
3.68756439927552
3.63472759466273
3.46660330748517
3.79753060185016
3.31107647965982
3.4441787577446
3.45488978455453
3.47843983172942
3.30810064701679
3.15604779931326
3.34944248719977
3.56798021177798
3.4050633583822
3.85265506964489
3.69704673533533
3.59258373083274
3.62477126439234
3.70295653073926
3.72778251977445
3.74519871137075
3.58929755136254
3.79805565026264
3.89984443545012
3.56122237349169
3.41217393423908
3.52630484330218
3.19540711042598
3.32651888193116
3.49912515403123
3.61234200645744
3.78760778051584
3.21455235886368
3.60914267688595
3.55195171078535
3.74629066111004
3.68427119624269
3.76818187412262
3.82527648310914
3.57097311013229
3.71401889505107
3.2862228930233
3.66833513547425
3.90829499029574
3.67325832868892
3.19784780234688
3.65142564763374
3.39420892337763
3.77955789168701
3.70704685156522
3.62937353042998
3.68458685000524
3.36973487806627
3.53158552318621
3.57895522927741
3.57112913264481
3.68244246413096
3.38517467302693
3.86544323651605
3.4523368984947
3.9341581139931
3.55786013932021
3.67700821184038
3.74858786040573
3.7142543733917
3.55931306528348
3.72000018286931
3.39071069196613
3.5013642404904
3.36091631676128
3.43953909841726
3.6047727958902
3.7268146428328
3.58568743927303
3.61027513732482
3.72225913923027
3.58776350877045
3.49543628027217
3.57356236123792
3.58666832896861
3.62531317426209
3.49474650825717
3.28737979044658
3.62729997785468
3.93152224765879
3.92344090868091
3.59900103443493
3.59492781796665
1.79219153906908
0.831047799917995
3.53535309456783
3.48395284636979
3.76272682346462
3.68853813514832
3.75194729388617
3.90603249401688
3.66377153370797
3.44966364899407
3.69183969978837
3.50825613011608
3.57458048935003
1.3211867886426
3.29602017424325
3.48352895171476
3.53951870332653
3.43331936077467
3.53807222458544
3.84597197780426
3.52924765108147
3.23596623178456
3.69923476330597
3.47954053559681
3.3192318363759
3.52441338607023
3.44111214386483
3.71383876062141
3.55613473721871
3.56959112544419
3.58515282809912
3.44266960615169
3.50262430746972
3.40376863288678
3.2780897058472
3.47604210562819
3.41315979704405
3.392906793218
3.44962447588731
3.82605411793432
3.4626919511993
3.64496192724075
3.48778869209164
3.45463137269973
3.26295087656286
3.6765651522049
3.59646322409859
3.30363606822865
3.42999408012405
3.4710933807001
3.59223301814204
3.32656265058055
3.51452995397461
3.74276172426524
3.52136560702855
3.15602785962131
3.62942786477201
3.54247621442767
3.4253859782021
3.31413940713512
3.52445705032564
3.55450810889124
3.58114278336109
3.50140589441775
3.53842977594293
3.099823639606
3.42359846653509
3.48789410650475
3.49615314548737
3.4489015516876
3.35194312775651
3.62641168282247
3.49316234645135
3.53540201176699
3.28000694144282
3.32024512315969
3.54437820345985
3.5260561832257
3.55028549200694
3.23936785728416
3.28521653564126
3.44523837195698
3.54609408780821
3.52997695858837
3.55188564287849
3.61317889883525
3.43263856495837
3.82929749617121
3.69376403678346
3.76606122472258
3.60563773391538
3.84867464764644
3.17667824542339
3.43836516865497
3.3805644412313
3.69665023072211
3.59764547304224
3.27458812775832
3.80987537703349
3.75504281532198
3.52395996107319
3.84923742712712
3.77695311348474
3.75925388427456
3.46597221516276
3.30417169667669
3.37398990558618
3.7062954671005
3.34514930793709
3.43759607558112
3.23180993823171
3.38011207834919
3.28432547175076
3.53449923080291
3.30028661620568
3.57628173644393
3.53928931011155
3.37064485842869
3.36156867647199
3.70770304843421
3.73163180456613
3.61749014280201
3.5498467016141
3.63446315304654
3.96768641185667
3.69906286485071
3.58826796151491
3.52963049275397
3.51775728370113
3.62453173920704
3.51011131023972
3.61136675129481
3.46365310584478
3.5090631954415
3.66402454284765
3.45875189391485
3.51406894856439
3.5605770403024
3.86871761785331
3.64894527755231
3.54445199405197
3.41572323114291
3.81582219686936
3.5780954430744
3.89216890580601
3.66953873035575
3.26263182380114
3.62152883608051
2.95392898184365
3.41440697220165
3.76481761572829
3.4978338213799
3.98407323408845
3.9107123253525
3.65302501747947
3.59493761259063
3.69263317039192
3.4998861872614
3.35852896686471
3.43273474346409
3.68530401420497
3.54697690170002
3.33473434836439
3.30570141365923
3.52667774102738
3.07126004407
3.20686798640517
3.37241989274256
3.68383682831305
3.80015437929684
3.75957419529082
3.3810833544806
3.59452607194936
3.59435818473289
3.69568398271235
3.94948233299124
3.61156761709244
3.59979122760942
3.61603752168442
3.55430230303978
3.58369420966825
3.10889227929079
3.50018752291797
3.32631403905604
3.23231185975917
3.65892341027686
3.63090726567132
3.68166239131046
3.66737272188603
3.43630444421538
3.69231511841228
3.55998592843316
3.24279864719527
3.54345178535739
3.6197624879536
3.23509453245
3.4583330532871
3.10056037587226
3.40476375201339
3.34651279735247
3.35558136025696
3.44388864086284
3.40943766823119
3.3234375233189
3.6704423241494
3.81263591648429
3.61997075081301
3.291298657116
3.52917815831498
3.48379839956336
3.52339167806976
3.49034318230712
3.70002301708336
3.66228752681263
3.21020033911637
3.38686737286566
3.35748391148089
3.63966556191163
3.25395231656543
3.63400876189576
3.65045660362159
3.65492340235007
3.58754593730651
3.14369665024444
3.39057701782594
3.59243065609985
3.46620164218264
3.36691844514153
3.50932435930407
3.78979558606817
3.80601229867523
3.69093163513556
3.27586768260812
3.59562609074942
3.49259838897512
3.43300609903372
3.48592897902149
3.79731226531939
3.55636504443263
3.56615559176673
3.66014108775671
3.51653650363267
3.67737015150108
3.4739495753011
3.5316528219483
3.53656490661399
4.50042300506873
4.37214116486366
3.84109006257284
3.64128550071502
3.5988221987543
3.40545361122488
3.49222290707888
3.56835598432498
3.56689863539353
3.56289062151539
3.57770151466682
3.46940855343201
3.62425992295212
3.38947386180752
3.48005600151053
3.407935686454
3.59650796105694
3.64140964830336
3.7228055379052
3.84628824241604
3.56307579735298
3.639168903769
3.46956866313047
3.68995135877739
3.75588454030525
3.63320741733965
3.69433310914111
3.51733150186827
3.39389102007172
3.58439688883778
3.47398538908148
3.30497104046494
3.59134900244171
3.62534365820665
3.40769641408031
3.62062153219526
3.33048325525161
3.48875394917773
3.59959040118441
3.49051114550674
3.5814665425771
3.82939497441332
3.50379055040765
3.44483614992903
3.27115035576945
3.40972754062216
3.26360951524435
3.60206383951891
3.4185947372459
3.49189181963791
3.51643259054674
3.52627235769505
3.5584480107971
3.72949196060052
3.56238953479404
3.54851074458126
3.52122634792312
3.526444573132
3.3473538799109
3.56688587695824
3.51400097438483
3.4526652540709
3.31808548116287
3.62770092735069
3.49862650707007
3.40647227043869
3.47309977949676
3.43501721465209
3.48712444101082
3.48889454276021
3.56267176472848
3.3918121652168
3.62979526355282
3.54806449926297
3.37859843109701
3.65507006421119
3.67624974938095
3.54816568920702
3.32271051772154
3.45784012245751
3.29025131966958
3.59854479330498
3.48884387683294
3.22766219776775
3.56664845548316
3.53938089978131
3.27868967107024
3.59074498034746
3.44293185005268
3.44214043148775
3.61696182256839
3.50848500400358
3.59431754593607
3.52494667572793
3.02975093163159
3.73070839904867
3.52891964876371
3.34436739380536
3.32746832476624
3.67105002303606
3.8536037938692
3.2197359179223
3.32516042817251
3.75804773630057
3.39146805084589
3.27673162677514
3.54207149627153
3.7238937653608
3.42994847642941
3.6106785183398
3.59960948584557
3.52782233977443
3.44548361744222
3.63984407170838
3.59047978915927
3.56350239164674
3.50152662251162
3.66875630761305
3.28763540644843
3.59268669701798
3.77904207408508
3.35836962032464
3.29478959253406
3.50027725480605
3.6549965581617
3.44306246276874
3.5393990421211
3.53382167530398
3.38409518040039
3.43730117292299
3.65669266615376
3.23260833804786
3.58594717840683
3.61300427979641
3.82364844400331
3.97706345233833
3.58247572581246
3.45473104539148
3.52437483009246
3.46237272466085
3.49393503852893
3.50015924614821
3.56361695319306
3.54334580025817
3.49123391745847
3.37169835318002
3.38021084439686
3.4622305217673
3.42403488890942
3.50785196060817
3.40013519381435
3.1948581080764
3.49887751530501
3.549552822598
3.55831767853075
3.76273603940137
3.58678118782549
3.64229658084461
3.66927916304321
3.79484333128642
3.64330770185913
3.53146435941053
3.48644824838039
3.62487925215824
3.52408331185164
3.66535378337043
3.58070403718775
3.36753147916953
3.67613805681314
3.65129279685935
3.64290999437485
3.59440362909455
3.59906748863205
3.39268871446173
3.75914646672097
3.51480858051011
3.17034405016553
3.62027158623742
3.04200022069558
3.56948113447985
3.62638695084501
3.6980679500311
3.59456915561144
3.97127738607979
3.66483814211978
3.74709427110473
2.92750666948332
3.48195541912454
3.58959117559837
3.45796922976713
3.66631201188812
3.6501255383298
3.51625979476544
3.3385449259251
3.42796273906323
3.30979693496533
3.38998458319292
3.53904170155156
3.5287899111355
3.3967547773746
3.82046185841044
3.59467054025728
3.49779651563489
3.5348659240737
3.21800746477975
2.45961742091513
3.65517863497505
3.22018826870016
3.33863128128817
3.66937877363075
3.46005660256814
3.53781840357648
3.48708745725899
3.76582980954536
3.67841966920552
3.51939177941125
3.5735931052619
3.4887185210059
3.54759345401253
3.80745131759758
3.76527813733641
3.63807556523605
3.77022357696061
3.45986381679858
3.5781881733404
3.61529649840234
3.54830154299951
3.40451347924614
3.81365275494107
3.79297721121314
3.56676124093338
3.45036900542383
3.44240844196081
3.52480637662669
3.37962734000187
3.42602538466249
3.12818977595551
3.40618431221642
3.57250339213526
3.3624442685999
3.79444128330233
3.56290550810923
3.39077704172576
3.42355824315597
3.69729017044524
3.76202911463907
3.44598988300434
3.58657969787099
3.79180843486643
3.49479125573055
3.3220016681833
3.57034365048374
3.82211292849172
3.59517537166385
3.55664365516705
3.24356562416573
3.42200404955116
3.47184749503325
3.4326364313991
3.55327940346051
3.67682507115884
3.42136380771033
3.49117182750386
3.43043383582158
3.42541158677873
3.6649761809539
3.60993413027682
3.50053251430405
3.66820002196734
3.98394325733276
3.62436550477291
3.44940850355093
3.49378797381457
3.4065093446103
3.42614535292406
3.49322431845095
3.58466108620886
3.50339946569206
3.6025399287286
3.53182482411246
3.26719626415767
3.66403299234337
3.57100184195076
3.632091012656
3.44773246541338
3.61949246425054
3.48241357260867
3.59123780226338
3.53641798036434
3.50902710940721
3.4663285617329
3.38066396291472
3.44073641940144
3.19943502265679
3.39399215764109
3.43212754311044
3.29359725268038
3.29483113986234
3.41038430553229
3.31115018603592
3.35642677440134
3.41700826633547
3.40275459085093
3.41342708736226
3.31687197002964
3.69584585387614
3.48097337568862
3.68923680433081
3.4800097901003
3.45201893104531
3.44054911282626
3.7359006608789
3.47615380482625
3.17280158301438
3.36511718266229
3.31115374681139
3.33700047798081
3.3306299883015
3.48444311225611
3.59200945412929
3.67080365332384
3.48600525755001
3.3230310367481
3.55241276993049
3.58911239707705
3.30893562335766
3.54579778945708
3.46924437874073
3.64587295758389
3.7603778820501
3.59360424450223
3.42206224550183
3.6410144317358
3.54123067894901
2.8099983843901
3.24143245615672
3.58195024874393
3.81318596881053
3.59245475802017
3.43164239611337
3.54279467167799
3.58775894548318
3.55602509560481
3.46816983158596
3.6286630349996
3.46428044135601
3.49579372900559
3.59956249120287
3.44434208247996
3.70446941435462
3.66271973313429
3.55931469408362
3.44564164066759
3.47785857231654
3.69657239282037
3.43229163218913
3.29339218197496
3.28353836618028
3.40236946819805
3.42839329635778
3.32887330684076
3.50220499756107
3.47305196632671
3.29864579994319
3.32969034979095
3.38808042234119
3.59171848484376
3.49650157625105
3.52412067681387
3.61457168418286
3.42925961644371
3.78135088784993
3.56637919770606
3.6047345042997
3.44705353285126
3.41035995925769
3.32961366688978
3.43249792378765
3.47797969365344
3.28166146652299
3.45595218930052
3.41976808978116
3.57906024539056
3.60887668147643
3.4386317420711
3.38818241713695
3.42140105839392
3.2376552430013
3.60114392555715
3.58777620072179
3.33511098763283
3.40104812743647
3.69072500264556
3.54945421601321
3.55230030059693
3.22640583193219
3.70269355864608
4.25978366617467
3.53705117367555
3.47909453831417
3.47835814663527
3.39581847237492
3.61919151655024
3.40017934114749
3.65555158804631
3.6362704910624
3.53605321597663
3.36418601211679
3.61446904008089
3.60995127541348
3.45913604606122
3.27217107787929
3.5234488909486
3.13290704724473
3.26575880506398
3.44151915097546
3.03392991835782
3.63263772043806
3.60580821295245
3.53013724704323
3.50229046345532
3.50170415239241
3.79379847087545
3.42818902016813
3.63455329954249
3.42567357538519
3.45842402783886
3.16464550569214
3.66514679571595
3.76987961800901
3.5494677777539
3.61552900742614
3.84097136088542
3.53488651507142
3.42529371751607
3.53803412808602
3.57730014608797
3.51802757031098
3.62837873818373
3.69727034952588
3.3066125775878
3.4718921477535
3.54728649877088
3.76466429827289
3.53401205581159
3.36312772018681
3.44233716728803
3.51479122907114
3.63275034871346
2.83412284506167
3.75737791729037
3.69730054028862
3.21013509085054
3.62449863123096
3.7576558555806
3.51255718903268
3.42129021413191
3.57619554399539
4.2531428442863
3.44858435293734
3.51337388867283
3.43428168735811
3.57616286428519
4.01077447220084
3.51117947494056
3.63157685729841
3.71101052140304
3.50956227643678
3.2361862013607
3.48355045846591
3.34814169008
3.3233689280289
3.57386867791664
3.708718657765
3.4923819597258
3.21664980056899
3.44435790717165
3.27193758788331
3.58888178554108
3.31088625141696
3.44261616323229
3.51413402987952
3.24833673549178
3.18567923188667
3.01108826559781
3.6678256541521
3.62745005852732
3.62130285412521
3.65359159314423
3.3555847128817
3.55473094144364
3.51304063466931
3.57278357190067
3.50157643520383
3.44523653972345
3.20310523977242
3.54309900897015
3.48338929029194
3.48378381009025
3.74522776083019
3.69764994441176
3.55554546348602
3.61763866515498
3.43626354228511
3.54361047479547
3.30559918844798
3.35783986041957
3.80707543006371
3.51863361438226
3.68294771804157
3.48034968543113
3.53293823041976
3.70379266793923
3.59193007471156
3.56729277541075
3.65379257204778
3.51108308726974
3.37183773436676
3.59785351546903
3.72921251598969
3.42767460008772
3.4133113399846
3.64027431916118
3.55215417056582
3.56451252417769
3.69934223806168
3.70478235466876
3.53939230966685
3.68072160614661
3.56569576763463
3.58772018865853
3.56559171734798
3.50229945211573
3.69488464268013
3.70025699229021
3.13711855710687
3.52351043043124
3.53508100730939
3.53444379545301
3.59056495315701
3.70773910087309
3.16454744011788
3.73572011643811
3.6909867023808
3.54123245393952
3.32948619974461
3.39464333404871
3.58624250761996
3.39048060063805
3.5250891908871
3.7268160810945
3.66398858528005
3.44957780986006
3.26250152554229
3.45749303444316
3.35402385814409
3.60030139242266
3.40463889862324
3.28595977899988
3.64085633101467
3.40122183702849
3.51017068410674
3.27722394652361
3.55677556292596
3.21670609621964
3.05469364393057
3.72367843530025
3.58252552347577
3.60008590546261
3.44112162537464
3.38553982691056
3.6249682150721
3.88798169792807
3.72648601397145
3.63323893281724
3.48554758568352
3.44376392067648
3.75341440045127
3.51245135916694
3.68385466649323
3.74889730159974
3.2154298128225
3.61029940268539
3.71369069880705
3.44050852770101
3.68562185728321
3.25358765658422
3.59778910444708
3.51528146911956
3.63703793836757
3.57139195578233
3.22107741879116
3.57148789716756
3.57735630095926
3.38376114234388
3.548369919859
3.48017406884468
3.589766375133
3.76691348122337
3.75601377058575
3.52875475724538
3.71722311261275
3.84896911895771
3.53711077340447
3.577767565649
3.49896516347525
3.79400694642899
3.67210534086087
3.61127677684877
3.5837725009004
3.4017503917763
3.5304458773197
3.30903014380732
3.70457774804373
3.48126995983461
3.43953691089
3.45561886616728
3.6025351901197
3.61350601713191
3.77855380871069
3.6778730520535
3.81757304436607
3.86897186701694
3.68023493128277
3.73507020887942
3.75570019009235
3.59015871194096
3.48217195853506
3.52017537594338
3.66610361657618
3.38319874034252
3.41185734561839
3.57114891172768
3.92282149201237
3.89222678123001
3.70421268893494
3.46453983587044
3.40756892340156
3.61223217997064
3.64871647319797
3.58485238172049
3.39392154884715
3.61903865084368
3.53392685792963
3.5519447545515
3.77375728032948
3.59213698239703
3.86158517971679
3.74062197461541
3.45383117231477
3.78796542364903
3.58783944255166
3.6413968657213
3.49988829702973
3.6113071353095
3.58634197281305
3.6270197889749
3.66677341458029
3.30456276490734
3.62614077456253
3.82528869403726
3.70290078757806
3.31541180705567
3.39955337216236
3.46759776636668
3.54633211615535
3.45728502107995
3.5863410082309
3.54805280948672
3.5553808660483
2.9767530716763
3.33937478077253
3.53906635695524
3.47804061801015
3.57327293423492
3.43964513134343
3.9575294569314
3.86728068160441
3.6290455217565
3.6514568714661
3.74519671217283
4.05437454245856
4.13999116508475
3.59576107794114
3.34274663220612
3.50096417658113
3.61470193944363
3.67446468116588
3.60518864506688
3.46993719227672
3.61492911778978
3.87115587174478
3.80345204460444
3.66764198595821
3.39680043375756
3.2497594348453
3.48970851380272
3.63821403412542
3.98275049302771
3.45550590238029
3.70087186871501
3.37964648837403
3.61154839925234
3.42392972808794
3.52688504090639
3.53795800882232
3.45561243064053
3.45549801043122
3.62916940923807
3.73737335408085
3.66145049248799
3.21235551812038
3.49421913854835
3.50059006602326
1.52137618704846
3.3166401418014
3.69369523063856
3.45447258530921
3.63749540172473
3.50062452975296
3.32697131546355
3.27266003679777
3.85750451387369
3.6447749465163
3.74934792756399
3.62028065564875
3.44072665236437
3.68685964320906
3.33248662226096
3.21838059490346
3.35151260774146
3.76414132137691
3.48117950707613
3.41251752827508
3.35460338154629
3.45734461898383
3.58791055473652
3.35390515649515
3.44302308506877
3.48886387538041
3.68147082421607
3.5181181096862
3.34283679643329
3.39167919608796
3.36891807761018
3.30128391908442
3.35698514977245
3.39021045512197
3.70098165714123
3.52226650829526
3.72401227438231
3.3287460127413
3.40649892737493
4.0158951092024
3.45782531200259
3.70945117625668
3.43021182160531
3.54025227644076
3.40742481317084
3.53508757020084
3.47600703680121
3.46625331811212
3.60202743368536
3.82022648448661
3.48315369966064
3.57891397340165
3.54162530849177
3.27625132516659
3.52060975340552
3.75815457928694
3.58779039193128
3.60776333004011
3.52720529096546
3.41394842348382
3.74660101034566
3.74519720075756
3.67050955834481
3.93958786387922
3.69743907781835
3.66488057423391
3.34984239048446
3.37832174502936
3.25927191209587
3.8594030563897
3.47994250244014
3.39429615175344
3.75758971584768
3.64210067096235
3.52962763723357
3.68247552051382
3.45912746159479
3.52150132609823
3.36936599382174
3.26074178475889
3.67649172415155
3.52247215858511
3.30139218356183
3.21684433187933
3.26335835263185
3.39760494048278
3.50456777240584
3.40991007508877
3.42195788057666
3.46196745537956
3.40054293560095
3.59402143391844
3.68145961042784
3.36725998830078
3.57071720292306
3.69554016242391
3.57283862318087
3.77875563492548
3.63071403121549
3.76006147034568
3.60327027099594
3.4504829198783
3.59389567890332
3.62234928601444
3.26221704195173
3.52557571658171
3.62145322171088
3.68008232344672
3.58601927728458
3.68526118751809
3.63506583620657
3.46158079796062
3.35808656372403
3.35177065036763
3.56337189048133
3.31746987364166
3.54443642837143
3.44058744497312
3.71251731980791
3.71483916255276
3.43821345180878
3.60737161390682
3.34826954808757
3.2779197399387
3.2944517919117
3.56615810986043
3.51092342457974
3.19810046496712
3.57758773992529
3.38173845117283
3.64532348578699
3.53231110989904
3.55501843209189
3.69110220976557
3.69037307726692
3.50094811690933
3.49009396295639
3.5721003720299
3.51004395168646
3.5043287310203
3.36762064422339
3.4222534077644
3.46582960111755
3.4097028030119
3.54342081801783
3.5984215593532
3.47681030499435
3.52438206491208
3.63652351365895
3.69603987465204
3.57605043421413
3.39112097740526
3.62483702462704
3.5021173464604
3.37514044228891
3.51331664703225
3.63455356163736
3.42898289938841
3.6160405996668
3.46884675789693
3.36998479184256
3.63205569656325
3.42866338153486
3.50560542036929
3.32381283373324
3.18241393938165
3.31433016636029
3.56105496362662
3.58684073794447
3.11570702819907
3.37291711366982
3.49451408144941
3.1670846081264
3.46417333283712
3.65638143079825
3.51815920396532
3.76024034132967
3.57478827245896
3.69403501866573
3.65057390553244
3.29703731532707
3.43870717612898
3.49424955483327
3.80294187606374
3.65903779883415
3.50337229027087
3.35259250677305
3.46031116779699
3.80654947459477
3.91983532679333
3.41039286346352
3.5807576682988
3.82574573884803
3.42695885900852
3.53263806282561
3.38394414122886
3.67964786187344
3.57308111697351
3.46230836312435
3.70685198793975
3.65353979784452
3.6366807953783
3.60118436537976
3.64039991892432
3.33875900047582
3.59720421664714
3.71913138334788
3.64476157306709
3.49469522965294
3.58957053471099
3.58237766805237
3.30337233043899
3.45546887856375
3.40310094555354
3.60147432644163
3.79432327556969
3.66013984002283
3.5569946169566
3.40922668010023
3.70893938998806
3.63792853338589
3.50609050937476
3.45451993410927
3.60078436536277
3.78396404162258
3.73149976139516
3.48835121180965
3.75125274655439
3.4907366632838
3.46309693770002
3.57873121390313
3.5595493875633
3.53095867814301
3.82766761722171
3.24160864073606
3.4447226549254
3.69405121764764
3.51927377845266
3.5384828337305
3.13283209914357
3.36186357851587
3.42812657807211
3.71307625567915
3.34474530549947
3.58048062392503
3.47845648872071
3.74761600684195
3.75935744483473
3.51068651774736
3.4403686259081
3.33537810004872
3.64694885751923
3.78208704918543
3.684214383486
3.90790884778572
3.93498682392922
4.11782958317216
3.57696429086988
3.61528021122961
3.49032421450821
3.66692547281462
3.46642582755625
3.19133153890292
3.25044803697858
3.40968218923418
3.66544074066594
3.45462944333939
3.56797265792508
3.39367972554179
3.58969202556281
3.49323495991522
3.36104164610689
3.79445640341181
3.4578141765412
3.31713731840184
3.3639172496231
3.54577873192197
3.43169642177673
3.39967239326268
3.48230160342396
3.40955410497332
3.75602592766659
3.85336575220617
3.53822671824589
3.73051633709465
3.71882869877495
3.7798192150762
3.70059473409523
3.65840716497476
3.86879542065934
3.95367958711198
3.58278810638958
3.61036567743598
3.47607056430359
3.54522506169534
3.50821715377171
3.4927684888516
3.25839796941059
3.24635717261092
3.65856804527106
3.57673545367394
3.29600868992694
3.63283150316799
3.37391732766869
3.49872551235906
3.68249462132949
3.47585955073749
3.55929655250617
3.3969673837946
3.44418608863817
3.68347324411713
3.54370072918522
3.47610600097131
3.81509091597857
3.59661578334972
3.37404427111215
3.38550933153249
3.32299788985705
3.55284157096036
3.73263343291329
3.61803196425962
3.67820144016528
3.52914877904917
3.74584180809935
3.52663602425015
3.46496564197422
3.42023695656795
3.45479940705266
3.48679331712615
3.59327124232762
3.69528658948566
3.58923518661835
3.66366772326381
3.76857723431071
3.75387716950282
3.51509331655624
3.40710209709454
3.60809878530233
3.7872580293904
3.68398035137437
3.51324459530388
3.29000801903253
3.66260393248048
3.58378852892085
3.45506370607807
3.36611047886607
3.68368855504158
3.30432082529291
3.30741246970348
3.96041287919335
3.4850056942763
3.0729934835914
3.49927866688086
3.35368589572118
3.51427105615824
3.5699525457928
3.43675316933393
3.38259897532016
3.47389178955241
3.30263750818201
3.55738381496732
3.52981358091569
3.59821569952897
3.44757963452768
3.2741638451827
3.33231632282741
3.57400031075665
3.25412723666513
3.84798202884174
3.78079243450292
3.54866228814788
3.52461051246459
3.36905834350873
3.64941302929207
3.59177166819468
3.37438343345527
3.82333848861012
3.73824459582804
3.48445467164835
3.33983103668953
3.24656100340071
3.69598378603041
3.63653838686724
3.73152820975479
3.54683056332067
3.53259560227265
3.55967714178501
3.19681831967416
3.51689873400539
3.48959104286434
3.56711906164096
3.4913829213373
3.41550680445844
3.63694302412519
3.55495305763629
3.39579388472933
3.81928015878622
4.06863518395657
3.73713942187642
3.54238809521845
3.7899579906073
3.58352430311525
3.69181313017669
3.6257679859724
3.62651590960425
3.25772655852429
3.78077306887491
3.7559630201949
3.52953748748643
3.66411905754918
3.33486265963349
3.58068085411786
3.5686770725399
3.47586516096772
3.67890028813287
3.55980319446382
3.50599065747704
3.13776541159903
3.58209568770816
3.29793334343004
3.6450029873396
3.30630328533302
3.45954575777242
3.37670186468567
3.6795210595401
3.56946417820602
3.46453931908077
3.56573056390808
3.49078507904111
3.36614298864859
3.45539986804041
3.49486779743486
3.27643991736564
3.26446203733658
3.66060494991046
3.45536797407615
3.50511373261319
3.61244594689998
3.59568301270092
3.43326702639333
3.63819403140621
3.09501815938395
3.3806496131925
3.63648685853909
3.41661365974861
3.48070418454274
3.48508125823395
3.47233458866135
3.58612544072716
3.2231318995659
3.63685076189881
3.66878337873021
3.49861021999829
3.58638092689253
3.67890420988368
3.48496821901131
3.7212251057224
3.59753984533505
3.57551362322291
3.84946576645305
3.54914552086307
3.52410465753702
3.7263712175044
3.11247700911735
3.38060127868453
3.36200080095281
3.89345890031818
3.88683728768067
3.5776233777943
3.8080038220579
3.48893925408737
3.35002326389852
3.68304909984488
3.62762276483413
3.45461831369109
3.62331241588017
3.62907303220676
3.51125633882637
3.54690305809197
3.16940128417415
3.28761752555084
3.46659506497429
3.39145012219443
3.39409823586024
3.35145455275243
3.49875605671285
3.37558491870373
3.7077858818704
3.63241059868232
3.16692713377341
3.48615511511075
3.23748604027005
3.67374691227541
3.43625362103423
3.48796716213408
3.7026195088394
3.66243185530653
3.46257225445802
3.28427199697285
3.79414605116005
3.52426314947662
3.60299352588113
3.49925280354751
3.04923442123078
3.28987601653755
3.6380706325138
3.56059032551487
3.60452532836496
3.36319629010041
3.62408354050654
3.59901214659357
3.44889303730717
3.36950502872198
3.15154408461393
3.43810522676078
3.41894008224043
3.43844119724359
3.43386588594458
3.53852498690615
3.45739277263699
3.41357859519013
3.42829008768586
3.47222477815634
3.41904423011509
3.57284323384517
3.49313001153669
3.41867882755931
3.32166612977476
3.41174219559278
3.23952890588393
3.31591199668321
3.24434195317411
2.80435374485819
3.37595795230822
3.43690441420175
3.49853108174492
3.5703176691282
3.68146900724981
3.48709680815362
3.51942637435793
3.46685437677466
3.43172890627514
3.25443158892782
3.22262568890937
3.41231578561109
3.62697577958494
3.31586675950739
3.50189344367852
3.86148520976894
3.65310403340446
3.63688404316169
3.73448534303088
3.74903592854928
3.69921458332683
3.45896117802328
3.44968951603366
3.38489113582428
3.40883959393093
3.44465206240204
3.75313848359791
3.5593630381889
3.30690705048024
3.61416429768505
3.6040473068047
3.72006439967857
3.4062591301056
3.52841519487496
3.53130217153464
3.40525230184455
3.59598514397038
3.42720351622992
3.7258794222663
3.89200601241263
3.42398460513047
3.02752613919502
3.43556890804427
3.58088992698
3.41293002450832
3.59685229447325
3.66419775765069
3.63071414997423
3.17389549259386
3.29363393258303
3.53959471381729
3.777869920375
3.51217650052257
3.42625062841703
3.45747379708593
3.55175443398633
3.71380217958267
3.51030115434769
3.57054618498111
3.59858465204311
3.53358353211282
3.70768586779621
3.64117016567126
3.60287557590016
3.29333926076071
3.37985555478946
3.55652347363716
3.54903735323993
3.38709926409656
3.57830609771811
3.26320193467271
3.25491257183951
3.51017101693052
3.41488410014219
4.00095983115031
3.48078671512787
3.45224718919614
3.37382773873645
3.37520534006235
3.59857703827141
3.25963899458743
3.17680534543743
3.85960394976204
4.21441959628625
3.74617689813781
3.7959381717216
3.62728139018573
3.75960703349603
3.44528255712967
3.5726825052859
3.54131969156201
3.53416293676532
3.5258892869667
3.2704266353962
3.63683249912273
3.2737041085514
3.47278964139088
3.47201731309993
3.56391002403403
3.881908665326
3.55949576585763
3.56137173884724
3.45868622504181
3.9228751453733
3.95075036495983
4.14534211582699
3.44469093991878
3.477997563218
3.60287763539534
3.37469554218116
3.44291392174342
3.65567889455099
4.1006981005511
3.5105451384166
3.34854621440833
3.78469777025166
3.29587492119936
3.57272428925295
3.39886124320598
4.22613667351953
3.39723476294176
3.55745499391544
3.26032545086627
3.39105421627505
3.75092384775934
3.41845702650878
3.49896397930297
3.62841778025636
3.63496296206355
3.3086031429154
3.78216856122624
3.81201162114978
3.64334026557574
3.54963194749006
3.4928269871036
3.50457630635086
3.35013835022425
3.32930230300388
3.3858362467696
3.6901220290817
3.68436146885825
3.79187982176047
3.69201195963553
3.67047455354377
3.91949695992641
3.52630513075889
3.56803052619825
3.61340384757534
3.44491452320478
3.55461895528627
3.33243975104883
3.27411759733543
3.36200988375502
3.71901260175589
3.6220292313613
3.47214526470704
3.82855199892154
3.63564518182143
3.58406263040841
3.47660194452557
3.53155936945789
3.17704644810873
3.60502134958223
3.62978135663822
3.51644831440159
3.68722295759944
3.70997807762222
3.53650070297783
3.43516288122719
3.48012176161114
3.52124814867649
3.36595935229751
3.25006605852203
3.41039037577866
3.49951287781127
3.38923089125402
3.77963950645218
3.67506605058853
3.34519318323566
3.59640709308125
3.58551050134269
3.30256302380875
3.36841044952785
3.6180580916391
3.18702312762248
3.46021625965363
3.32246548851158
3.54940089186758
3.39019996270982
3.40641207274845
3.71483588545381
3.3493292979819
3.38868452373562
3.55490893414463
3.55897394375136
3.67613798677968
3.63551391695381
3.87529714922431
3.32334996646122
3.46983009360892
3.52756699268689
3.75593712100191
3.53755801794529
3.42458802463542
3.57179189146463
3.70489062282143
3.63952625599701
3.40311742399907
3.49990194105404
3.72696443319075
3.71021729325967
3.58393775024378
3.26587000904785
3.25739655705552
3.3566427919
3.72419207092047
3.7315334090844
3.98833091314574
3.6654586989633
3.87447209619329
3.73044035576221
3.8137167538037
3.67381832296302
3.3905037368986
3.64574762162336
3.35032682647977
3.57433992873908
3.80645406579692
4.24524737232972
3.47366928145077
3.36296476392037
3.5418430487985
3.47704002928964
3.51360511474017
3.5754733087351
3.33521843458979
3.29728074240966
3.59666781469231
3.67994277168268
3.29014269113681
3.37665241244918
3.3084327155543
3.24925064115171
3.62204816038457
3.19877973815566
3.44851195865293
3.57296139960872
2.83856813168377
3.64289484391217
3.46786998289478
3.41404609724242
3.41830185105984
3.66119712983371
3.59974560356171
3.59996003908822
3.50041865501782
3.55646553576556
3.56941196347517
3.48128322632864
3.63353018139884
3.37058172856969
3.22183579015452
3.50592038222402
3.41020996026002
3.48869932260205
3.52776662819032
3.57963466417205
3.60642807326346
3.40932100996976
3.19327678379181
3.15356594750821
3.47001395829247
3.83715665115817
3.47347377889868
3.55553942492511
3.2613076896468
3.62063807747984
3.50512809071212
3.47393263512379
3.5268399073913
3.65144724864686
3.62205817334891
3.51320944366192
3.42894302369456
3.40689788860432
3.50537954060175
3.52157503020293
3.35999402652049
3.76738541482241
3.51439662298077
3.30071812405478
3.45586205167739
3.36467532700244
3.71717501102464
3.51061484200544
3.42869264403551
3.59852495727524
3.52302725548786
3.58161393313763
3.48364659265975
3.33717012480893
3.3518119681214
3.60248741942682
3.81083712761998
3.47367034191094
3.56870694075467
3.6929668999498
3.83858281770305
3.64136211082388
3.49745537412803
3.56207483479265
3.45558796846911
3.47504812119537
3.35724267276495
3.57781850821429
3.48774399112135
3.44371961671926
3.42609177324254
3.60255374569674
3.4780918220234
3.66577837415062
3.5783063697642
3.44484596513172
3.53558733027878
3.55112026563607
3.70200892534008
3.78982454483739
3.88019052215829
3.61458948146825
3.52269266470505
3.72061019872704
3.71349789167812
3.68356500108087
3.72172742243777
3.71425984511624
3.7727918008124
3.2726821865987
3.42400770120608
3.468941600543
3.81615986691514
3.64641986542384
3.40535748907576
3.45611845664062
3.51494468719874
3.43669675551292
3.31925967359679
3.52359631810543
3.5644636495082
3.48391114585669
3.41818485943667
3.77731784193147
3.42092990592239
3.69275552750092
3.35243985325769
3.48191048898151
3.57834224213565
3.63022149206628
3.50226828443231
3.70372943250243
3.80560100978861
3.94157569759403
3.65662781211421
3.77024600482737
3.37538503392816
3.37091736399401
3.65748541516054
3.51471976805077
3.28321860580232
3.64935392360849
3.76302894160958
3.53553602961541
3.33389221029867
3.46053449597408
3.57100167258699
3.54019431189275
3.45753355986853
3.44510357273091
3.27229966133531
3.40987492768171
3.59320097236896
3.69967229770301
3.41339015533678
3.41700244254411
3.31084709268654
3.22791688874394
3.43251786950195
3.75856317273457
4.00307288111646
3.55237442752558
3.47956124700717
