4.49787055437402
3.25528882093752
3.05997369566901
2.66823452164077
2.46705780052361
2.37847943652034
2.26025370887518
2.23062951321765
2.18565692856049
2.25659676778921
2.28079442246109
2.22519762823679
2.23400801251062
2.28662436997771
2.2259668974457
2.23747807871478
2.25598603336762
2.24629015037605
2.24083734520648
2.27079632230687
2.27269171442461
2.26966637258798
2.30405524543194
2.2822480912318
2.28587410746994
2.27911047136812
2.27029289533144
2.24739485276197
2.2636294004323
2.3074191980037
2.28539737922206
2.30033239377776
2.23214151319376
2.27701700517771
2.27480958125002
2.25623525006736
2.25844725462985
2.28057336536053
2.28181546507339
2.25785585944107
2.27064136259378
2.27559963670548
2.22999339787715
2.27523859530889
2.23207765265415
2.24627076460136
2.25129090424731
2.22702044129102
2.26088727902869
2.24477222452278
2.26239503431784
2.26127279148193
2.26774154948532
2.29665879855497
2.27576776302503
2.26203835573859
2.27263482463317
2.22182409000463
2.24627128555125
2.25300238840632
2.2809285183671
2.25593869044997
2.24363743492045
2.23939781327642
2.18804821214265
2.20674248789983
2.16788318753057
2.12296056342866
1.97421356010898
1.92720845973574
1.84596411848598
