5.22791828725424
4.45835435200636
4.08181616860841
3.73615155605369
3.43326995039217
3.17988426700595
3.01130788276542
2.94944244232629
2.94414970076354
2.92588580743642
2.92882621045955
2.85115089256621
2.90874493947367
2.89287210250758
2.86477718491557
2.89000731818542
2.89344509772446
2.91093244112972
2.91367203875353
2.92077131095025
2.89861164872344
2.93836078022422
2.92288138137297
2.92129994415452
2.91164383534979
2.92002797409941
2.90729182214076
2.91166924772921
2.89446389417797
2.93725947929183
2.92987517589856
2.90334242593597
2.918241787617
2.91391142410308
2.89623732245784
2.8912827364578
2.89750581166085
2.90094607538186
2.90298400621079
2.90009523887519
2.9264858766994
2.92446734331698
2.9132061028394
2.93685264436991
2.89918467424316
2.8806881416183
2.90787319622675
2.89742996162406
2.89678166544654
2.90372141006611
2.9109907969695
2.91902716798462
2.89576662160277
2.89699283166202
2.915776298877
2.9125723414736
2.90600970455402
2.89897843423591
2.88204828363359
2.8787197652441
2.92456259241879
2.89423679807222
2.91583171961259
2.90157132924233
2.88554996544668
2.85159514927869
2.88395296894498
2.81934897207584
2.77310324940826
2.65739499506378
2.47791942934273
