6.02437326191943
4.86330083165659
4.86845934779487
4.93681665315834
5.09290712256111
5.05743720429025
4.97991304356298
4.95521808724858
5.06807958696233
4.96040442259027
4.96246172833153
4.91646179048493
5.00952516084895
5.0215864526311
4.98099575854577
4.98285237155001
4.98005975787552
4.9972962036859
4.96595603222941
4.99830403815017
4.98850336560595
4.9737189343465
4.97522247299844
4.95266018105118
4.98107527017331
4.96399734430753
5.00975087695625
4.99471523482681
4.96394323178452
4.95584503620853
4.93294710642118
4.97189781532353
4.9014324049477
4.97054428121897
4.90349993308678
4.92914232715039
4.95183187804023
4.96183549385981
4.91092678332609
4.90939075325593
4.9761644828585
4.91841539287583
4.99358207584727
4.90064988497321
4.93094587938977
4.98216576987431
4.94985811834405
4.94718874607831
4.95167270205252
4.94602142240057
4.87775216509943
4.93958235843992
4.88497174509296
4.94577431048346
4.87345744723784
4.91808271555185
4.83888290168521
4.93983151374391
4.88534356616415
4.86255896666616
4.88948404004361
4.91057248894546
4.88924048632774
4.89691615330285
4.90608399027309
4.93230249844091
4.92543206101661
4.91036372832859
4.97336688235595
5.23279113602945
5.31685075731314
25.0096836248028
