5.17658522580212
4.427252277203
4.07237130243853
3.74846612630645
3.45813331251327
3.20130536787319
3.01023310419835
2.94864636793408
2.94034054636844
2.926882577912
2.9100047914832
2.85444685077546
2.90578307587292
2.89218357792055
2.85055887534078
2.88574343366504
2.87735108175957
2.89145307066132
2.8968466878575
2.90529370017772
2.89685357591929
2.91079819756012
2.90690739241122
2.89811690486925
2.90753553088584
2.91301062305522
2.89111176586679
2.88754653728205
2.88215350693373
2.92238730386396
2.91331053705361
2.8854205031645
2.89183975893227
2.9059738531027
2.8772600465568
2.88130444534303
2.88496362244365
2.88859508708141
2.89309955376147
2.89362834931451
2.91797146573473
2.90865977677366
2.90592226221969
2.92444533137348
2.8937117966422
2.86815204493167
2.89229339493031
2.87270829308123
2.88443283664019
2.89916056938431
2.90846160533526
2.91547626070177
2.89235316966498
2.88876101725823
2.90490619691566
2.89584516117673
2.90071807171435
2.88998124823125
2.87788613178397
2.86714973983356
2.91948853129548
2.88737520385722
2.89133040187904
2.87349114066608
2.88046067984869
2.84907764542522
2.86021317176676
2.82303736463719
2.7565468728301
2.61252293073676
2.45578243572736
