6.02851062682633
4.83867124592352
4.87688280226379
4.91895345241972
5.09959320690199
5.01939581845012
4.94298301240858
4.89821773513092
5.05062252411723
4.93666846498568
4.92464198598335
4.921430713793
4.9960560474745
5.04173723831356
4.95156265088531
5.02079273084201
4.94711490141427
4.97357155016635
4.94142128192588
5.00601981043078
4.98108397725638
4.93525366679288
4.92115378106691
4.93651557954915
4.98623720157277
4.94967725266162
5.01795258914215
4.98824008331355
5.0058932554153
4.92523703706928
4.9626978611299
4.97535779263239
4.90611570403758
4.95694797457551
4.88094957152929
4.9298151679815
4.95433337145249
4.9259595106524
4.91547734620384
4.93662935556057
5.00301683700544
4.92434757991923
5.00241281944057
4.91244958265854
4.92718596745759
4.94988656816118
4.97744987146581
4.94325384546395
4.97225262457984
4.96416576269656
4.89743052687109
4.96842020601267
4.89472020586589
4.94469094810268
4.88159638085444
4.91122915228138
4.81063668136711
4.98543136667991
4.8857694333979
4.8906752895017
4.95618310531549
4.9192211831306
4.88291766717999
4.9184390824538
4.85372506502855
4.90436692953429
4.94968308907217
4.88995511572756
5.00098787845485
5.25820994762637
5.12670716065002
