8.21856396246304
7.79306953193523
8.19784691796255
8.46752205194764
7.45375073174043
8.7676488316422
8.35986666127633
8.09345550789102
7.36882006870814
7.30963288001065
7.64841932217448
8.0017427801623
8.16348241656797
8.10045533801436
8.26193726677607
7.96001336820723
7.66200963726247
7.45839158452926
7.52236874662004
8.28921956223371
7.42705340109671
7.17163160267565
7.02993830826209
7.5666793473095
6.60951087352228
7.37426010107752
8.29263865910318
7.18582768175445
7.02337475298829
7.52861600501648
6.88367924528588
7.66559367876319
7.34966660822569
6.80075685257469
6.8988644770049
8.00137381529742
7.01512235353395
6.38678163397322
8.42999729287633
7.84275632955603
7.23415539734363
7.54279485510989
7.45698041565465
6.52410471359813
7.76852450012018
6.19089912277419
7.29880565831703
7.18207987866492
7.3742732182767
8.31913318556495
6.78426687964129
7.44996414007187
7.80611860471451
6.50991679510515
7.50524253228545
7.15204907656814
7.19284410774948
7.11127482901236
7.59274016153188
7.00681942855926
6.99004974090729
7.613931878495
6.43193000169101
7.64459590158731
8.34222500502866
6.11333238001959
6.60441185825277
7.93530089280372
7.27098554535365
7.9585147383092
6.45236392011711
7.74782187512458
6.73125571028905
5.68113076360574
7.12990888078758
7.18450654751431
7.4649875086651
7.21984495654126
7.23573184662039
6.91575948237779
6.82184912596488
5.85329470048673
6.07761013700516
6.81534810348674
7.26989580184467
7.04452141566775
7.49669986034072
6.74495898460417
7.80050929476695
6.80593565295542
6.25477398926958
7.48803391014927
6.36419158004038
6.53319640023138
7.12781922753252
6.60601841142193
6.12064312951389
7.23415751312173
8.48165303000424
6.85435366078203
6.99400846529409
8.22681327258302
6.65952974627859
6.93678144031869
7.91658940760419
6.80098620969
6.90991423370308
7.15845020538143
6.55856637593758
6.56301995860646
7.36803728895218
7.54142184692398
7.42338831746937
7.45335750822784
7.08255376969161
6.52769732896077
8.39813550781647
7.01133584626397
6.50562527096072
6.77408573398982
6.42637908802027
6.12695339792218
6.61576721688048
8.53952563546068
6.52707683954271
7.63263795613119
6.81378402485946
6.67383146036431
6.23026238330824
7.57459281040929
7.88024386141349
6.58330384562295
6.32754960553182
6.64968625726194
7.63835736359421
7.73044881087968
7.16445895774092
7.29557347447744
7.32562172271919
7.90310852701294
6.83326759970974
7.78186097884366
9.62849045443849
5.72504990882389
7.13229601911077
8.50413946096929
7.92505304370416
7.88418319923629
6.55023515651467
6.77119325332204
7.05306083643002
7.07575105658365
6.68860101778442
6.86896774122108
7.53034095747224
5.3786858217103
6.50456531172437
6.42028400189412
6.49024775823699
7.1280316360168
7.45401242069264
6.22011719636518
6.27761976361651
5.65820321358306
6.78717856041814
6.57936856048643
6.08441652731438
7.0525768897959
9.62895293368322
6.45504707622435
7.3486535208938
7.60984489997218
7.5865759887795
7.54542619651851
7.05706058439982
7.56406741369928
7.64601498073438
5.86773277426518
7.86388416932059
8.68164682624341
7.50040335711252
6.60576428236471
6.93957734827488
6.04552720801097
6.48038242802257
6.34147643384499
8.55926183037511
6.92396332974129
6.06866250460815
6.95694044143295
7.25454295255191
6.42437983826127
7.47731310048164
7.24282789437953
8.77732505144874
7.22003155978049
7.82238049206934
8.80200365567526
6.84639593666724
7.14107006571725
7.53894433531297
6.60837089705539
5.70988366173268
6.1681654978664
7.82325071327506
7.11270843534626
6.47242643704607
6.40181884051452
7.31144754390365
8.34625744294858
6.29326713033384
6.39660648362485
7.57957296277169
7.96584250100113
8.22372414667133
9.68438994912388
7.6791578819374
7.85679938025131
6.89622306216105
7.00035786584145
6.38083458784846
6.29488951710561
6.13344738646755
6.03019071352053
6.79909457760757
7.57894377014241
6.49385016132704
5.92434464746181
6.66592310453481
7.29598803195785
6.8117198936668
7.62877996030929
7.06163672997445
7.20809098288748
7.30323915633462
7.6455144115943
6.95605793824557
6.47259654825982
7.23355189025779
6.8402721338342
6.54340644154083
6.99851519169431
7.15654239857658
6.78815928665567
6.89157338793697
6.44690300944324
6.95135230517954
6.47342027870532
7.01656313454346
6.80731682566764
6.8514373821857
7.33321818634108
7.51933440471955
6.17801096356374
8.40024372634635
6.57970215862265
7.45760874419345
7.44898378747582
7.16716162805642
6.68133681947224
7.11656769195701
7.47019449973702
6.95163599877035
8.14948387904475
7.59384687442008
6.87690127043978
6.5158507197002
7.50486806041166
7.42177898380207
6.54681663161566
6.55844166305492
9.72341557132111
8.67841023817487
7.58815302013896
8.1779858342352
8.71177049407293
9.14928325601336
8.91567585812493
5.60158183606436
5.5410724184565
7.0779077757311
7.32545106473266
6.69079692148898
6.60418572973061
5.59824418579686
6.0034133298488
6.86859498550013
5.67621393901566
6.53198545044454
6.41161525751003
6.60804386510085
6.43711639106753
6.54023714832746
5.33398239825027
6.57235215374947
6.78098256203046
7.38897017957565
6.78287389825312
6.55204381445097
6.63740301037981
7.38844122396642
6.28938470308222
5.96780055526513
5.53788316725804
6.38174772556093
6.28536435474701
6.79465237696942
7.34233241587627
7.47079609354131
6.54723237478855
6.48283946269086
6.78014899230284
7.93546844221263
7.79444466451411
8.28720815461359
5.9687003283392
6.68923542212183
6.08847983324531
6.23002395999719
6.59347916814079
7.47617565903679
5.86628275739889
6.98884315686052
6.60524591365135
7.17383916405643
6.74312856959776
7.20020971112083
5.99677677555333
6.32166505317535
7.12103139913534
6.30415330058329
6.31939399892378
7.02654110776502
6.51213589120759
8.03996598079074
6.73815947010212
6.71899323989183
7.05574677289769
6.26476903323392
7.98010442091656
6.75740085164368
7.49008138638851
7.20753620665447
7.40559425539871
6.42950754968814
6.22017628291405
7.02930591933794
6.2711426393761
6.55895253333501
6.43270808519232
7.39239287900941
6.85952199287534
6.03625842188863
6.76271521612757
8.64747323320186
6.6410565470508
6.66148467604764
7.07712172424568
6.81135083878939
7.03751108198358
6.27009474262873
6.61052512113656
7.20637605600194
7.22445066429064
5.41976101489821
7.67591467220495
6.31222812149793
6.21764046681808
6.49488473219527
7.50861295630231
7.42869212263
7.93424468151322
7.93511186867202
6.22547498404499
6.22054407726926
7.07551155375527
7.11695363116302
6.30365363777302
5.79668909097793
6.2101762728517
6.95712458897312
6.2719769852791
7.04926024870547
7.39247576354476
6.68724774257193
6.99975126247557
8.02882616042956
7.55361151239245
7.99083807397425
8.22889739989327
7.92752575351289
7.79160581557036
8.12807717989062
7.79112640113405
9.83852112156862
6.71665745914934
7.42636788756906
6.94182248025308
6.3094024971495
7.39149813908966
7.10873890361507
8.0589413913831
7.04686627473995
7.7497845770453
6.50277890423218
6.29099373153757
6.03567540856433
6.51578518249507
6.30810449428274
6.20661101853515
6.96010878893752
6.3916799867244
7.90437983274831
7.42089775945744
8.59232827496713
8.02175877402813
6.581510590982
5.61167837088262
7.05721132901661
5.97434785836705
6.33833361110389
6.90773055896794
8.34919736697549
7.20642643264567
6.64827529763078
6.99291704379615
7.50323225841879
6.14283036083505
7.19745143398794
7.20772992462432
6.94018360750759
7.29822130952807
8.40264771866972
7.21974660819407
6.72504004171018
9.87026039650901
5.77148159324947
6.63623597158908
6.71490494181797
8.43921022855629
7.8371726127818
6.42164954715614
7.23271627141043
7.34031603663011
8.19900551985223
5.89298863456011
6.46376827214499
6.16825470227973
6.44003646955444
6.55156913295071
6.24645964937958
6.28851975245522
7.01014762076965
7.1971653449371
6.65236917304401
6.38927057201445
7.21867198462285
7.0547932062486
5.92961809704853
7.10788811837671
6.96951666713023
7.65874109802126
6.75258303754353
6.89967031518265
8.14054382392062
7.06386585805646
6.96268074038629
8.7027885364244
6.96842336006004
9.88484392116579
5.92950755737928
6.23597837459685
7.06860390198089
6.39884513581248
7.36121231747953
6.35224636062278
7.60259437296611
5.63636844753757
6.35499612596152
6.09098199825139
6.6264256322234
6.07998667016374
5.98616824819972
7.34649020255769
6.84697143912638
7.81208872229786
6.63710313207194
6.56924038921838
7.47497351089265
7.71870698027997
7.35475324191256
7.60469865022734
8.08338630141727
5.97251790537056
7.1123473403762
5.48887672340231
7.43402080361479
6.18282195036811
6.4039092809114
8.2576024055458
6.02912462153327
6.73299213754017
6.61219641086919
7.42374687862713
8.18890173573674
7.50598817270878
8.87827983663477
8.45200971023723
7.20034216982742
9.17206857839544
8.74603918784546
9.90408662809813
6.78853873311786
8.09906977165385
8.63576241665806
6.95891680025123
9.02109020588008
8.32678401456099
8.09042533531722
9.90639368418372
7.61474422240388
8.71534434690725
7.57436747958424
9.09746363514697
8.29420118279586
7.04659778179794
9.90382099968456
8.62803415336215
9.17952767870143
8.51933868880873
9.90516965299097
9.90667432483248
9.90753002453583
8.82596162686166
7.88825659864537
9.25245019278372
9.90696200379419
9.90688909175945
7.48813767588535
9.90845598599428
8.55091448489265
9.90851311670575
8.31973682514819
9.90808664567771
9.90756661866678
9.90906682874861
9.90866843211055
8.72589152489151
6.01376732217223
6.92206531378019
6.12592772438289
7.60355571746966
6.36810825418568
6.10791185397088
6.45639658991199
5.91889548804896
7.12316481035929
6.79424724228499
6.19021885927024
8.34820465179608
7.2591244857262
7.06065513975863
7.66615302323067
9.91440901293297
7.08435085533807
6.75948976397038
6.58301972130458
7.26009394533643
7.34802018148414
8.60254741838548
5.67649708887364
7.93959917955526
6.78416110786441
7.00738353969542
6.42058660534165
6.80939233689887
6.03987066695361
6.33941745852169
6.20476320170554
7.8128035865537
6.92926641934444
7.8040078275265
7.53543713372167
6.22071185836539
7.07632552015109
6.94119223390084
5.6820508490195
6.25412995241875
5.92715216809925
6.28861592044541
6.79865481737061
5.73205345208661
6.25085939296771
7.00368753600723
7.48859948835986
8.49119565953333
7.57953913346092
6.04762425585751
5.94468663887634
6.79069095869034
6.19320449996053
7.61994448203646
6.38581743853262
5.83317877764501
7.50067260142165
7.78513693357814
6.26795867307095
7.56423684883947
6.18971574442079
6.6077896234278
7.16764508556195
6.31350860963888
6.83514800633745
7.65774119902294
6.23072896566467
7.54064877775958
6.66947855408043
5.88564982785113
7.80085260363513
7.40412380119415
7.63565144498866
6.78095986640412
8.18989969485759
6.05912433227536
7.14686996723924
6.62218920754033
7.38863492905348
6.90082941339362
6.51937512728706
6.54558818793269
6.85184960260554
6.73466924474566
7.29275380399757
6.4240833575366
6.22168888777545
6.70019509766117
5.28678107537642
7.87568794282014
6.21253665109225
7.28417392807781
6.79758186555154
6.4984651887936
7.47520021532583
6.61569669144281
7.98683210052207
6.22765999885779
7.98875885907053
7.04476614090838
7.38164141597938
6.02968369277973
6.63998341184039
6.25574696072638
7.26764145343683
6.50438820648163
6.88474561985945
7.04853214063981
7.51653066966837
7.5165304805431
7.01291127921412
6.00158747374084
6.75737405677078
5.99033692462799
7.60609153890453
7.31387995292193
7.578252065689
6.72259204911521
7.18752324633079
6.91622361383088
5.94939175139749
6.94856515937266
6.87252326816987
7.8620631230774
5.94316965544089
7.91148754658617
6.64148497909108
7.50759814915667
6.43420517955591
5.95413599565331
7.29175474634254
6.54979385519616
6.61516406440882
7.44618360990491
5.56476740644398
6.53506227972418
6.42265894141335
7.78359135694404
7.06073288430337
7.95538095439933
6.57099092938187
6.96986427095049
7.67410422695756
6.57010193018557
6.34490660992153
6.55219836102972
6.96950174337184
6.69831764901273
7.57876632541418
7.14576886031331
7.34193329659084
6.97153227927305
6.39089175322464
7.94084569905279
5.97704523020439
6.88137690026872
6.25414959524979
6.96300471344638
6.54577888486031
8.17450826718176
6.29926636290747
6.75101129493232
7.81072541541953
6.23049158871719
6.4332413529465
5.95514517316538
6.18978519833469
7.40601870526155
5.96989891111175
5.68853992728939
6.15632296149725
6.78718113991948
7.20416206340136
7.96829414002416
7.44857076337588
7.16183778827749
7.42436403071563
7.83523207875074
7.17980024213326
6.63200813887321
7.50683521108844
6.4237616069346
6.18380401415638
6.79655038002716
7.08503788679129
6.22994724987332
6.03212500526113
7.17837765785654
6.30600297794525
6.87503569451976
6.72055543220741
7.32170406228482
6.02334177025098
6.96814363585216
7.29073569018448
6.15390390932241
6.99939204445037
8.79113678628027
6.60243126406991
6.44588645900385
6.86020209730494
8.07899173611673
7.6827552670184
7.98850731373703
6.2233625230446
6.18202992970138
6.36341112836159
7.3039455912981
7.34660676457415
6.09434030485778
7.16349604889273
6.29393702068881
7.21363512742062
6.23008892570603
7.76494576406604
6.57170090527217
6.479257956688
6.7478013970493
8.76285148630609
7.85769137504932
7.60011634085005
6.15895942797019
6.74098579239564
6.44433881919036
7.71989277557385
7.25380763555604
6.50631138975394
5.62321565227213
7.82384462445916
6.73711924914387
7.53641930450106
7.14171642649785
6.63548310010559
10.0332312127948
5.11599993256424
6.86858435057273
6.80320592003697
6.67277569456599
6.950758624427
6.99929531667113
6.64471438716348
7.45746562985937
6.73923373609814
7.54131373862909
8.00563602764375
5.65575960510615
7.53298757972561
6.50190985960316
7.43206242971981
6.94444733947733
7.56449029892206
6.73141901677105
7.17967358962725
8.02304863873494
6.54037708567236
6.79137034080146
6.33558498396883
7.87838931159226
6.54646464896155
7.72321065430153
7.23871754027851
7.46264825992841
6.32724038142837
8.08698362659492
6.8026272714846
6.33533668117793
7.95869595118972
7.41475983228753
6.24206498687356
8.1580353808544
7.00847198471667
7.1106750409095
5.53012402445465
6.8622388312456
6.30251377838003
6.48958110669338
7.18035202539735
6.76826916612647
6.56500980158745
6.66123711140163
6.02321468086336
6.41276548546044
8.29935785739782
7.87521916536802
7.5916113624127
8.28782743647135
7.75524487715137
8.74348399830422
7.41732255192622
6.93830128231094
6.30970164441715
7.5451060466153
6.19741384956275
6.93650329822263
7.51903754690706
6.62767261661452
6.32212211222753
6.49954918453628
7.37539006437154
6.35611154774934
6.19213560268507
5.76889586696996
6.60665037700337
6.56900897537897
7.70315064645644
6.29597178019521
6.01177634983296
7.30922264573085
7.48725721408294
7.31448009249994
5.42297903736446
6.51756450591394
6.92263978694505
5.60430732436048
7.44758572579755
6.65380174611478
7.12084849525439
6.33955480316073
5.48641232996598
6.90995226020395
6.67272332760587
7.76966351383349
6.08654616743906
7.36811160579116
7.92749905085151
7.70169926142055
5.98721721708494
6.97631882815818
7.96971568255721
5.00895769549609
6.64471199535028
6.97535242494766
7.08416974787463
6.40813140587769
5.8182121702575
5.19556299681165
7.3289273471327
6.27104344118114
6.28728193749812
6.63144668063723
6.17892881240617
6.41406407417724
6.16965120772722
7.38632719516171
8.29071633421447
6.38377519571296
7.31767624104008
8.76708099787663
7.48400693281539
6.07566768671186
5.47297819329222
8.7330622616831
6.51844429380041
6.74872717560443
6.18296088593935
8.35622979368828
7.58065746065816
8.47772809579673
5.33929620984535
8.89837729959159
7.63943527948575
6.48752980168614
5.80634691895087
8.77384843523945
8.21329359629194
7.68062079607426
4.86343852716368
7.70220546251282
8.09143400829013
8.34552973528143
7.4184634856757
6.6919495030019
6.92638861887942
6.96730498920026
6.12701575311087
6.06952581566358
8.10571837844949
6.07412332809413
7.11752794454213
7.40905798536733
6.54532126852059
6.42063337417418
7.39172881242811
5.12255336910302
7.15863961476711
6.98795307518193
5.91706758186179
5.5969999390339
6.10579396846867
7.68584698656478
5.63194907833246
7.46707089674799
7.15480029218372
6.01632133683665
6.8339813573555
8.55970253941883
5.65831712308782
6.86880386809827
7.88534682451421
5.6072533615531
7.52936066258943
6.86645970639474
6.6825262346475
6.49568788022721
5.44249135421923
8.8163926665615
5.00485723911565
6.70023638050685
7.38642670945439
6.01297598163145
7.27733160505726
6.21124521227223
7.6116486954874
5.92906121423247
7.40372625467863
7.90390460818967
8.79720780502586
6.49998357432184
6.19972773707187
6.25188697404884
7.3029439223376
6.10674645582292
8.55100874309723
6.00305030317864
6.71846668710829
7.12698778119137
6.96847866738818
7.44355018483098
7.97382188671948
6.03154348981737
6.18367910417727
6.26103885137072
7.58078294336241
8.05185193399526
5.75090172161279
5.90509709279924
6.90486016248205
7.61845130021088
6.95951669532034
7.5738993727876
7.91080913642132
7.6356467608472
8.20273123786717
7.87180053905992
5.96195187745438
6.93596865078739
7.04153731811279
6.65491202917671
7.42797119545663
9.21510596050711
7.4047642327076
6.79750511020042
7.40601571445884
7.20735577103527
6.42550058561633
6.84871541549182
6.67949177720615
6.89277134324971
7.11048165472884
7.00904686850301
7.57884779646974
6.87477223006772
6.8616710313167
7.42836571972323
4.60612112789737
7.61715597383239
5.46885556922114
7.93670030287733
6.83284443813659
7.71022966026558
6.08054628888922
7.40911048051256
6.81804741348364
6.57310877178414
8.48550207687911
5.4944541712022
7.14459059207356
6.21210988961333
5.38335943267367
6.51053934248223
6.52772406352131
6.62994920884389
6.73639927739375
7.54869791190527
7.14839979227416
6.24430721005931
6.13231822335618
6.9260258229298
5.38713340534189
7.37671647686366
5.93669535418985
7.0950481053139
6.71714414699873
6.8150615175825
7.31898129380035
7.26671703127422
7.37849511612624
6.97311969964966
6.10460842153696
6.05528171789933
6.96132405159548
7.07265701737979
5.49026925854433
7.09400754179249
5.78668514909639
6.45029008176094
6.33775830992406
6.96826503032041
6.72798755685524
6.73104569184078
7.04647322674388
8.93263716207102
9.92694812907967
6.20405881714666
6.76916084780811
6.93860825568423
7.88506233956335
7.66387674862315
7.5250231368214
7.37053386938426
7.59909053219332
6.0778306417382
6.92283914054361
8.46871291955774
7.26210427154202
6.10325736678927
7.60685723151722
7.17297458121836
7.57169907483468
6.9749109146709
7.48829747836279
8.78620952173057
6.63030997699219
6.49042645170094
7.11954286258726
7.42035720214304
6.12167410823607
5.89935265574728
7.00494878646049
6.89548522769042
7.27901716817658
8.69421284681716
6.71393861958688
8.11178598509862
5.77066088211024
6.2181521336111
6.86776720033442
6.65583924055742
6.04254979109372
6.73753216542932
6.10878809231142
6.38277233424461
5.60617680806977
6.8750447801883
6.85143839816339
7.77469772537172
7.46489264565882
8.30630893127593
6.60662750745122
7.23154931400958
5.51743951628622
5.32425097097941
5.69398060400993
7.04189191074907
6.88753592666942
8.23266228068997
6.5239684565794
6.83341413812552
7.36870690868157
6.16234546458649
6.47874900281404
5.81838512014802
6.71579561562959
7.5790163164666
6.70113792410071
8.14831445967773
7.88219848413279
8.94759733324457
6.98086858992453
5.78012393325735
6.34242281040855
7.24490915410053
8.7878628255163
7.76198287227252
7.39722783140955
8.92759796900841
5.8428417030665
7.58564091892117
6.939692106886
6.40721248218232
7.82285576782022
7.61062796181219
6.01300505261489
7.10984997546406
6.22087203792117
7.02848757896114
6.98846539742438
6.39286910069804
6.61633985647966
7.11523050499793
5.90720706711768
6.63497207569418
7.26067856485891
6.80186248231821
7.03205956239551
8.09704932715724
7.57941940941108
7.83156880119394
6.93230451314122
7.98500124709259
6.60939328987201
7.29790587300345
7.44334668465261
8.10923470557499
7.01836481351617
7.51048108056735
7.33664018218161
6.67025067427409
6.97659652478324
7.12447227312794
8.3343348766058
7.92309810638186
6.69911448267332
7.00417362326784
7.75075162964912
5.8365829307333
6.78340902040543
5.92391487197511
7.24867766253231
6.771214821648
7.74834572997709
8.84668129279185
8.60617247859599
7.98142078957597
7.88747431734784
8.29934154204002
7.29697089203434
6.89873400259641
8.2514908691384
7.10104204935434
6.73675085335284
7.76050755959107
6.6051433163805
9.08486772726342
7.95537203814191
8.59411339597283
5.04805475911175
6.09922698544031
6.53034009928821
6.814496819757
7.19350380468339
8.62796512843321
7.3966422259398
8.1400880011109
6.44243106128418
7.81475952977133
7.90934727440496
6.1790740981735
6.53519357896884
6.47048411035266
6.78703064788122
7.47918067611232
6.53489990317124
6.25520821514797
7.9170190894412
6.41070647381459
6.68890890470506
5.96474814562555
7.83096348961453
6.81052585512634
6.7895713693427
7.54528765927224
7.89984231500188
6.91653157847604
6.49933203682065
5.99787916395889
6.65959317429888
6.51140954829783
6.21087037618521
6.625908546781
7.13420810520769
6.03743319289348
6.94188109283617
5.93685193942132
6.29412213483491
7.10934501517348
7.95360989487578
7.09442275351314
6.80060425242831
6.34946918824993
7.15943032664106
7.23731217390793
6.91561035895137
6.79497172542807
7.68808747031589
7.21399975298312
7.62981885178652
7.27344944013455
6.36984695783717
6.8254561693854
7.19385270394586
5.67032143488707
6.49177257362969
6.8923623138693
8.48117294924956
6.85405312643189
5.49708719990309
6.66272907401043
5.94362075331669
8.15706596986251
7.24647965227321
6.8037535477665
6.63002535899913
7.33175776048665
8.04354046466843
6.13189787318418
6.27616479930455
7.15047831477752
6.2107111600879
6.03365026820502
6.49268759443036
6.11234651259631
6.17931927673489
7.36061270424532
6.25601953532897
5.93399918057563
7.49790038633853
7.57671474395672
6.79685413487064
5.87273635981931
7.27048765523095
5.28830065139702
8.38618770403983
6.00601329088085
6.44946611321209
6.49670237485924
7.56411812898103
6.74928612397441
7.50109966073453
5.84091081254942
7.30608068640518
5.76146109044416
6.69689025062655
6.16235837612304
6.70764121267197
5.33518789203387
7.70483035060893
7.03957266875305
5.90853623158103
8.33965084801046
6.2333715954102
6.46092407671131
8.172579039422
5.9679469535551
7.14200681562897
6.85448898587365
6.24552611454425
7.13523102638032
6.90516062568794
7.3659156095253
6.26360512920877
8.13416845849276
6.92814559801378
7.30630281169106
6.69327620579297
6.82257495805987
6.97683100570078
7.7760208684053
9.17974980127529
8.86992322444603
7.11546094129982
7.47037040348749
7.77279590275587
8.15434957394606
7.33239967326424
6.53362427108911
7.37862629732765
6.12894261699463
6.55787278685691
7.13663566488307
6.79166327058867
6.78678630344382
6.13871500734807
6.37568801728156
6.02511210982815
6.76088106454024
8.40032732440928
6.55224350310495
5.39366703966686
6.4817537797851
7.81232705696466
6.81325331395983
6.49654976867876
8.60505143683262
7.15754459082431
7.74440544191123
7.75910883770588
7.65502811175928
5.94983747590317
6.88717972824602
8.34090205378554
6.73548679343305
6.54585005459844
6.0899536638528
6.53870979289601
6.39153596415797
7.06882798414291
6.1389813716107
6.95401734124375
7.38681136763708
6.46052484855455
6.435945948414
5.29320870739724
7.73675695900088
6.50096613658252
5.76784067214875
7.09898354579234
7.57708134096783
8.50385748802364
7.45707538255157
6.08627284828808
6.38298595748805
6.83531269059475
7.92357075472589
7.0243396217819
7.58542586401679
9.30087168621746
6.77288469767705
6.63444923896252
7.7516679364293
7.03284802921412
6.86445099415338
7.48370563121234
5.93938677492677
7.74273399969108
7.26325204291762
7.85862817797103
6.89038104593943
8.35586178022964
6.78983864934923
7.80048647072259
6.57165950328837
7.10953604139185
6.89701633526224
6.33409752396127
9.3216301651015
5.80446345146269
8.29330505161743
6.42073936100645
6.31646117066672
7.21158660457526
7.18783219073307
7.26598243530994
6.59428808144219
6.49176613572563
5.81928905294722
7.22235797782199
6.51462511005137
8.22129623866133
5.67124194661237
7.5535720248902
5.45236669263053
6.50922898853512
7.17613378302513
6.11600992613397
7.63069060987232
5.88862931451461
7.3232514963138
7.49739113888755
7.33642111166924
7.55588031038011
7.9841248276905
6.02830396633413
8.00357236088295
5.64108157987007
6.87582388008807
6.04637253894842
7.04407631119413
6.33836157659688
6.94486316852152
7.17656812139101
6.28271833089595
8.28005156485388
8.17824546391553
6.76728263809381
6.72067228745597
5.61955071436251
5.95256034262141
8.85474407553761
8.30395067876158
6.21474445936479
7.10300411152552
6.08699598242975
7.95360671999731
6.18356132152381
7.65216051729115
6.97011122614228
7.93449628612027
6.84159690763817
7.27569692443344
6.34534382965745
7.07408017028162
6.27877666172693
8.23275709105681
6.28952510720633
5.51365201187794
6.38276258794552
9.03930468368061
6.98170173011404
7.43442646236037
8.10572129451547
6.1867488613742
10.0611480836509
7.20862288532081
6.99498823849391
6.63862727770708
7.31409320644471
7.4929913519943
5.21673575512297
5.91471325795187
6.87441556819426
7.26523888700237
7.39323340299586
7.49524028318767
8.0837939244342
6.38615734264931
9.40209116292711
6.62906707979538
6.7573828626394
6.32083374986299
7.33366633782931
6.02422976568094
7.24178110603441
7.28137910256996
6.49092673269868
6.16092472229
8.75044756632438
6.03447173142436
8.01565795932233
6.04420603691387
6.81735353055735
6.77873367657911
6.71810762195592
10.3929470021463
6.29562014100311
8.32093352811293
6.31003081328915
6.2408967585403
6.22002599075403
6.72156914570748
6.27834441282639
6.97944711800586
6.83002720201312
7.3807567619447
6.25924997787888
6.57566087481904
5.00725532329846
6.82235407707996
7.03981250146455
6.26713369473463
5.59815414627113
9.26095564465523
7.50494559204039
7.61045416565012
7.60143646323696
7.72516977566443
6.95626201661077
7.44476499666807
6.73413400367869
8.17117831005772
6.84250456868041
6.92755167242806
7.41448407630728
6.62281508530549
7.01300851191203
7.53521033372322
6.19115662498937
8.23494544770628
6.41672349912956
6.93124763144915
7.56512217045055
6.56352251183366
6.89156194289636
8.69344827946314
6.3342965381237
5.49612771013561
8.24739732088226
7.41744674969251
7.19184904140341
5.85652578531943
8.10886327534674
7.21396062096648
7.14630816134114
6.81979480653746
6.25702033517705
6.1006505475734
8.27321200639398
7.52951572361726
7.08189228396515
6.76982190943513
6.69130980712833
7.32508299891361
6.1352926937504
7.50499142447713
6.76597971961871
6.17327024525972
6.64200003444816
7.65888585633487
6.99319143144745
6.9140276582431
6.69524766618767
6.03866131433319
7.20899195985371
6.77742881809362
6.9701194367438
7.81643580902147
7.89625528885512
8.80999200640082
9.37108514915003
10.1080126525717
8.00513339113903
7.49673704314888
7.54320301624625
6.57943537882605
6.91247302957788
7.36361434237192
6.07954127156329
8.18166868958777
6.61256777402885
8.64838964685552
6.3270924378384
9.2820074092978
7.21575622797196
7.05555482782192
6.36793982193176
8.64373073746166
7.33656890246128
8.05510574176819
7.78689354964585
7.42738682839331
5.08174375328371
7.54892153813341
7.64540765587297
6.6391938821531
7.66867600802857
7.74695455834364
6.46810459244857
6.7709612787125
6.68102244866867
8.30908348588924
7.1843462119742
7.45761914123494
8.7058060475957
7.54141226275694
7.95447043893911
8.07112055689642
7.54249851080192
7.68476669170802
7.26370472245625
8.80596904638706
7.56516565170643
7.05459284297715
7.64292784205884
8.10534169704148
8.26954465164396
7.96800863719498
6.55652098873958
7.98258296073838
6.13681494983374
7.37484535117721
6.71422026688265
7.33001743742522
6.71937796726068
7.59147142285208
9.09279492936088
6.99869079615252
6.4563857796577
7.46355606188476
6.77193381096663
7.22160073860499
6.26337136141693
6.89538687116162
7.5766144220468
7.21576105850758
7.61991896534908
8.87181677677234
6.49392902600962
7.90378132975559
7.87747067926157
7.88741384304893
7.53147596404598
6.64386565688816
7.67362852470554
8.26814985177452
7.59400381637335
7.05489147002414
8.03443442643023
6.58165688143083
6.5227153281438
7.26555917731082
7.60999110533763
6.5263134209619
5.91922925899893
7.71644650575002
6.55432578271196
7.06753017425172
6.72443253476019
6.41147166229476
8.81600678766975
7.90413257252472
6.62974349539638
7.44085189319537
5.68520814704781
8.27332673978225
7.45178999572141
6.6298354212545
8.43886974936744
6.51549351689136
6.70458993463424
9.24968012593093
6.78555394721241
7.41500350268401
7.04350541754545
7.53546817953984
7.3040657374636
6.8917460369154
5.63660381816388
6.55107969743032
7.00840505029495
7.43202743510126
8.6460681838853
5.67998689432643
6.14635284362831
6.01933905263114
6.99206120575199
7.49919835563569
7.08283195741513
6.32041119508259
7.33363983445985
7.25559874968344
7.33349329965289
6.15267650322035
6.74317945006532
7.85737065944959
9.02221891478966
8.41917549360015
7.5748501168311
8.53383853930081
8.5588905667528
7.33757149061174
7.1679450397581
7.16748895218174
6.8267138402582
8.43018914173705
6.08863542928349
7.84115235193737
7.88856646788343
8.10724120254908
7.78972162901544
8.00318069756766
7.75135290326571
8.16194830798048
9.02692963229681
7.94125196747837
7.61065352858165
7.05890631865071
6.94672064569729
6.91957690235604
7.5556632673885
6.3172944292423
7.75429332617861
7.9243974787201
7.31314021528539
7.12866674512549
7.73823428138949
6.56855310933097
6.28208666199333
7.87258403787966
5.59197832657952
7.9679853135555
7.6129907098898
6.27184690238037
7.08483499767921
8.03550754357056
7.44564423904921
6.26653622927446
7.66680678527617
6.69726745208919
7.74107227268549
8.31742661026417
7.1823794830424
7.78351790669949
6.95812450368554
7.63501307106337
8.37662786250369
8.28154286586832
5.99520813563679
6.00187842591272
6.93054005169641
6.94848108314412
8.57200858716679
8.85334299508897
6.00981372903603
7.54417330996795
6.63246051938299
8.36256937147389
5.94326597658184
8.65584599967771
6.97148372665613
6.88641454982646
6.24386017894057
6.51290214814314
7.33459459493449
6.31748271169111
7.23392864177814
8.00913647389357
8.90055990183012
5.71474284068256
9.07262321815875
6.97216951757417
8.4541835358728
6.22579705738466
6.70859409995794
7.82967497451518
8.13212748543427
6.21032385508101
7.85435598532911
7.18851176010842
9.01601252240719
7.37231043037373
6.58625272503412
7.00569853995782
7.69490480526046
8.09042089654501
7.49361928592042
7.49417178119945
6.15981421814106
6.97582734112052
6.31252626933595
8.30145118350745
6.09358830393
7.64249236288761
7.59924282692962
7.25615128178642
7.30352605416986
7.99002120122235
8.27872545761811
7.10881154644714
7.82471057629977
8.11665679249209
7.79707845675981
7.16830119689364
8.26611275169547
7.47549241294382
7.96467744111316
7.26876917365032
7.42662091182185
7.48763439423622
9.00219835391526
7.19199480101387
7.87308216132567
7.41718440349768
7.81892056575226
7.85215747503852
7.71557143545396
8.44530434896719
6.08602693615836
9.65378968400717
10.3800006593358
7.40042155505408
5.79574503733141
7.45028688879223
7.15226036966232
7.73687699596082
7.41327224807181
6.03356636928603
7.20502729513752
8.12178765271517
6.90206189866314
7.92507920713852
9.37015101208253
8.16110356393016
7.85936977700364
7.0053333727759
6.81311515287564
6.98260280846118
7.1425778245574
8.13546575618303
7.31532320883335
7.23783754605734
6.84864385110605
7.30954702235656
8.26455733776346
6.97626623916884
7.277328116997
8.23871759127105
7.10921691979936
6.79469654421782
6.9436266637987
8.45488600609058
6.62140755143964
7.39464224074312
7.24614503206318
7.69124529008031
6.41470024532284
7.46894478172965
6.95362761290803
7.51723501913305
7.66774764884746
9.53221872192856
7.94076404467892
7.16128614278836
7.86791132546654
8.65870686864994
7.33966188263974
8.48674415474367
6.86364536094175
6.67833935303055
7.63550871755512
7.57182263945443
6.24413382569711
8.45397681374198
6.55928529407046
5.80833338011584
7.7639902953437
5.67256740390623
7.03053109818472
6.95642025148421
7.0841725736987
8.56076977554079
5.61422556522743
6.92799750329604
8.14455009700825
8.276315497672
8.18106024448073
7.72565461245974
7.29101980552424
7.18641873268281
7.37336662504579
7.5946479245141
7.33321265298849
7.9851118787906
8.84970542463362
6.50643674608051
8.119053258198
6.66147146020517
6.17732891361179
7.5964314073668
7.06225122671538
7.96228377809448
6.77631047595767
8.46764780872646
6.0254038223713
7.17546169351504
8.27990616661737
7.62354880596449
8.23218159437567
7.24446796007097
8.96446391453003
6.59546854211899
9.48599201126776
7.31282457487458
7.4016242561406
8.17397754210441
7.75676007867516
6.52983642717295
8.33787102735225
7.69271973849672
8.65721056125927
7.56987835803024
7.49861601169816
9.15832405979783
8.33933498498777
7.1723846171507
6.48532598306734
8.13274403208024
7.65712935741399
7.48268201952706
6.83158197500523
9.2129024638287
6.71235772781142
7.85799197471312
5.95108478071849
6.8545028144021
6.48476202053174
6.10330253352519
7.30016467847077
6.918419877606
7.40251511611934
5.54284996725578
7.816337005662
7.57962962948811
7.38625065179492
6.54806064777536
7.04172716684934
7.57467761024375
7.51233213552556
7.45899311409705
7.65464723488008
7.25948178190243
8.35291242017303
7.02934211028939
6.83859547730917
6.07316572505232
6.34537718393181
7.12243500015678
5.98131004830712
6.23046042639726
8.23973491396236
7.79139742364577
8.23234066805176
7.88124466215976
7.58034031176085
7.4133518924165
7.11905562275097
6.17867124502365
7.00835505094501
7.28687173220564
6.55107081330776
7.3141220121154
6.83808372748665
6.63351471575491
8.39417245608282
7.07051755988302
6.91997972541888
7.07872929086439
6.34729138099952
8.32934101164857
7.6360767324727
8.24112576257939
7.94558233986784
6.96322281751891
6.73083653234583
7.08841703319715
7.04685326154868
7.69337251434875
7.78747977538669
8.58301690763565
7.03200246167084
7.12613784923893
8.131375489362
6.800380766029
6.63562957243411
6.98716478932976
6.96265285864917
6.72191448722849
6.92474053952516
8.21602527530373
7.76009800331756
5.35799456287017
6.89181460061617
6.38306493406081
