7.29017141923193
4.87289530335679
4.80447869957239
4.91527634481168
4.65467906731427
5.22895447727657
5.36028173928284
5.50570965731665
5.317559680646
5.34153744237358
5.4304429385655
5.6101422643064
5.55000487016488
5.33083810566417
5.71410794561686
5.84771109521063
5.50445296977086
5.09782012892374
5.28986846336372
5.36389620320622
5.48383832988321
5.18931746193342
5.27256416460176
5.34203723089196
5.22418306043699
5.04052866128184
5.57312947539286
5.24740849036918
5.47722827102244
5.48723463051171
5.55145334103457
5.68891926349179
5.58730863185788
4.98250487794979
5.4069242994736
5.32892493870853
4.98518962806357
5.26950136334762
5.59331560713823
5.32457728036876
5.60506952992414
5.76006800477562
5.61610091353419
5.47971948002445
5.38082433034516
5.4788073490102
5.66959704998981
5.56367836247925
5.46251126289524
5.74309597359489
4.87133231368995
5.71629807312525
5.58741193999312
5.54370838629885
5.50773780850962
5.40920135629247
5.58481023056237
5.16248004283502
5.58270137901042
5.69744433660685
5.46437382160652
5.69808908962173
5.4820860109897
5.79534253675228
5.72331411136253
5.4631359880649
5.47580168073015
5.52916839299576
5.36288194667838
5.36344593794756
5.56163740768827
5.68844079856813
5.79863126760334
4.76976634572585
5.49755827959692
5.62276219969351
5.57729473954812
5.58311343813169
5.34879690058423
5.50243456653772
5.32121231625017
4.29047471493852
4.40920353171013
5.05867936320587
5.24997476708988
5.09434997009187
5.08800708132938
5.29346789718071
5.42990332459818
5.31938568252871
5.40109546764229
5.29758901679868
5.38216171786681
5.47232850240965
5.27179200350287
5.488100263149
5.33451952044968
5.41136662544293
5.6580243285145
5.34365986132294
5.42343171459111
5.34968868742721
5.42685334680081
5.53687729715158
5.70250108421748
5.63329044380716
5.40243647169382
5.11690395776745
5.39594871295854
5.34428055938033
5.6129457279975
5.40181849727636
5.39344644241363
5.54458138157347
5.39094508792555
5.68288380285275
5.3845365245033
5.56311727285772
5.39936616637994
5.57437019424302
5.03095844777915
5.2582602592162
5.22111532970191
5.56126326626379
5.62313170704425
5.47214794359731
5.69321879200788
5.69519724061269
5.61587088004513
5.27067533485454
5.59875718483948
5.29020098478598
5.46030929510796
5.23666427561815
5.62123803590976
5.49149954102508
5.65336587371746
5.76389732113792
5.42373862952748
5.48050923435318
5.30900536129235
5.44942554534837
5.6478990507617
5.16475691504913
4.9823934925725
4.85985907198153
4.87032066915603
5.24765481704496
5.52080363070948
5.59279530655938
5.55942837214732
5.29223063654522
5.45203613547303
5.38775904931664
5.26967901839435
5.42794975476922
5.37231222881682
5.44434937331015
5.23523175936896
5.5549675492038
5.2640716245681
5.61207150338827
5.33308354210567
5.02879956589505
4.92963385660856
5.23225081622953
5.17786287741964
5.51197711224878
5.64176510722213
5.69170915228548
5.65293345715686
5.59519816016841
5.39660066633617
5.57009336314146
5.51852119285038
5.53312213179464
5.57300156490091
5.18259363212145
5.4393573847394
5.39365060140569
5.74078281772045
5.66462474506024
5.65501373994594
5.0622613280783
4.44498887048051
5.22721096020193
5.50167657327804
5.36535055155492
5.00991112129199
5.09758882622071
5.36721130023853
5.60746022927471
5.62757317113032
5.66754139767551
5.6580796749711
5.58117450785226
5.64407024429255
5.2842806323674
5.44738657264176
5.55704536879403
5.71215514652968
5.56340524306864
5.32264841069077
5.49459219560206
5.72121647496279
5.67721572885554
5.38030426706579
5.53625037711863
5.62013938204433
5.84424325010913
5.72949972055187
5.56273147465754
5.39425131109942
5.66491776040495
5.57995377589054
5.69124511541705
5.59320502584618
5.41411777219545
5.4955376005953
5.55332749609832
5.71488810846346
5.54508717816254
5.59235277432274
5.47430405087287
5.56502537701476
5.67781416311713
5.5466720551754
5.23879015919303
5.18573909074048
5.43147358522855
5.60026822099903
5.76085785430391
5.57189937967087
5.55047992907555
5.38529625329818
5.44317979918332
5.4190050226997
4.68955055827549
5.35132667373046
5.62027961469552
5.19731825945401
5.0697724645446
4.98192758073655
5.1214389521936
4.7965459214713
5.11699556102951
5.21853946975913
5.50940978278057
5.54630294845216
5.15625964895977
5.35636728723793
5.22081859182367
5.34713555194829
5.57193271210457
5.71652964856237
5.33841213260595
5.29466620919998
5.24871584094306
4.97368983113846
5.03397671610754
5.29995502145862
4.57014154466024
5.42704051126974
5.63740649678388
4.75629661778181
5.07253085165863
5.32611376641035
5.37646831063982
5.49658662340638
5.32192533782933
5.32952979222548
5.62489183477971
5.17410190550045
5.57319607182338
5.50590576918482
5.39286268247949
5.52110844932378
5.69328669908593
5.62117510631133
5.60652660797867
5.42080857942626
4.95557266314942
5.27100801365168
5.52998766648841
5.47985287358578
5.25092180656837
4.92719030470821
5.2569676033956
5.55676330519274
5.51626390992296
5.54065318684318
5.66196562233649
5.7385806360402
5.17378634371462
5.45439966916028
5.24690284970517
5.29070792042505
5.10141751579211
5.32387057913149
5.49639135775223
5.61134246455268
5.59978807899383
5.08440721478779
4.79963551414328
5.28578015412505
5.20627895743875
5.29424511259206
5.45032495572846
5.30886779401191
5.47657644882917
5.58417590455701
5.25973547459159
5.11795339872175
5.4460770137564
5.24611709842743
5.44362321553655
5.15888715411995
5.54348531430759
5.53305749542968
5.62338465795919
5.52487911749438
5.27669050265057
5.67006245048492
5.66245545476204
5.54421085300232
5.17267691839554
5.36902381009766
5.22205841297641
5.48573953576361
5.66556915766712
5.6510032109764
5.64552062914523
5.56619673056071
5.53234034780596
5.48011681135624
5.35591629059467
5.30986904859165
5.53660441774716
5.4310504686361
5.60945926800057
5.38917723638867
5.68163192809797
5.84113277967799
5.71534961386245
5.70921753908426
5.73181488642791
5.57453845350581
5.0317723669693
5.0272219596222
5.13729685407053
5.50447590383406
5.4532333489474
5.58214344591372
5.47671944527088
5.28577901219099
5.24576520580441
5.69416340922543
5.64580672583106
5.83078705290292
5.79128532192916
5.44824397162383
5.61542959924871
5.62543209468552
5.50816477558063
5.47906900370064
5.66149313937583
5.66940492489858
5.82531114281872
5.21133005117063
5.52107419147737
5.2082522443456
5.44134714392188
5.08491137293459
5.35538992760505
5.47345734863771
5.51699819960136
5.40133382174347
5.51652647406671
5.54307243359842
5.61845276118845
5.77078919748877
5.53974567720764
5.19796013890218
5.52141247111412
5.43895955010244
5.53305835121665
5.09675077996032
5.17747010131203
5.40434287546672
5.41633617216699
5.01233098368778
5.26843334807598
5.37713777512204
5.22540085482057
5.39388638164511
5.34231882035349
5.44439905889025
5.47098248749821
5.4293627191626
5.49500452651335
5.44972208396869
5.53978203358343
5.37241413556832
5.40837470578679
5.31891056190666
5.17682446281169
5.33670777466275
5.25857842437346
5.5168802640244
5.55884538664655
5.69577883892251
5.60023838939746
5.33952528669326
5.05005490560779
5.4315041397522
5.05332254109418
5.38401113939385
4.83974117368079
5.4471187278111
4.64298955919202
4.45972019009185
5.08066683367308
4.85225626238089
4.9782164127482
5.26951614887756
4.75506015862138
5.24245824441312
4.5113244673535
5.11254773119082
5.150294129384
5.15130358385298
5.29227614177592
5.68360138422289
5.3582202596579
5.65761738324059
5.69346227493012
5.15472742403857
5.58626669462923
5.07332960276353
5.10966763647296
5.18976108668439
5.23273348072359
5.14010317258209
5.37775093026728
5.59048216671005
5.61601433114033
5.38800361698573
5.21837144645741
5.59018384479352
5.55558711316621
5.11945596207818
5.2015118587667
5.21723162964568
5.25166221732581
5.30199335574909
5.19287643461708
4.95903113152756
4.70634221810107
4.97456235312454
5.32865190817105
5.4257305690913
5.17819762727283
5.5735908677184
5.54841256443725
5.81795622404395
5.34652452062083
5.36523091244738
5.45393606189881
5.49169140225747
5.694271601412
4.9741311088389
5.47748209457165
5.23496723590771
5.43511347373332
5.03936979607942
5.48856172543283
5.64087042066013
5.61008156985476
5.16027452324077
5.50008477091034
5.19649740256165
4.84759671020517
5.34891188822028
5.19416275493855
5.36743447483437
5.38211752582823
5.33899150076975
5.56540233080206
5.21756019542105
4.73920229664799
5.23140020224366
5.29761224040716
5.25099965410377
5.29353294946849
5.30600337818719
5.17694327285034
5.03852133398019
5.45070725315508
5.33698025461581
5.1241883625504
4.73121872006238
5.37324565246754
5.54216951847963
5.55746796255091
5.67348618630342
5.39162171820348
5.67679349944848
5.66193398326403
5.60328063305782
5.67289695393534
5.57266262247579
5.70333710788633
5.29256442336622
5.59288875787405
5.6783152340255
5.74282347584786
5.58306338953083
5.75798190482391
5.78063031486072
5.80660205932035
5.78414182025036
5.74677073044919
5.28939499677136
5.61296268847157
5.44546776882031
5.51149292013863
5.42608302477702
5.47115771475873
5.5479878667633
5.47238429046641
5.52893136639946
5.56334251865305
5.61041562075515
5.61546419577589
5.02724646074501
5.2559431212677
5.10914641317573
5.14212953274158
5.25614611537566
5.34202336887516
5.29295628621702
5.32853568716147
5.39877993796035
5.32127621150333
5.36949499792768
5.41464402317174
5.45337180968714
5.49351454955903
5.54382188333085
5.22645335912714
5.21966683795422
5.31651616346119
5.00311928282432
5.09699390663002
5.41614876689296
5.21209896042342
5.48305549262286
5.21826767959574
5.34516248145739
5.52452025152093
5.46606761212449
5.31945843678602
5.34696307844126
5.63827041975659
5.30029798762279
5.59977870675114
5.66755588341684
5.18862117446478
5.38585717264486
5.48419478801918
5.08072783700891
5.43460341907891
5.48943287150951
5.23064790250243
5.56377668157868
5.77657414976621
5.67635535525883
5.50152590647218
5.52183165393267
5.63927234949796
5.4502523227518
5.64391376821995
5.78897612083701
5.57843898863982
5.57415349706431
5.58733211927065
5.54725786501583
5.48940056102143
5.39734196423446
5.52948082859718
5.64114789502854
5.15297731708992
5.18250052353343
5.31314963449505
5.3473120672107
5.63874169663252
5.50683681761204
5.2294679591777
5.16752293773609
5.13774226899118
4.91603642560524
5.10409299179862
5.45466940135744
5.52225690161133
5.55251624188412
5.61143657819733
5.27728158927079
5.0754262636581
5.3750303529186
5.32409533565806
5.49414104462996
5.20125462265379
5.72663711104072
5.31140714637075
5.56185683812966
5.64026711536477
5.78693709568922
5.4669621770321
5.62138210421988
5.54208735149467
5.42392634479639
5.37460886171564
5.53863033204879
5.3759994408696
5.5790423187262
5.50092188564072
5.66165504531079
5.53355135716491
5.69115593124915
5.57373727841954
5.67019756063661
5.82916489748473
5.48751495266209
5.67344446184334
5.14119463956989
5.52233777730127
5.66724121353411
5.61101847431877
5.48936858350347
5.52571610533916
5.70972806163126
5.88561275274899
5.86065099931324
5.24646245539552
5.17359081709012
5.28370921902225
5.66459395762547
5.62803427946793
5.74334874488301
5.4251478487602
5.13167897942838
5.56164524484484
5.38400519788107
5.39883253055315
5.10555032356718
5.11743795631963
5.61072247176692
5.51206229718922
5.60168578370906
5.34986910241015
5.3383618120598
5.46483343196348
5.41258280933127
5.39945220849342
5.71271173197067
5.70976239634321
5.33775730356907
5.35777589956364
5.42972490972338
5.32647621111855
5.62045647034057
5.76038417807437
5.32377394529263
5.49977533768029
5.35734765569417
5.20106928333145
5.17207324204138
5.40904062388417
5.21934830477702
5.38783298060767
5.42494377624462
5.44536935276629
4.99993273050056
5.36496955125955
5.64128634862303
5.42037508950064
5.34604318092683
5.61624543215624
4.96807844958264
4.79099544594383
5.34991169473388
5.60584179503864
5.34617608158175
5.1702891035277
5.25401504249181
5.23516361765509
4.93955277916911
5.28714399119806
5.47557710663204
5.21743344057012
5.65155984736552
5.4281688066501
4.61112936111579
5.23538431743282
5.3649343294509
5.19787591941822
5.0626738377588
5.42281158796772
5.1755600237161
5.26428032697382
5.60140492051955
5.46584530377971
5.36339102530902
4.56308159051721
5.24233933117145
5.50465432860542
5.55965762963401
5.44861966296135
5.60596352014286
5.64642413762863
5.78825222140604
5.77448331488284
5.68065983684899
5.47620317062768
5.17615466479016
5.15273154164632
5.45097916290383
5.2519689073249
5.43912486129887
5.06342355813648
4.63990183159896
4.5200277248155
4.59268734968602
4.82818736643344
5.23645484949092
5.65452076130099
5.46526799396577
5.53709348583852
5.31664476425282
5.68292697418669
5.71447307904558
5.52819076641402
5.70564180468344
5.52070022332713
4.86264608522418
5.53514662271815
5.63486911403364
5.48044633103784
5.13512359971991
5.54399619379722
5.44428171819444
4.87652066892392
5.45087256629844
4.86466834687239
5.47707190274599
5.3550023203819
5.62077746956096
5.41351420446465
5.59658654320463
5.40055125757496
5.35673310548349
5.38429692615764
5.52534033098426
5.41522643326881
5.39726288370239
5.50435148695444
5.73268835495607
5.69743155149859
5.75671527155302
5.72359010782004
5.6019110250107
5.18704755304689
5.49975720698803
5.48345767295713
5.22710859347922
5.20408226409979
5.4315231204978
5.07489110594287
5.43040628863863
5.58704643563074
5.46687973201973
5.67448757768757
5.48541553369167
5.15770774521472
5.19813843260916
5.43865432182339
5.41490601053672
5.47993778885438
5.46212599448607
5.45091177963349
5.49752013129301
5.66703292897582
5.64739469596401
5.56180361546986
5.43063885523369
5.59146670620771
5.37941200972047
5.45166645347025
5.23286591551303
5.41764091240369
5.1680122998027
5.43103486271541
5.29926883327507
5.14373965591946
5.4629581225667
5.40892912661994
5.57014818239691
5.50200805291039
5.41233316150752
5.20678346082775
5.29374645683448
5.15660750493604
5.58220687661839
5.53753837109609
5.21112754594891
5.56203799130518
5.57121559469697
5.54867199686007
5.68589023849189
5.66487227679574
5.39877488095222
5.376899892639
5.61099335883115
4.49597286129939
5.3042694241181
5.56032599690291
5.60888591969359
5.67464240808845
4.59501222646862
5.22131180290864
5.21102070565247
4.996221207275
5.26821363052923
5.33945801184445
5.28859400001113
5.59689228055697
5.56399139884112
5.52115876686452
5.22101440865547
5.44200510798303
5.58408035702176
5.66916853057597
5.29397794777676
4.96428802977523
5.30117729044922
5.7138980365027
5.56185783145902
5.01608450685213
4.84014313026024
4.60666429105115
4.80144288838339
4.97989216544054
5.66617381608733
5.42906133698005
4.99493910447002
5.43152872638361
5.26814384944936
5.36300855050265
5.26307659470298
4.98758610894718
5.36581691823911
5.07467104824037
5.40237297047607
5.39467457813848
5.58639580801715
5.22093517879203
5.36550320492169
5.57311083483862
5.35429853351769
5.58838785845131
5.5489484605848
5.50525460218086
5.65165159174271
5.72145724118586
5.49244497566332
5.21796275872443
5.56398028078357
4.60443025406298
4.79026231214261
5.31189488287589
5.53567231423681
5.44618117815124
5.25180658436984
5.16115312057905
5.28721211727739
5.19737476124325
5.42232027847333
5.69765426897679
5.35163624378812
5.40018335659183
4.31151527924349
5.22061690871815
5.27714791032102
5.16040123564451
5.41365066440839
5.42841042222718
5.53662052518862
5.08572903290142
5.17103588704486
5.29059617228086
5.55126384115764
5.46067662222039
5.27285223445147
5.39441189670313
5.46550279287619
5.6455954999939
5.22316902641814
5.62398712333068
5.26217559447504
5.45881251368806
5.34187045865941
5.41061251382075
5.18493766940153
5.25110905986753
5.2182509079491
5.39200487779434
5.58491722955085
5.56777485739281
5.62279958082647
5.64985047669319
5.77094078990321
5.75634704177963
5.49168651568558
4.69564829803454
5.45475330468306
5.16115590037022
5.33638510026959
4.87331180739207
5.37958489995941
5.2436441945844
5.48228604097307
5.0975411713043
5.33262286718248
5.37296809867471
5.52046283805763
5.38398729605033
5.3035191667906
5.41887175699781
5.14796547403711
5.404146215273
5.61982164081466
5.56419762723049
5.74481207278284
5.76449552561331
5.51067358638977
5.38807987688923
5.55432332802533
5.43329806929474
5.43816947940108
5.11687231027463
5.34271514125818
4.11029062407504
4.24050321478958
5.32864164326612
4.84843928817707
5.46835197255758
5.58623426078882
5.54085912844381
5.4554733509096
5.31556877430129
5.54016367295348
5.43710816394957
5.18741640994129
5.49164552589386
5.61414425007766
5.57673246176541
5.35728102055959
5.40080796473304
5.47655334816266
5.43487439057582
5.57906224817813
5.55281359672931
5.47556395369515
5.65432289718781
5.17935828367535
5.29423919202895
5.62575236108595
5.52709318993544
5.39969853697487
5.50186019152789
5.59553823073383
5.80808991704576
5.47757992306426
5.08552448260184
5.28602937376627
5.57917795776681
5.44730041351813
5.33130705654349
5.54999584254849
5.42192962713026
5.38920659152093
5.69564355551261
5.00181689026613
4.88482871643505
5.2247170664719
5.21638742329452
5.49571742261331
5.63394262407108
4.785565220668
4.81834140020183
