8.21856396246304
7.79306953193523
8.19784691796255
8.46752205194764
7.45375073174043
8.7676488316422
8.35986666127633
8.09345550789102
7.36882006870814
7.30963288001065
7.64841932217448
8.0017427801623
8.16348241656797
8.10045533801436
8.26193726677607
7.96001336820723
7.66200963726247
7.45839158452926
7.52236874662004
8.28921956223371
7.42705340109671
7.17163160267565
7.02993830826209
7.5666793473095
6.60951087352228
7.37426010107752
8.29263865910318
7.18582768175445
7.02337475298829
7.52861600501648
6.88367924528588
7.66559367876319
7.34966660822569
6.80075685257469
6.8988644770049
8.00137381529742
7.01512235353395
6.38678163397322
8.42999729287633
7.84275632955603
7.23415539734363
7.54279485510989
7.45698041565465
6.52410471359813
7.76852450012018
6.19089912277419
7.29880565831703
7.18207987866492
7.3742732182767
8.31913318556495
6.78426687964129
7.44996414007187
7.80611860471451
6.50991679510515
7.50524253228545
7.15204907656814
7.19284410774948
7.11127482901236
7.59274016153188
7.00681942855926
6.99004974090729
7.613931878495
6.43193000169101
7.64459590158731
8.34222500502866
6.11333238001959
6.60441185825277
7.93530089280372
7.27098554535365
7.9585147383092
6.45236392011711
7.74782187512458
6.73125571028905
5.68113076360574
7.12990888078758
7.18450654751431
7.4649875086651
7.21984495654126
7.23573184662039
6.91575948237779
6.82184912596488
5.85329470048673
6.07761013700516
6.81534810348674
7.26989580184467
7.04452141566775
7.49669986034072
6.74495898460417
7.80050929476695
6.80593565295542
6.25477398926958
7.48803391014927
6.36419158004038
6.53319640023138
7.12781922753252
6.60601841142193
6.12064312951389
7.23415751312173
8.48165303000424
6.85435366078203
6.99400846529409
8.22681327258302
6.65952974627859
6.93678144031869
7.91658940760419
6.80098620969
6.90991423370308
7.15845020538143
6.55856637593758
6.56301995860646
7.36803728895218
7.54142184692398
7.42338831746937
7.45335750822784
7.08255376969161
6.52769732896077
8.39813550781647
7.01133584626397
6.50562527096072
6.77408573398982
6.42637908802027
6.12695339792218
6.61576721688048
8.53952563546068
6.52707683954271
7.63263795613119
6.81378402485946
6.67383146036431
6.23026238330824
7.57459281040929
7.88024386141349
6.58330384562295
6.32754960553182
6.64968625726194
7.63835736359421
7.73044881087968
7.16445895774092
7.29557347447744
7.32562172271919
7.90310852701294
6.83326759970974
7.78186097884366
9.62849045443849
5.72504990882389
7.13229601911077
8.50413946096929
7.92505304370416
7.88418319923629
6.55023515651467
6.77119325332204
7.05306083643002
7.07575105658365
6.68860101778442
6.86896774122108
7.53034095747224
5.3786858217103
6.50456531172437
6.42028400189412
6.49024775823699
7.1280316360168
7.45401242069264
6.22011719636518
6.27761976361651
5.65820321358306
6.78717856041814
6.57936856048643
6.08441652731438
7.0525768897959
9.62895293368322
6.45504707622435
7.3486535208938
7.60984489997218
7.5865759887795
7.54542619651851
7.05706058439982
7.56406741369928
7.64601498073438
5.86773277426518
7.86388416932059
8.68164682624341
7.50040335711252
6.60576428236471
6.93957734827488
6.04552720801097
6.48038242802257
6.34147643384499
8.55926183037511
6.92396332974129
6.06866250460815
6.95694044143295
7.25454295255191
6.42437983826127
7.47731310048164
7.24282789437953
8.77732505144874
7.22003155978049
7.82238049206934
8.80200365567526
6.84639593666724
7.14107006571725
7.53894433531297
6.60837089705539
5.70988366173268
6.1681654978664
7.82325071327506
7.11270843534626
6.47242643704607
6.40181884051452
7.31144754390365
8.34625744294858
6.29326713033384
6.39660648362485
7.57957296277169
7.96584250100113
8.22372414667133
9.68438994912388
7.6791578819374
7.85679938025131
6.89622306216105
7.00035786584145
6.38083458784846
6.29488951710561
6.13344738646755
6.03019071352053
6.79909457760757
7.57894377014241
6.49385016132704
5.92434464746181
6.66592310453481
7.29598803195785
6.8117198936668
7.62877996030929
7.06163672997445
7.20809098288748
7.30323915633462
7.6455144115943
6.95605793824557
6.47259654825982
7.23355189025779
6.8402721338342
6.54340644154083
6.99851519169431
7.15654239857658
6.78815928665567
6.89157338793697
6.44690300944324
6.95135230517954
6.47342027870532
7.01656313454346
6.80731682566764
6.8514373821857
7.33321818634108
7.51933440471955
6.17801096356374
8.40024372634635
6.57970215862265
7.45760874419345
7.44898378747582
7.16716162805642
6.68133681947224
7.11656769195701
7.47019449973702
6.95163599877035
8.14948387904475
7.59384687442008
6.87690127043978
6.5158507197002
7.50486806041166
7.42177898380207
6.54681663161566
6.55844166305492
9.72341557132111
8.67841023817487
7.58815302013896
8.1779858342352
8.71177049407293
9.14928325601336
8.91567585812493
5.60158183606436
5.5410724184565
7.0779077757311
7.32545106473266
6.69079692148898
6.60418572973061
5.59824418579686
6.0034133298488
6.86859498550013
5.67621393901566
6.53198545044454
6.41161525751003
6.60804386510085
6.43711639106753
6.54023714832746
5.33398239825027
6.57235215374947
6.78098256203046
7.38897017957565
6.78287389825312
6.55204381445097
6.63740301037981
7.38844122396642
6.28938470308222
5.96780055526513
5.53788316725804
6.38174772556093
6.28536435474701
6.79465237696942
7.34233241587627
7.47079609354131
6.54723237478855
6.48283946269086
6.78014899230284
7.93546844221263
7.79444466451411
8.28720815461359
5.9687003283392
6.68923542212183
6.08847983324531
6.23002395999719
6.59347916814079
7.47617565903679
5.86628275739889
6.98884315686052
6.60524591365135
7.17383916405643
6.74312856959776
7.20020971112083
5.99677677555333
6.32166505317535
7.12103139913534
6.30415330058329
6.31939399892378
7.02654110776502
6.51213589120759
8.03996598079074
6.73815947010212
6.71899323989183
7.05574677289769
6.26476903323392
7.98010442091656
6.75740085164368
7.49008138638851
7.20753620665447
7.40559425539871
6.42950754968814
6.22017628291405
7.02930591933794
6.2711426393761
6.55895253333501
6.43270808519232
7.39239287900941
6.85952199287534
6.03625842188863
6.76271521612757
8.64747323320186
6.6410565470508
6.66148467604764
7.07712172424568
6.81135083878939
7.03751108198358
6.27009474262873
6.61052512113656
7.20637605600194
7.22445066429064
5.41976101489821
7.67591467220495
6.31222812149793
6.21764046681808
6.49488473219527
7.50861295630231
7.42869212263
7.93424468151322
7.93511186867202
6.22547498404499
6.22054407726926
7.07551155375527
7.11695363116302
6.30365363777302
5.79668909097793
6.2101762728517
6.95712458897312
6.2719769852791
7.04926024870547
7.39247576354476
6.68724774257193
6.99975126247557
8.02882616042956
7.55361151239245
7.99083807397425
8.22889739989327
7.92752575351289
7.79160581557036
8.12807717989062
7.79112640113405
9.83852112156862
6.71665745914934
7.42636788756906
6.94182248025308
6.3094024971495
7.39149813908966
7.10873890361507
8.0589413913831
7.04686627473995
7.7497845770453
6.50277890423218
6.29099373153757
6.03567540856433
6.51578518249507
6.30810449428274
6.20661101853515
6.96010878893752
6.3916799867244
7.90437983274831
7.42089775945744
8.59232827496713
8.02175877402813
6.581510590982
5.61167837088262
7.05721132901661
5.97434785836705
6.33833361110389
6.90773055896794
8.34919736697549
7.20642643264567
6.64827529763078
6.99291704379615
7.50323225841879
6.14283036083505
7.19745143398794
7.20772992462432
6.94018360750759
7.29822130952807
8.40264771866972
7.21974660819407
6.72504004171018
9.87026039650901
5.77148159324947
6.63623597158908
6.71490494181797
8.43921022855629
7.8371726127818
6.42164954715614
7.23271627141043
7.34031603663011
8.19900551985223
5.89298863456011
6.46376827214499
6.16825470227973
6.44003646955444
6.55156913295071
6.24645964937958
6.28851975245522
7.01014762076965
7.1971653449371
6.65236917304401
6.38927057201445
7.21867198462285
7.0547932062486
5.92961809704853
7.10788811837671
6.96951666713023
7.65874109802126
6.75258303754353
6.89967031518265
8.14054382392062
7.06386585805646
6.96268074038629
8.7027885364244
6.96842336006004
9.88484392116579
5.92950755737928
6.23597837459685
7.06860390198089
6.39884513581248
7.36121231747953
6.35224636062278
7.60259437296611
5.63636844753757
6.35499612596152
6.09098199825139
6.6264256322234
6.07998667016374
5.98616824819972
7.34649020255769
6.84697143912638
7.81208872229786
6.63710313207194
6.56924038921838
7.47497351089265
7.71870698027997
7.35475324191256
7.60469865022734
8.08338630141727
5.97251790537056
7.1123473403762
5.48887672340231
7.43402080361479
6.18282195036811
6.4039092809114
8.2576024055458
6.02912462153327
6.73299213754017
6.61219641086919
7.42374687862713
8.18890173573674
7.50598817270878
8.87827983663477
8.45200971023723
7.20034216982742
9.17206857839544
8.74603918784546
9.90408662809813
6.78853873311786
8.09906977165385
8.63576241665806
6.95891680025123
9.02109020588008
8.32678401456099
8.09042533531722
9.90639368418372
7.61474422240388
8.71534434690725
7.57436747958424
9.09746363514697
8.29420118279586
7.04659778179794
9.90382099968456
8.62803415336215
9.17952767870143
8.51933868880873
9.90516965299097
9.90667432483248
9.90753002453583
8.82596162686166
7.88825659864537
9.25245019278372
9.90696200379419
9.90688909175945
7.48813767588535
9.90845598599428
8.55091448489265
9.90851311670575
8.31973682514819
9.90808664567771
9.90756661866678
9.90906682874861
9.90866843211055
8.72589152489151
6.01376732217223
6.92206531378019
6.12592772438289
7.60355571746966
6.36810825418568
6.10791185397088
6.45639658991199
5.91889548804896
7.12316481035929
6.79424724228499
6.19021885927024
8.34820465179608
7.2591244857262
7.06065513975863
7.66615302323067
9.91440901293297
7.08435085533807
6.75948976397038
6.58301972130458
7.26009394533643
7.34802018148414
8.60254741838548
5.67649708887364
7.93959917955526
6.78416110786441
7.00738353969542
6.42058660534165
6.80939233689887
6.03987066695361
6.33941745852169
6.20476320170554
7.8128035865537
6.92926641934444
7.8040078275265
7.53543713372167
6.22071185836539
7.07632552015109
6.94119223390084
5.6820508490195
6.25412995241875
5.92715216809925
6.28861592044541
6.79865481737061
5.73205345208661
6.25085939296771
7.00368753600723
7.48859948835986
8.49119565953333
7.57953913346092
6.04762425585751
5.94468663887634
6.79069095869034
6.19320449996053
7.61994448203646
6.38581743853262
5.83317877764501
7.50067260142165
7.78513693357814
6.26795867307095
7.56423684883947
6.18971574442079
6.6077896234278
7.16764508556195
6.31350860963888
6.83514800633745
7.65774119902294
6.23072896566467
7.54064877775958
6.66947855408043
5.88564982785113
7.80085260363513
7.40412380119415
7.63565144498866
6.78095986640412
8.18989969485759
6.05912433227536
7.14686996723924
6.62218920754033
7.38863492905348
6.90082941339362
6.51937512728706
6.54558818793269
6.85184960260554
6.73466924474566
7.29275380399757
6.4240833575366
6.22168888777545
6.70019509766117
5.28678107537642
7.87568794282014
6.21253665109225
7.28417392807781
6.79758186555154
6.4984651887936
7.47520021532583
6.61569669144281
7.98683210052207
6.22765999885779
7.98875885907053
7.04476614090838
7.38164141597938
6.02968369277973
6.63998341184039
6.25574696072638
7.26764145343683
6.50438820648163
6.88474561985945
7.04853214063981
7.51653066966837
7.5165304805431
7.01291127921412
6.00158747374084
6.75737405677078
5.99033692462799
7.60609153890453
7.31387995292193
7.578252065689
6.72259204911521
7.18752324633079
6.91622361383088
5.94939175139749
6.94856515937266
6.87252326816987
7.8620631230774
5.94316965544089
7.91148754658617
6.64148497909108
7.50759814915667
6.43420517955591
5.95413599565331
7.29175474634254
6.54979385519616
6.61516406440882
7.44618360990491
5.56476740644398
6.53506227972418
6.42265894141335
7.78359135694404
7.06073288430337
7.95538095439933
6.57099092938187
6.96986427095049
7.67410422695756
6.57010193018557
6.34490660992153
6.55219836102972
6.96950174337184
6.69831764901273
7.57876632541418
7.14576886031331
7.34193329659084
6.97153227927305
6.39089175322464
7.94084569905279
5.97704523020439
6.88137690026872
6.25414959524979
6.96300471344638
6.54577888486031
8.17450826718176
6.29926636290747
6.75101129493232
7.81072541541953
6.23049158871719
6.4332413529465
5.95514517316538
6.18978519833469
7.40601870526155
5.96989891111175
5.68853992728939
6.15632296149725
6.78718113991948
7.20416206340136
7.96829414002416
7.44857076337588
7.16183778827749
7.42436403071563
7.83523207875074
7.17980024213326
6.63200813887321
7.50683521108844
6.4237616069346
6.18380401415638
6.79655038002716
7.08503788679129
6.22994724987332
6.03212500526113
7.17837765785654
6.30600297794525
6.87503569451976
6.72055543220741
7.32170406228482
6.02334177025098
6.96814363585216
7.29073569018448
6.15390390932241
6.99939204445037
8.79113678628027
6.60243126406991
6.44588645900385
6.86020209730494
8.07899173611673
7.6827552670184
7.98850731373703
6.2233625230446
6.18202992970138
6.36341112836159
7.3039455912981
7.34660676457415
6.09434030485778
7.16349604889273
6.29393702068881
7.21363512742062
6.23008892570603
7.76494576406604
6.57170090527217
6.479257956688
6.7478013970493
8.76285148630609
7.85769137504932
7.60011634085005
6.15895942797019
6.74098579239564
6.44433881919036
7.71989277557385
7.25380763555604
6.50631138975394
5.62321565227213
7.82384462445916
6.73711924914387
7.53641930450106
7.14171642649785
6.63548310010559
10.0332312127948
5.11599993256424
6.86858435057273
6.80320592003697
6.67277569456599
6.950758624427
6.99929531667113
6.64471438716348
7.45746562985937
6.73923373609814
7.54131373862909
8.00563602764375
5.65575960510615
7.53298757972561
6.50190985960316
7.43206242971981
6.94444733947733
7.56449029892206
6.73141901677105
7.17967358962725
8.02304863873494
6.54037708567236
6.79137034080146
6.33558498396883
7.87838931159226
6.54646464896155
7.72321065430153
7.23871754027851
7.46264825992841
6.32724038142837
8.08698362659492
6.8026272714846
6.33533668117793
7.95869595118972
7.41475983228753
6.24206498687356
8.1580353808544
7.00847198471667
7.1106750409095
5.53012402445465
6.8622388312456
6.30251377838003
6.48958110669338
7.18035202539735
6.76826916612647
6.56500980158745
6.66123711140163
6.02321468086336
6.41276548546044
8.29935785739782
7.87521916536802
7.5916113624127
8.28782743647135
7.75524487715137
8.74348399830422
7.41732255192622
6.93830128231094
6.30970164441715
7.5451060466153
6.19741384956275
6.93650329822263
7.51903754690706
6.62767261661452
6.32212211222753
6.49954918453628
7.37539006437154
6.35611154774934
6.19213560268507
5.76889586696996
6.60665037700337
6.56900897537897
7.70315064645644
6.29597178019521
6.01177634983296
7.30922264573085
7.48725721408294
7.31448009249994
5.42297903736446
6.51756450591394
6.92263978694505
5.60430732436048
7.44758572579755
6.65380174611478
7.12084849525439
6.33955480316073
5.48641232996598
6.90995226020395
6.67272332760587
7.76966351383349
6.08654616743906
7.36811160579116
7.92749905085151
7.70169926142055
5.98721721708494
6.97631882815818
7.96971568255721
5.00895769549609
6.64471199535028
6.97535242494766
7.08416974787463
6.40813140587769
5.8182121702575
5.19556299681165
7.3289273471327
6.27104344118114
6.28728193749812
6.63144668063723
6.17892881240617
6.41406407417724
6.16965120772722
7.38632719516171
8.29071633421447
6.38377519571296
7.31767624104008
8.76708099787663
7.48400693281539
6.07566768671186
5.47297819329222
8.7330622616831
6.51844429380041
6.74872717560443
6.18296088593935
8.35622979368828
7.58065746065816
8.47772809579673
5.33929620984535
8.89837729959159
7.63943527948575
6.48752980168614
5.80634691895087
8.77384843523945
8.21329359629194
7.68062079607426
4.86343852716368
7.70220546251282
8.09143400829013
8.34552973528143
7.4184634856757
6.6919495030019
6.92638861887942
6.96730498920026
6.12701575311087
6.06952581566358
8.10571837844949
6.07412332809413
7.11752794454213
7.40905798536733
6.54532126852059
6.42063337417418
7.39172881242811
5.12255336910302
7.15863961476711
6.98795307518193
5.91706758186179
5.5969999390339
6.10579396846867
7.68584698656478
5.63194907833246
7.46707089674799
7.15480029218372
6.01632133683665
6.8339813573555
8.55970253941883
5.65831712308782
6.86880386809827
7.88534682451421
5.6072533615531
7.52936066258943
6.86645970639474
6.6825262346475
6.49568788022721
5.44249135421923
8.8163926665615
5.00485723911565
6.70023638050685
7.38642670945439
6.01297598163145
7.27733160505726
6.21124521227223
7.6116486954874
5.92906121423247
7.40372625467863
7.90390460818967
8.79720780502586
6.49998357432184
6.19972773707187
6.25188697404884
7.3029439223376
6.10674645582292
8.55100874309723
6.00305030317864
6.71846668710829
7.12698778119137
6.96847866738818
7.44355018483098
7.97382188671948
6.03154348981737
6.18367910417727
6.26103885137072
7.58078294336241
8.05185193399526
5.75090172161279
5.90509709279924
6.90486016248205
7.61845130021088
6.95951669532034
7.5738993727876
7.91080913642132
7.6356467608472
8.20273123786717
7.87180053905992
5.96195187745438
6.93596865078739
7.04153731811279
6.65491202917671
7.42797119545663
9.21510596050711
7.4047642327076
6.79750511020042
