7.29017141923193
4.87289530335679
4.80447869957239
4.91527634481168
4.65467906731427
5.22895447727657
5.36028173928284
5.50570965731665
5.317559680646
5.34153744237358
5.4304429385655
5.6101422643064
5.55000487016488
5.33083810566417
5.71410794561686
5.84771109521063
5.50445296977086
5.09782012892374
5.28986846336372
5.36389620320622
5.48383832988321
5.18931746193342
5.27256416460176
5.34203723089196
5.22418306043699
5.04052866128184
5.57312947539286
5.24740849036918
5.47722827102244
5.48723463051171
5.55145334103457
5.68891926349179
5.58730863185788
4.98250487794979
5.4069242994736
5.32892493870853
4.98518962806357
5.26950136334762
5.59331560713823
5.32457728036876
5.60506952992414
5.76006800477562
5.61610091353419
5.47971948002445
5.38082433034516
5.4788073490102
5.66959704998981
5.56367836247925
5.46251126289524
5.74309597359489
4.87133231368995
5.71629807312525
5.58741193999312
5.54370838629885
5.50773780850962
5.40920135629247
5.58481023056237
5.16248004283502
5.58270137901042
5.69744433660685
5.46437382160652
5.69808908962173
5.4820860109897
5.79534253675228
5.72331411136253
5.4631359880649
5.47580168073015
5.52916839299576
5.36288194667838
5.36344593794756
5.56163740768827
5.68844079856813
5.79863126760334
4.76976634572585
5.49755827959692
5.62276219969351
5.57729473954812
5.58311343813169
5.34879690058423
5.50243456653772
5.32121231625017
4.29047471493852
4.40920353171013
5.05867936320587
5.24997476708988
5.09434997009187
5.08800708132938
5.29346789718071
5.42990332459818
5.31938568252871
5.40109546764229
5.29758901679868
5.38216171786681
5.47232850240965
5.27179200350287
5.488100263149
5.33451952044968
5.41136662544293
5.6580243285145
5.34365986132294
5.42343171459111
5.34968868742721
5.42685334680081
5.53687729715158
5.70250108421748
5.63329044380716
5.40243647169382
5.11690395776745
5.39594871295854
5.34428055938033
5.6129457279975
5.40181849727636
5.39344644241363
5.54458138157347
5.39094508792555
5.68288380285275
5.3845365245033
5.56311727285772
5.39936616637994
5.57437019424302
5.03095844777915
5.2582602592162
5.22111532970191
5.56126326626379
5.62313170704425
5.47214794359731
5.69321879200788
5.69519724061269
5.61587088004513
5.27067533485454
5.59875718483948
5.29020098478598
5.46030929510796
5.23666427561815
5.62123803590976
5.49149954102508
5.65336587371746
5.76389732113792
5.42373862952748
5.48050923435318
5.30900536129235
5.44942554534837
5.6478990507617
5.16475691504913
4.9823934925725
4.85985907198153
4.87032066915603
5.24765481704496
5.52080363070948
5.59279530655938
5.55942837214732
5.29223063654522
5.45203613547303
5.38775904931664
5.26967901839435
5.42794975476922
5.37231222881682
5.44434937331015
5.23523175936896
5.5549675492038
5.2640716245681
5.61207150338827
5.33308354210567
5.02879956589505
4.92963385660856
5.23225081622953
5.17786287741964
5.51197711224878
5.64176510722213
5.69170915228548
5.65293345715686
5.59519816016841
5.39660066633617
5.57009336314146
5.51852119285038
5.53312213179464
5.57300156490091
5.18259363212145
5.4393573847394
5.39365060140569
5.74078281772045
5.66462474506024
5.65501373994594
5.0622613280783
4.44498887048051
5.22721096020193
5.50167657327804
5.36535055155492
5.00991112129199
5.09758882622071
5.36721130023853
5.60746022927471
5.62757317113032
5.66754139767551
5.6580796749711
5.58117450785226
5.64407024429255
5.2842806323674
5.44738657264176
5.55704536879403
5.71215514652968
5.56340524306864
5.32264841069077
5.49459219560206
5.72121647496279
5.67721572885554
5.38030426706579
5.53625037711863
5.62013938204433
5.84424325010913
5.72949972055187
5.56273147465754
5.39425131109942
5.66491776040495
5.57995377589054
5.69124511541705
5.59320502584618
5.41411777219545
5.4955376005953
5.55332749609832
5.71488810846346
5.54508717816254
5.59235277432274
5.47430405087287
5.56502537701476
5.67781416311713
5.5466720551754
5.23879015919303
5.18573909074048
5.43147358522855
5.60026822099903
5.76085785430391
5.57189937967087
5.55047992907555
5.38529625329818
5.44317979918332
5.4190050226997
4.68955055827549
5.35132667373046
5.62027961469552
5.19731825945401
5.0697724645446
4.98192758073655
5.1214389521936
4.7965459214713
5.11699556102951
5.21853946975913
5.50940978278057
5.54630294845216
5.15625964895977
5.35636728723793
5.22081859182367
5.34713555194829
5.57193271210457
5.71652964856237
5.33841213260595
5.29466620919998
5.24871584094306
4.97368983113846
5.03397671610754
5.29995502145862
4.57014154466024
5.42704051126974
5.63740649678388
4.75629661778181
5.07253085165863
5.32611376641035
5.37646831063982
5.49658662340638
5.32192533782933
5.32952979222548
5.62489183477971
5.17410190550045
5.57319607182338
5.50590576918482
5.39286268247949
5.52110844932378
5.69328669908593
5.62117510631133
5.60652660797867
5.42080857942626
4.95557266314942
5.27100801365168
5.52998766648841
5.47985287358578
5.25092180656837
4.92719030470821
5.2569676033956
5.55676330519274
5.51626390992296
5.54065318684318
5.66196562233649
5.7385806360402
5.17378634371462
5.45439966916028
5.24690284970517
5.29070792042505
5.10141751579211
5.32387057913149
5.49639135775223
5.61134246455268
5.59978807899383
5.08440721478779
4.79963551414328
5.28578015412505
5.20627895743875
5.29424511259206
5.45032495572846
5.30886779401191
5.47657644882917
5.58417590455701
5.25973547459159
5.11795339872175
5.4460770137564
5.24611709842743
5.44362321553655
5.15888715411995
5.54348531430759
5.53305749542968
5.62338465795919
5.52487911749438
5.27669050265057
5.67006245048492
5.66245545476204
5.54421085300232
5.17267691839554
5.36902381009766
5.22205841297641
5.48573953576361
5.66556915766712
5.6510032109764
5.64552062914523
5.56619673056071
5.53234034780596
5.48011681135624
5.35591629059467
5.30986904859165
5.53660441774716
5.4310504686361
5.60945926800057
5.38917723638867
5.68163192809797
5.84113277967799
5.71534961386245
5.70921753908426
5.73181488642791
5.57453845350581
5.0317723669693
5.0272219596222
5.13729685407053
5.50447590383406
5.4532333489474
5.58214344591372
5.47671944527088
5.28577901219099
5.24576520580441
5.69416340922543
5.64580672583106
5.83078705290292
5.79128532192916
5.44824397162383
5.61542959924871
5.62543209468552
5.50816477558063
5.47906900370064
5.66149313937583
5.66940492489858
5.82531114281872
5.21133005117063
5.52107419147737
5.2082522443456
5.44134714392188
5.08491137293459
5.35538992760505
5.47345734863771
5.51699819960136
5.40133382174347
5.51652647406671
5.54307243359842
5.61845276118845
5.77078919748877
5.53974567720764
5.19796013890218
5.52141247111412
5.43895955010244
5.53305835121665
5.09675077996032
5.17747010131203
5.40434287546672
5.41633617216699
5.01233098368778
5.26843334807598
5.37713777512204
5.22540085482057
5.39388638164511
5.34231882035349
5.44439905889025
5.47098248749821
5.4293627191626
5.49500452651335
5.44972208396869
5.53978203358343
5.37241413556832
5.40837470578679
5.31891056190666
5.17682446281169
5.33670777466275
5.25857842437346
5.5168802640244
5.55884538664655
5.69577883892251
5.60023838939746
5.33952528669326
5.05005490560779
5.4315041397522
5.05332254109418
5.38401113939385
4.83974117368079
5.4471187278111
4.64298955919202
4.45972019009185
5.08066683367308
4.85225626238089
4.9782164127482
5.26951614887756
4.75506015862138
5.24245824441312
4.5113244673535
5.11254773119082
5.150294129384
5.15130358385298
5.29227614177592
5.68360138422289
5.3582202596579
5.65761738324059
5.69346227493012
5.15472742403857
5.58626669462923
5.07332960276353
5.10966763647296
5.18976108668439
5.23273348072359
5.14010317258209
5.37775093026728
5.59048216671005
5.61601433114033
5.38800361698573
5.21837144645741
5.59018384479352
5.55558711316621
5.11945596207818
5.2015118587667
5.21723162964568
5.25166221732581
5.30199335574909
5.19287643461708
4.95903113152756
4.70634221810107
4.97456235312454
5.32865190817105
5.4257305690913
5.17819762727283
5.5735908677184
5.54841256443725
5.81795622404395
5.34652452062083
5.36523091244738
5.45393606189881
5.49169140225747
5.694271601412
4.9741311088389
5.47748209457165
5.23496723590771
5.43511347373332
5.03936979607942
5.48856172543283
5.64087042066013
5.61008156985476
5.16027452324077
5.50008477091034
5.19649740256165
4.84759671020517
5.34891188822028
5.19416275493855
5.36743447483437
5.38211752582823
5.33899150076975
5.56540233080206
5.21756019542105
4.73920229664799
5.23140020224366
5.29761224040716
5.25099965410377
5.29353294946849
5.30600337818719
5.17694327285034
5.03852133398019
5.45070725315508
5.33698025461581
5.1241883625504
4.73121872006238
5.37324565246754
5.54216951847963
5.55746796255091
5.67348618630342
5.39162171820348
5.67679349944848
5.66193398326403
5.60328063305782
5.67289695393534
5.57266262247579
5.70333710788633
5.29256442336622
5.59288875787405
5.6783152340255
5.74282347584786
5.58306338953083
5.75798190482391
5.78063031486072
5.80660205932035
5.78414182025036
5.74677073044919
5.28939499677136
5.61296268847157
5.44546776882031
5.51149292013863
5.42608302477702
5.47115771475873
5.5479878667633
5.47238429046641
5.52893136639946
5.56334251865305
5.61041562075515
5.61546419577589
5.02724646074501
5.2559431212677
5.10914641317573
5.14212953274158
5.25614611537566
5.34202336887516
5.29295628621702
5.32853568716147
5.39877993796035
5.32127621150333
5.36949499792768
5.41464402317174
5.45337180968714
5.49351454955903
5.54382188333085
5.22645335912714
5.21966683795422
5.31651616346119
5.00311928282432
5.09699390663002
5.41614876689296
5.21209896042342
5.48305549262286
5.21826767959574
5.34516248145739
5.52452025152093
5.46606761212449
5.31945843678602
5.34696307844126
5.63827041975659
5.30029798762279
5.59977870675114
5.66755588341684
5.18862117446478
5.38585717264486
5.48419478801918
5.08072783700891
5.43460341907891
5.48943287150951
5.23064790250243
5.56377668157868
5.77657414976621
5.67635535525883
5.50152590647218
5.52183165393267
5.63927234949796
5.4502523227518
5.64391376821995
5.78897612083701
5.57843898863982
5.57415349706431
5.58733211927065
5.54725786501583
5.48940056102143
5.39734196423446
5.52948082859718
5.64114789502854
5.15297731708992
5.18250052353343
5.31314963449505
5.3473120672107
5.63874169663252
5.50683681761204
5.2294679591777
5.16752293773609
5.13774226899118
4.91603642560524
5.10409299179862
5.45466940135744
5.52225690161133
5.55251624188412
5.61143657819733
5.27728158927079
5.0754262636581
5.3750303529186
5.32409533565806
5.49414104462996
5.20125462265379
5.72663711104072
5.31140714637075
5.56185683812966
5.64026711536477
5.78693709568922
5.4669621770321
5.62138210421988
5.54208735149467
5.42392634479639
5.37460886171564
5.53863033204879
5.3759994408696
5.5790423187262
5.50092188564072
5.66165504531079
5.53355135716491
5.69115593124915
5.57373727841954
5.67019756063661
5.82916489748473
5.48751495266209
5.67344446184334
5.14119463956989
5.52233777730127
5.66724121353411
5.61101847431877
5.48936858350347
5.52571610533916
5.70972806163126
5.88561275274899
5.86065099931324
5.24646245539552
5.17359081709012
5.28370921902225
5.66459395762547
5.62803427946793
5.74334874488301
5.4251478487602
5.13167897942838
5.56164524484484
5.38400519788107
5.39883253055315
5.10555032356718
5.11743795631963
5.61072247176692
5.51206229718922
5.60168578370906
5.34986910241015
5.3383618120598
5.46483343196348
5.41258280933127
5.39945220849342
5.71271173197067
5.70976239634321
5.33775730356907
5.35777589956364
5.42972490972338
5.32647621111855
5.62045647034057
5.76038417807437
5.32377394529263
5.49977533768029
5.35734765569417
5.20106928333145
5.17207324204138
5.40904062388417
5.21934830477702
5.38783298060767
5.42494377624462
5.44536935276629
4.99993273050056
5.36496955125955
5.64128634862303
5.42037508950064
5.34604318092683
5.61624543215624
4.96807844958264
4.79099544594383
5.34991169473388
5.60584179503864
5.34617608158175
5.1702891035277
5.25401504249181
5.23516361765509
4.93955277916911
5.28714399119806
5.47557710663204
5.21743344057012
5.65155984736552
5.4281688066501
4.61112936111579
5.23538431743282
5.3649343294509
5.19787591941822
5.0626738377588
5.42281158796772
5.1755600237161
5.26428032697382
5.60140492051955
5.46584530377971
5.36339102530902
4.56308159051721
5.24233933117145
5.50465432860542
5.55965762963401
5.44861966296135
5.60596352014286
5.64642413762863
5.78825222140604
5.77448331488284
5.68065983684899
5.47620317062768
5.17615466479016
5.15273154164632
5.45097916290383
5.2519689073249
5.43912486129887
5.06342355813648
4.63990183159896
4.5200277248155
4.59268734968602
4.82818736643344
5.23645484949092
5.65452076130099
5.46526799396577
5.53709348583852
5.31664476425282
5.68292697418669
5.71447307904558
5.52819076641402
5.70564180468344
5.52070022332713
4.86264608522418
5.53514662271815
5.63486911403364
5.48044633103784
5.13512359971991
5.54399619379722
5.44428171819444
4.87652066892392
5.45087256629844
4.86466834687239
5.47707190274599
5.3550023203819
5.62077746956096
5.41351420446465
5.59658654320463
5.40055125757496
5.35673310548349
5.38429692615764
5.52534033098426
5.41522643326881
5.39726288370239
5.50435148695444
5.73268835495607
5.69743155149859
5.75671527155302
5.72359010782004
5.6019110250107
5.18704755304689
5.49975720698803
5.48345767295713
5.22710859347922
5.20408226409979
5.4315231204978
5.07489110594287
5.43040628863863
5.58704643563074
5.46687973201973
5.67448757768757
5.48541553369167
5.15770774521472
5.19813843260916
5.43865432182339
5.41490601053672
5.47993778885438
5.46212599448607
5.45091177963349
5.49752013129301
5.66703292897582
5.64739469596401
5.56180361546986
5.43063885523369
5.59146670620771
5.37941200972047
5.45166645347025
5.23286591551303
5.41764091240369
5.1680122998027
5.43103486271541
5.29926883327507
5.14373965591946
5.4629581225667
5.40892912661994
5.57014818239691
5.50200805291039
5.41233316150752
5.20678346082775
5.29374645683448
5.15660750493604
5.58220687661839
5.53753837109609
5.21112754594891
5.56203799130518
5.57121559469697
5.54867199686007
5.68589023849189
5.66487227679574
5.39877488095222
5.376899892639
5.61099335883115
4.49597286129939
5.3042694241181
5.56032599690291
5.60888591969359
5.67464240808845
4.59501222646862
5.22131180290864
5.21102070565247
4.996221207275
5.26821363052923
5.33945801184445
5.28859400001113
5.59689228055697
5.56399139884112
5.52115876686452
5.22101440865547
5.44200510798303
5.58408035702176
5.66916853057597
5.29397794777676
4.96428802977523
5.30117729044922
5.7138980365027
5.56185783145902
5.01608450685213
4.84014313026024
4.60666429105115
4.80144288838339
4.97989216544054
5.66617381608733
5.42906133698005
4.99493910447002
5.43152872638361
5.26814384944936
5.36300855050265
5.26307659470298
4.98758610894718
5.36581691823911
5.07467104824037
5.40237297047607
5.39467457813848
5.58639580801715
5.22093517879203
5.36550320492169
5.57311083483862
5.35429853351769
5.58838785845131
5.5489484605848
5.50525460218086
5.65165159174271
5.72145724118586
5.49244497566332
5.21796275872443
5.56398028078357
4.60443025406298
4.79026231214261
5.31189488287589
5.53567231423681
5.44618117815124
5.25180658436984
5.16115312057905
5.28721211727739
5.19737476124325
5.42232027847333
5.69765426897679
5.35163624378812
5.40018335659183
4.31151527924349
5.22061690871815
5.27714791032102
5.16040123564451
5.41365066440839
5.42841042222718
5.53662052518862
5.08572903290142
5.17103588704486
5.29059617228086
5.55126384115764
5.46067662222039
5.27285223445147
5.39441189670313
5.46550279287619
5.6455954999939
5.22316902641814
5.62398712333068
5.26217559447504
5.45881251368806
5.34187045865941
5.41061251382075
5.18493766940153
5.25110905986753
5.2182509079491
5.39200487779434
5.58491722955085
5.56777485739281
5.62279958082647
5.64985047669319
5.77094078990321
5.75634704177963
5.49168651568558
4.69564829803454
5.45475330468306
5.16115590037022
5.33638510026959
4.87331180739207
5.37958489995941
5.2436441945844
5.48228604097307
5.0975411713043
5.33262286718248
5.37296809867471
5.52046283805763
5.38398729605033
5.3035191667906
5.41887175699781
5.14796547403711
5.404146215273
5.61982164081466
5.56419762723049
5.74481207278284
5.76449552561331
5.51067358638977
5.38807987688923
5.55432332802533
5.43329806929474
5.43816947940108
5.11687231027463
5.34271514125818
4.11029062407504
4.24050321478958
5.32864164326612
4.84843928817707
5.46835197255758
5.58623426078882
5.54085912844381
5.4554733509096
5.31556877430129
5.54016367295348
5.43710816394957
5.18741640994129
5.49164552589386
5.61414425007766
5.57673246176541
5.35728102055959
5.40080796473304
5.47655334816266
5.43487439057582
5.57906224817813
5.55281359672931
5.47556395369515
5.65432289718781
5.17935828367535
5.29423919202895
5.62575236108595
5.52709318993544
5.39969853697487
5.50186019152789
5.59553823073383
5.80808991704576
5.47757992306426
5.08552448260184
5.28602937376627
5.57917795776681
5.44730041351813
5.33130705654349
5.54999584254849
5.42192962713026
5.38920659152093
5.69564355551261
5.00181689026613
4.88482871643505
5.2247170664719
5.21638742329452
5.49571742261331
5.63394262407108
4.785565220668
4.81834140020183
4.08091663745879
4.5361422413319
5.23891779017189
5.59775841164512
5.47847608010582
5.59858775725097
5.54487804760502
5.72415262869488
5.56387394303327
5.0157104587777
5.42060641837284
5.50609709057732
5.30116132036149
4.85906146147539
4.9857298100483
5.42776158072209
5.0505307651639
5.53473088932493
5.39553899468071
5.36765894575259
5.37750158572059
5.43858820141422
5.67239180621442
5.31563518601727
5.58481510833361
5.55127072174701
5.20364599162461
5.49856335490103
5.50221891317823
5.39301363791538
5.39805917472741
5.68904721966975
5.68096092699691
5.33787761310205
5.30387516781946
5.41812819786552
5.39620679579983
5.57462425812756
5.37706526318471
5.34310282549232
5.39462360290238
5.45394819458052
5.2030353503677
4.96117601644114
5.46752299256419
5.64297133853092
5.56277221125415
5.52237048373174
5.70852339935037
5.55426472780696
5.42278363584744
5.18871696092974
5.32698536465916
5.60538088750941
5.53572237147434
5.54300071288905
5.74705660281612
5.70085787332662
5.65282984419745
5.8267114948235
5.72580246001367
5.72883886172897
5.5607589519357
5.51845897025669
5.59033127972429
5.4455811408063
5.64196133591561
5.37233639336949
5.50726291956841
5.69715892030841
5.68923378598574
5.58015337099327
5.49210640449319
5.16254141196252
5.20283613904799
4.92363560794048
4.93162321602978
4.85830973156583
5.41124118311341
5.63126698858021
5.62383220029528
5.66694502672817
5.36510385488068
5.22338337827741
4.88176453206014
5.27852111772993
5.36668191705659
5.3573046885456
5.51886311823655
5.63680580033684
5.11734222237088
5.61031888856515
5.23090165982957
5.28972475453918
5.41661354423841
5.11830404219821
5.04340835659356
5.14613257835691
5.47853508413661
5.55884532568939
5.50924085844669
5.13291742238543
5.22517004114039
5.36768996139411
5.43915173385177
5.68483926628923
5.27945711639818
5.56059310020975
5.49526717171983
5.12825776856116
5.18016083674405
5.45428434692167
5.36627686099206
5.3645604376212
5.36737983609695
5.59058964326057
4.94262081223498
5.24859318947439
4.92862829307146
4.94331954311931
5.2462318491952
5.21616868361681
5.44187922173891
5.34086762029677
5.20462315604781
5.55702401548326
5.64067472381166
5.53488515635369
5.48869860724543
5.40246649505828
5.38084794972344
5.39492971652075
5.30557917131548
5.14365953113955
5.41179379140931
5.50971833755779
5.58731415465368
5.16949921830109
5.52412006041793
5.30916054150143
5.59280755272377
5.22019214664166
5.58409460628089
5.58349048495048
4.76698144985169
5.33655066114015
5.00112974973217
5.50274492875202
5.20219888823077
5.43946011469788
5.7318518771306
5.65516532235282
5.27903865700756
5.26660531240596
5.26397736926583
5.32257619909097
5.47557564441999
5.54109792439518
5.65872147872351
5.58860173771383
5.65370500473347
5.47406337130414
5.65571183017005
5.50866753722087
5.6929069027357
5.32411260469944
5.46039731418964
5.52691790212839
5.66205698102724
5.54935521113318
5.46892184282264
5.47359544695781
5.05302270658689
5.40524258763726
5.35895009533518
5.25685573493589
5.54608143255144
5.58227330405093
5.59296749013782
5.7007776312481
5.68719379174293
5.31780903318817
5.18498570833882
5.59248522873233
5.46756171504619
3.80482101018453
5.04409591537762
4.950276378763
5.32273216951952
5.57577466399707
5.44963033677171
5.3851625312885
5.14306199645773
5.62664916179984
3.60505524477276
4.93307128306098
5.398982500573
5.53831657421259
5.25913592202108
5.4048273332856
5.39849280130352
5.42075659764202
5.41184115153586
5.40038432024998
5.33154450061807
5.43291946576589
5.21159813954326
5.03917645246612
5.36657705339323
5.35979132063751
5.51217166282131
5.61032637034023
5.61810778510155
5.58694878452152
5.73053662708372
5.67435815253961
5.66476785392747
5.64809710785598
5.77064435039427
5.5958048616815
5.48691629290194
5.51619397925607
5.69983572745051
5.63747760015995
4.95558204708965
5.13467226433315
5.5652480163147
5.6141227815346
5.81247632762773
5.39165509858143
5.34909011957677
5.45439273067235
5.61810232672103
5.67680633286051
5.62379368372607
5.51078168259944
5.50317457142474
5.39325885474891
5.44688708588251
5.53347211778592
5.44214753184597
5.44769390068167
5.33469867607811
5.34607304128937
5.54788240694424
5.56947300504575
5.29719377516476
5.5087061225774
5.47796740582294
5.20620023862495
5.61631303303675
5.42461790657719
5.56258165430407
5.25152627303922
5.16662835993177
4.93140960296649
4.87199684344687
5.41183857537281
5.37653153650354
5.5987458328506
5.38732101629044
4.94135513749658
5.10807443322266
5.44108142223068
5.13003971016148
4.52819471133134
4.8022982793371
4.66839965075699
5.3295900222938
5.4585073528279
5.16340345936331
5.22555446665502
4.91986571876268
4.60144983098121
5.07848844306601
4.64974833112489
5.13509311939836
4.66163677914366
5.21136179347133
4.8692175030535
5.35488264212249
4.82053442269257
5.20916529853711
5.26946674419883
5.40109783139802
5.34337703907453
5.36833686195681
5.22438063264029
5.48876694656246
5.17278270220052
5.18252722500088
5.27963595304958
5.47356293359805
5.16794551947746
5.4615551685664
5.47160195029746
5.12515143244072
5.5682053291685
5.48018046311881
4.96703713689239
5.39637206335937
5.33654834218447
5.09625367738077
5.13622509738014
5.43354532034144
4.7923047403664
5.45790311586606
5.49807694668462
5.26577036952839
5.30685646460864
5.58518734154077
5.55511613096694
5.50059523550121
5.66085622885885
5.68505710288583
5.63788347942263
5.80398611645406
5.65449099736924
5.53795204205515
5.19975754225505
5.30291556741685
5.1318903031047
5.43906737667663
5.27406084585964
5.37620573394279
5.03389431654405
5.06670425312827
5.51622472004466
5.61041638191644
5.50254638804344
5.44626096296496
5.4436780251943
4.93658988251095
5.0753131035221
5.47307167085488
3.91479418801378
4.72245208131158
5.09412534540473
5.64034182312898
5.08200142781834
5.54019851444171
5.73745873209485
5.65336432999661
5.58562350925955
5.50506674044859
5.54730817140619
5.50653619759423
5.33048196692367
5.65400579786383
5.24923288978885
5.35908753722428
5.32512947832281
4.90481401714722
4.97768555372548
5.1079838378917
4.77328508773705
5.04500566029196
4.08989964586929
4.80967442820323
4.31157305835339
4.28528865473032
5.08427060070104
4.29774894723802
4.82016448258824
4.85577850890548
5.50791124436936
5.48539714645652
5.30086606981731
5.40204393598287
5.46967164721774
4.88388034624306
5.05519902477067
5.1702353444724
5.21438110849936
5.56335256633716
5.11142951732699
5.12034649292326
5.33705777588444
5.08782856160937
5.03949396259703
5.46886489912919
5.495310875403
5.69564340899843
5.60089633665983
5.47031431465297
5.22550767743603
5.12226547908936
5.26562726784628
5.53017319026376
5.40879197883414
5.35351759130245
5.56025913592511
5.39309960020082
5.51691279376206
5.02939506526558
5.55507336695091
4.88262729052243
4.83465925070536
5.5319003944975
5.41223755603707
5.54770810385986
5.15920975123584
4.76786212834813
4.08574862833547
5.04128943848379
5.04475954079413
5.53504480360837
5.0899065191957
5.24213610709868
5.09722067252395
4.91001659779143
5.26407123129788
5.163225540936
5.1940141173202
5.26656296435777
5.38125642621261
5.37011610559226
5.50169372433723
5.33452504805577
5.23022479616144
5.51540940480069
5.55249592916496
5.29992402538286
5.37082752171348
5.03060380383152
5.1923841034769
5.25832355210332
5.27656414254494
5.25531508747065
5.30577105193046
5.46791524711935
4.71526021516622
5.37656375567969
5.39248635084337
5.52729830398624
4.92589336807825
5.25001381765051
5.18026931055634
4.52646296744366
5.10663872973616
3.59180377456044
5.00010813804169
5.20405390752953
5.20051230893441
5.34740130804555
5.29083086138122
5.34411092137502
5.47462047172435
5.48244850030335
5.77247285499933
5.42220739622149
5.56125474964008
5.57304928104731
4.99114586285686
5.26490677834539
5.2136348869433
5.18693166015251
5.27658726686741
5.40326780913744
5.21760503113023
5.4833497376448
5.25932808104927
5.05252835438449
5.29735842068854
5.37717606357647
5.597755444645
5.42803902366121
5.13596287211574
5.11749522410712
5.50081442770777
5.40323905957997
5.49092084589761
5.13292367240693
5.43998840161678
5.57914269438437
5.29246136045376
5.5794438171784
5.1713942530651
5.39213388204428
4.78736986858082
5.19779855626917
5.58627929040236
5.69420310464491
5.52837007544114
5.6629291048322
5.24220828821825
5.54641361167235
4.88513420515025
5.19134130987238
5.05585052073391
5.2082014673471
5.45713371889473
5.35649651527303
5.25922112667252
5.27842038601268
5.66958467092882
5.50673094676582
5.17763494322167
5.3687469327663
4.84460049947442
5.23931406303212
5.54766407132604
5.35622835925824
5.34287872328789
5.04542199546424
5.33594456210976
5.31226495500545
5.40870729146575
5.03181350152835
5.56082768362777
5.26104292883407
5.58980132050384
5.20826515477114
5.08348721414518
4.8147249460973
5.10983686456496
5.39899941042046
5.3507934952204
5.54150858872244
5.7532476811064
5.68167916087862
5.62903114393477
5.25193686128504
5.51217770308967
5.25974169900151
5.30229993535512
5.01360564023186
5.30143681796031
5.60692031786694
5.38202650787984
5.4190954533178
5.55458978158525
4.83296923897528
4.48962887844984
5.14067517955688
5.33815145873068
5.47653707124429
5.31018329871448
4.64291559844845
4.74106122067207
4.61938956919501
5.01452306551084
4.9596675988592
4.85482827857974
5.51979776215675
5.72055518244001
5.12116708692707
5.42727270380895
5.54503820227139
5.38399940499201
5.76697743075527
5.60875752529354
5.72149187794718
5.57198689734755
5.70907338499957
5.27125061040913
5.18448080700965
5.10366920211125
5.36541695036939
5.15877866749861
5.25162677099062
5.42420727977719
5.47719317258024
5.52178721109467
5.41509726719774
5.52290606797902
5.58106694176545
5.06496221228431
5.30294642590118
5.38983321259467
5.45467992783286
5.31980449992391
5.08652095167108
5.53611929736652
5.41170106214355
5.68671005022733
5.2712363372537
5.33798350856339
5.16931252644497
5.49426750056718
5.3596485145951
5.3623117451765
4.84318455594189
5.5625961058453
5.38950733204615
5.38004337131561
5.55295744370215
5.38385076383633
5.30782116842348
5.58308515166851
5.38937986748773
5.11471794847608
5.3705933937931
5.50376691500366
5.15463329440055
5.1607675963483
4.85110319312141
5.17483896767746
5.65351189100079
5.43940719180971
5.73154613869872
5.4839843737147
5.33727611052069
5.1054214599568
5.34390633557398
5.23986146956827
5.32342692271304
5.14030556190202
5.47758631813331
5.38786540630328
5.6173293689639
5.54366467223889
5.25352222868388
5.65761979617173
5.59465127359784
5.76886064431435
5.46975797916436
5.59237562084768
5.39332474021131
5.53142257604606
5.33376834302103
5.31286170325702
5.61998268194774
5.38889292866135
5.19997879325245
4.80901121256685
5.06122272084329
5.39375606208796
5.45509781712185
5.29732703658119
4.89658860007848
5.03574011532842
4.57406177414882
5.28359225261164
5.44764814631713
5.46093403323454
5.41840044368043
5.37469146323588
4.71882591568757
5.08974611270278
5.40716716120741
5.3084101690183
5.43328465550233
5.43063207184222
5.49617897788704
5.22196999618554
5.12726155881004
5.0301812821636
4.35400335733484
5.0560818961228
5.00401074795537
5.44491682726435
5.32069455363082
5.37485759102286
5.37362989364917
5.40820782997998
5.32829051338418
5.40644795921165
5.49944068673043
5.73804647758638
5.39918915990341
5.58673057668021
5.49560713072795
5.10640797391973
5.40423142977423
4.91589743519125
5.17004249224486
5.56560952119904
5.26503845103028
4.9010616529369
5.24706546862955
5.31709001462234
5.55196139412081
5.52448250831771
5.21522683915045
4.82737739045941
5.5050018488606
5.41371186735321
5.64406075702456
5.53101300961078
5.2345890505815
5.05993190404347
4.93847021869371
5.11383726525454
5.17206604936
5.05256589391145
4.95153898126128
5.21126991978742
5.3984282697386
5.49828501363189
5.56606893904117
5.69030729120518
5.45141834413388
5.14015259959182
5.14807038571335
5.38645837035571
5.59635026829035
5.46917552492094
5.33798031694985
5.44311570810144
5.50631967244084
5.69228948191293
5.45117297243995
5.32019941720307
5.25824815907164
5.4019151998319
5.0248992234273
5.36684669048435
5.33853461895364
5.62025751358861
5.62669003928884
5.17411755193736
5.16197495291233
5.03012187275426
4.67021806709559
5.48183170252952
5.44765657477063
5.08992838509645
5.61766624961367
5.62845367099362
5.68161497740968
5.52999737936276
5.79705525876426
5.36224634514067
5.36518972016246
5.35198135853985
5.44021073630153
5.61455941381076
5.62937553035456
5.27904616845686
5.58957034311309
5.5034340758863
5.40147921625626
5.46696838510695
5.08435440153641
5.48831042200362
5.35826220410537
5.58118747097621
5.52903091871866
5.77946371689464
5.61071399038969
5.52795615623567
5.58897514413322
5.73033903743219
5.66906956704895
5.2611999064039
5.56679558700463
5.10760163094552
5.55959086053698
5.28446942881412
5.37235686759301
5.44557802545171
5.49249217702218
5.5953258587459
5.12773451278438
5.18293048302726
5.15456502966933
4.65278002709928
5.2325596533727
5.00173303196599
5.30782451084908
5.03708023626711
5.12735724489545
5.44914488749709
5.46926781905617
5.66018528880418
5.7551604235761
5.24279238221749
5.50280648430505
5.49988717298472
5.21866167825203
5.37532838003901
5.60193480754882
5.44015133383306
5.55874178912466
5.47696665036938
5.03505196314009
5.60815761972522
5.45226648726083
5.00797265544271
5.46987305974376
5.38890635014111
5.50901501394512
5.27792049173363
5.37839006922288
5.50525506129958
5.49321119823698
5.69936394927929
5.5252612299924
5.51491735412237
5.10951011164568
5.09850774966059
5.24839321867819
5.31675125562152
5.24961255704846
5.10995432667309
5.38337199433192
5.57677365239124
5.38719131994336
5.33497008695115
5.62966599409926
5.39892219357599
5.23809232258903
5.02880510572509
5.63487661720122
5.61140851818076
5.7906417333434
5.73826957906459
5.67267469069964
5.39254078810297
5.09668893120176
5.25637318963353
5.09415479585177
5.19180461822666
5.15962457099012
5.43638002604
5.11826570127766
5.39995659269503
5.55839486082249
5.6050503034162
5.71159576283326
5.5152257161465
5.58421131568
5.39414947458458
5.47868800372539
5.65632023158411
5.52328859837718
5.6392961039439
5.07344433803448
5.34652829478261
5.62444763802292
5.31217430907172
5.76153703203731
5.64932481922366
5.57183193942948
5.67492345399001
5.56068163200353
5.53110501830769
4.91864659664042
5.32934308299111
5.51438577544146
5.6567297531604
5.65658284410626
5.50144849778783
5.41684798192081
5.13761688999028
5.36154764813409
5.54849915907328
5.01773840594165
4.28268975113522
4.72517341388354
5.31723407200132
4.99084177157785
5.47785894650606
5.21504739205775
4.62726544760581
5.34494080036803
5.61648372304644
5.53330799640418
5.59881318983638
5.57238561587655
5.62856456263757
5.42162564069551
5.60897080152402
5.26440156057709
5.15434498403866
5.34308862745746
5.33130849232987
4.91010360107489
5.51240110377786
4.97825134135941
4.67327932701443
5.15552117909866
5.15769205854616
4.30977954448414
5.24850272175982
5.41012918953347
5.14830341582514
5.28643589927005
5.03105122922647
4.9173942845818
5.096369772656
5.03070976870415
4.8020700075351
5.3557835034616
5.29263791535845
5.43204521659484
5.19732268970923
5.2897569878819
5.44634137437797
5.59551095282232
5.22281873166305
5.37717589576618
5.00793290843382
5.38056395755112
5.72238465631735
5.64612575535003
5.82096338615437
5.51839096174132
5.39146078665729
5.15060639214049
5.1547063445036
5.19208746922469
5.26160457476856
5.60067473852309
5.53389353868006
5.61987748625518
5.3359088865451
5.54293481578739
5.16204106321825
5.41817700681897
5.53767810581934
5.43092552602944
5.45861102532198
5.40533582741446
5.29836192836716
5.33619268205628
5.37274210512854
4.903490244576
5.5229781890201
5.27532343412456
5.33369000524864
4.69389323920989
5.59512887779834
5.37250551785578
5.35835105348106
4.65328739283021
5.30175227680995
4.94829797014666
5.16314928958446
5.07350198346366
4.88111567126915
4.71883039874549
4.40755168503022
4.85601620367952
5.21632895643348
5.18010145855943
5.23188994827096
5.37859581839872
5.64956657123105
5.4822572541845
5.38718295678173
5.40309545117015
5.44816265008655
5.5345730144118
5.27367293859211
5.28010651775356
5.57830246373583
5.54885293367125
5.22891169770855
4.94038434267426
4.97524002872408
4.63204966490081
5.24421647437798
4.72702489992811
5.51423918712844
5.1816013059145
5.49364851597006
5.53833323698538
5.35510289662992
5.49669297743601
5.11498555833926
5.31728813955397
5.47657406922369
5.68150969489312
5.72822516899202
5.42248447109697
5.28632081424923
5.04998680776937
5.30364052240288
5.6053364800336
5.29277476414718
5.53322070290356
5.60648203568125
5.28870642701068
5.08325339790231
5.38361105852051
5.4787533442031
5.22704631859699
5.30634008848233
5.44304171134043
5.54786283061416
5.57072124850605
5.27319808521705
5.46529432901142
5.29941874755348
5.39910530568938
5.19947721005436
5.57497150195454
5.46252886150917
5.71957882029608
5.72021633947533
5.19152516726913
5.64026521616484
5.37161422695135
5.09396123018966
5.33276801794891
5.1006462058261
5.06586740218014
4.99331139286969
